timestamp_utc,temperature_2m_c,dew_point_2m_c,source,location_name,latitude,longitude
2020-03-09T12:00:00+00:00,12.400,3.500,Open-Meteo Historical Weather API,"Casalecchio di Reno, Bologna, Italy",44.4756,11.2759
2020-03-09T13:00:00+00:00,12.800,4.100,Open-Meteo Historical Weather API,"Casalecchio di Reno, Bologna, Italy",44.4756,11.2759
2020-03-09T14:00:00+00:00,12.600,3.200,Open-Meteo Historical Weather API,"Casalecchio di Reno, Bologna, Italy",44.4756,11.2759
2020-03-09T15:00:00+00:00,11.600,3.000,Open-Meteo Historical Weather API,"Casalecchio di Reno, Bologna, Italy",44.4756,11.2759
2020-03-09T16:00:00+00:00,10.800,3.100,Open-Meteo Historical Weather API,"Casalecchio di Reno, Bologna, Italy",44.4756,11.2759
2020-03-09T17:00:00+00:00,9.600,3.500,Open-Meteo Historical Weather API,"Casalecchio di Reno, Bologna, Italy",44.4756,11.2759
2020-03-09T18:00:00+00:00,8.200,4.600,Open-Meteo Historical Weather API,"Casalecchio di Reno, Bologna, Italy",44.4756,11.2759
2020-03-09T19:00:00+00:00,7.600,4.300,Open-Meteo Historical Weather API,"Casalecchio di Reno, Bologna, Italy",44.4756,11.2759
2020-03-09T20:00:00+00:00,7.500,5.100,Open-Meteo Historical Weather API,"Casalecchio di Reno, Bologna, Italy",44.4756,11.2759
2020-03-09T21:00:00+00:00,7.200,5.900,Open-Meteo Historical Weather API,"Casalecchio di Reno, Bologna, Italy",44.4756,11.2759
2020-03-09T22:00:00+00:00,6.200,5.300,Open-Meteo Historical Weather API,"Casalecchio di Reno, Bologna, Italy",44.4756,11.2759
2020-03-09T23:00:00+00:00,5.800,4.700,Open-Meteo Historical Weather API,"Casalecchio di Reno, Bologna, Italy",44.4756,11.2759
2020-03-10T00:00:00+00:00,5.700,3.300,Open-Meteo Historical Weather API,"Casalecchio di Reno, Bologna, Italy",44.4756,11.2759
2020-03-10T01:00:00+00:00,5.800,2.700,Open-Meteo Historical Weather API,"Casalecchio di Reno, Bologna, Italy",44.4756,11.2759
2020-03-10T02:00:00+00:00,5.900,2.200,Open-Meteo Historical Weather API,"Casalecchio di Reno, Bologna, Italy",44.4756,11.2759
2020-03-10T03:00:00+00:00,5.800,1.900,Open-Meteo Historical Weather API,"Casalecchio di Reno, Bologna, Italy",44.4756,11.2759
2020-03-10T04:00:00+00:00,5.700,1.500,Open-Meteo Historical Weather API,"Casalecchio di Reno, Bologna, Italy",44.4756,11.2759
2020-03-10T05:00:00+00:00,5.200,1.400,Open-Meteo Historical Weather API,"Casalecchio di Reno, Bologna, Italy",44.4756,11.2759
2020-03-10T06:00:00+00:00,5.400,1.600,Open-Meteo Historical Weather API,"Casalecchio di Reno, Bologna, Italy",44.4756,11.2759
2020-03-10T07:00:00+00:00,7.700,3.200,Open-Meteo Historical Weather API,"Casalecchio di Reno, Bologna, Italy",44.4756,11.2759
2020-03-10T08:00:00+00:00,9.700,3.500,Open-Meteo Historical Weather API,"Casalecchio di Reno, Bologna, Italy",44.4756,11.2759
2020-03-10T09:00:00+00:00,11.000,3.800,Open-Meteo Historical Weather API,"Casalecchio di Reno, Bologna, Italy",44.4756,11.2759
2020-03-10T10:00:00+00:00,12.200,4.300,Open-Meteo Historical Weather API,"Casalecchio di Reno, Bologna, Italy",44.4756,11.2759
2020-03-10T11:00:00+00:00,12.900,4.600,Open-Meteo Historical Weather API,"Casalecchio di Reno, Bologna, Italy",44.4756,11.2759
2020-03-10T12:00:00+00:00,13.500,5.200,Open-Meteo Historical Weather API,"Casalecchio di Reno, Bologna, Italy",44.4756,11.2759
2020-03-10T13:00:00+00:00,14.000,5.600,Open-Meteo Historical Weather API,"Casalecchio di Reno, Bologna, Italy",44.4756,11.2759
2020-03-10T14:00:00+00:00,14.600,5.800,Open-Meteo Historical Weather API,"Casalecchio di Reno, Bologna, Italy",44.4756,11.2759
2020-03-10T15:00:00+00:00,14.600,5.400,Open-Meteo Historical Weather API,"Casalecchio di Reno, Bologna, Italy",44.4756,11.2759
2020-03-10T16:00:00+00:00,14.100,5.900,Open-Meteo Historical Weather API,"Casalecchio di Reno, Bologna, Italy",44.4756,11.2759
2020-03-10T17:00:00+00:00,13.400,5.200,Open-Meteo Historical Weather API,"Casalecchio di Reno, Bologna, Italy",44.4756,11.2759
2020-03-10T18:00:00+00:00,8.900,5.400,Open-Meteo Historical Weather API,"Casalecchio di Reno, Bologna, Italy",44.4756,11.2759
2020-03-10T19:00:00+00:00,8.900,4.900,Open-Meteo Historical Weather API,"Casalecchio di Reno, Bologna, Italy",44.4756,11.2759
2020-03-10T20:00:00+00:00,7.200,4.300,Open-Meteo Historical Weather API,"Casalecchio di Reno, Bologna, Italy",44.4756,11.2759
2020-03-10T21:00:00+00:00,6.300,3.800,Open-Meteo Historical Weather API,"Casalecchio di Reno, Bologna, Italy",44.4756,11.2759
2020-03-10T22:00:00+00:00,6.500,2.800,Open-Meteo Historical Weather API,"Casalecchio di Reno, Bologna, Italy",44.4756,11.2759
2020-03-10T23:00:00+00:00,6.600,1.800,Open-Meteo Historical Weather API,"Casalecchio di Reno, Bologna, Italy",44.4756,11.2759
2020-03-11T00:00:00+00:00,7.500,0.600,Open-Meteo Historical Weather API,"Casalecchio di Reno, Bologna, Italy",44.4756,11.2759
2020-03-11T01:00:00+00:00,7.400,-0.100,Open-Meteo Historical Weather API,"Casalecchio di Reno, Bologna, Italy",44.4756,11.2759
2020-03-11T02:00:00+00:00,7.200,0.200,Open-Meteo Historical Weather API,"Casalecchio di Reno, Bologna, Italy",44.4756,11.2759
2020-03-11T03:00:00+00:00,6.800,0.400,Open-Meteo Historical Weather API,"Casalecchio di Reno, Bologna, Italy",44.4756,11.2759
2020-03-11T04:00:00+00:00,6.400,0.400,Open-Meteo Historical Weather API,"Casalecchio di Reno, Bologna, Italy",44.4756,11.2759
2020-03-11T05:00:00+00:00,6.500,0.300,Open-Meteo Historical Weather API,"Casalecchio di Reno, Bologna, Italy",44.4756,11.2759
2020-03-11T06:00:00+00:00,6.800,1.100,Open-Meteo Historical Weather API,"Casalecchio di Reno, Bologna, Italy",44.4756,11.2759
2020-03-11T07:00:00+00:00,8.900,3.700,Open-Meteo Historical Weather API,"Casalecchio di Reno, Bologna, Italy",44.4756,11.2759
2020-03-11T08:00:00+00:00,11.700,6.000,Open-Meteo Historical Weather API,"Casalecchio di Reno, Bologna, Italy",44.4756,11.2759
2020-03-11T09:00:00+00:00,13.100,6.500,Open-Meteo Historical Weather API,"Casalecchio di Reno, Bologna, Italy",44.4756,11.2759
2020-03-11T10:00:00+00:00,14.500,7.100,Open-Meteo Historical Weather API,"Casalecchio di Reno, Bologna, Italy",44.4756,11.2759
2020-03-11T11:00:00+00:00,15.600,7.100,Open-Meteo Historical Weather API,"Casalecchio di Reno, Bologna, Italy",44.4756,11.2759
2020-03-11T12:00:00+00:00,16.800,8.100,Open-Meteo Historical Weather API,"Casalecchio di Reno, Bologna, Italy",44.4756,11.2759
2020-03-11T13:00:00+00:00,17.300,8.500,Open-Meteo Historical Weather API,"Casalecchio di Reno, Bologna, Italy",44.4756,11.2759
2020-03-11T14:00:00+00:00,17.600,8.800,Open-Meteo Historical Weather API,"Casalecchio di Reno, Bologna, Italy",44.4756,11.2759
2020-03-11T15:00:00+00:00,17.800,9.400,Open-Meteo Historical Weather API,"Casalecchio di Reno, Bologna, Italy",44.4756,11.2759
2020-03-11T16:00:00+00:00,17.200,10.900,Open-Meteo Historical Weather API,"Casalecchio di Reno, Bologna, Italy",44.4756,11.2759
2020-03-11T17:00:00+00:00,14.800,10.400,Open-Meteo Historical Weather API,"Casalecchio di Reno, Bologna, Italy",44.4756,11.2759
2020-03-11T18:00:00+00:00,12.100,7.400,Open-Meteo Historical Weather API,"Casalecchio di Reno, Bologna, Italy",44.4756,11.2759
2020-03-11T19:00:00+00:00,12.900,3.800,Open-Meteo Historical Weather API,"Casalecchio di Reno, Bologna, Italy",44.4756,11.2759
2020-03-11T20:00:00+00:00,12.800,2.200,Open-Meteo Historical Weather API,"Casalecchio di Reno, Bologna, Italy",44.4756,11.2759
2020-03-11T21:00:00+00:00,12.200,1.200,Open-Meteo Historical Weather API,"Casalecchio di Reno, Bologna, Italy",44.4756,11.2759
2020-03-11T22:00:00+00:00,10.800,1.100,Open-Meteo Historical Weather API,"Casalecchio di Reno, Bologna, Italy",44.4756,11.2759
2020-03-11T23:00:00+00:00,10.300,1.000,Open-Meteo Historical Weather API,"Casalecchio di Reno, Bologna, Italy",44.4756,11.2759
2020-03-12T00:00:00+00:00,9.600,1.300,Open-Meteo Historical Weather API,"Casalecchio di Reno, Bologna, Italy",44.4756,11.2759
2020-03-12T01:00:00+00:00,9.600,1.100,Open-Meteo Historical Weather API,"Casalecchio di Reno, Bologna, Italy",44.4756,11.2759
2020-03-12T02:00:00+00:00,9.200,1.100,Open-Meteo Historical Weather API,"Casalecchio di Reno, Bologna, Italy",44.4756,11.2759
2020-03-12T03:00:00+00:00,8.600,2.000,Open-Meteo Historical Weather API,"Casalecchio di Reno, Bologna, Italy",44.4756,11.2759
2020-03-12T04:00:00+00:00,8.300,3.000,Open-Meteo Historical Weather API,"Casalecchio di Reno, Bologna, Italy",44.4756,11.2759
2020-03-12T05:00:00+00:00,8.400,4.300,Open-Meteo Historical Weather API,"Casalecchio di Reno, Bologna, Italy",44.4756,11.2759
2020-03-12T06:00:00+00:00,8.400,5.300,Open-Meteo Historical Weather API,"Casalecchio di Reno, Bologna, Italy",44.4756,11.2759
2020-03-12T07:00:00+00:00,10.200,6.400,Open-Meteo Historical Weather API,"Casalecchio di Reno, Bologna, Italy",44.4756,11.2759
2020-03-12T08:00:00+00:00,12.700,6.600,Open-Meteo Historical Weather API,"Casalecchio di Reno, Bologna, Italy",44.4756,11.2759
2020-03-12T09:00:00+00:00,14.100,7.300,Open-Meteo Historical Weather API,"Casalecchio di Reno, Bologna, Italy",44.4756,11.2759
2020-03-12T10:00:00+00:00,15.400,8.400,Open-Meteo Historical Weather API,"Casalecchio di Reno, Bologna, Italy",44.4756,11.2759
2020-03-12T11:00:00+00:00,16.500,9.200,Open-Meteo Historical Weather API,"Casalecchio di Reno, Bologna, Italy",44.4756,11.2759
2020-03-12T12:00:00+00:00,16.500,9.000,Open-Meteo Historical Weather API,"Casalecchio di Reno, Bologna, Italy",44.4756,11.2759
2020-03-12T13:00:00+00:00,17.200,9.200,Open-Meteo Historical Weather API,"Casalecchio di Reno, Bologna, Italy",44.4756,11.2759
2020-03-12T14:00:00+00:00,17.400,9.200,Open-Meteo Historical Weather API,"Casalecchio di Reno, Bologna, Italy",44.4756,11.2759
2020-03-12T15:00:00+00:00,17.000,9.400,Open-Meteo Historical Weather API,"Casalecchio di Reno, Bologna, Italy",44.4756,11.2759
2020-03-12T16:00:00+00:00,16.100,9.700,Open-Meteo Historical Weather API,"Casalecchio di Reno, Bologna, Italy",44.4756,11.2759
2020-03-12T17:00:00+00:00,13.800,9.100,Open-Meteo Historical Weather API,"Casalecchio di Reno, Bologna, Italy",44.4756,11.2759
2020-03-12T18:00:00+00:00,13.000,8.900,Open-Meteo Historical Weather API,"Casalecchio di Reno, Bologna, Italy",44.4756,11.2759
2020-03-12T19:00:00+00:00,12.500,8.900,Open-Meteo Historical Weather API,"Casalecchio di Reno, Bologna, Italy",44.4756,11.2759
2020-03-12T20:00:00+00:00,12.200,8.800,Open-Meteo Historical Weather API,"Casalecchio di Reno, Bologna, Italy",44.4756,11.2759
2020-03-12T21:00:00+00:00,12.100,8.300,Open-Meteo Historical Weather API,"Casalecchio di Reno, Bologna, Italy",44.4756,11.2759
2020-03-12T22:00:00+00:00,11.800,7.800,Open-Meteo Historical Weather API,"Casalecchio di Reno, Bologna, Italy",44.4756,11.2759
2020-03-12T23:00:00+00:00,10.900,7.300,Open-Meteo Historical Weather API,"Casalecchio di Reno, Bologna, Italy",44.4756,11.2759
2020-03-13T00:00:00+00:00,11.600,7.300,Open-Meteo Historical Weather API,"Casalecchio di Reno, Bologna, Italy",44.4756,11.2759
2020-03-13T01:00:00+00:00,11.500,7.600,Open-Meteo Historical Weather API,"Casalecchio di Reno, Bologna, Italy",44.4756,11.2759
2020-03-13T02:00:00+00:00,10.900,7.800,Open-Meteo Historical Weather API,"Casalecchio di Reno, Bologna, Italy",44.4756,11.2759
2020-03-13T03:00:00+00:00,11.200,8.100,Open-Meteo Historical Weather API,"Casalecchio di Reno, Bologna, Italy",44.4756,11.2759
2020-03-13T04:00:00+00:00,10.100,8.100,Open-Meteo Historical Weather API,"Casalecchio di Reno, Bologna, Italy",44.4756,11.2759
2020-03-13T05:00:00+00:00,10.700,8.200,Open-Meteo Historical Weather API,"Casalecchio di Reno, Bologna, Italy",44.4756,11.2759
2020-03-13T06:00:00+00:00,11.200,8.200,Open-Meteo Historical Weather API,"Casalecchio di Reno, Bologna, Italy",44.4756,11.2759
2020-03-13T07:00:00+00:00,12.100,8.900,Open-Meteo Historical Weather API,"Casalecchio di Reno, Bologna, Italy",44.4756,11.2759
2020-03-13T08:00:00+00:00,12.900,9.500,Open-Meteo Historical Weather API,"Casalecchio di Reno, Bologna, Italy",44.4756,11.2759
2020-03-13T09:00:00+00:00,13.800,10.100,Open-Meteo Historical Weather API,"Casalecchio di Reno, Bologna, Italy",44.4756,11.2759
2020-03-13T10:00:00+00:00,15.400,10.600,Open-Meteo Historical Weather API,"Casalecchio di Reno, Bologna, Italy",44.4756,11.2759
2020-03-13T11:00:00+00:00,17.000,10.400,Open-Meteo Historical Weather API,"Casalecchio di Reno, Bologna, Italy",44.4756,11.2759
2020-03-13T12:00:00+00:00,18.000,10.600,Open-Meteo Historical Weather API,"Casalecchio di Reno, Bologna, Italy",44.4756,11.2759
2020-03-13T13:00:00+00:00,18.500,10.600,Open-Meteo Historical Weather API,"Casalecchio di Reno, Bologna, Italy",44.4756,11.2759
2020-03-13T14:00:00+00:00,17.800,10.900,Open-Meteo Historical Weather API,"Casalecchio di Reno, Bologna, Italy",44.4756,11.2759
2020-03-13T15:00:00+00:00,17.300,10.800,Open-Meteo Historical Weather API,"Casalecchio di Reno, Bologna, Italy",44.4756,11.2759
2020-03-13T16:00:00+00:00,16.800,11.100,Open-Meteo Historical Weather API,"Casalecchio di Reno, Bologna, Italy",44.4756,11.2759
2020-03-13T17:00:00+00:00,15.100,11.900,Open-Meteo Historical Weather API,"Casalecchio di Reno, Bologna, Italy",44.4756,11.2759
2020-03-13T18:00:00+00:00,14.200,11.400,Open-Meteo Historical Weather API,"Casalecchio di Reno, Bologna, Italy",44.4756,11.2759
2020-03-13T19:00:00+00:00,12.400,11.200,Open-Meteo Historical Weather API,"Casalecchio di Reno, Bologna, Italy",44.4756,11.2759
2020-03-13T20:00:00+00:00,11.800,10.600,Open-Meteo Historical Weather API,"Casalecchio di Reno, Bologna, Italy",44.4756,11.2759
2020-03-13T21:00:00+00:00,10.600,9.700,Open-Meteo Historical Weather API,"Casalecchio di Reno, Bologna, Italy",44.4756,11.2759
2020-03-13T22:00:00+00:00,10.900,9.800,Open-Meteo Historical Weather API,"Casalecchio di Reno, Bologna, Italy",44.4756,11.2759
2020-03-13T23:00:00+00:00,11.100,9.800,Open-Meteo Historical Weather API,"Casalecchio di Reno, Bologna, Italy",44.4756,11.2759
2020-03-14T00:00:00+00:00,10.400,9.400,Open-Meteo Historical Weather API,"Casalecchio di Reno, Bologna, Italy",44.4756,11.2759
2020-03-14T01:00:00+00:00,10.400,9.400,Open-Meteo Historical Weather API,"Casalecchio di Reno, Bologna, Italy",44.4756,11.2759
2020-03-14T02:00:00+00:00,9.400,8.900,Open-Meteo Historical Weather API,"Casalecchio di Reno, Bologna, Italy",44.4756,11.2759
2020-03-14T03:00:00+00:00,9.300,9.100,Open-Meteo Historical Weather API,"Casalecchio di Reno, Bologna, Italy",44.4756,11.2759
2020-03-14T04:00:00+00:00,9.600,9.400,Open-Meteo Historical Weather API,"Casalecchio di Reno, Bologna, Italy",44.4756,11.2759
2020-03-14T05:00:00+00:00,10.100,8.400,Open-Meteo Historical Weather API,"Casalecchio di Reno, Bologna, Italy",44.4756,11.2759
2020-03-14T06:00:00+00:00,9.800,7.600,Open-Meteo Historical Weather API,"Casalecchio di Reno, Bologna, Italy",44.4756,11.2759
2020-03-14T07:00:00+00:00,9.900,7.900,Open-Meteo Historical Weather API,"Casalecchio di Reno, Bologna, Italy",44.4756,11.2759
2020-03-14T08:00:00+00:00,10.200,7.700,Open-Meteo Historical Weather API,"Casalecchio di Reno, Bologna, Italy",44.4756,11.2759
2020-03-14T09:00:00+00:00,10.600,7.800,Open-Meteo Historical Weather API,"Casalecchio di Reno, Bologna, Italy",44.4756,11.2759
2020-03-14T10:00:00+00:00,11.400,7.100,Open-Meteo Historical Weather API,"Casalecchio di Reno, Bologna, Italy",44.4756,11.2759
2020-03-14T11:00:00+00:00,11.600,5.100,Open-Meteo Historical Weather API,"Casalecchio di Reno, Bologna, Italy",44.4756,11.2759
2020-03-14T12:00:00+00:00,12.100,6.900,Open-Meteo Historical Weather API,"Casalecchio di Reno, Bologna, Italy",44.4756,11.2759
2020-03-14T13:00:00+00:00,12.900,6.200,Open-Meteo Historical Weather API,"Casalecchio di Reno, Bologna, Italy",44.4756,11.2759
2020-03-14T14:00:00+00:00,13.100,5.800,Open-Meteo Historical Weather API,"Casalecchio di Reno, Bologna, Italy",44.4756,11.2759
2020-03-14T15:00:00+00:00,12.600,5.000,Open-Meteo Historical Weather API,"Casalecchio di Reno, Bologna, Italy",44.4756,11.2759
2020-03-14T16:00:00+00:00,12.200,4.300,Open-Meteo Historical Weather API,"Casalecchio di Reno, Bologna, Italy",44.4756,11.2759
2020-03-14T17:00:00+00:00,11.400,3.500,Open-Meteo Historical Weather API,"Casalecchio di Reno, Bologna, Italy",44.4756,11.2759
2020-03-14T18:00:00+00:00,10.700,2.200,Open-Meteo Historical Weather API,"Casalecchio di Reno, Bologna, Italy",44.4756,11.2759
2020-03-14T19:00:00+00:00,9.800,2.700,Open-Meteo Historical Weather API,"Casalecchio di Reno, Bologna, Italy",44.4756,11.2759
2020-03-14T20:00:00+00:00,9.100,3.000,Open-Meteo Historical Weather API,"Casalecchio di Reno, Bologna, Italy",44.4756,11.2759
2020-03-14T21:00:00+00:00,8.900,3.200,Open-Meteo Historical Weather API,"Casalecchio di Reno, Bologna, Italy",44.4756,11.2759
2020-03-14T22:00:00+00:00,8.400,3.500,Open-Meteo Historical Weather API,"Casalecchio di Reno, Bologna, Italy",44.4756,11.2759
2020-03-14T23:00:00+00:00,8.500,4.000,Open-Meteo Historical Weather API,"Casalecchio di Reno, Bologna, Italy",44.4756,11.2759
2020-03-15T00:00:00+00:00,7.700,3.700,Open-Meteo Historical Weather API,"Casalecchio di Reno, Bologna, Italy",44.4756,11.2759
2020-03-15T01:00:00+00:00,6.800,3.800,Open-Meteo Historical Weather API,"Casalecchio di Reno, Bologna, Italy",44.4756,11.2759
2020-03-15T02:00:00+00:00,6.200,3.700,Open-Meteo Historical Weather API,"Casalecchio di Reno, Bologna, Italy",44.4756,11.2759
2020-03-15T03:00:00+00:00,5.300,3.500,Open-Meteo Historical Weather API,"Casalecchio di Reno, Bologna, Italy",44.4756,11.2759
2020-03-15T04:00:00+00:00,4.900,3.300,Open-Meteo Historical Weather API,"Casalecchio di Reno, Bologna, Italy",44.4756,11.2759
2020-03-15T05:00:00+00:00,4.200,3.000,Open-Meteo Historical Weather API,"Casalecchio di Reno, Bologna, Italy",44.4756,11.2759
2020-03-15T06:00:00+00:00,4.100,2.800,Open-Meteo Historical Weather API,"Casalecchio di Reno, Bologna, Italy",44.4756,11.2759
2020-03-15T07:00:00+00:00,6.400,3.900,Open-Meteo Historical Weather API,"Casalecchio di Reno, Bologna, Italy",44.4756,11.2759
2020-03-15T08:00:00+00:00,8.300,4.300,Open-Meteo Historical Weather API,"Casalecchio di Reno, Bologna, Italy",44.4756,11.2759
2020-03-15T09:00:00+00:00,9.900,4.100,Open-Meteo Historical Weather API,"Casalecchio di Reno, Bologna, Italy",44.4756,11.2759
2020-03-15T10:00:00+00:00,11.400,3.200,Open-Meteo Historical Weather API,"Casalecchio di Reno, Bologna, Italy",44.4756,11.2759
2020-03-15T11:00:00+00:00,12.300,1.600,Open-Meteo Historical Weather API,"Casalecchio di Reno, Bologna, Italy",44.4756,11.2759
2020-03-15T12:00:00+00:00,12.900,2.300,Open-Meteo Historical Weather API,"Casalecchio di Reno, Bologna, Italy",44.4756,11.2759
2020-03-15T13:00:00+00:00,13.100,1.200,Open-Meteo Historical Weather API,"Casalecchio di Reno, Bologna, Italy",44.4756,11.2759
2020-03-15T14:00:00+00:00,13.000,0.200,Open-Meteo Historical Weather API,"Casalecchio di Reno, Bologna, Italy",44.4756,11.2759
2020-03-15T15:00:00+00:00,12.600,-0.400,Open-Meteo Historical Weather API,"Casalecchio di Reno, Bologna, Italy",44.4756,11.2759
2020-03-15T16:00:00+00:00,11.800,-0.200,Open-Meteo Historical Weather API,"Casalecchio di Reno, Bologna, Italy",44.4756,11.2759
2020-03-15T17:00:00+00:00,9.600,0.400,Open-Meteo Historical Weather API,"Casalecchio di Reno, Bologna, Italy",44.4756,11.2759
2020-03-15T18:00:00+00:00,7.100,0.700,Open-Meteo Historical Weather API,"Casalecchio di Reno, Bologna, Italy",44.4756,11.2759
2020-03-15T19:00:00+00:00,5.600,0.300,Open-Meteo Historical Weather API,"Casalecchio di Reno, Bologna, Italy",44.4756,11.2759
2020-03-15T20:00:00+00:00,4.500,-0.200,Open-Meteo Historical Weather API,"Casalecchio di Reno, Bologna, Italy",44.4756,11.2759
2020-03-15T21:00:00+00:00,3.600,-0.600,Open-Meteo Historical Weather API,"Casalecchio di Reno, Bologna, Italy",44.4756,11.2759
2020-03-15T22:00:00+00:00,3.200,-1.400,Open-Meteo Historical Weather API,"Casalecchio di Reno, Bologna, Italy",44.4756,11.2759
2020-03-15T23:00:00+00:00,3.200,-2.200,Open-Meteo Historical Weather API,"Casalecchio di Reno, Bologna, Italy",44.4756,11.2759
2020-03-16T00:00:00+00:00,3.600,-3.500,Open-Meteo Historical Weather API,"Casalecchio di Reno, Bologna, Italy",44.4756,11.2759
2020-03-16T01:00:00+00:00,3.700,-4.500,Open-Meteo Historical Weather API,"Casalecchio di Reno, Bologna, Italy",44.4756,11.2759
2020-03-16T02:00:00+00:00,3.400,-4.800,Open-Meteo Historical Weather API,"Casalecchio di Reno, Bologna, Italy",44.4756,11.2759
2020-03-16T03:00:00+00:00,2.900,-4.500,Open-Meteo Historical Weather API,"Casalecchio di Reno, Bologna, Italy",44.4756,11.2759
2020-03-16T04:00:00+00:00,2.500,-4.200,Open-Meteo Historical Weather API,"Casalecchio di Reno, Bologna, Italy",44.4756,11.2759
2020-03-16T05:00:00+00:00,2.200,-4.000,Open-Meteo Historical Weather API,"Casalecchio di Reno, Bologna, Italy",44.4756,11.2759
2020-03-16T06:00:00+00:00,2.700,-3.000,Open-Meteo Historical Weather API,"Casalecchio di Reno, Bologna, Italy",44.4756,11.2759
2020-03-16T07:00:00+00:00,5.700,-0.900,Open-Meteo Historical Weather API,"Casalecchio di Reno, Bologna, Italy",44.4756,11.2759
2020-03-16T08:00:00+00:00,8.100,-0.800,Open-Meteo Historical Weather API,"Casalecchio di Reno, Bologna, Italy",44.4756,11.2759
2020-03-16T09:00:00+00:00,9.800,1.700,Open-Meteo Historical Weather API,"Casalecchio di Reno, Bologna, Italy",44.4756,11.2759
2020-03-16T10:00:00+00:00,11.100,3.200,Open-Meteo Historical Weather API,"Casalecchio di Reno, Bologna, Italy",44.4756,11.2759
2020-03-16T11:00:00+00:00,12.200,3.500,Open-Meteo Historical Weather API,"Casalecchio di Reno, Bologna, Italy",44.4756,11.2759
2020-03-16T12:00:00+00:00,12.800,2.800,Open-Meteo Historical Weather API,"Casalecchio di Reno, Bologna, Italy",44.4756,11.2759
2020-03-16T13:00:00+00:00,13.300,2.800,Open-Meteo Historical Weather API,"Casalecchio di Reno, Bologna, Italy",44.4756,11.2759
2020-03-16T14:00:00+00:00,13.600,2.800,Open-Meteo Historical Weather API,"Casalecchio di Reno, Bologna, Italy",44.4756,11.2759
2020-03-16T15:00:00+00:00,13.500,3.000,Open-Meteo Historical Weather API,"Casalecchio di Reno, Bologna, Italy",44.4756,11.2759
2020-03-16T16:00:00+00:00,13.100,3.800,Open-Meteo Historical Weather API,"Casalecchio di Reno, Bologna, Italy",44.4756,11.2759
2020-03-16T17:00:00+00:00,10.400,4.600,Open-Meteo Historical Weather API,"Casalecchio di Reno, Bologna, Italy",44.4756,11.2759
2020-03-16T18:00:00+00:00,8.800,3.700,Open-Meteo Historical Weather API,"Casalecchio di Reno, Bologna, Italy",44.4756,11.2759
2020-03-16T19:00:00+00:00,7.300,3.900,Open-Meteo Historical Weather API,"Casalecchio di Reno, Bologna, Italy",44.4756,11.2759
2020-03-16T20:00:00+00:00,6.000,3.800,Open-Meteo Historical Weather API,"Casalecchio di Reno, Bologna, Italy",44.4756,11.2759
2020-03-16T21:00:00+00:00,4.400,3.500,Open-Meteo Historical Weather API,"Casalecchio di Reno, Bologna, Italy",44.4756,11.2759
2020-03-16T22:00:00+00:00,3.000,2.800,Open-Meteo Historical Weather API,"Casalecchio di Reno, Bologna, Italy",44.4756,11.2759
2020-03-16T23:00:00+00:00,2.800,2.300,Open-Meteo Historical Weather API,"Casalecchio di Reno, Bologna, Italy",44.4756,11.2759
2020-03-17T00:00:00+00:00,5.600,2.300,Open-Meteo Historical Weather API,"Casalecchio di Reno, Bologna, Italy",44.4756,11.2759
2020-03-17T01:00:00+00:00,6.100,2.100,Open-Meteo Historical Weather API,"Casalecchio di Reno, Bologna, Italy",44.4756,11.2759
2020-03-17T02:00:00+00:00,5.700,2.000,Open-Meteo Historical Weather API,"Casalecchio di Reno, Bologna, Italy",44.4756,11.2759
2020-03-17T03:00:00+00:00,3.700,1.900,Open-Meteo Historical Weather API,"Casalecchio di Reno, Bologna, Italy",44.4756,11.2759
2020-03-17T04:00:00+00:00,2.300,1.500,Open-Meteo Historical Weather API,"Casalecchio di Reno, Bologna, Italy",44.4756,11.2759
2020-03-17T05:00:00+00:00,1.700,1.100,Open-Meteo Historical Weather API,"Casalecchio di Reno, Bologna, Italy",44.4756,11.2759
2020-03-17T06:00:00+00:00,2.200,1.300,Open-Meteo Historical Weather API,"Casalecchio di Reno, Bologna, Italy",44.4756,11.2759
2020-03-17T07:00:00+00:00,7.200,4.300,Open-Meteo Historical Weather API,"Casalecchio di Reno, Bologna, Italy",44.4756,11.2759
2020-03-17T08:00:00+00:00,11.100,4.400,Open-Meteo Historical Weather API,"Casalecchio di Reno, Bologna, Italy",44.4756,11.2759
2020-03-17T09:00:00+00:00,12.600,4.400,Open-Meteo Historical Weather API,"Casalecchio di Reno, Bologna, Italy",44.4756,11.2759
2020-03-17T10:00:00+00:00,13.600,3.600,Open-Meteo Historical Weather API,"Casalecchio di Reno, Bologna, Italy",44.4756,11.2759
2020-03-17T11:00:00+00:00,14.200,3.200,Open-Meteo Historical Weather API,"Casalecchio di Reno, Bologna, Italy",44.4756,11.2759
2020-03-17T12:00:00+00:00,14.200,3.200,Open-Meteo Historical Weather API,"Casalecchio di Reno, Bologna, Italy",44.4756,11.2759
2020-03-17T13:00:00+00:00,14.800,3.400,Open-Meteo Historical Weather API,"Casalecchio di Reno, Bologna, Italy",44.4756,11.2759
2020-03-17T14:00:00+00:00,15.000,3.000,Open-Meteo Historical Weather API,"Casalecchio di Reno, Bologna, Italy",44.4756,11.2759
2020-03-17T15:00:00+00:00,14.900,2.800,Open-Meteo Historical Weather API,"Casalecchio di Reno, Bologna, Italy",44.4756,11.2759
2020-03-17T16:00:00+00:00,14.400,4.300,Open-Meteo Historical Weather API,"Casalecchio di Reno, Bologna, Italy",44.4756,11.2759
2020-03-17T17:00:00+00:00,13.600,3.500,Open-Meteo Historical Weather API,"Casalecchio di Reno, Bologna, Italy",44.4756,11.2759
2020-03-17T18:00:00+00:00,10.200,3.800,Open-Meteo Historical Weather API,"Casalecchio di Reno, Bologna, Italy",44.4756,11.2759
2020-03-17T19:00:00+00:00,7.700,4.000,Open-Meteo Historical Weather API,"Casalecchio di Reno, Bologna, Italy",44.4756,11.2759
2020-03-17T20:00:00+00:00,7.300,4.300,Open-Meteo Historical Weather API,"Casalecchio di Reno, Bologna, Italy",44.4756,11.2759
2020-03-17T21:00:00+00:00,5.000,4.200,Open-Meteo Historical Weather API,"Casalecchio di Reno, Bologna, Italy",44.4756,11.2759
2020-03-17T22:00:00+00:00,4.600,3.800,Open-Meteo Historical Weather API,"Casalecchio di Reno, Bologna, Italy",44.4756,11.2759
2020-03-17T23:00:00+00:00,4.200,3.500,Open-Meteo Historical Weather API,"Casalecchio di Reno, Bologna, Italy",44.4756,11.2759
2020-03-18T00:00:00+00:00,5.400,3.300,Open-Meteo Historical Weather API,"Casalecchio di Reno, Bologna, Italy",44.4756,11.2759
2020-03-18T01:00:00+00:00,4.800,3.100,Open-Meteo Historical Weather API,"Casalecchio di Reno, Bologna, Italy",44.4756,11.2759
2020-03-18T02:00:00+00:00,4.300,2.800,Open-Meteo Historical Weather API,"Casalecchio di Reno, Bologna, Italy",44.4756,11.2759
2020-03-18T03:00:00+00:00,3.900,2.600,Open-Meteo Historical Weather API,"Casalecchio di Reno, Bologna, Italy",44.4756,11.2759
2020-03-18T04:00:00+00:00,4.100,2.300,Open-Meteo Historical Weather API,"Casalecchio di Reno, Bologna, Italy",44.4756,11.2759
2020-03-18T05:00:00+00:00,3.900,2.200,Open-Meteo Historical Weather API,"Casalecchio di Reno, Bologna, Italy",44.4756,11.2759
2020-03-18T06:00:00+00:00,4.600,2.400,Open-Meteo Historical Weather API,"Casalecchio di Reno, Bologna, Italy",44.4756,11.2759
2020-03-18T07:00:00+00:00,8.900,5.400,Open-Meteo Historical Weather API,"Casalecchio di Reno, Bologna, Italy",44.4756,11.2759
2020-03-18T08:00:00+00:00,12.100,5.000,Open-Meteo Historical Weather API,"Casalecchio di Reno, Bologna, Italy",44.4756,11.2759
2020-03-18T09:00:00+00:00,13.800,5.800,Open-Meteo Historical Weather API,"Casalecchio di Reno, Bologna, Italy",44.4756,11.2759
2020-03-18T10:00:00+00:00,14.900,6.800,Open-Meteo Historical Weather API,"Casalecchio di Reno, Bologna, Italy",44.4756,11.2759
2020-03-18T11:00:00+00:00,15.800,7.300,Open-Meteo Historical Weather API,"Casalecchio di Reno, Bologna, Italy",44.4756,11.2759
2020-03-18T12:00:00+00:00,16.500,7.800,Open-Meteo Historical Weather API,"Casalecchio di Reno, Bologna, Italy",44.4756,11.2759
2020-03-18T13:00:00+00:00,17.100,8.100,Open-Meteo Historical Weather API,"Casalecchio di Reno, Bologna, Italy",44.4756,11.2759
2020-03-18T14:00:00+00:00,17.400,8.200,Open-Meteo Historical Weather API,"Casalecchio di Reno, Bologna, Italy",44.4756,11.2759
2020-03-18T15:00:00+00:00,17.300,8.100,Open-Meteo Historical Weather API,"Casalecchio di Reno, Bologna, Italy",44.4756,11.2759
2020-03-18T16:00:00+00:00,16.800,8.800,Open-Meteo Historical Weather API,"Casalecchio di Reno, Bologna, Italy",44.4756,11.2759
2020-03-18T17:00:00+00:00,13.300,9.400,Open-Meteo Historical Weather API,"Casalecchio di Reno, Bologna, Italy",44.4756,11.2759
2020-03-18T18:00:00+00:00,10.900,7.700,Open-Meteo Historical Weather API,"Casalecchio di Reno, Bologna, Italy",44.4756,11.2759
2020-03-18T19:00:00+00:00,10.200,7.100,Open-Meteo Historical Weather API,"Casalecchio di Reno, Bologna, Italy",44.4756,11.2759
2020-03-18T20:00:00+00:00,9.600,6.600,Open-Meteo Historical Weather API,"Casalecchio di Reno, Bologna, Italy",44.4756,11.2759
2020-03-18T21:00:00+00:00,9.600,6.400,Open-Meteo Historical Weather API,"Casalecchio di Reno, Bologna, Italy",44.4756,11.2759
2020-03-18T22:00:00+00:00,9.900,6.300,Open-Meteo Historical Weather API,"Casalecchio di Reno, Bologna, Italy",44.4756,11.2759
2020-03-18T23:00:00+00:00,8.900,6.200,Open-Meteo Historical Weather API,"Casalecchio di Reno, Bologna, Italy",44.4756,11.2759
2020-03-19T00:00:00+00:00,9.100,6.200,Open-Meteo Historical Weather API,"Casalecchio di Reno, Bologna, Italy",44.4756,11.2759
2020-03-19T01:00:00+00:00,8.700,6.100,Open-Meteo Historical Weather API,"Casalecchio di Reno, Bologna, Italy",44.4756,11.2759
2020-03-19T02:00:00+00:00,8.100,5.800,Open-Meteo Historical Weather API,"Casalecchio di Reno, Bologna, Italy",44.4756,11.2759
2020-03-19T03:00:00+00:00,7.400,5.600,Open-Meteo Historical Weather API,"Casalecchio di Reno, Bologna, Italy",44.4756,11.2759
2020-03-19T04:00:00+00:00,6.900,5.200,Open-Meteo Historical Weather API,"Casalecchio di Reno, Bologna, Italy",44.4756,11.2759
2020-03-19T05:00:00+00:00,6.700,4.900,Open-Meteo Historical Weather API,"Casalecchio di Reno, Bologna, Italy",44.4756,11.2759
2020-03-19T06:00:00+00:00,7.200,5.100,Open-Meteo Historical Weather API,"Casalecchio di Reno, Bologna, Italy",44.4756,11.2759
2020-03-19T07:00:00+00:00,11.600,7.300,Open-Meteo Historical Weather API,"Casalecchio di Reno, Bologna, Italy",44.4756,11.2759
2020-03-19T08:00:00+00:00,14.900,7.700,Open-Meteo Historical Weather API,"Casalecchio di Reno, Bologna, Italy",44.4756,11.2759
2020-03-19T09:00:00+00:00,16.500,8.400,Open-Meteo Historical Weather API,"Casalecchio di Reno, Bologna, Italy",44.4756,11.2759
2020-03-19T10:00:00+00:00,17.800,8.600,Open-Meteo Historical Weather API,"Casalecchio di Reno, Bologna, Italy",44.4756,11.2759
2020-03-19T11:00:00+00:00,18.600,8.800,Open-Meteo Historical Weather API,"Casalecchio di Reno, Bologna, Italy",44.4756,11.2759
2020-03-19T12:00:00+00:00,19.000,7.900,Open-Meteo Historical Weather API,"Casalecchio di Reno, Bologna, Italy",44.4756,11.2759
2020-03-19T13:00:00+00:00,19.400,7.200,Open-Meteo Historical Weather API,"Casalecchio di Reno, Bologna, Italy",44.4756,11.2759
2020-03-19T14:00:00+00:00,19.500,6.900,Open-Meteo Historical Weather API,"Casalecchio di Reno, Bologna, Italy",44.4756,11.2759
2020-03-19T15:00:00+00:00,19.200,7.000,Open-Meteo Historical Weather API,"Casalecchio di Reno, Bologna, Italy",44.4756,11.2759
2020-03-19T16:00:00+00:00,18.500,8.800,Open-Meteo Historical Weather API,"Casalecchio di Reno, Bologna, Italy",44.4756,11.2759
2020-03-19T17:00:00+00:00,14.800,9.800,Open-Meteo Historical Weather API,"Casalecchio di Reno, Bologna, Italy",44.4756,11.2759
2020-03-19T18:00:00+00:00,13.100,7.800,Open-Meteo Historical Weather API,"Casalecchio di Reno, Bologna, Italy",44.4756,11.2759
2020-03-19T19:00:00+00:00,12.400,7.300,Open-Meteo Historical Weather API,"Casalecchio di Reno, Bologna, Italy",44.4756,11.2759
2020-03-19T20:00:00+00:00,9.900,7.000,Open-Meteo Historical Weather API,"Casalecchio di Reno, Bologna, Italy",44.4756,11.2759
2020-03-19T21:00:00+00:00,8.000,6.800,Open-Meteo Historical Weather API,"Casalecchio di Reno, Bologna, Italy",44.4756,11.2759
2020-03-19T22:00:00+00:00,8.400,6.300,Open-Meteo Historical Weather API,"Casalecchio di Reno, Bologna, Italy",44.4756,11.2759
2020-03-19T23:00:00+00:00,9.100,6.000,Open-Meteo Historical Weather API,"Casalecchio di Reno, Bologna, Italy",44.4756,11.2759
2020-03-20T00:00:00+00:00,7.400,5.800,Open-Meteo Historical Weather API,"Casalecchio di Reno, Bologna, Italy",44.4756,11.2759
2020-03-20T01:00:00+00:00,7.100,5.400,Open-Meteo Historical Weather API,"Casalecchio di Reno, Bologna, Italy",44.4756,11.2759
2020-03-20T02:00:00+00:00,7.000,4.900,Open-Meteo Historical Weather API,"Casalecchio di Reno, Bologna, Italy",44.4756,11.2759
2020-03-20T03:00:00+00:00,7.300,4.400,Open-Meteo Historical Weather API,"Casalecchio di Reno, Bologna, Italy",44.4756,11.2759
2020-03-20T04:00:00+00:00,7.400,4.100,Open-Meteo Historical Weather API,"Casalecchio di Reno, Bologna, Italy",44.4756,11.2759
2020-03-20T05:00:00+00:00,6.200,4.100,Open-Meteo Historical Weather API,"Casalecchio di Reno, Bologna, Italy",44.4756,11.2759
2020-03-20T06:00:00+00:00,7.800,4.800,Open-Meteo Historical Weather API,"Casalecchio di Reno, Bologna, Italy",44.4756,11.2759
2020-03-20T07:00:00+00:00,11.300,6.800,Open-Meteo Historical Weather API,"Casalecchio di Reno, Bologna, Italy",44.4756,11.2759
2020-03-20T08:00:00+00:00,14.200,7.500,Open-Meteo Historical Weather API,"Casalecchio di Reno, Bologna, Italy",44.4756,11.2759
2020-03-20T09:00:00+00:00,15.900,8.700,Open-Meteo Historical Weather API,"Casalecchio di Reno, Bologna, Italy",44.4756,11.2759
2020-03-20T10:00:00+00:00,17.400,9.400,Open-Meteo Historical Weather API,"Casalecchio di Reno, Bologna, Italy",44.4756,11.2759
2020-03-20T11:00:00+00:00,18.500,9.200,Open-Meteo Historical Weather API,"Casalecchio di Reno, Bologna, Italy",44.4756,11.2759
2020-03-20T12:00:00+00:00,18.700,8.400,Open-Meteo Historical Weather API,"Casalecchio di Reno, Bologna, Italy",44.4756,11.2759
2020-03-20T13:00:00+00:00,19.100,8.400,Open-Meteo Historical Weather API,"Casalecchio di Reno, Bologna, Italy",44.4756,11.2759
2020-03-20T14:00:00+00:00,19.400,8.300,Open-Meteo Historical Weather API,"Casalecchio di Reno, Bologna, Italy",44.4756,11.2759
2020-03-20T15:00:00+00:00,19.100,8.300,Open-Meteo Historical Weather API,"Casalecchio di Reno, Bologna, Italy",44.4756,11.2759
2020-03-20T16:00:00+00:00,17.800,10.400,Open-Meteo Historical Weather API,"Casalecchio di Reno, Bologna, Italy",44.4756,11.2759
2020-03-20T17:00:00+00:00,15.100,9.600,Open-Meteo Historical Weather API,"Casalecchio di Reno, Bologna, Italy",44.4756,11.2759
2020-03-20T18:00:00+00:00,13.200,8.900,Open-Meteo Historical Weather API,"Casalecchio di Reno, Bologna, Italy",44.4756,11.2759
2020-03-20T19:00:00+00:00,12.800,8.900,Open-Meteo Historical Weather API,"Casalecchio di Reno, Bologna, Italy",44.4756,11.2759
2020-03-20T20:00:00+00:00,12.000,9.200,Open-Meteo Historical Weather API,"Casalecchio di Reno, Bologna, Italy",44.4756,11.2759
2020-03-20T21:00:00+00:00,11.400,9.300,Open-Meteo Historical Weather API,"Casalecchio di Reno, Bologna, Italy",44.4756,11.2759
2020-03-20T22:00:00+00:00,10.900,9.000,Open-Meteo Historical Weather API,"Casalecchio di Reno, Bologna, Italy",44.4756,11.2759
2020-03-20T23:00:00+00:00,10.300,8.600,Open-Meteo Historical Weather API,"Casalecchio di Reno, Bologna, Italy",44.4756,11.2759
2020-03-21T00:00:00+00:00,9.900,7.200,Open-Meteo Historical Weather API,"Casalecchio di Reno, Bologna, Italy",44.4756,11.2759
2020-03-21T01:00:00+00:00,9.100,6.300,Open-Meteo Historical Weather API,"Casalecchio di Reno, Bologna, Italy",44.4756,11.2759
2020-03-21T02:00:00+00:00,9.100,5.400,Open-Meteo Historical Weather API,"Casalecchio di Reno, Bologna, Italy",44.4756,11.2759
2020-03-21T03:00:00+00:00,9.000,4.000,Open-Meteo Historical Weather API,"Casalecchio di Reno, Bologna, Italy",44.4756,11.2759
2020-03-21T04:00:00+00:00,8.300,3.200,Open-Meteo Historical Weather API,"Casalecchio di Reno, Bologna, Italy",44.4756,11.2759
2020-03-21T05:00:00+00:00,7.700,3.000,Open-Meteo Historical Weather API,"Casalecchio di Reno, Bologna, Italy",44.4756,11.2759
2020-03-21T06:00:00+00:00,8.100,3.700,Open-Meteo Historical Weather API,"Casalecchio di Reno, Bologna, Italy",44.4756,11.2759
2020-03-21T07:00:00+00:00,11.300,5.800,Open-Meteo Historical Weather API,"Casalecchio di Reno, Bologna, Italy",44.4756,11.2759
2020-03-21T08:00:00+00:00,14.200,6.300,Open-Meteo Historical Weather API,"Casalecchio di Reno, Bologna, Italy",44.4756,11.2759
2020-03-21T09:00:00+00:00,15.600,7.700,Open-Meteo Historical Weather API,"Casalecchio di Reno, Bologna, Italy",44.4756,11.2759
2020-03-21T10:00:00+00:00,16.500,8.100,Open-Meteo Historical Weather API,"Casalecchio di Reno, Bologna, Italy",44.4756,11.2759
2020-03-21T11:00:00+00:00,17.200,8.100,Open-Meteo Historical Weather API,"Casalecchio di Reno, Bologna, Italy",44.4756,11.2759
2020-03-21T12:00:00+00:00,17.000,8.100,Open-Meteo Historical Weather API,"Casalecchio di Reno, Bologna, Italy",44.4756,11.2759
2020-03-21T13:00:00+00:00,17.600,7.700,Open-Meteo Historical Weather API,"Casalecchio di Reno, Bologna, Italy",44.4756,11.2759
2020-03-21T14:00:00+00:00,17.600,8.000,Open-Meteo Historical Weather API,"Casalecchio di Reno, Bologna, Italy",44.4756,11.2759
2020-03-21T15:00:00+00:00,17.200,7.800,Open-Meteo Historical Weather API,"Casalecchio di Reno, Bologna, Italy",44.4756,11.2759
2020-03-21T16:00:00+00:00,15.800,9.400,Open-Meteo Historical Weather API,"Casalecchio di Reno, Bologna, Italy",44.4756,11.2759
2020-03-21T17:00:00+00:00,14.100,10.400,Open-Meteo Historical Weather API,"Casalecchio di Reno, Bologna, Italy",44.4756,11.2759
2020-03-21T18:00:00+00:00,12.600,9.900,Open-Meteo Historical Weather API,"Casalecchio di Reno, Bologna, Italy",44.4756,11.2759
2020-03-21T19:00:00+00:00,11.200,9.600,Open-Meteo Historical Weather API,"Casalecchio di Reno, Bologna, Italy",44.4756,11.2759
2020-03-21T20:00:00+00:00,10.800,9.700,Open-Meteo Historical Weather API,"Casalecchio di Reno, Bologna, Italy",44.4756,11.2759
2020-03-21T21:00:00+00:00,10.300,10.000,Open-Meteo Historical Weather API,"Casalecchio di Reno, Bologna, Italy",44.4756,11.2759
2020-03-21T22:00:00+00:00,9.800,9.800,Open-Meteo Historical Weather API,"Casalecchio di Reno, Bologna, Italy",44.4756,11.2759
2020-03-21T23:00:00+00:00,10.100,10.100,Open-Meteo Historical Weather API,"Casalecchio di Reno, Bologna, Italy",44.4756,11.2759
2020-03-22T00:00:00+00:00,9.600,9.600,Open-Meteo Historical Weather API,"Casalecchio di Reno, Bologna, Italy",44.4756,11.2759
2020-03-22T01:00:00+00:00,9.800,9.600,Open-Meteo Historical Weather API,"Casalecchio di Reno, Bologna, Italy",44.4756,11.2759
2020-03-22T02:00:00+00:00,10.200,9.600,Open-Meteo Historical Weather API,"Casalecchio di Reno, Bologna, Italy",44.4756,11.2759
2020-03-22T03:00:00+00:00,10.700,9.900,Open-Meteo Historical Weather API,"Casalecchio di Reno, Bologna, Italy",44.4756,11.2759
2020-03-22T04:00:00+00:00,10.400,7.100,Open-Meteo Historical Weather API,"Casalecchio di Reno, Bologna, Italy",44.4756,11.2759
2020-03-22T05:00:00+00:00,9.400,6.900,Open-Meteo Historical Weather API,"Casalecchio di Reno, Bologna, Italy",44.4756,11.2759
2020-03-22T06:00:00+00:00,9.200,6.600,Open-Meteo Historical Weather API,"Casalecchio di Reno, Bologna, Italy",44.4756,11.2759
2020-03-22T07:00:00+00:00,9.000,6.300,Open-Meteo Historical Weather API,"Casalecchio di Reno, Bologna, Italy",44.4756,11.2759
2020-03-22T08:00:00+00:00,8.900,6.100,Open-Meteo Historical Weather API,"Casalecchio di Reno, Bologna, Italy",44.4756,11.2759
2020-03-22T09:00:00+00:00,9.000,6.100,Open-Meteo Historical Weather API,"Casalecchio di Reno, Bologna, Italy",44.4756,11.2759
2020-03-22T10:00:00+00:00,9.300,6.200,Open-Meteo Historical Weather API,"Casalecchio di Reno, Bologna, Italy",44.4756,11.2759
2020-03-22T11:00:00+00:00,9.400,5.900,Open-Meteo Historical Weather API,"Casalecchio di Reno, Bologna, Italy",44.4756,11.2759
2020-03-22T12:00:00+00:00,12.400,5.900,Open-Meteo Historical Weather API,"Casalecchio di Reno, Bologna, Italy",44.4756,11.2759
2020-03-22T13:00:00+00:00,12.600,5.800,Open-Meteo Historical Weather API,"Casalecchio di Reno, Bologna, Italy",44.4756,11.2759
2020-03-22T14:00:00+00:00,12.600,5.300,Open-Meteo Historical Weather API,"Casalecchio di Reno, Bologna, Italy",44.4756,11.2759
2020-03-22T15:00:00+00:00,11.900,3.600,Open-Meteo Historical Weather API,"Casalecchio di Reno, Bologna, Italy",44.4756,11.2759
2020-03-22T16:00:00+00:00,11.600,2.800,Open-Meteo Historical Weather API,"Casalecchio di Reno, Bologna, Italy",44.4756,11.2759
2020-03-22T17:00:00+00:00,10.400,2.900,Open-Meteo Historical Weather API,"Casalecchio di Reno, Bologna, Italy",44.4756,11.2759
2020-03-22T18:00:00+00:00,8.900,3.200,Open-Meteo Historical Weather API,"Casalecchio di Reno, Bologna, Italy",44.4756,11.2759
2020-03-22T19:00:00+00:00,8.400,2.000,Open-Meteo Historical Weather API,"Casalecchio di Reno, Bologna, Italy",44.4756,11.2759
2020-03-22T20:00:00+00:00,8.100,0.600,Open-Meteo Historical Weather API,"Casalecchio di Reno, Bologna, Italy",44.4756,11.2759
2020-03-22T21:00:00+00:00,7.400,-1.100,Open-Meteo Historical Weather API,"Casalecchio di Reno, Bologna, Italy",44.4756,11.2759
2020-03-22T22:00:00+00:00,7.200,-2.500,Open-Meteo Historical Weather API,"Casalecchio di Reno, Bologna, Italy",44.4756,11.2759
2020-03-22T23:00:00+00:00,6.700,-4.300,Open-Meteo Historical Weather API,"Casalecchio di Reno, Bologna, Italy",44.4756,11.2759
2020-03-23T00:00:00+00:00,7.300,-2.300,Open-Meteo Historical Weather API,"Casalecchio di Reno, Bologna, Italy",44.4756,11.2759
2020-03-23T01:00:00+00:00,7.100,-2.800,Open-Meteo Historical Weather API,"Casalecchio di Reno, Bologna, Italy",44.4756,11.2759
2020-03-23T02:00:00+00:00,6.700,-4.600,Open-Meteo Historical Weather API,"Casalecchio di Reno, Bologna, Italy",44.4756,11.2759
2020-03-23T03:00:00+00:00,5.400,-6.200,Open-Meteo Historical Weather API,"Casalecchio di Reno, Bologna, Italy",44.4756,11.2759
2020-03-23T04:00:00+00:00,4.900,-6.800,Open-Meteo Historical Weather API,"Casalecchio di Reno, Bologna, Italy",44.4756,11.2759
2020-03-23T05:00:00+00:00,4.200,-7.100,Open-Meteo Historical Weather API,"Casalecchio di Reno, Bologna, Italy",44.4756,11.2759
2020-03-23T06:00:00+00:00,3.700,-6.700,Open-Meteo Historical Weather API,"Casalecchio di Reno, Bologna, Italy",44.4756,11.2759
2020-03-23T07:00:00+00:00,3.500,-6.900,Open-Meteo Historical Weather API,"Casalecchio di Reno, Bologna, Italy",44.4756,11.2759
2020-03-23T08:00:00+00:00,4.000,-8.800,Open-Meteo Historical Weather API,"Casalecchio di Reno, Bologna, Italy",44.4756,11.2759
2020-03-23T09:00:00+00:00,4.600,-10.000,Open-Meteo Historical Weather API,"Casalecchio di Reno, Bologna, Italy",44.4756,11.2759
2020-03-23T10:00:00+00:00,5.300,-9.100,Open-Meteo Historical Weather API,"Casalecchio di Reno, Bologna, Italy",44.4756,11.2759
2020-03-23T11:00:00+00:00,6.100,-9.100,Open-Meteo Historical Weather API,"Casalecchio di Reno, Bologna, Italy",44.4756,11.2759
2020-03-23T12:00:00+00:00,7.100,-9.100,Open-Meteo Historical Weather API,"Casalecchio di Reno, Bologna, Italy",44.4756,11.2759
2020-03-23T13:00:00+00:00,7.200,-9.500,Open-Meteo Historical Weather API,"Casalecchio di Reno, Bologna, Italy",44.4756,11.2759
2020-03-23T14:00:00+00:00,6.600,-8.000,Open-Meteo Historical Weather API,"Casalecchio di Reno, Bologna, Italy",44.4756,11.2759
2020-03-23T15:00:00+00:00,6.100,-7.100,Open-Meteo Historical Weather API,"Casalecchio di Reno, Bologna, Italy",44.4756,11.2759
2020-03-23T16:00:00+00:00,5.400,-7.200,Open-Meteo Historical Weather API,"Casalecchio di Reno, Bologna, Italy",44.4756,11.2759
2020-03-23T17:00:00+00:00,4.200,-5.500,Open-Meteo Historical Weather API,"Casalecchio di Reno, Bologna, Italy",44.4756,11.2759
2020-03-23T18:00:00+00:00,1.800,-5.300,Open-Meteo Historical Weather API,"Casalecchio di Reno, Bologna, Italy",44.4756,11.2759
2020-03-23T19:00:00+00:00,1.700,-6.700,Open-Meteo Historical Weather API,"Casalecchio di Reno, Bologna, Italy",44.4756,11.2759
2020-03-23T20:00:00+00:00,1.200,-6.800,Open-Meteo Historical Weather API,"Casalecchio di Reno, Bologna, Italy",44.4756,11.2759
2020-03-23T21:00:00+00:00,1.000,-6.000,Open-Meteo Historical Weather API,"Casalecchio di Reno, Bologna, Italy",44.4756,11.2759
2020-03-23T22:00:00+00:00,2.800,-6.900,Open-Meteo Historical Weather API,"Casalecchio di Reno, Bologna, Italy",44.4756,11.2759
2020-03-23T23:00:00+00:00,3.100,-7.500,Open-Meteo Historical Weather API,"Casalecchio di Reno, Bologna, Italy",44.4756,11.2759
2020-03-24T00:00:00+00:00,0.600,-6.700,Open-Meteo Historical Weather API,"Casalecchio di Reno, Bologna, Italy",44.4756,11.2759
2020-03-24T01:00:00+00:00,0.200,-7.200,Open-Meteo Historical Weather API,"Casalecchio di Reno, Bologna, Italy",44.4756,11.2759
2020-03-24T02:00:00+00:00,0.100,-7.700,Open-Meteo Historical Weather API,"Casalecchio di Reno, Bologna, Italy",44.4756,11.2759
2020-03-24T03:00:00+00:00,-0.200,-8.200,Open-Meteo Historical Weather API,"Casalecchio di Reno, Bologna, Italy",44.4756,11.2759
2020-03-24T04:00:00+00:00,-0.200,-8.800,Open-Meteo Historical Weather API,"Casalecchio di Reno, Bologna, Italy",44.4756,11.2759
2020-03-24T05:00:00+00:00,-0.800,-8.700,Open-Meteo Historical Weather API,"Casalecchio di Reno, Bologna, Italy",44.4756,11.2759
2020-03-24T06:00:00+00:00,0.300,-7.100,Open-Meteo Historical Weather API,"Casalecchio di Reno, Bologna, Italy",44.4756,11.2759
2020-03-24T07:00:00+00:00,2.700,-5.500,Open-Meteo Historical Weather API,"Casalecchio di Reno, Bologna, Italy",44.4756,11.2759
2020-03-24T08:00:00+00:00,5.100,-3.900,Open-Meteo Historical Weather API,"Casalecchio di Reno, Bologna, Italy",44.4756,11.2759
2020-03-24T09:00:00+00:00,6.600,-4.300,Open-Meteo Historical Weather API,"Casalecchio di Reno, Bologna, Italy",44.4756,11.2759
2020-03-24T10:00:00+00:00,7.400,-5.700,Open-Meteo Historical Weather API,"Casalecchio di Reno, Bologna, Italy",44.4756,11.2759
2020-03-24T11:00:00+00:00,8.200,-6.400,Open-Meteo Historical Weather API,"Casalecchio di Reno, Bologna, Italy",44.4756,11.2759
2020-03-24T12:00:00+00:00,9.100,-7.600,Open-Meteo Historical Weather API,"Casalecchio di Reno, Bologna, Italy",44.4756,11.2759
2020-03-24T13:00:00+00:00,9.100,-7.600,Open-Meteo Historical Weather API,"Casalecchio di Reno, Bologna, Italy",44.4756,11.2759
2020-03-24T14:00:00+00:00,9.200,-7.400,Open-Meteo Historical Weather API,"Casalecchio di Reno, Bologna, Italy",44.4756,11.2759
2020-03-24T15:00:00+00:00,8.100,-5.600,Open-Meteo Historical Weather API,"Casalecchio di Reno, Bologna, Italy",44.4756,11.2759
2020-03-24T16:00:00+00:00,8.100,-6.800,Open-Meteo Historical Weather API,"Casalecchio di Reno, Bologna, Italy",44.4756,11.2759
2020-03-24T17:00:00+00:00,6.800,-5.300,Open-Meteo Historical Weather API,"Casalecchio di Reno, Bologna, Italy",44.4756,11.2759
2020-03-24T18:00:00+00:00,6.100,-5.200,Open-Meteo Historical Weather API,"Casalecchio di Reno, Bologna, Italy",44.4756,11.2759
2020-03-24T19:00:00+00:00,5.800,-5.100,Open-Meteo Historical Weather API,"Casalecchio di Reno, Bologna, Italy",44.4756,11.2759
2020-03-24T20:00:00+00:00,5.200,-5.300,Open-Meteo Historical Weather API,"Casalecchio di Reno, Bologna, Italy",44.4756,11.2759
2020-03-24T21:00:00+00:00,5.100,-5.200,Open-Meteo Historical Weather API,"Casalecchio di Reno, Bologna, Italy",44.4756,11.2759
2020-03-24T22:00:00+00:00,4.800,-5.000,Open-Meteo Historical Weather API,"Casalecchio di Reno, Bologna, Italy",44.4756,11.2759
2020-03-24T23:00:00+00:00,4.800,-5.100,Open-Meteo Historical Weather API,"Casalecchio di Reno, Bologna, Italy",44.4756,11.2759
2020-03-25T00:00:00+00:00,3.200,-3.400,Open-Meteo Historical Weather API,"Casalecchio di Reno, Bologna, Italy",44.4756,11.2759
2020-03-25T01:00:00+00:00,4.600,-3.700,Open-Meteo Historical Weather API,"Casalecchio di Reno, Bologna, Italy",44.4756,11.2759
2020-03-25T02:00:00+00:00,4.200,-2.800,Open-Meteo Historical Weather API,"Casalecchio di Reno, Bologna, Italy",44.4756,11.2759
2020-03-25T03:00:00+00:00,4.200,-2.900,Open-Meteo Historical Weather API,"Casalecchio di Reno, Bologna, Italy",44.4756,11.2759
2020-03-25T04:00:00+00:00,4.300,-4.600,Open-Meteo Historical Weather API,"Casalecchio di Reno, Bologna, Italy",44.4756,11.2759
2020-03-25T05:00:00+00:00,3.700,-4.600,Open-Meteo Historical Weather API,"Casalecchio di Reno, Bologna, Italy",44.4756,11.2759
2020-03-25T06:00:00+00:00,3.900,-4.000,Open-Meteo Historical Weather API,"Casalecchio di Reno, Bologna, Italy",44.4756,11.2759
2020-03-25T07:00:00+00:00,4.000,-3.200,Open-Meteo Historical Weather API,"Casalecchio di Reno, Bologna, Italy",44.4756,11.2759
2020-03-25T08:00:00+00:00,4.200,-3.500,Open-Meteo Historical Weather API,"Casalecchio di Reno, Bologna, Italy",44.4756,11.2759
2020-03-25T09:00:00+00:00,4.600,-3.200,Open-Meteo Historical Weather API,"Casalecchio di Reno, Bologna, Italy",44.4756,11.2759
2020-03-25T10:00:00+00:00,5.800,-3.000,Open-Meteo Historical Weather API,"Casalecchio di Reno, Bologna, Italy",44.4756,11.2759
2020-03-25T11:00:00+00:00,6.000,-2.900,Open-Meteo Historical Weather API,"Casalecchio di Reno, Bologna, Italy",44.4756,11.2759
2020-03-25T12:00:00+00:00,6.600,-4.200,Open-Meteo Historical Weather API,"Casalecchio di Reno, Bologna, Italy",44.4756,11.2759
2020-03-25T13:00:00+00:00,7.200,-3.100,Open-Meteo Historical Weather API,"Casalecchio di Reno, Bologna, Italy",44.4756,11.2759
2020-03-25T14:00:00+00:00,6.200,-3.300,Open-Meteo Historical Weather API,"Casalecchio di Reno, Bologna, Italy",44.4756,11.2759
2020-03-25T15:00:00+00:00,6.900,-4.200,Open-Meteo Historical Weather API,"Casalecchio di Reno, Bologna, Italy",44.4756,11.2759
2020-03-25T16:00:00+00:00,5.900,-2.300,Open-Meteo Historical Weather API,"Casalecchio di Reno, Bologna, Italy",44.4756,11.2759
2020-03-25T17:00:00+00:00,5.300,-2.700,Open-Meteo Historical Weather API,"Casalecchio di Reno, Bologna, Italy",44.4756,11.2759
2020-03-25T18:00:00+00:00,4.500,-2.600,Open-Meteo Historical Weather API,"Casalecchio di Reno, Bologna, Italy",44.4756,11.2759
2020-03-25T19:00:00+00:00,4.500,-2.300,Open-Meteo Historical Weather API,"Casalecchio di Reno, Bologna, Italy",44.4756,11.2759
2020-03-25T20:00:00+00:00,4.400,-2.800,Open-Meteo Historical Weather API,"Casalecchio di Reno, Bologna, Italy",44.4756,11.2759
2020-03-25T21:00:00+00:00,4.200,-2.900,Open-Meteo Historical Weather API,"Casalecchio di Reno, Bologna, Italy",44.4756,11.2759
2020-03-25T22:00:00+00:00,3.800,-2.800,Open-Meteo Historical Weather API,"Casalecchio di Reno, Bologna, Italy",44.4756,11.2759
2020-03-25T23:00:00+00:00,3.800,-2.500,Open-Meteo Historical Weather API,"Casalecchio di Reno, Bologna, Italy",44.4756,11.2759
2020-03-26T00:00:00+00:00,3.500,-2.100,Open-Meteo Historical Weather API,"Casalecchio di Reno, Bologna, Italy",44.4756,11.2759
2020-03-26T01:00:00+00:00,3.500,-2.100,Open-Meteo Historical Weather API,"Casalecchio di Reno, Bologna, Italy",44.4756,11.2759
2020-03-26T02:00:00+00:00,3.200,-2.000,Open-Meteo Historical Weather API,"Casalecchio di Reno, Bologna, Italy",44.4756,11.2759
2020-03-26T03:00:00+00:00,3.000,-0.800,Open-Meteo Historical Weather API,"Casalecchio di Reno, Bologna, Italy",44.4756,11.2759
2020-03-26T04:00:00+00:00,2.800,1.100,Open-Meteo Historical Weather API,"Casalecchio di Reno, Bologna, Italy",44.4756,11.2759
2020-03-26T05:00:00+00:00,2.500,1.500,Open-Meteo Historical Weather API,"Casalecchio di Reno, Bologna, Italy",44.4756,11.2759
2020-03-26T06:00:00+00:00,1.500,1.400,Open-Meteo Historical Weather API,"Casalecchio di Reno, Bologna, Italy",44.4756,11.2759
2020-03-26T07:00:00+00:00,1.400,1.300,Open-Meteo Historical Weather API,"Casalecchio di Reno, Bologna, Italy",44.4756,11.2759
2020-03-26T08:00:00+00:00,1.400,1.300,Open-Meteo Historical Weather API,"Casalecchio di Reno, Bologna, Italy",44.4756,11.2759
2020-03-26T09:00:00+00:00,1.600,1.500,Open-Meteo Historical Weather API,"Casalecchio di Reno, Bologna, Italy",44.4756,11.2759
2020-03-26T10:00:00+00:00,2.100,1.800,Open-Meteo Historical Weather API,"Casalecchio di Reno, Bologna, Italy",44.4756,11.2759
2020-03-26T11:00:00+00:00,2.500,2.000,Open-Meteo Historical Weather API,"Casalecchio di Reno, Bologna, Italy",44.4756,11.2759
2020-03-26T12:00:00+00:00,1.500,1.200,Open-Meteo Historical Weather API,"Casalecchio di Reno, Bologna, Italy",44.4756,11.2759
2020-03-26T13:00:00+00:00,2.500,1.900,Open-Meteo Historical Weather API,"Casalecchio di Reno, Bologna, Italy",44.4756,11.2759
2020-03-26T14:00:00+00:00,3.300,2.200,Open-Meteo Historical Weather API,"Casalecchio di Reno, Bologna, Italy",44.4756,11.2759
2020-03-26T15:00:00+00:00,3.400,2.500,Open-Meteo Historical Weather API,"Casalecchio di Reno, Bologna, Italy",44.4756,11.2759
2020-03-26T16:00:00+00:00,3.000,2.500,Open-Meteo Historical Weather API,"Casalecchio di Reno, Bologna, Italy",44.4756,11.2759
2020-03-26T17:00:00+00:00,3.500,2.800,Open-Meteo Historical Weather API,"Casalecchio di Reno, Bologna, Italy",44.4756,11.2759
2020-03-26T18:00:00+00:00,3.700,3.000,Open-Meteo Historical Weather API,"Casalecchio di Reno, Bologna, Italy",44.4756,11.2759
2020-03-26T19:00:00+00:00,3.900,3.000,Open-Meteo Historical Weather API,"Casalecchio di Reno, Bologna, Italy",44.4756,11.2759
2020-03-26T20:00:00+00:00,4.200,3.000,Open-Meteo Historical Weather API,"Casalecchio di Reno, Bologna, Italy",44.4756,11.2759
2020-03-26T21:00:00+00:00,4.200,3.100,Open-Meteo Historical Weather API,"Casalecchio di Reno, Bologna, Italy",44.4756,11.2759
2020-03-26T22:00:00+00:00,4.000,3.000,Open-Meteo Historical Weather API,"Casalecchio di Reno, Bologna, Italy",44.4756,11.2759
2020-03-26T23:00:00+00:00,3.900,2.800,Open-Meteo Historical Weather API,"Casalecchio di Reno, Bologna, Italy",44.4756,11.2759
2020-03-27T00:00:00+00:00,3.600,2.600,Open-Meteo Historical Weather API,"Casalecchio di Reno, Bologna, Italy",44.4756,11.2759
2020-03-27T01:00:00+00:00,4.600,3.500,Open-Meteo Historical Weather API,"Casalecchio di Reno, Bologna, Italy",44.4756,11.2759
2020-03-27T02:00:00+00:00,4.400,3.400,Open-Meteo Historical Weather API,"Casalecchio di Reno, Bologna, Italy",44.4756,11.2759
2020-03-27T03:00:00+00:00,4.400,3.000,Open-Meteo Historical Weather API,"Casalecchio di Reno, Bologna, Italy",44.4756,11.2759
2020-03-27T04:00:00+00:00,4.300,3.000,Open-Meteo Historical Weather API,"Casalecchio di Reno, Bologna, Italy",44.4756,11.2759
2020-03-27T05:00:00+00:00,4.100,3.200,Open-Meteo Historical Weather API,"Casalecchio di Reno, Bologna, Italy",44.4756,11.2759
2020-03-27T06:00:00+00:00,4.100,3.200,Open-Meteo Historical Weather API,"Casalecchio di Reno, Bologna, Italy",44.4756,11.2759
2020-03-27T07:00:00+00:00,4.600,3.700,Open-Meteo Historical Weather API,"Casalecchio di Reno, Bologna, Italy",44.4756,11.2759
2020-03-27T08:00:00+00:00,5.100,4.100,Open-Meteo Historical Weather API,"Casalecchio di Reno, Bologna, Italy",44.4756,11.2759
2020-03-27T09:00:00+00:00,5.500,4.300,Open-Meteo Historical Weather API,"Casalecchio di Reno, Bologna, Italy",44.4756,11.2759
2020-03-27T10:00:00+00:00,6.900,4.800,Open-Meteo Historical Weather API,"Casalecchio di Reno, Bologna, Italy",44.4756,11.2759
2020-03-27T11:00:00+00:00,8.900,5.800,Open-Meteo Historical Weather API,"Casalecchio di Reno, Bologna, Italy",44.4756,11.2759
2020-03-27T12:00:00+00:00,8.300,5.800,Open-Meteo Historical Weather API,"Casalecchio di Reno, Bologna, Italy",44.4756,11.2759
2020-03-27T13:00:00+00:00,9.500,5.700,Open-Meteo Historical Weather API,"Casalecchio di Reno, Bologna, Italy",44.4756,11.2759
2020-03-27T14:00:00+00:00,10.100,5.800,Open-Meteo Historical Weather API,"Casalecchio di Reno, Bologna, Italy",44.4756,11.2759
2020-03-27T15:00:00+00:00,9.900,6.100,Open-Meteo Historical Weather API,"Casalecchio di Reno, Bologna, Italy",44.4756,11.2759
2020-03-27T16:00:00+00:00,9.600,6.500,Open-Meteo Historical Weather API,"Casalecchio di Reno, Bologna, Italy",44.4756,11.2759
2020-03-27T17:00:00+00:00,8.900,6.700,Open-Meteo Historical Weather API,"Casalecchio di Reno, Bologna, Italy",44.4756,11.2759
2020-03-27T18:00:00+00:00,8.200,6.700,Open-Meteo Historical Weather API,"Casalecchio di Reno, Bologna, Italy",44.4756,11.2759
2020-03-27T19:00:00+00:00,7.800,6.600,Open-Meteo Historical Weather API,"Casalecchio di Reno, Bologna, Italy",44.4756,11.2759
2020-03-27T20:00:00+00:00,7.700,6.500,Open-Meteo Historical Weather API,"Casalecchio di Reno, Bologna, Italy",44.4756,11.2759
2020-03-27T21:00:00+00:00,7.600,6.400,Open-Meteo Historical Weather API,"Casalecchio di Reno, Bologna, Italy",44.4756,11.2759
2020-03-27T22:00:00+00:00,7.500,6.100,Open-Meteo Historical Weather API,"Casalecchio di Reno, Bologna, Italy",44.4756,11.2759
2020-03-27T23:00:00+00:00,6.600,5.300,Open-Meteo Historical Weather API,"Casalecchio di Reno, Bologna, Italy",44.4756,11.2759
2020-03-28T00:00:00+00:00,7.700,5.800,Open-Meteo Historical Weather API,"Casalecchio di Reno, Bologna, Italy",44.4756,11.2759
2020-03-28T01:00:00+00:00,7.800,5.700,Open-Meteo Historical Weather API,"Casalecchio di Reno, Bologna, Italy",44.4756,11.2759
2020-03-28T02:00:00+00:00,6.800,5.100,Open-Meteo Historical Weather API,"Casalecchio di Reno, Bologna, Italy",44.4756,11.2759
2020-03-28T03:00:00+00:00,6.900,4.800,Open-Meteo Historical Weather API,"Casalecchio di Reno, Bologna, Italy",44.4756,11.2759
2020-03-28T04:00:00+00:00,7.300,4.900,Open-Meteo Historical Weather API,"Casalecchio di Reno, Bologna, Italy",44.4756,11.2759
2020-03-28T05:00:00+00:00,7.200,4.800,Open-Meteo Historical Weather API,"Casalecchio di Reno, Bologna, Italy",44.4756,11.2759
2020-03-28T06:00:00+00:00,7.600,5.100,Open-Meteo Historical Weather API,"Casalecchio di Reno, Bologna, Italy",44.4756,11.2759
2020-03-28T07:00:00+00:00,9.400,5.900,Open-Meteo Historical Weather API,"Casalecchio di Reno, Bologna, Italy",44.4756,11.2759
2020-03-28T08:00:00+00:00,11.100,6.200,Open-Meteo Historical Weather API,"Casalecchio di Reno, Bologna, Italy",44.4756,11.2759
2020-03-28T09:00:00+00:00,12.600,5.600,Open-Meteo Historical Weather API,"Casalecchio di Reno, Bologna, Italy",44.4756,11.2759
2020-03-28T10:00:00+00:00,13.900,5.500,Open-Meteo Historical Weather API,"Casalecchio di Reno, Bologna, Italy",44.4756,11.2759
2020-03-28T11:00:00+00:00,14.900,5.300,Open-Meteo Historical Weather API,"Casalecchio di Reno, Bologna, Italy",44.4756,11.2759
2020-03-28T12:00:00+00:00,15.200,5.300,Open-Meteo Historical Weather API,"Casalecchio di Reno, Bologna, Italy",44.4756,11.2759
2020-03-28T13:00:00+00:00,15.400,5.200,Open-Meteo Historical Weather API,"Casalecchio di Reno, Bologna, Italy",44.4756,11.2759
2020-03-28T14:00:00+00:00,15.800,4.900,Open-Meteo Historical Weather API,"Casalecchio di Reno, Bologna, Italy",44.4756,11.2759
2020-03-28T15:00:00+00:00,15.700,4.700,Open-Meteo Historical Weather API,"Casalecchio di Reno, Bologna, Italy",44.4756,11.2759
2020-03-28T16:00:00+00:00,15.400,4.900,Open-Meteo Historical Weather API,"Casalecchio di Reno, Bologna, Italy",44.4756,11.2759
2020-03-28T17:00:00+00:00,13.100,7.100,Open-Meteo Historical Weather API,"Casalecchio di Reno, Bologna, Italy",44.4756,11.2759
2020-03-28T18:00:00+00:00,10.600,4.600,Open-Meteo Historical Weather API,"Casalecchio di Reno, Bologna, Italy",44.4756,11.2759
2020-03-28T19:00:00+00:00,9.100,4.300,Open-Meteo Historical Weather API,"Casalecchio di Reno, Bologna, Italy",44.4756,11.2759
2020-03-28T20:00:00+00:00,7.900,4.200,Open-Meteo Historical Weather API,"Casalecchio di Reno, Bologna, Italy",44.4756,11.2759
2020-03-28T21:00:00+00:00,7.300,3.900,Open-Meteo Historical Weather API,"Casalecchio di Reno, Bologna, Italy",44.4756,11.2759
2020-03-28T22:00:00+00:00,6.800,3.500,Open-Meteo Historical Weather API,"Casalecchio di Reno, Bologna, Italy",44.4756,11.2759
2020-03-28T23:00:00+00:00,6.900,3.200,Open-Meteo Historical Weather API,"Casalecchio di Reno, Bologna, Italy",44.4756,11.2759
2020-03-29T00:00:00+00:00,7.300,2.700,Open-Meteo Historical Weather API,"Casalecchio di Reno, Bologna, Italy",44.4756,11.2759
2020-03-29T01:00:00+00:00,7.200,2.400,Open-Meteo Historical Weather API,"Casalecchio di Reno, Bologna, Italy",44.4756,11.2759
2020-03-29T02:00:00+00:00,6.900,2.200,Open-Meteo Historical Weather API,"Casalecchio di Reno, Bologna, Italy",44.4756,11.2759
2020-03-29T03:00:00+00:00,6.800,1.900,Open-Meteo Historical Weather API,"Casalecchio di Reno, Bologna, Italy",44.4756,11.2759
2020-03-29T04:00:00+00:00,6.200,1.800,Open-Meteo Historical Weather API,"Casalecchio di Reno, Bologna, Italy",44.4756,11.2759
2020-03-29T05:00:00+00:00,5.700,1.700,Open-Meteo Historical Weather API,"Casalecchio di Reno, Bologna, Italy",44.4756,11.2759
2020-03-29T06:00:00+00:00,6.900,2.800,Open-Meteo Historical Weather API,"Casalecchio di Reno, Bologna, Italy",44.4756,11.2759
2020-03-29T07:00:00+00:00,10.900,5.800,Open-Meteo Historical Weather API,"Casalecchio di Reno, Bologna, Italy",44.4756,11.2759
2020-03-29T08:00:00+00:00,14.600,6.800,Open-Meteo Historical Weather API,"Casalecchio di Reno, Bologna, Italy",44.4756,11.2759
2020-03-29T09:00:00+00:00,16.000,6.500,Open-Meteo Historical Weather API,"Casalecchio di Reno, Bologna, Italy",44.4756,11.2759
2020-03-29T10:00:00+00:00,17.000,6.600,Open-Meteo Historical Weather API,"Casalecchio di Reno, Bologna, Italy",44.4756,11.2759
2020-03-29T11:00:00+00:00,17.600,6.800,Open-Meteo Historical Weather API,"Casalecchio di Reno, Bologna, Italy",44.4756,11.2759
2020-03-29T12:00:00+00:00,17.700,7.100,Open-Meteo Historical Weather API,"Casalecchio di Reno, Bologna, Italy",44.4756,11.2759
2020-03-29T13:00:00+00:00,18.400,6.800,Open-Meteo Historical Weather API,"Casalecchio di Reno, Bologna, Italy",44.4756,11.2759
2020-03-29T14:00:00+00:00,18.600,6.300,Open-Meteo Historical Weather API,"Casalecchio di Reno, Bologna, Italy",44.4756,11.2759
2020-03-29T15:00:00+00:00,18.400,5.800,Open-Meteo Historical Weather API,"Casalecchio di Reno, Bologna, Italy",44.4756,11.2759
2020-03-29T16:00:00+00:00,17.300,7.000,Open-Meteo Historical Weather API,"Casalecchio di Reno, Bologna, Italy",44.4756,11.2759
2020-03-29T17:00:00+00:00,15.300,7.800,Open-Meteo Historical Weather API,"Casalecchio di Reno, Bologna, Italy",44.4756,11.2759
2020-03-29T18:00:00+00:00,13.100,7.600,Open-Meteo Historical Weather API,"Casalecchio di Reno, Bologna, Italy",44.4756,11.2759
2020-03-29T19:00:00+00:00,9.900,7.600,Open-Meteo Historical Weather API,"Casalecchio di Reno, Bologna, Italy",44.4756,11.2759
2020-03-29T20:00:00+00:00,9.400,6.900,Open-Meteo Historical Weather API,"Casalecchio di Reno, Bologna, Italy",44.4756,11.2759
2020-03-29T21:00:00+00:00,9.500,6.600,Open-Meteo Historical Weather API,"Casalecchio di Reno, Bologna, Italy",44.4756,11.2759
2020-03-29T22:00:00+00:00,9.000,6.400,Open-Meteo Historical Weather API,"Casalecchio di Reno, Bologna, Italy",44.4756,11.2759
2020-03-29T23:00:00+00:00,8.100,5.900,Open-Meteo Historical Weather API,"Casalecchio di Reno, Bologna, Italy",44.4756,11.2759
2020-03-30T00:00:00+00:00,9.300,6.400,Open-Meteo Historical Weather API,"Casalecchio di Reno, Bologna, Italy",44.4756,11.2759
2020-03-30T01:00:00+00:00,9.000,6.400,Open-Meteo Historical Weather API,"Casalecchio di Reno, Bologna, Italy",44.4756,11.2759
2020-03-30T02:00:00+00:00,7.400,5.700,Open-Meteo Historical Weather API,"Casalecchio di Reno, Bologna, Italy",44.4756,11.2759
2020-03-30T03:00:00+00:00,7.700,5.600,Open-Meteo Historical Weather API,"Casalecchio di Reno, Bologna, Italy",44.4756,11.2759
2020-03-30T04:00:00+00:00,5.800,4.800,Open-Meteo Historical Weather API,"Casalecchio di Reno, Bologna, Italy",44.4756,11.2759
2020-03-30T05:00:00+00:00,6.200,4.900,Open-Meteo Historical Weather API,"Casalecchio di Reno, Bologna, Italy",44.4756,11.2759
2020-03-30T06:00:00+00:00,7.300,5.400,Open-Meteo Historical Weather API,"Casalecchio di Reno, Bologna, Italy",44.4756,11.2759
2020-03-30T07:00:00+00:00,9.400,6.200,Open-Meteo Historical Weather API,"Casalecchio di Reno, Bologna, Italy",44.4756,11.2759
2020-03-30T08:00:00+00:00,10.900,7.000,Open-Meteo Historical Weather API,"Casalecchio di Reno, Bologna, Italy",44.4756,11.2759
2020-03-30T09:00:00+00:00,13.000,7.600,Open-Meteo Historical Weather API,"Casalecchio di Reno, Bologna, Italy",44.4756,11.2759
2020-03-30T10:00:00+00:00,12.400,6.200,Open-Meteo Historical Weather API,"Casalecchio di Reno, Bologna, Italy",44.4756,11.2759
2020-03-30T11:00:00+00:00,12.100,5.800,Open-Meteo Historical Weather API,"Casalecchio di Reno, Bologna, Italy",44.4756,11.2759
2020-03-30T12:00:00+00:00,14.400,7.800,Open-Meteo Historical Weather API,"Casalecchio di Reno, Bologna, Italy",44.4756,11.2759
2020-03-30T13:00:00+00:00,15.100,8.100,Open-Meteo Historical Weather API,"Casalecchio di Reno, Bologna, Italy",44.4756,11.2759
2020-03-30T14:00:00+00:00,13.800,8.100,Open-Meteo Historical Weather API,"Casalecchio di Reno, Bologna, Italy",44.4756,11.2759
2020-03-30T15:00:00+00:00,12.600,7.400,Open-Meteo Historical Weather API,"Casalecchio di Reno, Bologna, Italy",44.4756,11.2759
2020-03-30T16:00:00+00:00,10.900,5.300,Open-Meteo Historical Weather API,"Casalecchio di Reno, Bologna, Italy",44.4756,11.2759
2020-03-30T17:00:00+00:00,10.400,4.700,Open-Meteo Historical Weather API,"Casalecchio di Reno, Bologna, Italy",44.4756,11.2759
2020-03-30T18:00:00+00:00,9.800,4.200,Open-Meteo Historical Weather API,"Casalecchio di Reno, Bologna, Italy",44.4756,11.2759
2020-03-30T19:00:00+00:00,9.200,4.400,Open-Meteo Historical Weather API,"Casalecchio di Reno, Bologna, Italy",44.4756,11.2759
2020-03-30T20:00:00+00:00,8.300,4.800,Open-Meteo Historical Weather API,"Casalecchio di Reno, Bologna, Italy",44.4756,11.2759
2020-03-30T21:00:00+00:00,7.600,5.200,Open-Meteo Historical Weather API,"Casalecchio di Reno, Bologna, Italy",44.4756,11.2759
2020-03-30T22:00:00+00:00,6.400,4.800,Open-Meteo Historical Weather API,"Casalecchio di Reno, Bologna, Italy",44.4756,11.2759
2020-03-30T23:00:00+00:00,5.400,3.000,Open-Meteo Historical Weather API,"Casalecchio di Reno, Bologna, Italy",44.4756,11.2759
2020-03-31T00:00:00+00:00,5.700,4.000,Open-Meteo Historical Weather API,"Casalecchio di Reno, Bologna, Italy",44.4756,11.2759
2020-03-31T01:00:00+00:00,5.300,3.500,Open-Meteo Historical Weather API,"Casalecchio di Reno, Bologna, Italy",44.4756,11.2759
2020-03-31T02:00:00+00:00,4.700,2.500,Open-Meteo Historical Weather API,"Casalecchio di Reno, Bologna, Italy",44.4756,11.2759
2020-03-31T03:00:00+00:00,3.700,2.500,Open-Meteo Historical Weather API,"Casalecchio di Reno, Bologna, Italy",44.4756,11.2759
2020-03-31T04:00:00+00:00,3.700,2.400,Open-Meteo Historical Weather API,"Casalecchio di Reno, Bologna, Italy",44.4756,11.2759
2020-03-31T05:00:00+00:00,3.800,2.100,Open-Meteo Historical Weather API,"Casalecchio di Reno, Bologna, Italy",44.4756,11.2759
2020-03-31T06:00:00+00:00,4.100,2.900,Open-Meteo Historical Weather API,"Casalecchio di Reno, Bologna, Italy",44.4756,11.2759
2020-03-31T07:00:00+00:00,4.300,3.000,Open-Meteo Historical Weather API,"Casalecchio di Reno, Bologna, Italy",44.4756,11.2759
2020-03-31T08:00:00+00:00,4.800,2.000,Open-Meteo Historical Weather API,"Casalecchio di Reno, Bologna, Italy",44.4756,11.2759
2020-03-31T09:00:00+00:00,5.400,0.800,Open-Meteo Historical Weather API,"Casalecchio di Reno, Bologna, Italy",44.4756,11.2759
2020-03-31T10:00:00+00:00,7.100,-0.600,Open-Meteo Historical Weather API,"Casalecchio di Reno, Bologna, Italy",44.4756,11.2759
2020-03-31T11:00:00+00:00,8.100,-1.600,Open-Meteo Historical Weather API,"Casalecchio di Reno, Bologna, Italy",44.4756,11.2759
2020-03-31T12:00:00+00:00,8.500,-1.600,Open-Meteo Historical Weather API,"Casalecchio di Reno, Bologna, Italy",44.4756,11.2759
2020-03-31T13:00:00+00:00,9.000,-2.400,Open-Meteo Historical Weather API,"Casalecchio di Reno, Bologna, Italy",44.4756,11.2759
2020-03-31T14:00:00+00:00,9.200,-4.000,Open-Meteo Historical Weather API,"Casalecchio di Reno, Bologna, Italy",44.4756,11.2759
2020-03-31T15:00:00+00:00,9.100,-5.800,Open-Meteo Historical Weather API,"Casalecchio di Reno, Bologna, Italy",44.4756,11.2759
2020-03-31T16:00:00+00:00,8.500,-5.400,Open-Meteo Historical Weather API,"Casalecchio di Reno, Bologna, Italy",44.4756,11.2759
2020-03-31T17:00:00+00:00,7.200,-4.000,Open-Meteo Historical Weather API,"Casalecchio di Reno, Bologna, Italy",44.4756,11.2759
2020-03-31T18:00:00+00:00,4.100,-4.100,Open-Meteo Historical Weather API,"Casalecchio di Reno, Bologna, Italy",44.4756,11.2759
2020-03-31T19:00:00+00:00,2.800,-3.500,Open-Meteo Historical Weather API,"Casalecchio di Reno, Bologna, Italy",44.4756,11.2759
2020-03-31T20:00:00+00:00,2.100,-3.800,Open-Meteo Historical Weather API,"Casalecchio di Reno, Bologna, Italy",44.4756,11.2759
2020-03-31T21:00:00+00:00,2.100,-4.900,Open-Meteo Historical Weather API,"Casalecchio di Reno, Bologna, Italy",44.4756,11.2759
2020-03-31T22:00:00+00:00,0.700,-4.800,Open-Meteo Historical Weather API,"Casalecchio di Reno, Bologna, Italy",44.4756,11.2759
2020-03-31T23:00:00+00:00,0.900,-5.000,Open-Meteo Historical Weather API,"Casalecchio di Reno, Bologna, Italy",44.4756,11.2759
2020-04-01T00:00:00+00:00,1.100,-3.000,Open-Meteo Historical Weather API,"Casalecchio di Reno, Bologna, Italy",44.4756,11.2759
2020-04-01T01:00:00+00:00,1.300,-4.000,Open-Meteo Historical Weather API,"Casalecchio di Reno, Bologna, Italy",44.4756,11.2759
2020-04-01T02:00:00+00:00,-0.100,-4.800,Open-Meteo Historical Weather API,"Casalecchio di Reno, Bologna, Italy",44.4756,11.2759
2020-04-01T03:00:00+00:00,-0.600,-5.300,Open-Meteo Historical Weather API,"Casalecchio di Reno, Bologna, Italy",44.4756,11.2759
2020-04-01T04:00:00+00:00,-0.600,-5.600,Open-Meteo Historical Weather API,"Casalecchio di Reno, Bologna, Italy",44.4756,11.2759
2020-04-01T05:00:00+00:00,-0.800,-5.300,Open-Meteo Historical Weather API,"Casalecchio di Reno, Bologna, Italy",44.4756,11.2759
2020-04-01T06:00:00+00:00,2.000,-3.700,Open-Meteo Historical Weather API,"Casalecchio di Reno, Bologna, Italy",44.4756,11.2759
2020-04-01T07:00:00+00:00,4.200,-2.700,Open-Meteo Historical Weather API,"Casalecchio di Reno, Bologna, Italy",44.4756,11.2759
2020-04-01T08:00:00+00:00,6.300,-2.000,Open-Meteo Historical Weather API,"Casalecchio di Reno, Bologna, Italy",44.4756,11.2759
2020-04-01T09:00:00+00:00,7.700,-3.500,Open-Meteo Historical Weather API,"Casalecchio di Reno, Bologna, Italy",44.4756,11.2759
2020-04-01T10:00:00+00:00,8.600,-4.000,Open-Meteo Historical Weather API,"Casalecchio di Reno, Bologna, Italy",44.4756,11.2759
2020-04-01T11:00:00+00:00,8.900,-3.800,Open-Meteo Historical Weather API,"Casalecchio di Reno, Bologna, Italy",44.4756,11.2759
2020-04-01T12:00:00+00:00,9.200,-3.300,Open-Meteo Historical Weather API,"Casalecchio di Reno, Bologna, Italy",44.4756,11.2759
2020-04-01T13:00:00+00:00,9.600,-3.500,Open-Meteo Historical Weather API,"Casalecchio di Reno, Bologna, Italy",44.4756,11.2759
2020-04-01T14:00:00+00:00,9.600,-3.800,Open-Meteo Historical Weather API,"Casalecchio di Reno, Bologna, Italy",44.4756,11.2759
2020-04-01T15:00:00+00:00,9.400,-4.100,Open-Meteo Historical Weather API,"Casalecchio di Reno, Bologna, Italy",44.4756,11.2759
2020-04-01T16:00:00+00:00,8.800,-4.300,Open-Meteo Historical Weather API,"Casalecchio di Reno, Bologna, Italy",44.4756,11.2759
2020-04-01T17:00:00+00:00,7.200,-1.900,Open-Meteo Historical Weather API,"Casalecchio di Reno, Bologna, Italy",44.4756,11.2759
2020-04-01T18:00:00+00:00,3.800,-2.800,Open-Meteo Historical Weather API,"Casalecchio di Reno, Bologna, Italy",44.4756,11.2759
2020-04-01T19:00:00+00:00,3.200,-3.800,Open-Meteo Historical Weather API,"Casalecchio di Reno, Bologna, Italy",44.4756,11.2759
2020-04-01T20:00:00+00:00,2.100,-4.600,Open-Meteo Historical Weather API,"Casalecchio di Reno, Bologna, Italy",44.4756,11.2759
2020-04-01T21:00:00+00:00,0.800,-4.900,Open-Meteo Historical Weather API,"Casalecchio di Reno, Bologna, Italy",44.4756,11.2759
2020-04-01T22:00:00+00:00,-0.200,-5.200,Open-Meteo Historical Weather API,"Casalecchio di Reno, Bologna, Italy",44.4756,11.2759
2020-04-01T23:00:00+00:00,0.200,-5.900,Open-Meteo Historical Weather API,"Casalecchio di Reno, Bologna, Italy",44.4756,11.2759
2020-04-02T00:00:00+00:00,0.200,-5.800,Open-Meteo Historical Weather API,"Casalecchio di Reno, Bologna, Italy",44.4756,11.2759
2020-04-02T01:00:00+00:00,-0.800,-5.300,Open-Meteo Historical Weather API,"Casalecchio di Reno, Bologna, Italy",44.4756,11.2759
2020-04-02T02:00:00+00:00,-1.600,-5.300,Open-Meteo Historical Weather API,"Casalecchio di Reno, Bologna, Italy",44.4756,11.2759
2020-04-02T03:00:00+00:00,-1.900,-5.700,Open-Meteo Historical Weather API,"Casalecchio di Reno, Bologna, Italy",44.4756,11.2759
2020-04-02T04:00:00+00:00,-2.000,-6.000,Open-Meteo Historical Weather API,"Casalecchio di Reno, Bologna, Italy",44.4756,11.2759
2020-04-02T05:00:00+00:00,-2.400,-6.300,Open-Meteo Historical Weather API,"Casalecchio di Reno, Bologna, Italy",44.4756,11.2759
2020-04-02T06:00:00+00:00,0.200,-4.200,Open-Meteo Historical Weather API,"Casalecchio di Reno, Bologna, Italy",44.4756,11.2759
2020-04-02T07:00:00+00:00,5.900,-2.200,Open-Meteo Historical Weather API,"Casalecchio di Reno, Bologna, Italy",44.4756,11.2759
2020-04-02T08:00:00+00:00,8.000,-4.800,Open-Meteo Historical Weather API,"Casalecchio di Reno, Bologna, Italy",44.4756,11.2759
2020-04-02T09:00:00+00:00,9.100,-3.600,Open-Meteo Historical Weather API,"Casalecchio di Reno, Bologna, Italy",44.4756,11.2759
2020-04-02T10:00:00+00:00,10.100,-2.400,Open-Meteo Historical Weather API,"Casalecchio di Reno, Bologna, Italy",44.4756,11.2759
2020-04-02T11:00:00+00:00,10.900,-1.600,Open-Meteo Historical Weather API,"Casalecchio di Reno, Bologna, Italy",44.4756,11.2759
2020-04-02T12:00:00+00:00,11.400,-0.900,Open-Meteo Historical Weather API,"Casalecchio di Reno, Bologna, Italy",44.4756,11.2759
2020-04-02T13:00:00+00:00,11.900,-0.600,Open-Meteo Historical Weather API,"Casalecchio di Reno, Bologna, Italy",44.4756,11.2759
2020-04-02T14:00:00+00:00,12.100,-0.400,Open-Meteo Historical Weather API,"Casalecchio di Reno, Bologna, Italy",44.4756,11.2759
2020-04-02T15:00:00+00:00,12.100,-0.300,Open-Meteo Historical Weather API,"Casalecchio di Reno, Bologna, Italy",44.4756,11.2759
2020-04-02T16:00:00+00:00,11.600,-0.100,Open-Meteo Historical Weather API,"Casalecchio di Reno, Bologna, Italy",44.4756,11.2759
2020-04-02T17:00:00+00:00,9.800,2.100,Open-Meteo Historical Weather API,"Casalecchio di Reno, Bologna, Italy",44.4756,11.2759
2020-04-02T18:00:00+00:00,6.200,1.100,Open-Meteo Historical Weather API,"Casalecchio di Reno, Bologna, Italy",44.4756,11.2759
2020-04-02T19:00:00+00:00,6.400,0.900,Open-Meteo Historical Weather API,"Casalecchio di Reno, Bologna, Italy",44.4756,11.2759
2020-04-02T20:00:00+00:00,5.300,0.900,Open-Meteo Historical Weather API,"Casalecchio di Reno, Bologna, Italy",44.4756,11.2759
2020-04-02T21:00:00+00:00,3.800,0.600,Open-Meteo Historical Weather API,"Casalecchio di Reno, Bologna, Italy",44.4756,11.2759
2020-04-02T22:00:00+00:00,3.000,0.100,Open-Meteo Historical Weather API,"Casalecchio di Reno, Bologna, Italy",44.4756,11.2759
2020-04-02T23:00:00+00:00,2.400,-0.300,Open-Meteo Historical Weather API,"Casalecchio di Reno, Bologna, Italy",44.4756,11.2759
2020-04-03T00:00:00+00:00,1.200,-0.600,Open-Meteo Historical Weather API,"Casalecchio di Reno, Bologna, Italy",44.4756,11.2759
2020-04-03T01:00:00+00:00,1.400,-0.800,Open-Meteo Historical Weather API,"Casalecchio di Reno, Bologna, Italy",44.4756,11.2759
2020-04-03T02:00:00+00:00,1.200,-1.000,Open-Meteo Historical Weather API,"Casalecchio di Reno, Bologna, Italy",44.4756,11.2759
2020-04-03T03:00:00+00:00,1.000,-1.200,Open-Meteo Historical Weather API,"Casalecchio di Reno, Bologna, Italy",44.4756,11.2759
2020-04-03T04:00:00+00:00,0.600,-1.500,Open-Meteo Historical Weather API,"Casalecchio di Reno, Bologna, Italy",44.4756,11.2759
2020-04-03T05:00:00+00:00,0.100,-1.800,Open-Meteo Historical Weather API,"Casalecchio di Reno, Bologna, Italy",44.4756,11.2759
2020-04-03T06:00:00+00:00,2.500,-0.400,Open-Meteo Historical Weather API,"Casalecchio di Reno, Bologna, Italy",44.4756,11.2759
2020-04-03T07:00:00+00:00,7.900,1.800,Open-Meteo Historical Weather API,"Casalecchio di Reno, Bologna, Italy",44.4756,11.2759
2020-04-03T08:00:00+00:00,10.200,0.200,Open-Meteo Historical Weather API,"Casalecchio di Reno, Bologna, Italy",44.4756,11.2759
2020-04-03T09:00:00+00:00,11.400,0.400,Open-Meteo Historical Weather API,"Casalecchio di Reno, Bologna, Italy",44.4756,11.2759
2020-04-03T10:00:00+00:00,12.500,0.400,Open-Meteo Historical Weather API,"Casalecchio di Reno, Bologna, Italy",44.4756,11.2759
2020-04-03T11:00:00+00:00,13.200,0.500,Open-Meteo Historical Weather API,"Casalecchio di Reno, Bologna, Italy",44.4756,11.2759
2020-04-03T12:00:00+00:00,13.600,0.900,Open-Meteo Historical Weather API,"Casalecchio di Reno, Bologna, Italy",44.4756,11.2759
2020-04-03T13:00:00+00:00,14.100,1.000,Open-Meteo Historical Weather API,"Casalecchio di Reno, Bologna, Italy",44.4756,11.2759
2020-04-03T14:00:00+00:00,14.300,1.100,Open-Meteo Historical Weather API,"Casalecchio di Reno, Bologna, Italy",44.4756,11.2759
2020-04-03T15:00:00+00:00,14.200,1.300,Open-Meteo Historical Weather API,"Casalecchio di Reno, Bologna, Italy",44.4756,11.2759
2020-04-03T16:00:00+00:00,13.700,1.900,Open-Meteo Historical Weather API,"Casalecchio di Reno, Bologna, Italy",44.4756,11.2759
2020-04-03T17:00:00+00:00,11.600,5.200,Open-Meteo Historical Weather API,"Casalecchio di Reno, Bologna, Italy",44.4756,11.2759
2020-04-03T18:00:00+00:00,7.700,3.400,Open-Meteo Historical Weather API,"Casalecchio di Reno, Bologna, Italy",44.4756,11.2759
2020-04-03T19:00:00+00:00,7.800,2.800,Open-Meteo Historical Weather API,"Casalecchio di Reno, Bologna, Italy",44.4756,11.2759
2020-04-03T20:00:00+00:00,6.100,2.500,Open-Meteo Historical Weather API,"Casalecchio di Reno, Bologna, Italy",44.4756,11.2759
2020-04-03T21:00:00+00:00,4.000,2.100,Open-Meteo Historical Weather API,"Casalecchio di Reno, Bologna, Italy",44.4756,11.2759
2020-04-03T22:00:00+00:00,3.500,1.600,Open-Meteo Historical Weather API,"Casalecchio di Reno, Bologna, Italy",44.4756,11.2759
2020-04-03T23:00:00+00:00,3.300,1.200,Open-Meteo Historical Weather API,"Casalecchio di Reno, Bologna, Italy",44.4756,11.2759
2020-04-04T00:00:00+00:00,5.000,0.200,Open-Meteo Historical Weather API,"Casalecchio di Reno, Bologna, Italy",44.4756,11.2759
2020-04-04T01:00:00+00:00,5.200,-0.200,Open-Meteo Historical Weather API,"Casalecchio di Reno, Bologna, Italy",44.4756,11.2759
2020-04-04T02:00:00+00:00,4.800,-0.600,Open-Meteo Historical Weather API,"Casalecchio di Reno, Bologna, Italy",44.4756,11.2759
2020-04-04T03:00:00+00:00,4.700,-0.900,Open-Meteo Historical Weather API,"Casalecchio di Reno, Bologna, Italy",44.4756,11.2759
2020-04-04T04:00:00+00:00,4.700,-1.000,Open-Meteo Historical Weather API,"Casalecchio di Reno, Bologna, Italy",44.4756,11.2759
2020-04-04T05:00:00+00:00,4.900,-1.100,Open-Meteo Historical Weather API,"Casalecchio di Reno, Bologna, Italy",44.4756,11.2759
2020-04-04T06:00:00+00:00,7.100,0.900,Open-Meteo Historical Weather API,"Casalecchio di Reno, Bologna, Italy",44.4756,11.2759
2020-04-04T07:00:00+00:00,10.600,1.800,Open-Meteo Historical Weather API,"Casalecchio di Reno, Bologna, Italy",44.4756,11.2759
2020-04-04T08:00:00+00:00,11.900,2.500,Open-Meteo Historical Weather API,"Casalecchio di Reno, Bologna, Italy",44.4756,11.2759
2020-04-04T09:00:00+00:00,13.200,4.200,Open-Meteo Historical Weather API,"Casalecchio di Reno, Bologna, Italy",44.4756,11.2759
2020-04-04T10:00:00+00:00,14.600,5.000,Open-Meteo Historical Weather API,"Casalecchio di Reno, Bologna, Italy",44.4756,11.2759
2020-04-04T11:00:00+00:00,15.700,4.800,Open-Meteo Historical Weather API,"Casalecchio di Reno, Bologna, Italy",44.4756,11.2759
2020-04-04T12:00:00+00:00,16.600,3.700,Open-Meteo Historical Weather API,"Casalecchio di Reno, Bologna, Italy",44.4756,11.2759
2020-04-04T13:00:00+00:00,16.900,1.200,Open-Meteo Historical Weather API,"Casalecchio di Reno, Bologna, Italy",44.4756,11.2759
2020-04-04T14:00:00+00:00,16.600,0.600,Open-Meteo Historical Weather API,"Casalecchio di Reno, Bologna, Italy",44.4756,11.2759
2020-04-04T15:00:00+00:00,16.100,0.600,Open-Meteo Historical Weather API,"Casalecchio di Reno, Bologna, Italy",44.4756,11.2759
2020-04-04T16:00:00+00:00,15.600,1.500,Open-Meteo Historical Weather API,"Casalecchio di Reno, Bologna, Italy",44.4756,11.2759
2020-04-04T17:00:00+00:00,14.900,2.700,Open-Meteo Historical Weather API,"Casalecchio di Reno, Bologna, Italy",44.4756,11.2759
2020-04-04T18:00:00+00:00,14.400,0.900,Open-Meteo Historical Weather API,"Casalecchio di Reno, Bologna, Italy",44.4756,11.2759
2020-04-04T19:00:00+00:00,8.800,2.500,Open-Meteo Historical Weather API,"Casalecchio di Reno, Bologna, Italy",44.4756,11.2759
2020-04-04T20:00:00+00:00,8.000,1.300,Open-Meteo Historical Weather API,"Casalecchio di Reno, Bologna, Italy",44.4756,11.2759
2020-04-04T21:00:00+00:00,6.800,1.500,Open-Meteo Historical Weather API,"Casalecchio di Reno, Bologna, Italy",44.4756,11.2759
2020-04-04T22:00:00+00:00,8.400,0.800,Open-Meteo Historical Weather API,"Casalecchio di Reno, Bologna, Italy",44.4756,11.2759
2020-04-04T23:00:00+00:00,9.400,0.400,Open-Meteo Historical Weather API,"Casalecchio di Reno, Bologna, Italy",44.4756,11.2759
2020-04-05T00:00:00+00:00,6.400,1.500,Open-Meteo Historical Weather API,"Casalecchio di Reno, Bologna, Italy",44.4756,11.2759
2020-04-05T01:00:00+00:00,6.400,1.900,Open-Meteo Historical Weather API,"Casalecchio di Reno, Bologna, Italy",44.4756,11.2759
2020-04-05T02:00:00+00:00,6.800,1.500,Open-Meteo Historical Weather API,"Casalecchio di Reno, Bologna, Italy",44.4756,11.2759
2020-04-05T03:00:00+00:00,6.600,0.200,Open-Meteo Historical Weather API,"Casalecchio di Reno, Bologna, Italy",44.4756,11.2759
2020-04-05T04:00:00+00:00,4.600,-0.200,Open-Meteo Historical Weather API,"Casalecchio di Reno, Bologna, Italy",44.4756,11.2759
2020-04-05T05:00:00+00:00,5.900,0.200,Open-Meteo Historical Weather API,"Casalecchio di Reno, Bologna, Italy",44.4756,11.2759
2020-04-05T06:00:00+00:00,6.700,1.800,Open-Meteo Historical Weather API,"Casalecchio di Reno, Bologna, Italy",44.4756,11.2759
2020-04-05T07:00:00+00:00,10.100,2.500,Open-Meteo Historical Weather API,"Casalecchio di Reno, Bologna, Italy",44.4756,11.2759
2020-04-05T08:00:00+00:00,11.900,3.200,Open-Meteo Historical Weather API,"Casalecchio di Reno, Bologna, Italy",44.4756,11.2759
2020-04-05T09:00:00+00:00,14.000,4.000,Open-Meteo Historical Weather API,"Casalecchio di Reno, Bologna, Italy",44.4756,11.2759
2020-04-05T10:00:00+00:00,15.900,1.800,Open-Meteo Historical Weather API,"Casalecchio di Reno, Bologna, Italy",44.4756,11.2759
2020-04-05T11:00:00+00:00,16.600,1.500,Open-Meteo Historical Weather API,"Casalecchio di Reno, Bologna, Italy",44.4756,11.2759
2020-04-05T12:00:00+00:00,16.700,1.500,Open-Meteo Historical Weather API,"Casalecchio di Reno, Bologna, Italy",44.4756,11.2759
2020-04-05T13:00:00+00:00,16.700,1.200,Open-Meteo Historical Weather API,"Casalecchio di Reno, Bologna, Italy",44.4756,11.2759
2020-04-05T14:00:00+00:00,16.800,0.900,Open-Meteo Historical Weather API,"Casalecchio di Reno, Bologna, Italy",44.4756,11.2759
2020-04-05T15:00:00+00:00,16.700,0.800,Open-Meteo Historical Weather API,"Casalecchio di Reno, Bologna, Italy",44.4756,11.2759
2020-04-05T16:00:00+00:00,16.200,0.900,Open-Meteo Historical Weather API,"Casalecchio di Reno, Bologna, Italy",44.4756,11.2759
2020-04-05T17:00:00+00:00,13.800,7.100,Open-Meteo Historical Weather API,"Casalecchio di Reno, Bologna, Italy",44.4756,11.2759
2020-04-05T18:00:00+00:00,14.600,1.000,Open-Meteo Historical Weather API,"Casalecchio di Reno, Bologna, Italy",44.4756,11.2759
2020-04-05T19:00:00+00:00,9.600,2.000,Open-Meteo Historical Weather API,"Casalecchio di Reno, Bologna, Italy",44.4756,11.2759
2020-04-05T20:00:00+00:00,8.800,1.600,Open-Meteo Historical Weather API,"Casalecchio di Reno, Bologna, Italy",44.4756,11.2759
2020-04-05T21:00:00+00:00,8.600,1.400,Open-Meteo Historical Weather API,"Casalecchio di Reno, Bologna, Italy",44.4756,11.2759
2020-04-05T22:00:00+00:00,7.500,0.900,Open-Meteo Historical Weather API,"Casalecchio di Reno, Bologna, Italy",44.4756,11.2759
2020-04-05T23:00:00+00:00,8.300,0.500,Open-Meteo Historical Weather API,"Casalecchio di Reno, Bologna, Italy",44.4756,11.2759
2020-04-06T00:00:00+00:00,8.600,-0.600,Open-Meteo Historical Weather API,"Casalecchio di Reno, Bologna, Italy",44.4756,11.2759
2020-04-06T01:00:00+00:00,8.100,-0.600,Open-Meteo Historical Weather API,"Casalecchio di Reno, Bologna, Italy",44.4756,11.2759
2020-04-06T02:00:00+00:00,7.700,-0.100,Open-Meteo Historical Weather API,"Casalecchio di Reno, Bologna, Italy",44.4756,11.2759
2020-04-06T03:00:00+00:00,7.300,0.400,Open-Meteo Historical Weather API,"Casalecchio di Reno, Bologna, Italy",44.4756,11.2759
2020-04-06T04:00:00+00:00,7.300,0.600,Open-Meteo Historical Weather API,"Casalecchio di Reno, Bologna, Italy",44.4756,11.2759
2020-04-06T05:00:00+00:00,7.200,0.600,Open-Meteo Historical Weather API,"Casalecchio di Reno, Bologna, Italy",44.4756,11.2759
2020-04-06T06:00:00+00:00,8.700,1.900,Open-Meteo Historical Weather API,"Casalecchio di Reno, Bologna, Italy",44.4756,11.2759
2020-04-06T07:00:00+00:00,11.200,3.000,Open-Meteo Historical Weather API,"Casalecchio di Reno, Bologna, Italy",44.4756,11.2759
2020-04-06T08:00:00+00:00,13.300,3.700,Open-Meteo Historical Weather API,"Casalecchio di Reno, Bologna, Italy",44.4756,11.2759
2020-04-06T09:00:00+00:00,14.900,4.100,Open-Meteo Historical Weather API,"Casalecchio di Reno, Bologna, Italy",44.4756,11.2759
2020-04-06T10:00:00+00:00,16.000,4.300,Open-Meteo Historical Weather API,"Casalecchio di Reno, Bologna, Italy",44.4756,11.2759
2020-04-06T11:00:00+00:00,17.000,5.200,Open-Meteo Historical Weather API,"Casalecchio di Reno, Bologna, Italy",44.4756,11.2759
2020-04-06T12:00:00+00:00,18.600,5.100,Open-Meteo Historical Weather API,"Casalecchio di Reno, Bologna, Italy",44.4756,11.2759
2020-04-06T13:00:00+00:00,19.400,3.600,Open-Meteo Historical Weather API,"Casalecchio di Reno, Bologna, Italy",44.4756,11.2759
2020-04-06T14:00:00+00:00,19.500,2.700,Open-Meteo Historical Weather API,"Casalecchio di Reno, Bologna, Italy",44.4756,11.2759
2020-04-06T15:00:00+00:00,19.300,2.000,Open-Meteo Historical Weather API,"Casalecchio di Reno, Bologna, Italy",44.4756,11.2759
2020-04-06T16:00:00+00:00,18.500,2.500,Open-Meteo Historical Weather API,"Casalecchio di Reno, Bologna, Italy",44.4756,11.2759
2020-04-06T17:00:00+00:00,16.100,5.100,Open-Meteo Historical Weather API,"Casalecchio di Reno, Bologna, Italy",44.4756,11.2759
2020-04-06T18:00:00+00:00,12.000,4.800,Open-Meteo Historical Weather API,"Casalecchio di Reno, Bologna, Italy",44.4756,11.2759
2020-04-06T19:00:00+00:00,11.600,4.300,Open-Meteo Historical Weather API,"Casalecchio di Reno, Bologna, Italy",44.4756,11.2759
2020-04-06T20:00:00+00:00,9.100,4.200,Open-Meteo Historical Weather API,"Casalecchio di Reno, Bologna, Italy",44.4756,11.2759
2020-04-06T21:00:00+00:00,7.600,4.000,Open-Meteo Historical Weather API,"Casalecchio di Reno, Bologna, Italy",44.4756,11.2759
2020-04-06T22:00:00+00:00,7.400,3.200,Open-Meteo Historical Weather API,"Casalecchio di Reno, Bologna, Italy",44.4756,11.2759
2020-04-06T23:00:00+00:00,8.400,2.300,Open-Meteo Historical Weather API,"Casalecchio di Reno, Bologna, Italy",44.4756,11.2759
2020-04-07T00:00:00+00:00,10.100,-0.100,Open-Meteo Historical Weather API,"Casalecchio di Reno, Bologna, Italy",44.4756,11.2759
2020-04-07T01:00:00+00:00,8.700,0.200,Open-Meteo Historical Weather API,"Casalecchio di Reno, Bologna, Italy",44.4756,11.2759
2020-04-07T02:00:00+00:00,8.600,0.200,Open-Meteo Historical Weather API,"Casalecchio di Reno, Bologna, Italy",44.4756,11.2759
2020-04-07T03:00:00+00:00,8.400,0.200,Open-Meteo Historical Weather API,"Casalecchio di Reno, Bologna, Italy",44.4756,11.2759
2020-04-07T04:00:00+00:00,7.100,0.600,Open-Meteo Historical Weather API,"Casalecchio di Reno, Bologna, Italy",44.4756,11.2759
2020-04-07T05:00:00+00:00,6.900,0.900,Open-Meteo Historical Weather API,"Casalecchio di Reno, Bologna, Italy",44.4756,11.2759
2020-04-07T06:00:00+00:00,9.000,2.200,Open-Meteo Historical Weather API,"Casalecchio di Reno, Bologna, Italy",44.4756,11.2759
2020-04-07T07:00:00+00:00,11.800,3.500,Open-Meteo Historical Weather API,"Casalecchio di Reno, Bologna, Italy",44.4756,11.2759
2020-04-07T08:00:00+00:00,13.800,4.100,Open-Meteo Historical Weather API,"Casalecchio di Reno, Bologna, Italy",44.4756,11.2759
2020-04-07T09:00:00+00:00,15.500,3.900,Open-Meteo Historical Weather API,"Casalecchio di Reno, Bologna, Italy",44.4756,11.2759
2020-04-07T10:00:00+00:00,16.800,2.500,Open-Meteo Historical Weather API,"Casalecchio di Reno, Bologna, Italy",44.4756,11.2759
2020-04-07T11:00:00+00:00,17.600,2.200,Open-Meteo Historical Weather API,"Casalecchio di Reno, Bologna, Italy",44.4756,11.2759
2020-04-07T12:00:00+00:00,19.600,0.400,Open-Meteo Historical Weather API,"Casalecchio di Reno, Bologna, Italy",44.4756,11.2759
2020-04-07T13:00:00+00:00,20.000,-0.900,Open-Meteo Historical Weather API,"Casalecchio di Reno, Bologna, Italy",44.4756,11.2759
2020-04-07T14:00:00+00:00,20.000,0.600,Open-Meteo Historical Weather API,"Casalecchio di Reno, Bologna, Italy",44.4756,11.2759
2020-04-07T15:00:00+00:00,19.100,3.000,Open-Meteo Historical Weather API,"Casalecchio di Reno, Bologna, Italy",44.4756,11.2759
2020-04-07T16:00:00+00:00,17.500,2.500,Open-Meteo Historical Weather API,"Casalecchio di Reno, Bologna, Italy",44.4756,11.2759
2020-04-07T17:00:00+00:00,15.200,1.500,Open-Meteo Historical Weather API,"Casalecchio di Reno, Bologna, Italy",44.4756,11.2759
2020-04-07T18:00:00+00:00,11.900,1.300,Open-Meteo Historical Weather API,"Casalecchio di Reno, Bologna, Italy",44.4756,11.2759
2020-04-07T19:00:00+00:00,10.100,1.400,Open-Meteo Historical Weather API,"Casalecchio di Reno, Bologna, Italy",44.4756,11.2759
2020-04-07T20:00:00+00:00,9.100,0.600,Open-Meteo Historical Weather API,"Casalecchio di Reno, Bologna, Italy",44.4756,11.2759
2020-04-07T21:00:00+00:00,8.600,-0.900,Open-Meteo Historical Weather API,"Casalecchio di Reno, Bologna, Italy",44.4756,11.2759
2020-04-07T22:00:00+00:00,8.100,-1.900,Open-Meteo Historical Weather API,"Casalecchio di Reno, Bologna, Italy",44.4756,11.2759
2020-04-07T23:00:00+00:00,8.300,-2.800,Open-Meteo Historical Weather API,"Casalecchio di Reno, Bologna, Italy",44.4756,11.2759
2020-04-08T00:00:00+00:00,8.400,-3.400,Open-Meteo Historical Weather API,"Casalecchio di Reno, Bologna, Italy",44.4756,11.2759
2020-04-08T01:00:00+00:00,7.800,-3.900,Open-Meteo Historical Weather API,"Casalecchio di Reno, Bologna, Italy",44.4756,11.2759
2020-04-08T02:00:00+00:00,9.400,-5.900,Open-Meteo Historical Weather API,"Casalecchio di Reno, Bologna, Italy",44.4756,11.2759
2020-04-08T03:00:00+00:00,7.300,-5.300,Open-Meteo Historical Weather API,"Casalecchio di Reno, Bologna, Italy",44.4756,11.2759
2020-04-08T04:00:00+00:00,6.000,-4.900,Open-Meteo Historical Weather API,"Casalecchio di Reno, Bologna, Italy",44.4756,11.2759
2020-04-08T05:00:00+00:00,6.600,-4.900,Open-Meteo Historical Weather API,"Casalecchio di Reno, Bologna, Italy",44.4756,11.2759
2020-04-08T06:00:00+00:00,9.300,-2.500,Open-Meteo Historical Weather API,"Casalecchio di Reno, Bologna, Italy",44.4756,11.2759
2020-04-08T07:00:00+00:00,12.100,-0.800,Open-Meteo Historical Weather API,"Casalecchio di Reno, Bologna, Italy",44.4756,11.2759
2020-04-08T08:00:00+00:00,13.800,1.600,Open-Meteo Historical Weather API,"Casalecchio di Reno, Bologna, Italy",44.4756,11.2759
2020-04-08T09:00:00+00:00,15.400,2.800,Open-Meteo Historical Weather API,"Casalecchio di Reno, Bologna, Italy",44.4756,11.2759
2020-04-08T10:00:00+00:00,17.000,1.500,Open-Meteo Historical Weather API,"Casalecchio di Reno, Bologna, Italy",44.4756,11.2759
2020-04-08T11:00:00+00:00,18.100,0.100,Open-Meteo Historical Weather API,"Casalecchio di Reno, Bologna, Italy",44.4756,11.2759
2020-04-08T12:00:00+00:00,18.700,-1.400,Open-Meteo Historical Weather API,"Casalecchio di Reno, Bologna, Italy",44.4756,11.2759
2020-04-08T13:00:00+00:00,19.400,-1.000,Open-Meteo Historical Weather API,"Casalecchio di Reno, Bologna, Italy",44.4756,11.2759
2020-04-08T14:00:00+00:00,19.700,-1.000,Open-Meteo Historical Weather API,"Casalecchio di Reno, Bologna, Italy",44.4756,11.2759
2020-04-08T15:00:00+00:00,19.800,-1.100,Open-Meteo Historical Weather API,"Casalecchio di Reno, Bologna, Italy",44.4756,11.2759
2020-04-08T16:00:00+00:00,19.400,-1.100,Open-Meteo Historical Weather API,"Casalecchio di Reno, Bologna, Italy",44.4756,11.2759
2020-04-08T17:00:00+00:00,16.700,0.900,Open-Meteo Historical Weather API,"Casalecchio di Reno, Bologna, Italy",44.4756,11.2759
2020-04-08T18:00:00+00:00,13.100,1.100,Open-Meteo Historical Weather API,"Casalecchio di Reno, Bologna, Italy",44.4756,11.2759
2020-04-08T19:00:00+00:00,10.900,2.000,Open-Meteo Historical Weather API,"Casalecchio di Reno, Bologna, Italy",44.4756,11.2759
2020-04-08T20:00:00+00:00,9.200,2.200,Open-Meteo Historical Weather API,"Casalecchio di Reno, Bologna, Italy",44.4756,11.2759
2020-04-08T21:00:00+00:00,7.500,1.500,Open-Meteo Historical Weather API,"Casalecchio di Reno, Bologna, Italy",44.4756,11.2759
2020-04-08T22:00:00+00:00,6.200,0.300,Open-Meteo Historical Weather API,"Casalecchio di Reno, Bologna, Italy",44.4756,11.2759
2020-04-08T23:00:00+00:00,5.800,-0.800,Open-Meteo Historical Weather API,"Casalecchio di Reno, Bologna, Italy",44.4756,11.2759
2020-04-09T00:00:00+00:00,7.700,-1.300,Open-Meteo Historical Weather API,"Casalecchio di Reno, Bologna, Italy",44.4756,11.2759
2020-04-09T01:00:00+00:00,6.800,-1.800,Open-Meteo Historical Weather API,"Casalecchio di Reno, Bologna, Italy",44.4756,11.2759
2020-04-09T02:00:00+00:00,6.300,-2.200,Open-Meteo Historical Weather API,"Casalecchio di Reno, Bologna, Italy",44.4756,11.2759
2020-04-09T03:00:00+00:00,5.200,-2.500,Open-Meteo Historical Weather API,"Casalecchio di Reno, Bologna, Italy",44.4756,11.2759
2020-04-09T04:00:00+00:00,4.100,-2.800,Open-Meteo Historical Weather API,"Casalecchio di Reno, Bologna, Italy",44.4756,11.2759
2020-04-09T05:00:00+00:00,3.800,-3.400,Open-Meteo Historical Weather API,"Casalecchio di Reno, Bologna, Italy",44.4756,11.2759
2020-04-09T06:00:00+00:00,7.600,-1.900,Open-Meteo Historical Weather API,"Casalecchio di Reno, Bologna, Italy",44.4756,11.2759
2020-04-09T07:00:00+00:00,13.200,0.900,Open-Meteo Historical Weather API,"Casalecchio di Reno, Bologna, Italy",44.4756,11.2759
2020-04-09T08:00:00+00:00,16.600,-2.900,Open-Meteo Historical Weather API,"Casalecchio di Reno, Bologna, Italy",44.4756,11.2759
2020-04-09T09:00:00+00:00,18.500,-2.400,Open-Meteo Historical Weather API,"Casalecchio di Reno, Bologna, Italy",44.4756,11.2759
2020-04-09T10:00:00+00:00,19.700,-1.600,Open-Meteo Historical Weather API,"Casalecchio di Reno, Bologna, Italy",44.4756,11.2759
2020-04-09T11:00:00+00:00,20.500,-1.100,Open-Meteo Historical Weather API,"Casalecchio di Reno, Bologna, Italy",44.4756,11.2759
2020-04-09T12:00:00+00:00,20.800,-1.100,Open-Meteo Historical Weather API,"Casalecchio di Reno, Bologna, Italy",44.4756,11.2759
2020-04-09T13:00:00+00:00,21.100,-0.900,Open-Meteo Historical Weather API,"Casalecchio di Reno, Bologna, Italy",44.4756,11.2759
2020-04-09T14:00:00+00:00,21.200,-1.200,Open-Meteo Historical Weather API,"Casalecchio di Reno, Bologna, Italy",44.4756,11.2759
2020-04-09T15:00:00+00:00,21.100,-1.400,Open-Meteo Historical Weather API,"Casalecchio di Reno, Bologna, Italy",44.4756,11.2759
2020-04-09T16:00:00+00:00,20.600,-0.600,Open-Meteo Historical Weather API,"Casalecchio di Reno, Bologna, Italy",44.4756,11.2759
2020-04-09T17:00:00+00:00,18.000,8.400,Open-Meteo Historical Weather API,"Casalecchio di Reno, Bologna, Italy",44.4756,11.2759
2020-04-09T18:00:00+00:00,14.500,1.800,Open-Meteo Historical Weather API,"Casalecchio di Reno, Bologna, Italy",44.4756,11.2759
2020-04-09T19:00:00+00:00,12.600,0.900,Open-Meteo Historical Weather API,"Casalecchio di Reno, Bologna, Italy",44.4756,11.2759
2020-04-09T20:00:00+00:00,9.700,0.500,Open-Meteo Historical Weather API,"Casalecchio di Reno, Bologna, Italy",44.4756,11.2759
2020-04-09T21:00:00+00:00,8.400,0.300,Open-Meteo Historical Weather API,"Casalecchio di Reno, Bologna, Italy",44.4756,11.2759
2020-04-09T22:00:00+00:00,8.700,-0.600,Open-Meteo Historical Weather API,"Casalecchio di Reno, Bologna, Italy",44.4756,11.2759
2020-04-09T23:00:00+00:00,9.100,-1.700,Open-Meteo Historical Weather API,"Casalecchio di Reno, Bologna, Italy",44.4756,11.2759
2020-04-10T00:00:00+00:00,8.900,-2.000,Open-Meteo Historical Weather API,"Casalecchio di Reno, Bologna, Italy",44.4756,11.2759
2020-04-10T01:00:00+00:00,8.400,-1.900,Open-Meteo Historical Weather API,"Casalecchio di Reno, Bologna, Italy",44.4756,11.2759
2020-04-10T02:00:00+00:00,8.000,-1.900,Open-Meteo Historical Weather API,"Casalecchio di Reno, Bologna, Italy",44.4756,11.2759
2020-04-10T03:00:00+00:00,7.800,-2.000,Open-Meteo Historical Weather API,"Casalecchio di Reno, Bologna, Italy",44.4756,11.2759
2020-04-10T04:00:00+00:00,8.100,-2.200,Open-Meteo Historical Weather API,"Casalecchio di Reno, Bologna, Italy",44.4756,11.2759
2020-04-10T05:00:00+00:00,8.200,-2.000,Open-Meteo Historical Weather API,"Casalecchio di Reno, Bologna, Italy",44.4756,11.2759
2020-04-10T06:00:00+00:00,10.800,0.100,Open-Meteo Historical Weather API,"Casalecchio di Reno, Bologna, Italy",44.4756,11.2759
2020-04-10T07:00:00+00:00,15.100,3.300,Open-Meteo Historical Weather API,"Casalecchio di Reno, Bologna, Italy",44.4756,11.2759
2020-04-10T08:00:00+00:00,18.200,1.100,Open-Meteo Historical Weather API,"Casalecchio di Reno, Bologna, Italy",44.4756,11.2759
2020-04-10T09:00:00+00:00,19.700,1.400,Open-Meteo Historical Weather API,"Casalecchio di Reno, Bologna, Italy",44.4756,11.2759
2020-04-10T10:00:00+00:00,20.900,0.800,Open-Meteo Historical Weather API,"Casalecchio di Reno, Bologna, Italy",44.4756,11.2759
2020-04-10T11:00:00+00:00,21.900,0.900,Open-Meteo Historical Weather API,"Casalecchio di Reno, Bologna, Italy",44.4756,11.2759
2020-04-10T12:00:00+00:00,22.200,2.000,Open-Meteo Historical Weather API,"Casalecchio di Reno, Bologna, Italy",44.4756,11.2759
2020-04-10T13:00:00+00:00,22.800,2.000,Open-Meteo Historical Weather API,"Casalecchio di Reno, Bologna, Italy",44.4756,11.2759
2020-04-10T14:00:00+00:00,23.000,1.600,Open-Meteo Historical Weather API,"Casalecchio di Reno, Bologna, Italy",44.4756,11.2759
2020-04-10T15:00:00+00:00,22.900,1.500,Open-Meteo Historical Weather API,"Casalecchio di Reno, Bologna, Italy",44.4756,11.2759
2020-04-10T16:00:00+00:00,22.400,2.100,Open-Meteo Historical Weather API,"Casalecchio di Reno, Bologna, Italy",44.4756,11.2759
2020-04-10T17:00:00+00:00,21.200,5.300,Open-Meteo Historical Weather API,"Casalecchio di Reno, Bologna, Italy",44.4756,11.2759
2020-04-10T18:00:00+00:00,16.100,4.000,Open-Meteo Historical Weather API,"Casalecchio di Reno, Bologna, Italy",44.4756,11.2759
2020-04-10T19:00:00+00:00,14.400,3.500,Open-Meteo Historical Weather API,"Casalecchio di Reno, Bologna, Italy",44.4756,11.2759
2020-04-10T20:00:00+00:00,12.200,3.700,Open-Meteo Historical Weather API,"Casalecchio di Reno, Bologna, Italy",44.4756,11.2759
2020-04-10T21:00:00+00:00,12.700,2.800,Open-Meteo Historical Weather API,"Casalecchio di Reno, Bologna, Italy",44.4756,11.2759
2020-04-10T22:00:00+00:00,13.200,2.000,Open-Meteo Historical Weather API,"Casalecchio di Reno, Bologna, Italy",44.4756,11.2759
2020-04-10T23:00:00+00:00,12.600,1.800,Open-Meteo Historical Weather API,"Casalecchio di Reno, Bologna, Italy",44.4756,11.2759
2020-04-11T00:00:00+00:00,11.100,1.500,Open-Meteo Historical Weather API,"Casalecchio di Reno, Bologna, Italy",44.4756,11.2759
2020-04-11T01:00:00+00:00,11.400,1.200,Open-Meteo Historical Weather API,"Casalecchio di Reno, Bologna, Italy",44.4756,11.2759
2020-04-11T02:00:00+00:00,11.200,0.900,Open-Meteo Historical Weather API,"Casalecchio di Reno, Bologna, Italy",44.4756,11.2759
2020-04-11T03:00:00+00:00,10.900,0.600,Open-Meteo Historical Weather API,"Casalecchio di Reno, Bologna, Italy",44.4756,11.2759
2020-04-11T04:00:00+00:00,10.800,0.200,Open-Meteo Historical Weather API,"Casalecchio di Reno, Bologna, Italy",44.4756,11.2759
2020-04-11T05:00:00+00:00,10.600,0.200,Open-Meteo Historical Weather API,"Casalecchio di Reno, Bologna, Italy",44.4756,11.2759
2020-04-11T06:00:00+00:00,12.900,2.200,Open-Meteo Historical Weather API,"Casalecchio di Reno, Bologna, Italy",44.4756,11.2759
2020-04-11T07:00:00+00:00,17.000,5.400,Open-Meteo Historical Weather API,"Casalecchio di Reno, Bologna, Italy",44.4756,11.2759
2020-04-11T08:00:00+00:00,20.200,3.200,Open-Meteo Historical Weather API,"Casalecchio di Reno, Bologna, Italy",44.4756,11.2759
2020-04-11T09:00:00+00:00,21.800,3.800,Open-Meteo Historical Weather API,"Casalecchio di Reno, Bologna, Italy",44.4756,11.2759
2020-04-11T10:00:00+00:00,22.900,3.700,Open-Meteo Historical Weather API,"Casalecchio di Reno, Bologna, Italy",44.4756,11.2759
2020-04-11T11:00:00+00:00,23.900,2.600,Open-Meteo Historical Weather API,"Casalecchio di Reno, Bologna, Italy",44.4756,11.2759
2020-04-11T12:00:00+00:00,23.900,2.200,Open-Meteo Historical Weather API,"Casalecchio di Reno, Bologna, Italy",44.4756,11.2759
2020-04-11T13:00:00+00:00,24.400,1.700,Open-Meteo Historical Weather API,"Casalecchio di Reno, Bologna, Italy",44.4756,11.2759
2020-04-11T14:00:00+00:00,24.500,0.900,Open-Meteo Historical Weather API,"Casalecchio di Reno, Bologna, Italy",44.4756,11.2759
2020-04-11T15:00:00+00:00,24.300,0.500,Open-Meteo Historical Weather API,"Casalecchio di Reno, Bologna, Italy",44.4756,11.2759
2020-04-11T16:00:00+00:00,23.600,1.200,Open-Meteo Historical Weather API,"Casalecchio di Reno, Bologna, Italy",44.4756,11.2759
2020-04-11T17:00:00+00:00,20.900,5.300,Open-Meteo Historical Weather API,"Casalecchio di Reno, Bologna, Italy",44.4756,11.2759
2020-04-11T18:00:00+00:00,18.000,2.300,Open-Meteo Historical Weather API,"Casalecchio di Reno, Bologna, Italy",44.4756,11.2759
2020-04-11T19:00:00+00:00,16.400,3.200,Open-Meteo Historical Weather API,"Casalecchio di Reno, Bologna, Italy",44.4756,11.2759
2020-04-11T20:00:00+00:00,14.800,3.700,Open-Meteo Historical Weather API,"Casalecchio di Reno, Bologna, Italy",44.4756,11.2759
2020-04-11T21:00:00+00:00,13.800,2.600,Open-Meteo Historical Weather API,"Casalecchio di Reno, Bologna, Italy",44.4756,11.2759
2020-04-11T22:00:00+00:00,13.400,2.000,Open-Meteo Historical Weather API,"Casalecchio di Reno, Bologna, Italy",44.4756,11.2759
2020-04-11T23:00:00+00:00,12.500,1.800,Open-Meteo Historical Weather API,"Casalecchio di Reno, Bologna, Italy",44.4756,11.2759
2020-04-12T00:00:00+00:00,13.400,0.400,Open-Meteo Historical Weather API,"Casalecchio di Reno, Bologna, Italy",44.4756,11.2759
2020-04-12T01:00:00+00:00,12.800,-0.500,Open-Meteo Historical Weather API,"Casalecchio di Reno, Bologna, Italy",44.4756,11.2759
2020-04-12T02:00:00+00:00,11.700,-0.700,Open-Meteo Historical Weather API,"Casalecchio di Reno, Bologna, Italy",44.4756,11.2759
2020-04-12T03:00:00+00:00,11.200,-0.900,Open-Meteo Historical Weather API,"Casalecchio di Reno, Bologna, Italy",44.4756,11.2759
2020-04-12T04:00:00+00:00,10.800,-1.100,Open-Meteo Historical Weather API,"Casalecchio di Reno, Bologna, Italy",44.4756,11.2759
2020-04-12T05:00:00+00:00,10.400,-1.000,Open-Meteo Historical Weather API,"Casalecchio di Reno, Bologna, Italy",44.4756,11.2759
2020-04-12T06:00:00+00:00,12.400,1.200,Open-Meteo Historical Weather API,"Casalecchio di Reno, Bologna, Italy",44.4756,11.2759
2020-04-12T07:00:00+00:00,16.400,3.300,Open-Meteo Historical Weather API,"Casalecchio di Reno, Bologna, Italy",44.4756,11.2759
2020-04-12T08:00:00+00:00,19.000,2.500,Open-Meteo Historical Weather API,"Casalecchio di Reno, Bologna, Italy",44.4756,11.2759
2020-04-12T09:00:00+00:00,20.900,2.700,Open-Meteo Historical Weather API,"Casalecchio di Reno, Bologna, Italy",44.4756,11.2759
2020-04-12T10:00:00+00:00,22.400,3.000,Open-Meteo Historical Weather API,"Casalecchio di Reno, Bologna, Italy",44.4756,11.2759
2020-04-12T11:00:00+00:00,23.500,3.300,Open-Meteo Historical Weather API,"Casalecchio di Reno, Bologna, Italy",44.4756,11.2759
2020-04-12T12:00:00+00:00,23.900,5.200,Open-Meteo Historical Weather API,"Casalecchio di Reno, Bologna, Italy",44.4756,11.2759
2020-04-12T13:00:00+00:00,24.500,5.200,Open-Meteo Historical Weather API,"Casalecchio di Reno, Bologna, Italy",44.4756,11.2759
2020-04-12T14:00:00+00:00,24.900,0.200,Open-Meteo Historical Weather API,"Casalecchio di Reno, Bologna, Italy",44.4756,11.2759
2020-04-12T15:00:00+00:00,24.500,-1.500,Open-Meteo Historical Weather API,"Casalecchio di Reno, Bologna, Italy",44.4756,11.2759
2020-04-12T16:00:00+00:00,23.000,-1.400,Open-Meteo Historical Weather API,"Casalecchio di Reno, Bologna, Italy",44.4756,11.2759
2020-04-12T17:00:00+00:00,20.900,-1.500,Open-Meteo Historical Weather API,"Casalecchio di Reno, Bologna, Italy",44.4756,11.2759
2020-04-12T18:00:00+00:00,18.600,-1.700,Open-Meteo Historical Weather API,"Casalecchio di Reno, Bologna, Italy",44.4756,11.2759
2020-04-12T19:00:00+00:00,17.500,-1.800,Open-Meteo Historical Weather API,"Casalecchio di Reno, Bologna, Italy",44.4756,11.2759
2020-04-12T20:00:00+00:00,16.600,-4.700,Open-Meteo Historical Weather API,"Casalecchio di Reno, Bologna, Italy",44.4756,11.2759
2020-04-12T21:00:00+00:00,15.800,-6.100,Open-Meteo Historical Weather API,"Casalecchio di Reno, Bologna, Italy",44.4756,11.2759
2020-04-12T22:00:00+00:00,14.600,-5.200,Open-Meteo Historical Weather API,"Casalecchio di Reno, Bologna, Italy",44.4756,11.2759
2020-04-12T23:00:00+00:00,13.800,-4.600,Open-Meteo Historical Weather API,"Casalecchio di Reno, Bologna, Italy",44.4756,11.2759
2020-04-13T00:00:00+00:00,13.600,-2.300,Open-Meteo Historical Weather API,"Casalecchio di Reno, Bologna, Italy",44.4756,11.2759
2020-04-13T01:00:00+00:00,13.700,-1.800,Open-Meteo Historical Weather API,"Casalecchio di Reno, Bologna, Italy",44.4756,11.2759
2020-04-13T02:00:00+00:00,13.500,-1.500,Open-Meteo Historical Weather API,"Casalecchio di Reno, Bologna, Italy",44.4756,11.2759
2020-04-13T03:00:00+00:00,13.400,-1.500,Open-Meteo Historical Weather API,"Casalecchio di Reno, Bologna, Italy",44.4756,11.2759
2020-04-13T04:00:00+00:00,13.500,-1.500,Open-Meteo Historical Weather API,"Casalecchio di Reno, Bologna, Italy",44.4756,11.2759
2020-04-13T05:00:00+00:00,13.600,-1.400,Open-Meteo Historical Weather API,"Casalecchio di Reno, Bologna, Italy",44.4756,11.2759
2020-04-13T06:00:00+00:00,15.300,0.300,Open-Meteo Historical Weather API,"Casalecchio di Reno, Bologna, Italy",44.4756,11.2759
2020-04-13T07:00:00+00:00,17.800,2.000,Open-Meteo Historical Weather API,"Casalecchio di Reno, Bologna, Italy",44.4756,11.2759
2020-04-13T08:00:00+00:00,19.900,1.800,Open-Meteo Historical Weather API,"Casalecchio di Reno, Bologna, Italy",44.4756,11.2759
2020-04-13T09:00:00+00:00,20.800,2.200,Open-Meteo Historical Weather API,"Casalecchio di Reno, Bologna, Italy",44.4756,11.2759
2020-04-13T10:00:00+00:00,21.500,3.000,Open-Meteo Historical Weather API,"Casalecchio di Reno, Bologna, Italy",44.4756,11.2759
2020-04-13T11:00:00+00:00,22.200,3.000,Open-Meteo Historical Weather API,"Casalecchio di Reno, Bologna, Italy",44.4756,11.2759
2020-04-13T12:00:00+00:00,22.300,1.700,Open-Meteo Historical Weather API,"Casalecchio di Reno, Bologna, Italy",44.4756,11.2759
2020-04-13T13:00:00+00:00,22.600,-0.900,Open-Meteo Historical Weather API,"Casalecchio di Reno, Bologna, Italy",44.4756,11.2759
2020-04-13T14:00:00+00:00,21.900,-1.400,Open-Meteo Historical Weather API,"Casalecchio di Reno, Bologna, Italy",44.4756,11.2759
2020-04-13T15:00:00+00:00,21.100,1.500,Open-Meteo Historical Weather API,"Casalecchio di Reno, Bologna, Italy",44.4756,11.2759
2020-04-13T16:00:00+00:00,20.000,3.700,Open-Meteo Historical Weather API,"Casalecchio di Reno, Bologna, Italy",44.4756,11.2759
2020-04-13T17:00:00+00:00,19.000,4.300,Open-Meteo Historical Weather API,"Casalecchio di Reno, Bologna, Italy",44.4756,11.2759
2020-04-13T18:00:00+00:00,17.800,4.200,Open-Meteo Historical Weather API,"Casalecchio di Reno, Bologna, Italy",44.4756,11.2759
2020-04-13T19:00:00+00:00,15.900,2.000,Open-Meteo Historical Weather API,"Casalecchio di Reno, Bologna, Italy",44.4756,11.2759
2020-04-13T20:00:00+00:00,14.700,3.000,Open-Meteo Historical Weather API,"Casalecchio di Reno, Bologna, Italy",44.4756,11.2759
2020-04-13T21:00:00+00:00,14.400,3.300,Open-Meteo Historical Weather API,"Casalecchio di Reno, Bologna, Italy",44.4756,11.2759
2020-04-13T22:00:00+00:00,14.000,3.200,Open-Meteo Historical Weather API,"Casalecchio di Reno, Bologna, Italy",44.4756,11.2759
2020-04-13T23:00:00+00:00,14.100,2.000,Open-Meteo Historical Weather API,"Casalecchio di Reno, Bologna, Italy",44.4756,11.2759
2020-04-14T00:00:00+00:00,14.200,2.400,Open-Meteo Historical Weather API,"Casalecchio di Reno, Bologna, Italy",44.4756,11.2759
2020-04-14T01:00:00+00:00,13.800,2.400,Open-Meteo Historical Weather API,"Casalecchio di Reno, Bologna, Italy",44.4756,11.2759
2020-04-14T02:00:00+00:00,13.200,2.800,Open-Meteo Historical Weather API,"Casalecchio di Reno, Bologna, Italy",44.4756,11.2759
2020-04-14T03:00:00+00:00,13.000,3.200,Open-Meteo Historical Weather API,"Casalecchio di Reno, Bologna, Italy",44.4756,11.2759
2020-04-14T04:00:00+00:00,12.600,4.100,Open-Meteo Historical Weather API,"Casalecchio di Reno, Bologna, Italy",44.4756,11.2759
2020-04-14T05:00:00+00:00,12.400,4.600,Open-Meteo Historical Weather API,"Casalecchio di Reno, Bologna, Italy",44.4756,11.2759
2020-04-14T06:00:00+00:00,13.100,5.200,Open-Meteo Historical Weather API,"Casalecchio di Reno, Bologna, Italy",44.4756,11.2759
2020-04-14T07:00:00+00:00,14.000,5.800,Open-Meteo Historical Weather API,"Casalecchio di Reno, Bologna, Italy",44.4756,11.2759
2020-04-14T08:00:00+00:00,15.200,5.500,Open-Meteo Historical Weather API,"Casalecchio di Reno, Bologna, Italy",44.4756,11.2759
2020-04-14T09:00:00+00:00,16.400,5.300,Open-Meteo Historical Weather API,"Casalecchio di Reno, Bologna, Italy",44.4756,11.2759
2020-04-14T10:00:00+00:00,17.800,4.800,Open-Meteo Historical Weather API,"Casalecchio di Reno, Bologna, Italy",44.4756,11.2759
2020-04-14T11:00:00+00:00,19.500,4.800,Open-Meteo Historical Weather API,"Casalecchio di Reno, Bologna, Italy",44.4756,11.2759
2020-04-14T12:00:00+00:00,19.600,5.800,Open-Meteo Historical Weather API,"Casalecchio di Reno, Bologna, Italy",44.4756,11.2759
2020-04-14T13:00:00+00:00,20.400,5.900,Open-Meteo Historical Weather API,"Casalecchio di Reno, Bologna, Italy",44.4756,11.2759
2020-04-14T14:00:00+00:00,20.000,4.300,Open-Meteo Historical Weather API,"Casalecchio di Reno, Bologna, Italy",44.4756,11.2759
2020-04-14T15:00:00+00:00,14.400,8.600,Open-Meteo Historical Weather API,"Casalecchio di Reno, Bologna, Italy",44.4756,11.2759
2020-04-14T16:00:00+00:00,12.700,6.100,Open-Meteo Historical Weather API,"Casalecchio di Reno, Bologna, Italy",44.4756,11.2759
2020-04-14T17:00:00+00:00,11.300,3.500,Open-Meteo Historical Weather API,"Casalecchio di Reno, Bologna, Italy",44.4756,11.2759
2020-04-14T18:00:00+00:00,10.900,2.500,Open-Meteo Historical Weather API,"Casalecchio di Reno, Bologna, Italy",44.4756,11.2759
2020-04-14T19:00:00+00:00,10.200,2.200,Open-Meteo Historical Weather API,"Casalecchio di Reno, Bologna, Italy",44.4756,11.2759
2020-04-14T20:00:00+00:00,9.700,2.500,Open-Meteo Historical Weather API,"Casalecchio di Reno, Bologna, Italy",44.4756,11.2759
2020-04-14T21:00:00+00:00,9.100,2.000,Open-Meteo Historical Weather API,"Casalecchio di Reno, Bologna, Italy",44.4756,11.2759
2020-04-14T22:00:00+00:00,8.700,-0.100,Open-Meteo Historical Weather API,"Casalecchio di Reno, Bologna, Italy",44.4756,11.2759
2020-04-14T23:00:00+00:00,8.200,-1.200,Open-Meteo Historical Weather API,"Casalecchio di Reno, Bologna, Italy",44.4756,11.2759
2020-04-15T00:00:00+00:00,8.200,-0.900,Open-Meteo Historical Weather API,"Casalecchio di Reno, Bologna, Italy",44.4756,11.2759
2020-04-15T01:00:00+00:00,7.700,-1.000,Open-Meteo Historical Weather API,"Casalecchio di Reno, Bologna, Italy",44.4756,11.2759
2020-04-15T02:00:00+00:00,6.400,-0.800,Open-Meteo Historical Weather API,"Casalecchio di Reno, Bologna, Italy",44.4756,11.2759
2020-04-15T03:00:00+00:00,5.600,-0.400,Open-Meteo Historical Weather API,"Casalecchio di Reno, Bologna, Italy",44.4756,11.2759
2020-04-15T04:00:00+00:00,5.400,0.200,Open-Meteo Historical Weather API,"Casalecchio di Reno, Bologna, Italy",44.4756,11.2759
2020-04-15T05:00:00+00:00,5.200,1.500,Open-Meteo Historical Weather API,"Casalecchio di Reno, Bologna, Italy",44.4756,11.2759
2020-04-15T06:00:00+00:00,7.900,0.800,Open-Meteo Historical Weather API,"Casalecchio di Reno, Bologna, Italy",44.4756,11.2759
2020-04-15T07:00:00+00:00,9.800,1.300,Open-Meteo Historical Weather API,"Casalecchio di Reno, Bologna, Italy",44.4756,11.2759
2020-04-15T08:00:00+00:00,11.300,0.500,Open-Meteo Historical Weather API,"Casalecchio di Reno, Bologna, Italy",44.4756,11.2759
2020-04-15T09:00:00+00:00,12.400,-0.200,Open-Meteo Historical Weather API,"Casalecchio di Reno, Bologna, Italy",44.4756,11.2759
2020-04-15T10:00:00+00:00,13.400,0.100,Open-Meteo Historical Weather API,"Casalecchio di Reno, Bologna, Italy",44.4756,11.2759
2020-04-15T11:00:00+00:00,14.400,0.200,Open-Meteo Historical Weather API,"Casalecchio di Reno, Bologna, Italy",44.4756,11.2759
2020-04-15T12:00:00+00:00,14.400,1.900,Open-Meteo Historical Weather API,"Casalecchio di Reno, Bologna, Italy",44.4756,11.2759
2020-04-15T13:00:00+00:00,15.100,1.800,Open-Meteo Historical Weather API,"Casalecchio di Reno, Bologna, Italy",44.4756,11.2759
2020-04-15T14:00:00+00:00,15.400,1.600,Open-Meteo Historical Weather API,"Casalecchio di Reno, Bologna, Italy",44.4756,11.2759
2020-04-15T15:00:00+00:00,15.400,1.400,Open-Meteo Historical Weather API,"Casalecchio di Reno, Bologna, Italy",44.4756,11.2759
2020-04-15T16:00:00+00:00,14.900,1.100,Open-Meteo Historical Weather API,"Casalecchio di Reno, Bologna, Italy",44.4756,11.2759
2020-04-15T17:00:00+00:00,13.700,1.100,Open-Meteo Historical Weather API,"Casalecchio di Reno, Bologna, Italy",44.4756,11.2759
2020-04-15T18:00:00+00:00,11.300,1.500,Open-Meteo Historical Weather API,"Casalecchio di Reno, Bologna, Italy",44.4756,11.2759
2020-04-15T19:00:00+00:00,9.800,1.500,Open-Meteo Historical Weather API,"Casalecchio di Reno, Bologna, Italy",44.4756,11.2759
2020-04-15T20:00:00+00:00,8.200,1.700,Open-Meteo Historical Weather API,"Casalecchio di Reno, Bologna, Italy",44.4756,11.2759
2020-04-15T21:00:00+00:00,6.700,2.100,Open-Meteo Historical Weather API,"Casalecchio di Reno, Bologna, Italy",44.4756,11.2759
2020-04-15T22:00:00+00:00,5.700,2.300,Open-Meteo Historical Weather API,"Casalecchio di Reno, Bologna, Italy",44.4756,11.2759
2020-04-15T23:00:00+00:00,5.600,1.900,Open-Meteo Historical Weather API,"Casalecchio di Reno, Bologna, Italy",44.4756,11.2759
2020-04-16T00:00:00+00:00,6.800,1.500,Open-Meteo Historical Weather API,"Casalecchio di Reno, Bologna, Italy",44.4756,11.2759
2020-04-16T01:00:00+00:00,6.700,1.200,Open-Meteo Historical Weather API,"Casalecchio di Reno, Bologna, Italy",44.4756,11.2759
2020-04-16T02:00:00+00:00,5.400,1.000,Open-Meteo Historical Weather API,"Casalecchio di Reno, Bologna, Italy",44.4756,11.2759
2020-04-16T03:00:00+00:00,4.200,0.800,Open-Meteo Historical Weather API,"Casalecchio di Reno, Bologna, Italy",44.4756,11.2759
2020-04-16T04:00:00+00:00,3.500,0.200,Open-Meteo Historical Weather API,"Casalecchio di Reno, Bologna, Italy",44.4756,11.2759
2020-04-16T05:00:00+00:00,3.100,-0.300,Open-Meteo Historical Weather API,"Casalecchio di Reno, Bologna, Italy",44.4756,11.2759
2020-04-16T06:00:00+00:00,7.800,1.000,Open-Meteo Historical Weather API,"Casalecchio di Reno, Bologna, Italy",44.4756,11.2759
2020-04-16T07:00:00+00:00,12.600,-0.300,Open-Meteo Historical Weather API,"Casalecchio di Reno, Bologna, Italy",44.4756,11.2759
2020-04-16T08:00:00+00:00,14.200,-2.200,Open-Meteo Historical Weather API,"Casalecchio di Reno, Bologna, Italy",44.4756,11.2759
2020-04-16T09:00:00+00:00,15.600,-2.000,Open-Meteo Historical Weather API,"Casalecchio di Reno, Bologna, Italy",44.4756,11.2759
2020-04-16T10:00:00+00:00,17.000,-1.900,Open-Meteo Historical Weather API,"Casalecchio di Reno, Bologna, Italy",44.4756,11.2759
2020-04-16T11:00:00+00:00,18.200,-1.400,Open-Meteo Historical Weather API,"Casalecchio di Reno, Bologna, Italy",44.4756,11.2759
2020-04-16T12:00:00+00:00,17.800,1.200,Open-Meteo Historical Weather API,"Casalecchio di Reno, Bologna, Italy",44.4756,11.2759
2020-04-16T13:00:00+00:00,18.500,1.900,Open-Meteo Historical Weather API,"Casalecchio di Reno, Bologna, Italy",44.4756,11.2759
2020-04-16T14:00:00+00:00,19.000,2.700,Open-Meteo Historical Weather API,"Casalecchio di Reno, Bologna, Italy",44.4756,11.2759
2020-04-16T15:00:00+00:00,19.000,3.200,Open-Meteo Historical Weather API,"Casalecchio di Reno, Bologna, Italy",44.4756,11.2759
2020-04-16T16:00:00+00:00,18.000,3.400,Open-Meteo Historical Weather API,"Casalecchio di Reno, Bologna, Italy",44.4756,11.2759
2020-04-16T17:00:00+00:00,16.900,4.200,Open-Meteo Historical Weather API,"Casalecchio di Reno, Bologna, Italy",44.4756,11.2759
2020-04-16T18:00:00+00:00,14.800,5.200,Open-Meteo Historical Weather API,"Casalecchio di Reno, Bologna, Italy",44.4756,11.2759
2020-04-16T19:00:00+00:00,15.600,3.800,Open-Meteo Historical Weather API,"Casalecchio di Reno, Bologna, Italy",44.4756,11.2759
2020-04-16T20:00:00+00:00,12.100,4.300,Open-Meteo Historical Weather API,"Casalecchio di Reno, Bologna, Italy",44.4756,11.2759
2020-04-16T21:00:00+00:00,11.900,3.500,Open-Meteo Historical Weather API,"Casalecchio di Reno, Bologna, Italy",44.4756,11.2759
2020-04-16T22:00:00+00:00,11.300,2.400,Open-Meteo Historical Weather API,"Casalecchio di Reno, Bologna, Italy",44.4756,11.2759
2020-04-16T23:00:00+00:00,10.900,0.400,Open-Meteo Historical Weather API,"Casalecchio di Reno, Bologna, Italy",44.4756,11.2759
2020-04-17T00:00:00+00:00,11.900,-2.100,Open-Meteo Historical Weather API,"Casalecchio di Reno, Bologna, Italy",44.4756,11.2759
2020-04-17T01:00:00+00:00,11.100,-1.100,Open-Meteo Historical Weather API,"Casalecchio di Reno, Bologna, Italy",44.4756,11.2759
2020-04-17T02:00:00+00:00,10.600,-0.900,Open-Meteo Historical Weather API,"Casalecchio di Reno, Bologna, Italy",44.4756,11.2759
2020-04-17T03:00:00+00:00,10.000,-1.200,Open-Meteo Historical Weather API,"Casalecchio di Reno, Bologna, Italy",44.4756,11.2759
2020-04-17T04:00:00+00:00,9.400,-1.500,Open-Meteo Historical Weather API,"Casalecchio di Reno, Bologna, Italy",44.4756,11.2759
2020-04-17T05:00:00+00:00,9.400,-1.400,Open-Meteo Historical Weather API,"Casalecchio di Reno, Bologna, Italy",44.4756,11.2759
2020-04-17T06:00:00+00:00,11.600,0.600,Open-Meteo Historical Weather API,"Casalecchio di Reno, Bologna, Italy",44.4756,11.2759
2020-04-17T07:00:00+00:00,15.100,2.500,Open-Meteo Historical Weather API,"Casalecchio di Reno, Bologna, Italy",44.4756,11.2759
2020-04-17T08:00:00+00:00,17.600,0.600,Open-Meteo Historical Weather API,"Casalecchio di Reno, Bologna, Italy",44.4756,11.2759
2020-04-17T09:00:00+00:00,19.100,1.200,Open-Meteo Historical Weather API,"Casalecchio di Reno, Bologna, Italy",44.4756,11.2759
2020-04-17T10:00:00+00:00,20.400,2.400,Open-Meteo Historical Weather API,"Casalecchio di Reno, Bologna, Italy",44.4756,11.2759
2020-04-17T11:00:00+00:00,21.400,3.300,Open-Meteo Historical Weather API,"Casalecchio di Reno, Bologna, Italy",44.4756,11.2759
2020-04-17T12:00:00+00:00,20.900,5.600,Open-Meteo Historical Weather API,"Casalecchio di Reno, Bologna, Italy",44.4756,11.2759
2020-04-17T13:00:00+00:00,21.800,5.900,Open-Meteo Historical Weather API,"Casalecchio di Reno, Bologna, Italy",44.4756,11.2759
2020-04-17T14:00:00+00:00,22.300,6.100,Open-Meteo Historical Weather API,"Casalecchio di Reno, Bologna, Italy",44.4756,11.2759
2020-04-17T15:00:00+00:00,22.400,6.200,Open-Meteo Historical Weather API,"Casalecchio di Reno, Bologna, Italy",44.4756,11.2759
2020-04-17T16:00:00+00:00,22.000,6.400,Open-Meteo Historical Weather API,"Casalecchio di Reno, Bologna, Italy",44.4756,11.2759
2020-04-17T17:00:00+00:00,20.400,10.600,Open-Meteo Historical Weather API,"Casalecchio di Reno, Bologna, Italy",44.4756,11.2759
2020-04-17T18:00:00+00:00,15.800,8.600,Open-Meteo Historical Weather API,"Casalecchio di Reno, Bologna, Italy",44.4756,11.2759
2020-04-17T19:00:00+00:00,16.100,8.100,Open-Meteo Historical Weather API,"Casalecchio di Reno, Bologna, Italy",44.4756,11.2759
2020-04-17T20:00:00+00:00,15.600,8.100,Open-Meteo Historical Weather API,"Casalecchio di Reno, Bologna, Italy",44.4756,11.2759
2020-04-17T21:00:00+00:00,15.200,7.200,Open-Meteo Historical Weather API,"Casalecchio di Reno, Bologna, Italy",44.4756,11.2759
2020-04-17T22:00:00+00:00,14.400,6.300,Open-Meteo Historical Weather API,"Casalecchio di Reno, Bologna, Italy",44.4756,11.2759
2020-04-17T23:00:00+00:00,13.700,6.100,Open-Meteo Historical Weather API,"Casalecchio di Reno, Bologna, Italy",44.4756,11.2759
2020-04-18T00:00:00+00:00,13.200,5.800,Open-Meteo Historical Weather API,"Casalecchio di Reno, Bologna, Italy",44.4756,11.2759
2020-04-18T01:00:00+00:00,12.800,6.100,Open-Meteo Historical Weather API,"Casalecchio di Reno, Bologna, Italy",44.4756,11.2759
2020-04-18T02:00:00+00:00,12.400,6.200,Open-Meteo Historical Weather API,"Casalecchio di Reno, Bologna, Italy",44.4756,11.2759
2020-04-18T03:00:00+00:00,12.100,6.200,Open-Meteo Historical Weather API,"Casalecchio di Reno, Bologna, Italy",44.4756,11.2759
2020-04-18T04:00:00+00:00,11.400,6.300,Open-Meteo Historical Weather API,"Casalecchio di Reno, Bologna, Italy",44.4756,11.2759
2020-04-18T05:00:00+00:00,11.200,6.700,Open-Meteo Historical Weather API,"Casalecchio di Reno, Bologna, Italy",44.4756,11.2759
2020-04-18T06:00:00+00:00,13.400,7.700,Open-Meteo Historical Weather API,"Casalecchio di Reno, Bologna, Italy",44.4756,11.2759
2020-04-18T07:00:00+00:00,16.200,8.100,Open-Meteo Historical Weather API,"Casalecchio di Reno, Bologna, Italy",44.4756,11.2759
2020-04-18T08:00:00+00:00,18.500,7.200,Open-Meteo Historical Weather API,"Casalecchio di Reno, Bologna, Italy",44.4756,11.2759
2020-04-18T09:00:00+00:00,19.600,7.100,Open-Meteo Historical Weather API,"Casalecchio di Reno, Bologna, Italy",44.4756,11.2759
2020-04-18T10:00:00+00:00,20.700,6.900,Open-Meteo Historical Weather API,"Casalecchio di Reno, Bologna, Italy",44.4756,11.2759
2020-04-18T11:00:00+00:00,21.600,6.900,Open-Meteo Historical Weather API,"Casalecchio di Reno, Bologna, Italy",44.4756,11.2759
2020-04-18T12:00:00+00:00,21.900,8.900,Open-Meteo Historical Weather API,"Casalecchio di Reno, Bologna, Italy",44.4756,11.2759
2020-04-18T13:00:00+00:00,22.500,9.100,Open-Meteo Historical Weather API,"Casalecchio di Reno, Bologna, Italy",44.4756,11.2759
2020-04-18T14:00:00+00:00,23.000,9.200,Open-Meteo Historical Weather API,"Casalecchio di Reno, Bologna, Italy",44.4756,11.2759
2020-04-18T15:00:00+00:00,23.100,9.200,Open-Meteo Historical Weather API,"Casalecchio di Reno, Bologna, Italy",44.4756,11.2759
2020-04-18T16:00:00+00:00,22.800,9.600,Open-Meteo Historical Weather API,"Casalecchio di Reno, Bologna, Italy",44.4756,11.2759
2020-04-18T17:00:00+00:00,21.600,10.400,Open-Meteo Historical Weather API,"Casalecchio di Reno, Bologna, Italy",44.4756,11.2759
2020-04-18T18:00:00+00:00,19.200,10.400,Open-Meteo Historical Weather API,"Casalecchio di Reno, Bologna, Italy",44.4756,11.2759
2020-04-18T19:00:00+00:00,17.900,10.400,Open-Meteo Historical Weather API,"Casalecchio di Reno, Bologna, Italy",44.4756,11.2759
2020-04-18T20:00:00+00:00,17.200,10.100,Open-Meteo Historical Weather API,"Casalecchio di Reno, Bologna, Italy",44.4756,11.2759
2020-04-18T21:00:00+00:00,16.500,9.600,Open-Meteo Historical Weather API,"Casalecchio di Reno, Bologna, Italy",44.4756,11.2759
2020-04-18T22:00:00+00:00,15.600,9.200,Open-Meteo Historical Weather API,"Casalecchio di Reno, Bologna, Italy",44.4756,11.2759
2020-04-18T23:00:00+00:00,14.900,8.900,Open-Meteo Historical Weather API,"Casalecchio di Reno, Bologna, Italy",44.4756,11.2759
2020-04-19T00:00:00+00:00,14.600,8.400,Open-Meteo Historical Weather API,"Casalecchio di Reno, Bologna, Italy",44.4756,11.2759
2020-04-19T01:00:00+00:00,14.600,8.200,Open-Meteo Historical Weather API,"Casalecchio di Reno, Bologna, Italy",44.4756,11.2759
2020-04-19T02:00:00+00:00,13.900,8.100,Open-Meteo Historical Weather API,"Casalecchio di Reno, Bologna, Italy",44.4756,11.2759
2020-04-19T03:00:00+00:00,13.100,7.900,Open-Meteo Historical Weather API,"Casalecchio di Reno, Bologna, Italy",44.4756,11.2759
2020-04-19T04:00:00+00:00,12.400,7.800,Open-Meteo Historical Weather API,"Casalecchio di Reno, Bologna, Italy",44.4756,11.2759
2020-04-19T05:00:00+00:00,12.400,7.900,Open-Meteo Historical Weather API,"Casalecchio di Reno, Bologna, Italy",44.4756,11.2759
2020-04-19T06:00:00+00:00,14.100,8.600,Open-Meteo Historical Weather API,"Casalecchio di Reno, Bologna, Italy",44.4756,11.2759
2020-04-19T07:00:00+00:00,16.000,9.200,Open-Meteo Historical Weather API,"Casalecchio di Reno, Bologna, Italy",44.4756,11.2759
2020-04-19T08:00:00+00:00,17.700,9.600,Open-Meteo Historical Weather API,"Casalecchio di Reno, Bologna, Italy",44.4756,11.2759
2020-04-19T09:00:00+00:00,19.200,9.900,Open-Meteo Historical Weather API,"Casalecchio di Reno, Bologna, Italy",44.4756,11.2759
2020-04-19T10:00:00+00:00,20.200,10.100,Open-Meteo Historical Weather API,"Casalecchio di Reno, Bologna, Italy",44.4756,11.2759
2020-04-19T11:00:00+00:00,21.500,10.400,Open-Meteo Historical Weather API,"Casalecchio di Reno, Bologna, Italy",44.4756,11.2759
2020-04-19T12:00:00+00:00,22.500,11.600,Open-Meteo Historical Weather API,"Casalecchio di Reno, Bologna, Italy",44.4756,11.2759
2020-04-19T13:00:00+00:00,23.000,11.300,Open-Meteo Historical Weather API,"Casalecchio di Reno, Bologna, Italy",44.4756,11.2759
2020-04-19T14:00:00+00:00,23.300,11.300,Open-Meteo Historical Weather API,"Casalecchio di Reno, Bologna, Italy",44.4756,11.2759
2020-04-19T15:00:00+00:00,23.500,11.600,Open-Meteo Historical Weather API,"Casalecchio di Reno, Bologna, Italy",44.4756,11.2759
2020-04-19T16:00:00+00:00,22.600,11.900,Open-Meteo Historical Weather API,"Casalecchio di Reno, Bologna, Italy",44.4756,11.2759
2020-04-19T17:00:00+00:00,21.000,12.200,Open-Meteo Historical Weather API,"Casalecchio di Reno, Bologna, Italy",44.4756,11.2759
2020-04-19T18:00:00+00:00,19.000,11.900,Open-Meteo Historical Weather API,"Casalecchio di Reno, Bologna, Italy",44.4756,11.2759
2020-04-19T19:00:00+00:00,17.600,11.800,Open-Meteo Historical Weather API,"Casalecchio di Reno, Bologna, Italy",44.4756,11.2759
2020-04-19T20:00:00+00:00,16.400,11.900,Open-Meteo Historical Weather API,"Casalecchio di Reno, Bologna, Italy",44.4756,11.2759
2020-04-19T21:00:00+00:00,15.400,11.600,Open-Meteo Historical Weather API,"Casalecchio di Reno, Bologna, Italy",44.4756,11.2759
2020-04-19T22:00:00+00:00,14.700,11.300,Open-Meteo Historical Weather API,"Casalecchio di Reno, Bologna, Italy",44.4756,11.2759
2020-04-19T23:00:00+00:00,14.300,11.400,Open-Meteo Historical Weather API,"Casalecchio di Reno, Bologna, Italy",44.4756,11.2759
2020-04-20T00:00:00+00:00,14.900,11.700,Open-Meteo Historical Weather API,"Casalecchio di Reno, Bologna, Italy",44.4756,11.2759
2020-04-20T01:00:00+00:00,14.800,12.800,Open-Meteo Historical Weather API,"Casalecchio di Reno, Bologna, Italy",44.4756,11.2759
2020-04-20T02:00:00+00:00,14.200,12.900,Open-Meteo Historical Weather API,"Casalecchio di Reno, Bologna, Italy",44.4756,11.2759
2020-04-20T03:00:00+00:00,13.900,13.000,Open-Meteo Historical Weather API,"Casalecchio di Reno, Bologna, Italy",44.4756,11.2759
2020-04-20T04:00:00+00:00,13.800,13.200,Open-Meteo Historical Weather API,"Casalecchio di Reno, Bologna, Italy",44.4756,11.2759
2020-04-20T05:00:00+00:00,13.600,13.300,Open-Meteo Historical Weather API,"Casalecchio di Reno, Bologna, Italy",44.4756,11.2759
2020-04-20T06:00:00+00:00,13.700,13.500,Open-Meteo Historical Weather API,"Casalecchio di Reno, Bologna, Italy",44.4756,11.2759
2020-04-20T07:00:00+00:00,13.800,13.400,Open-Meteo Historical Weather API,"Casalecchio di Reno, Bologna, Italy",44.4756,11.2759
2020-04-20T08:00:00+00:00,13.900,12.900,Open-Meteo Historical Weather API,"Casalecchio di Reno, Bologna, Italy",44.4756,11.2759
2020-04-20T09:00:00+00:00,14.100,12.900,Open-Meteo Historical Weather API,"Casalecchio di Reno, Bologna, Italy",44.4756,11.2759
2020-04-20T10:00:00+00:00,14.400,12.800,Open-Meteo Historical Weather API,"Casalecchio di Reno, Bologna, Italy",44.4756,11.2759
2020-04-20T11:00:00+00:00,14.100,12.800,Open-Meteo Historical Weather API,"Casalecchio di Reno, Bologna, Italy",44.4756,11.2759
2020-04-20T12:00:00+00:00,13.600,12.900,Open-Meteo Historical Weather API,"Casalecchio di Reno, Bologna, Italy",44.4756,11.2759
2020-04-20T13:00:00+00:00,13.100,11.900,Open-Meteo Historical Weather API,"Casalecchio di Reno, Bologna, Italy",44.4756,11.2759
2020-04-20T14:00:00+00:00,13.000,11.800,Open-Meteo Historical Weather API,"Casalecchio di Reno, Bologna, Italy",44.4756,11.2759
2020-04-20T15:00:00+00:00,12.800,11.400,Open-Meteo Historical Weather API,"Casalecchio di Reno, Bologna, Italy",44.4756,11.2759
2020-04-20T16:00:00+00:00,12.700,11.200,Open-Meteo Historical Weather API,"Casalecchio di Reno, Bologna, Italy",44.4756,11.2759
2020-04-20T17:00:00+00:00,12.600,11.200,Open-Meteo Historical Weather API,"Casalecchio di Reno, Bologna, Italy",44.4756,11.2759
2020-04-20T18:00:00+00:00,12.400,11.100,Open-Meteo Historical Weather API,"Casalecchio di Reno, Bologna, Italy",44.4756,11.2759
2020-04-20T19:00:00+00:00,12.200,10.900,Open-Meteo Historical Weather API,"Casalecchio di Reno, Bologna, Italy",44.4756,11.2759
2020-04-20T20:00:00+00:00,12.000,10.600,Open-Meteo Historical Weather API,"Casalecchio di Reno, Bologna, Italy",44.4756,11.2759
2020-04-20T21:00:00+00:00,11.700,10.400,Open-Meteo Historical Weather API,"Casalecchio di Reno, Bologna, Italy",44.4756,11.2759
2020-04-20T22:00:00+00:00,11.400,10.100,Open-Meteo Historical Weather API,"Casalecchio di Reno, Bologna, Italy",44.4756,11.2759
2020-04-20T23:00:00+00:00,11.200,9.800,Open-Meteo Historical Weather API,"Casalecchio di Reno, Bologna, Italy",44.4756,11.2759
2020-04-21T00:00:00+00:00,11.100,9.900,Open-Meteo Historical Weather API,"Casalecchio di Reno, Bologna, Italy",44.4756,11.2759
2020-04-21T01:00:00+00:00,11.100,9.900,Open-Meteo Historical Weather API,"Casalecchio di Reno, Bologna, Italy",44.4756,11.2759
2020-04-21T02:00:00+00:00,11.100,9.900,Open-Meteo Historical Weather API,"Casalecchio di Reno, Bologna, Italy",44.4756,11.2759
2020-04-21T03:00:00+00:00,11.100,10.100,Open-Meteo Historical Weather API,"Casalecchio di Reno, Bologna, Italy",44.4756,11.2759
2020-04-21T04:00:00+00:00,11.000,9.800,Open-Meteo Historical Weather API,"Casalecchio di Reno, Bologna, Italy",44.4756,11.2759
2020-04-21T05:00:00+00:00,11.100,9.300,Open-Meteo Historical Weather API,"Casalecchio di Reno, Bologna, Italy",44.4756,11.2759
2020-04-21T06:00:00+00:00,11.800,8.600,Open-Meteo Historical Weather API,"Casalecchio di Reno, Bologna, Italy",44.4756,11.2759
2020-04-21T07:00:00+00:00,12.400,7.700,Open-Meteo Historical Weather API,"Casalecchio di Reno, Bologna, Italy",44.4756,11.2759
2020-04-21T08:00:00+00:00,12.800,7.300,Open-Meteo Historical Weather API,"Casalecchio di Reno, Bologna, Italy",44.4756,11.2759
2020-04-21T09:00:00+00:00,13.400,5.900,Open-Meteo Historical Weather API,"Casalecchio di Reno, Bologna, Italy",44.4756,11.2759
2020-04-21T10:00:00+00:00,13.900,4.900,Open-Meteo Historical Weather API,"Casalecchio di Reno, Bologna, Italy",44.4756,11.2759
2020-04-21T11:00:00+00:00,14.400,3.700,Open-Meteo Historical Weather API,"Casalecchio di Reno, Bologna, Italy",44.4756,11.2759
2020-04-21T12:00:00+00:00,12.400,10.200,Open-Meteo Historical Weather API,"Casalecchio di Reno, Bologna, Italy",44.4756,11.2759
2020-04-21T13:00:00+00:00,12.600,10.800,Open-Meteo Historical Weather API,"Casalecchio di Reno, Bologna, Italy",44.4756,11.2759
2020-04-21T14:00:00+00:00,12.200,10.200,Open-Meteo Historical Weather API,"Casalecchio di Reno, Bologna, Italy",44.4756,11.2759
2020-04-21T15:00:00+00:00,12.200,10.100,Open-Meteo Historical Weather API,"Casalecchio di Reno, Bologna, Italy",44.4756,11.2759
2020-04-21T16:00:00+00:00,12.200,10.200,Open-Meteo Historical Weather API,"Casalecchio di Reno, Bologna, Italy",44.4756,11.2759
2020-04-21T17:00:00+00:00,11.800,9.800,Open-Meteo Historical Weather API,"Casalecchio di Reno, Bologna, Italy",44.4756,11.2759
2020-04-21T18:00:00+00:00,11.600,9.400,Open-Meteo Historical Weather API,"Casalecchio di Reno, Bologna, Italy",44.4756,11.2759
2020-04-21T19:00:00+00:00,10.900,9.400,Open-Meteo Historical Weather API,"Casalecchio di Reno, Bologna, Italy",44.4756,11.2759
2020-04-21T20:00:00+00:00,10.600,9.200,Open-Meteo Historical Weather API,"Casalecchio di Reno, Bologna, Italy",44.4756,11.2759
2020-04-21T21:00:00+00:00,10.600,9.400,Open-Meteo Historical Weather API,"Casalecchio di Reno, Bologna, Italy",44.4756,11.2759
2020-04-21T22:00:00+00:00,10.400,9.300,Open-Meteo Historical Weather API,"Casalecchio di Reno, Bologna, Italy",44.4756,11.2759
2020-04-21T23:00:00+00:00,10.700,9.600,Open-Meteo Historical Weather API,"Casalecchio di Reno, Bologna, Italy",44.4756,11.2759
2020-04-22T00:00:00+00:00,10.700,9.400,Open-Meteo Historical Weather API,"Casalecchio di Reno, Bologna, Italy",44.4756,11.2759
2020-04-22T01:00:00+00:00,10.600,8.900,Open-Meteo Historical Weather API,"Casalecchio di Reno, Bologna, Italy",44.4756,11.2759
2020-04-22T02:00:00+00:00,10.400,8.900,Open-Meteo Historical Weather API,"Casalecchio di Reno, Bologna, Italy",44.4756,11.2759
2020-04-22T03:00:00+00:00,10.500,8.900,Open-Meteo Historical Weather API,"Casalecchio di Reno, Bologna, Italy",44.4756,11.2759
2020-04-22T04:00:00+00:00,11.200,5.900,Open-Meteo Historical Weather API,"Casalecchio di Reno, Bologna, Italy",44.4756,11.2759
2020-04-22T05:00:00+00:00,11.400,4.900,Open-Meteo Historical Weather API,"Casalecchio di Reno, Bologna, Italy",44.4756,11.2759
2020-04-22T06:00:00+00:00,11.800,5.200,Open-Meteo Historical Weather API,"Casalecchio di Reno, Bologna, Italy",44.4756,11.2759
2020-04-22T07:00:00+00:00,13.400,5.200,Open-Meteo Historical Weather API,"Casalecchio di Reno, Bologna, Italy",44.4756,11.2759
2020-04-22T08:00:00+00:00,15.000,4.800,Open-Meteo Historical Weather API,"Casalecchio di Reno, Bologna, Italy",44.4756,11.2759
2020-04-22T09:00:00+00:00,16.300,4.800,Open-Meteo Historical Weather API,"Casalecchio di Reno, Bologna, Italy",44.4756,11.2759
2020-04-22T10:00:00+00:00,17.100,4.800,Open-Meteo Historical Weather API,"Casalecchio di Reno, Bologna, Italy",44.4756,11.2759
2020-04-22T11:00:00+00:00,17.500,4.800,Open-Meteo Historical Weather API,"Casalecchio di Reno, Bologna, Italy",44.4756,11.2759
2020-04-22T12:00:00+00:00,17.500,4.800,Open-Meteo Historical Weather API,"Casalecchio di Reno, Bologna, Italy",44.4756,11.2759
2020-04-22T13:00:00+00:00,17.500,4.600,Open-Meteo Historical Weather API,"Casalecchio di Reno, Bologna, Italy",44.4756,11.2759
2020-04-22T14:00:00+00:00,18.000,4.400,Open-Meteo Historical Weather API,"Casalecchio di Reno, Bologna, Italy",44.4756,11.2759
2020-04-22T15:00:00+00:00,17.600,4.300,Open-Meteo Historical Weather API,"Casalecchio di Reno, Bologna, Italy",44.4756,11.2759
2020-04-22T16:00:00+00:00,17.100,4.000,Open-Meteo Historical Weather API,"Casalecchio di Reno, Bologna, Italy",44.4756,11.2759
2020-04-22T17:00:00+00:00,15.900,5.300,Open-Meteo Historical Weather API,"Casalecchio di Reno, Bologna, Italy",44.4756,11.2759
2020-04-22T18:00:00+00:00,12.100,6.200,Open-Meteo Historical Weather API,"Casalecchio di Reno, Bologna, Italy",44.4756,11.2759
2020-04-22T19:00:00+00:00,12.800,5.300,Open-Meteo Historical Weather API,"Casalecchio di Reno, Bologna, Italy",44.4756,11.2759
2020-04-22T20:00:00+00:00,13.900,4.700,Open-Meteo Historical Weather API,"Casalecchio di Reno, Bologna, Italy",44.4756,11.2759
2020-04-22T21:00:00+00:00,13.200,4.500,Open-Meteo Historical Weather API,"Casalecchio di Reno, Bologna, Italy",44.4756,11.2759
2020-04-22T22:00:00+00:00,10.000,4.600,Open-Meteo Historical Weather API,"Casalecchio di Reno, Bologna, Italy",44.4756,11.2759
2020-04-22T23:00:00+00:00,8.200,4.400,Open-Meteo Historical Weather API,"Casalecchio di Reno, Bologna, Italy",44.4756,11.2759
2020-04-23T00:00:00+00:00,9.600,3.100,Open-Meteo Historical Weather API,"Casalecchio di Reno, Bologna, Italy",44.4756,11.2759
2020-04-23T01:00:00+00:00,9.100,3.000,Open-Meteo Historical Weather API,"Casalecchio di Reno, Bologna, Italy",44.4756,11.2759
2020-04-23T02:00:00+00:00,8.500,3.100,Open-Meteo Historical Weather API,"Casalecchio di Reno, Bologna, Italy",44.4756,11.2759
2020-04-23T03:00:00+00:00,8.200,3.200,Open-Meteo Historical Weather API,"Casalecchio di Reno, Bologna, Italy",44.4756,11.2759
2020-04-23T04:00:00+00:00,7.600,3.000,Open-Meteo Historical Weather API,"Casalecchio di Reno, Bologna, Italy",44.4756,11.2759
2020-04-23T05:00:00+00:00,9.000,3.700,Open-Meteo Historical Weather API,"Casalecchio di Reno, Bologna, Italy",44.4756,11.2759
2020-04-23T06:00:00+00:00,11.900,4.900,Open-Meteo Historical Weather API,"Casalecchio di Reno, Bologna, Italy",44.4756,11.2759
2020-04-23T07:00:00+00:00,13.600,5.300,Open-Meteo Historical Weather API,"Casalecchio di Reno, Bologna, Italy",44.4756,11.2759
2020-04-23T08:00:00+00:00,15.100,6.000,Open-Meteo Historical Weather API,"Casalecchio di Reno, Bologna, Italy",44.4756,11.2759
2020-04-23T09:00:00+00:00,16.600,5.800,Open-Meteo Historical Weather API,"Casalecchio di Reno, Bologna, Italy",44.4756,11.2759
2020-04-23T10:00:00+00:00,17.800,5.300,Open-Meteo Historical Weather API,"Casalecchio di Reno, Bologna, Italy",44.4756,11.2759
2020-04-23T11:00:00+00:00,18.700,6.000,Open-Meteo Historical Weather API,"Casalecchio di Reno, Bologna, Italy",44.4756,11.2759
2020-04-23T12:00:00+00:00,19.500,4.800,Open-Meteo Historical Weather API,"Casalecchio di Reno, Bologna, Italy",44.4756,11.2759
2020-04-23T13:00:00+00:00,19.700,4.900,Open-Meteo Historical Weather API,"Casalecchio di Reno, Bologna, Italy",44.4756,11.2759
2020-04-23T14:00:00+00:00,19.900,4.600,Open-Meteo Historical Weather API,"Casalecchio di Reno, Bologna, Italy",44.4756,11.2759
2020-04-23T15:00:00+00:00,19.300,3.800,Open-Meteo Historical Weather API,"Casalecchio di Reno, Bologna, Italy",44.4756,11.2759
2020-04-23T16:00:00+00:00,18.300,3.000,Open-Meteo Historical Weather API,"Casalecchio di Reno, Bologna, Italy",44.4756,11.2759
2020-04-23T17:00:00+00:00,16.800,5.600,Open-Meteo Historical Weather API,"Casalecchio di Reno, Bologna, Italy",44.4756,11.2759
2020-04-23T18:00:00+00:00,12.900,5.400,Open-Meteo Historical Weather API,"Casalecchio di Reno, Bologna, Italy",44.4756,11.2759
2020-04-23T19:00:00+00:00,11.900,4.800,Open-Meteo Historical Weather API,"Casalecchio di Reno, Bologna, Italy",44.4756,11.2759
2020-04-23T20:00:00+00:00,10.300,4.300,Open-Meteo Historical Weather API,"Casalecchio di Reno, Bologna, Italy",44.4756,11.2759
2020-04-23T21:00:00+00:00,8.000,4.200,Open-Meteo Historical Weather API,"Casalecchio di Reno, Bologna, Italy",44.4756,11.2759
2020-04-23T22:00:00+00:00,6.800,3.600,Open-Meteo Historical Weather API,"Casalecchio di Reno, Bologna, Italy",44.4756,11.2759
2020-04-23T23:00:00+00:00,7.000,2.800,Open-Meteo Historical Weather API,"Casalecchio di Reno, Bologna, Italy",44.4756,11.2759
2020-04-24T00:00:00+00:00,5.300,2.800,Open-Meteo Historical Weather API,"Casalecchio di Reno, Bologna, Italy",44.4756,11.2759
2020-04-24T01:00:00+00:00,4.900,2.500,Open-Meteo Historical Weather API,"Casalecchio di Reno, Bologna, Italy",44.4756,11.2759
2020-04-24T02:00:00+00:00,5.100,2.000,Open-Meteo Historical Weather API,"Casalecchio di Reno, Bologna, Italy",44.4756,11.2759
2020-04-24T03:00:00+00:00,6.500,0.700,Open-Meteo Historical Weather API,"Casalecchio di Reno, Bologna, Italy",44.4756,11.2759
2020-04-24T04:00:00+00:00,7.100,-0.400,Open-Meteo Historical Weather API,"Casalecchio di Reno, Bologna, Italy",44.4756,11.2759
2020-04-24T05:00:00+00:00,7.300,-0.200,Open-Meteo Historical Weather API,"Casalecchio di Reno, Bologna, Italy",44.4756,11.2759
2020-04-24T06:00:00+00:00,10.400,2.800,Open-Meteo Historical Weather API,"Casalecchio di Reno, Bologna, Italy",44.4756,11.2759
2020-04-24T07:00:00+00:00,15.300,4.800,Open-Meteo Historical Weather API,"Casalecchio di Reno, Bologna, Italy",44.4756,11.2759
2020-04-24T08:00:00+00:00,17.700,2.600,Open-Meteo Historical Weather API,"Casalecchio di Reno, Bologna, Italy",44.4756,11.2759
2020-04-24T09:00:00+00:00,19.000,3.200,Open-Meteo Historical Weather API,"Casalecchio di Reno, Bologna, Italy",44.4756,11.2759
2020-04-24T10:00:00+00:00,20.200,3.700,Open-Meteo Historical Weather API,"Casalecchio di Reno, Bologna, Italy",44.4756,11.2759
2020-04-24T11:00:00+00:00,21.400,3.800,Open-Meteo Historical Weather API,"Casalecchio di Reno, Bologna, Italy",44.4756,11.2759
2020-04-24T12:00:00+00:00,21.600,3.900,Open-Meteo Historical Weather API,"Casalecchio di Reno, Bologna, Italy",44.4756,11.2759
2020-04-24T13:00:00+00:00,22.500,3.900,Open-Meteo Historical Weather API,"Casalecchio di Reno, Bologna, Italy",44.4756,11.2759
2020-04-24T14:00:00+00:00,22.800,4.200,Open-Meteo Historical Weather API,"Casalecchio di Reno, Bologna, Italy",44.4756,11.2759
2020-04-24T15:00:00+00:00,22.700,5.200,Open-Meteo Historical Weather API,"Casalecchio di Reno, Bologna, Italy",44.4756,11.2759
2020-04-24T16:00:00+00:00,22.200,7.100,Open-Meteo Historical Weather API,"Casalecchio di Reno, Bologna, Italy",44.4756,11.2759
2020-04-24T17:00:00+00:00,20.400,14.100,Open-Meteo Historical Weather API,"Casalecchio di Reno, Bologna, Italy",44.4756,11.2759
2020-04-24T18:00:00+00:00,16.900,8.000,Open-Meteo Historical Weather API,"Casalecchio di Reno, Bologna, Italy",44.4756,11.2759
2020-04-24T19:00:00+00:00,16.200,6.800,Open-Meteo Historical Weather API,"Casalecchio di Reno, Bologna, Italy",44.4756,11.2759
2020-04-24T20:00:00+00:00,15.400,6.900,Open-Meteo Historical Weather API,"Casalecchio di Reno, Bologna, Italy",44.4756,11.2759
2020-04-24T21:00:00+00:00,14.600,7.000,Open-Meteo Historical Weather API,"Casalecchio di Reno, Bologna, Italy",44.4756,11.2759
2020-04-24T22:00:00+00:00,14.100,7.100,Open-Meteo Historical Weather API,"Casalecchio di Reno, Bologna, Italy",44.4756,11.2759
2020-04-24T23:00:00+00:00,13.600,6.800,Open-Meteo Historical Weather API,"Casalecchio di Reno, Bologna, Italy",44.4756,11.2759
2020-04-25T00:00:00+00:00,13.300,7.200,Open-Meteo Historical Weather API,"Casalecchio di Reno, Bologna, Italy",44.4756,11.2759
2020-04-25T01:00:00+00:00,13.100,6.900,Open-Meteo Historical Weather API,"Casalecchio di Reno, Bologna, Italy",44.4756,11.2759
2020-04-25T02:00:00+00:00,13.100,6.600,Open-Meteo Historical Weather API,"Casalecchio di Reno, Bologna, Italy",44.4756,11.2759
2020-04-25T03:00:00+00:00,12.800,6.600,Open-Meteo Historical Weather API,"Casalecchio di Reno, Bologna, Italy",44.4756,11.2759
2020-04-25T04:00:00+00:00,12.600,6.600,Open-Meteo Historical Weather API,"Casalecchio di Reno, Bologna, Italy",44.4756,11.2759
2020-04-25T05:00:00+00:00,13.100,6.900,Open-Meteo Historical Weather API,"Casalecchio di Reno, Bologna, Italy",44.4756,11.2759
2020-04-25T06:00:00+00:00,14.700,7.800,Open-Meteo Historical Weather API,"Casalecchio di Reno, Bologna, Italy",44.4756,11.2759
2020-04-25T07:00:00+00:00,17.100,8.600,Open-Meteo Historical Weather API,"Casalecchio di Reno, Bologna, Italy",44.4756,11.2759
2020-04-25T08:00:00+00:00,19.000,8.300,Open-Meteo Historical Weather API,"Casalecchio di Reno, Bologna, Italy",44.4756,11.2759
2020-04-25T09:00:00+00:00,20.500,9.100,Open-Meteo Historical Weather API,"Casalecchio di Reno, Bologna, Italy",44.4756,11.2759
2020-04-25T10:00:00+00:00,22.100,9.700,Open-Meteo Historical Weather API,"Casalecchio di Reno, Bologna, Italy",44.4756,11.2759
2020-04-25T11:00:00+00:00,23.300,9.200,Open-Meteo Historical Weather API,"Casalecchio di Reno, Bologna, Italy",44.4756,11.2759
2020-04-25T12:00:00+00:00,23.600,8.600,Open-Meteo Historical Weather API,"Casalecchio di Reno, Bologna, Italy",44.4756,11.2759
2020-04-25T13:00:00+00:00,23.600,8.500,Open-Meteo Historical Weather API,"Casalecchio di Reno, Bologna, Italy",44.4756,11.2759
2020-04-25T14:00:00+00:00,23.100,9.100,Open-Meteo Historical Weather API,"Casalecchio di Reno, Bologna, Italy",44.4756,11.2759
2020-04-25T15:00:00+00:00,23.000,9.200,Open-Meteo Historical Weather API,"Casalecchio di Reno, Bologna, Italy",44.4756,11.2759
2020-04-25T16:00:00+00:00,21.800,8.800,Open-Meteo Historical Weather API,"Casalecchio di Reno, Bologna, Italy",44.4756,11.2759
2020-04-25T17:00:00+00:00,19.800,6.700,Open-Meteo Historical Weather API,"Casalecchio di Reno, Bologna, Italy",44.4756,11.2759
2020-04-25T18:00:00+00:00,17.900,5.000,Open-Meteo Historical Weather API,"Casalecchio di Reno, Bologna, Italy",44.4756,11.2759
2020-04-25T19:00:00+00:00,16.600,4.400,Open-Meteo Historical Weather API,"Casalecchio di Reno, Bologna, Italy",44.4756,11.2759
2020-04-25T20:00:00+00:00,15.800,4.200,Open-Meteo Historical Weather API,"Casalecchio di Reno, Bologna, Italy",44.4756,11.2759
2020-04-25T21:00:00+00:00,15.200,4.400,Open-Meteo Historical Weather API,"Casalecchio di Reno, Bologna, Italy",44.4756,11.2759
2020-04-25T22:00:00+00:00,15.000,4.700,Open-Meteo Historical Weather API,"Casalecchio di Reno, Bologna, Italy",44.4756,11.2759
2020-04-25T23:00:00+00:00,14.800,4.800,Open-Meteo Historical Weather API,"Casalecchio di Reno, Bologna, Italy",44.4756,11.2759
2020-04-26T00:00:00+00:00,14.600,5.300,Open-Meteo Historical Weather API,"Casalecchio di Reno, Bologna, Italy",44.4756,11.2759
2020-04-26T01:00:00+00:00,14.400,5.700,Open-Meteo Historical Weather API,"Casalecchio di Reno, Bologna, Italy",44.4756,11.2759
2020-04-26T02:00:00+00:00,13.400,6.000,Open-Meteo Historical Weather API,"Casalecchio di Reno, Bologna, Italy",44.4756,11.2759
2020-04-26T03:00:00+00:00,12.500,6.300,Open-Meteo Historical Weather API,"Casalecchio di Reno, Bologna, Italy",44.4756,11.2759
2020-04-26T04:00:00+00:00,11.800,6.800,Open-Meteo Historical Weather API,"Casalecchio di Reno, Bologna, Italy",44.4756,11.2759
2020-04-26T05:00:00+00:00,12.100,7.700,Open-Meteo Historical Weather API,"Casalecchio di Reno, Bologna, Italy",44.4756,11.2759
2020-04-26T06:00:00+00:00,14.200,8.700,Open-Meteo Historical Weather API,"Casalecchio di Reno, Bologna, Italy",44.4756,11.2759
2020-04-26T07:00:00+00:00,16.400,6.300,Open-Meteo Historical Weather API,"Casalecchio di Reno, Bologna, Italy",44.4756,11.2759
2020-04-26T08:00:00+00:00,17.400,7.200,Open-Meteo Historical Weather API,"Casalecchio di Reno, Bologna, Italy",44.4756,11.2759
2020-04-26T09:00:00+00:00,18.700,7.500,Open-Meteo Historical Weather API,"Casalecchio di Reno, Bologna, Italy",44.4756,11.2759
2020-04-26T10:00:00+00:00,20.000,7.700,Open-Meteo Historical Weather API,"Casalecchio di Reno, Bologna, Italy",44.4756,11.2759
2020-04-26T11:00:00+00:00,21.000,7.600,Open-Meteo Historical Weather API,"Casalecchio di Reno, Bologna, Italy",44.4756,11.2759
2020-04-26T12:00:00+00:00,21.000,7.600,Open-Meteo Historical Weather API,"Casalecchio di Reno, Bologna, Italy",44.4756,11.2759
2020-04-26T13:00:00+00:00,21.700,7.600,Open-Meteo Historical Weather API,"Casalecchio di Reno, Bologna, Italy",44.4756,11.2759
2020-04-26T14:00:00+00:00,22.000,7.600,Open-Meteo Historical Weather API,"Casalecchio di Reno, Bologna, Italy",44.4756,11.2759
2020-04-26T15:00:00+00:00,22.200,7.800,Open-Meteo Historical Weather API,"Casalecchio di Reno, Bologna, Italy",44.4756,11.2759
2020-04-26T16:00:00+00:00,21.800,8.100,Open-Meteo Historical Weather API,"Casalecchio di Reno, Bologna, Italy",44.4756,11.2759
2020-04-26T17:00:00+00:00,21.000,9.900,Open-Meteo Historical Weather API,"Casalecchio di Reno, Bologna, Italy",44.4756,11.2759
2020-04-26T18:00:00+00:00,18.200,10.900,Open-Meteo Historical Weather API,"Casalecchio di Reno, Bologna, Italy",44.4756,11.2759
2020-04-26T19:00:00+00:00,16.000,11.200,Open-Meteo Historical Weather API,"Casalecchio di Reno, Bologna, Italy",44.4756,11.2759
2020-04-26T20:00:00+00:00,14.600,10.500,Open-Meteo Historical Weather API,"Casalecchio di Reno, Bologna, Italy",44.4756,11.2759
2020-04-26T21:00:00+00:00,13.800,9.400,Open-Meteo Historical Weather API,"Casalecchio di Reno, Bologna, Italy",44.4756,11.2759
2020-04-26T22:00:00+00:00,14.500,8.800,Open-Meteo Historical Weather API,"Casalecchio di Reno, Bologna, Italy",44.4756,11.2759
2020-04-26T23:00:00+00:00,14.200,8.800,Open-Meteo Historical Weather API,"Casalecchio di Reno, Bologna, Italy",44.4756,11.2759
2020-04-27T00:00:00+00:00,14.200,7.800,Open-Meteo Historical Weather API,"Casalecchio di Reno, Bologna, Italy",44.4756,11.2759
2020-04-27T01:00:00+00:00,13.800,7.700,Open-Meteo Historical Weather API,"Casalecchio di Reno, Bologna, Italy",44.4756,11.2759
2020-04-27T02:00:00+00:00,13.400,7.400,Open-Meteo Historical Weather API,"Casalecchio di Reno, Bologna, Italy",44.4756,11.2759
2020-04-27T03:00:00+00:00,12.400,7.300,Open-Meteo Historical Weather API,"Casalecchio di Reno, Bologna, Italy",44.4756,11.2759
2020-04-27T04:00:00+00:00,11.400,7.100,Open-Meteo Historical Weather API,"Casalecchio di Reno, Bologna, Italy",44.4756,11.2759
2020-04-27T05:00:00+00:00,11.700,7.400,Open-Meteo Historical Weather API,"Casalecchio di Reno, Bologna, Italy",44.4756,11.2759
2020-04-27T06:00:00+00:00,14.400,8.600,Open-Meteo Historical Weather API,"Casalecchio di Reno, Bologna, Italy",44.4756,11.2759
2020-04-27T07:00:00+00:00,17.000,8.800,Open-Meteo Historical Weather API,"Casalecchio di Reno, Bologna, Italy",44.4756,11.2759
2020-04-27T08:00:00+00:00,18.700,8.100,Open-Meteo Historical Weather API,"Casalecchio di Reno, Bologna, Italy",44.4756,11.2759
2020-04-27T09:00:00+00:00,20.000,8.400,Open-Meteo Historical Weather API,"Casalecchio di Reno, Bologna, Italy",44.4756,11.2759
2020-04-27T10:00:00+00:00,21.200,8.700,Open-Meteo Historical Weather API,"Casalecchio di Reno, Bologna, Italy",44.4756,11.2759
2020-04-27T11:00:00+00:00,22.200,8.400,Open-Meteo Historical Weather API,"Casalecchio di Reno, Bologna, Italy",44.4756,11.2759
2020-04-27T12:00:00+00:00,21.600,10.400,Open-Meteo Historical Weather API,"Casalecchio di Reno, Bologna, Italy",44.4756,11.2759
2020-04-27T13:00:00+00:00,22.400,10.300,Open-Meteo Historical Weather API,"Casalecchio di Reno, Bologna, Italy",44.4756,11.2759
2020-04-27T14:00:00+00:00,22.500,10.100,Open-Meteo Historical Weather API,"Casalecchio di Reno, Bologna, Italy",44.4756,11.2759
2020-04-27T15:00:00+00:00,22.800,9.400,Open-Meteo Historical Weather API,"Casalecchio di Reno, Bologna, Italy",44.4756,11.2759
2020-04-27T16:00:00+00:00,22.800,8.000,Open-Meteo Historical Weather API,"Casalecchio di Reno, Bologna, Italy",44.4756,11.2759
2020-04-27T17:00:00+00:00,21.200,10.100,Open-Meteo Historical Weather API,"Casalecchio di Reno, Bologna, Italy",44.4756,11.2759
2020-04-27T18:00:00+00:00,18.900,10.000,Open-Meteo Historical Weather API,"Casalecchio di Reno, Bologna, Italy",44.4756,11.2759
2020-04-27T19:00:00+00:00,17.300,8.600,Open-Meteo Historical Weather API,"Casalecchio di Reno, Bologna, Italy",44.4756,11.2759
2020-04-27T20:00:00+00:00,16.500,7.200,Open-Meteo Historical Weather API,"Casalecchio di Reno, Bologna, Italy",44.4756,11.2759
2020-04-27T21:00:00+00:00,15.600,6.400,Open-Meteo Historical Weather API,"Casalecchio di Reno, Bologna, Italy",44.4756,11.2759
2020-04-27T22:00:00+00:00,14.700,7.100,Open-Meteo Historical Weather API,"Casalecchio di Reno, Bologna, Italy",44.4756,11.2759
2020-04-27T23:00:00+00:00,14.000,7.800,Open-Meteo Historical Weather API,"Casalecchio di Reno, Bologna, Italy",44.4756,11.2759
2020-04-28T00:00:00+00:00,14.900,8.200,Open-Meteo Historical Weather API,"Casalecchio di Reno, Bologna, Italy",44.4756,11.2759
2020-04-28T01:00:00+00:00,14.500,9.100,Open-Meteo Historical Weather API,"Casalecchio di Reno, Bologna, Italy",44.4756,11.2759
2020-04-28T02:00:00+00:00,14.200,9.400,Open-Meteo Historical Weather API,"Casalecchio di Reno, Bologna, Italy",44.4756,11.2759
2020-04-28T03:00:00+00:00,13.900,9.100,Open-Meteo Historical Weather API,"Casalecchio di Reno, Bologna, Italy",44.4756,11.2759
2020-04-28T04:00:00+00:00,13.900,9.000,Open-Meteo Historical Weather API,"Casalecchio di Reno, Bologna, Italy",44.4756,11.2759
2020-04-28T05:00:00+00:00,14.600,9.800,Open-Meteo Historical Weather API,"Casalecchio di Reno, Bologna, Italy",44.4756,11.2759
2020-04-28T06:00:00+00:00,15.400,10.100,Open-Meteo Historical Weather API,"Casalecchio di Reno, Bologna, Italy",44.4756,11.2759
2020-04-28T07:00:00+00:00,16.400,10.200,Open-Meteo Historical Weather API,"Casalecchio di Reno, Bologna, Italy",44.4756,11.2759
2020-04-28T08:00:00+00:00,15.600,10.800,Open-Meteo Historical Weather API,"Casalecchio di Reno, Bologna, Italy",44.4756,11.2759
2020-04-28T09:00:00+00:00,15.400,12.600,Open-Meteo Historical Weather API,"Casalecchio di Reno, Bologna, Italy",44.4756,11.2759
2020-04-28T10:00:00+00:00,17.100,12.600,Open-Meteo Historical Weather API,"Casalecchio di Reno, Bologna, Italy",44.4756,11.2759
2020-04-28T11:00:00+00:00,20.000,10.600,Open-Meteo Historical Weather API,"Casalecchio di Reno, Bologna, Italy",44.4756,11.2759
2020-04-28T12:00:00+00:00,17.300,12.100,Open-Meteo Historical Weather API,"Casalecchio di Reno, Bologna, Italy",44.4756,11.2759
2020-04-28T13:00:00+00:00,20.100,9.800,Open-Meteo Historical Weather API,"Casalecchio di Reno, Bologna, Italy",44.4756,11.2759
2020-04-28T14:00:00+00:00,20.000,9.200,Open-Meteo Historical Weather API,"Casalecchio di Reno, Bologna, Italy",44.4756,11.2759
2020-04-28T15:00:00+00:00,19.500,9.400,Open-Meteo Historical Weather API,"Casalecchio di Reno, Bologna, Italy",44.4756,11.2759
2020-04-28T16:00:00+00:00,19.100,9.300,Open-Meteo Historical Weather API,"Casalecchio di Reno, Bologna, Italy",44.4756,11.2759
2020-04-28T17:00:00+00:00,18.100,10.000,Open-Meteo Historical Weather API,"Casalecchio di Reno, Bologna, Italy",44.4756,11.2759
2020-04-28T18:00:00+00:00,17.000,9.600,Open-Meteo Historical Weather API,"Casalecchio di Reno, Bologna, Italy",44.4756,11.2759
2020-04-28T19:00:00+00:00,16.500,10.100,Open-Meteo Historical Weather API,"Casalecchio di Reno, Bologna, Italy",44.4756,11.2759
2020-04-28T20:00:00+00:00,16.000,10.100,Open-Meteo Historical Weather API,"Casalecchio di Reno, Bologna, Italy",44.4756,11.2759
2020-04-28T21:00:00+00:00,15.600,10.100,Open-Meteo Historical Weather API,"Casalecchio di Reno, Bologna, Italy",44.4756,11.2759
2020-04-28T22:00:00+00:00,15.400,10.400,Open-Meteo Historical Weather API,"Casalecchio di Reno, Bologna, Italy",44.4756,11.2759
2020-04-28T23:00:00+00:00,15.400,10.400,Open-Meteo Historical Weather API,"Casalecchio di Reno, Bologna, Italy",44.4756,11.2759
2020-04-29T00:00:00+00:00,14.600,10.600,Open-Meteo Historical Weather API,"Casalecchio di Reno, Bologna, Italy",44.4756,11.2759
2020-04-29T01:00:00+00:00,14.900,11.100,Open-Meteo Historical Weather API,"Casalecchio di Reno, Bologna, Italy",44.4756,11.2759
2020-04-29T02:00:00+00:00,14.600,11.100,Open-Meteo Historical Weather API,"Casalecchio di Reno, Bologna, Italy",44.4756,11.2759
2020-04-29T03:00:00+00:00,14.400,11.000,Open-Meteo Historical Weather API,"Casalecchio di Reno, Bologna, Italy",44.4756,11.2759
2020-04-29T04:00:00+00:00,14.400,11.000,Open-Meteo Historical Weather API,"Casalecchio di Reno, Bologna, Italy",44.4756,11.2759
2020-04-29T05:00:00+00:00,14.600,11.400,Open-Meteo Historical Weather API,"Casalecchio di Reno, Bologna, Italy",44.4756,11.2759
2020-04-29T06:00:00+00:00,16.100,12.000,Open-Meteo Historical Weather API,"Casalecchio di Reno, Bologna, Italy",44.4756,11.2759
2020-04-29T07:00:00+00:00,17.500,11.700,Open-Meteo Historical Weather API,"Casalecchio di Reno, Bologna, Italy",44.4756,11.2759
2020-04-29T08:00:00+00:00,18.400,11.600,Open-Meteo Historical Weather API,"Casalecchio di Reno, Bologna, Italy",44.4756,11.2759
2020-04-29T09:00:00+00:00,17.600,12.000,Open-Meteo Historical Weather API,"Casalecchio di Reno, Bologna, Italy",44.4756,11.2759
2020-04-29T10:00:00+00:00,18.800,12.600,Open-Meteo Historical Weather API,"Casalecchio di Reno, Bologna, Italy",44.4756,11.2759
2020-04-29T11:00:00+00:00,20.100,12.600,Open-Meteo Historical Weather API,"Casalecchio di Reno, Bologna, Italy",44.4756,11.2759
2020-04-29T12:00:00+00:00,16.600,12.400,Open-Meteo Historical Weather API,"Casalecchio di Reno, Bologna, Italy",44.4756,11.2759
2020-04-29T13:00:00+00:00,16.700,13.200,Open-Meteo Historical Weather API,"Casalecchio di Reno, Bologna, Italy",44.4756,11.2759
2020-04-29T14:00:00+00:00,17.900,13.200,Open-Meteo Historical Weather API,"Casalecchio di Reno, Bologna, Italy",44.4756,11.2759
2020-04-29T15:00:00+00:00,18.200,11.600,Open-Meteo Historical Weather API,"Casalecchio di Reno, Bologna, Italy",44.4756,11.2759
2020-04-29T16:00:00+00:00,19.200,10.400,Open-Meteo Historical Weather API,"Casalecchio di Reno, Bologna, Italy",44.4756,11.2759
2020-04-29T17:00:00+00:00,19.100,10.500,Open-Meteo Historical Weather API,"Casalecchio di Reno, Bologna, Italy",44.4756,11.2759
2020-04-29T18:00:00+00:00,17.100,10.800,Open-Meteo Historical Weather API,"Casalecchio di Reno, Bologna, Italy",44.4756,11.2759
2020-04-29T19:00:00+00:00,15.600,9.200,Open-Meteo Historical Weather API,"Casalecchio di Reno, Bologna, Italy",44.4756,11.2759
2020-04-29T20:00:00+00:00,14.900,9.500,Open-Meteo Historical Weather API,"Casalecchio di Reno, Bologna, Italy",44.4756,11.2759
2020-04-29T21:00:00+00:00,14.200,9.800,Open-Meteo Historical Weather API,"Casalecchio di Reno, Bologna, Italy",44.4756,11.2759
2020-04-29T22:00:00+00:00,13.800,9.700,Open-Meteo Historical Weather API,"Casalecchio di Reno, Bologna, Italy",44.4756,11.2759
2020-04-29T23:00:00+00:00,13.300,10.100,Open-Meteo Historical Weather API,"Casalecchio di Reno, Bologna, Italy",44.4756,11.2759
2020-04-30T00:00:00+00:00,13.400,9.900,Open-Meteo Historical Weather API,"Casalecchio di Reno, Bologna, Italy",44.4756,11.2759
2020-04-30T01:00:00+00:00,13.800,9.800,Open-Meteo Historical Weather API,"Casalecchio di Reno, Bologna, Italy",44.4756,11.2759
2020-04-30T02:00:00+00:00,13.600,9.300,Open-Meteo Historical Weather API,"Casalecchio di Reno, Bologna, Italy",44.4756,11.2759
2020-04-30T03:00:00+00:00,13.600,9.000,Open-Meteo Historical Weather API,"Casalecchio di Reno, Bologna, Italy",44.4756,11.2759
2020-04-30T04:00:00+00:00,13.400,9.400,Open-Meteo Historical Weather API,"Casalecchio di Reno, Bologna, Italy",44.4756,11.2759
2020-04-30T05:00:00+00:00,14.100,10.100,Open-Meteo Historical Weather API,"Casalecchio di Reno, Bologna, Italy",44.4756,11.2759
2020-04-30T06:00:00+00:00,15.600,11.100,Open-Meteo Historical Weather API,"Casalecchio di Reno, Bologna, Italy",44.4756,11.2759
2020-04-30T07:00:00+00:00,17.800,11.200,Open-Meteo Historical Weather API,"Casalecchio di Reno, Bologna, Italy",44.4756,11.2759
2020-04-30T08:00:00+00:00,19.500,10.800,Open-Meteo Historical Weather API,"Casalecchio di Reno, Bologna, Italy",44.4756,11.2759
2020-04-30T09:00:00+00:00,20.900,9.600,Open-Meteo Historical Weather API,"Casalecchio di Reno, Bologna, Italy",44.4756,11.2759
2020-04-30T10:00:00+00:00,21.800,8.900,Open-Meteo Historical Weather API,"Casalecchio di Reno, Bologna, Italy",44.4756,11.2759
2020-04-30T11:00:00+00:00,22.600,7.900,Open-Meteo Historical Weather API,"Casalecchio di Reno, Bologna, Italy",44.4756,11.2759
2020-04-30T12:00:00+00:00,21.600,8.000,Open-Meteo Historical Weather API,"Casalecchio di Reno, Bologna, Italy",44.4756,11.2759
2020-04-30T13:00:00+00:00,20.900,9.100,Open-Meteo Historical Weather API,"Casalecchio di Reno, Bologna, Italy",44.4756,11.2759
2020-04-30T14:00:00+00:00,20.200,9.400,Open-Meteo Historical Weather API,"Casalecchio di Reno, Bologna, Italy",44.4756,11.2759
2020-04-30T15:00:00+00:00,20.000,8.800,Open-Meteo Historical Weather API,"Casalecchio di Reno, Bologna, Italy",44.4756,11.2759
2020-04-30T16:00:00+00:00,18.600,8.300,Open-Meteo Historical Weather API,"Casalecchio di Reno, Bologna, Italy",44.4756,11.2759
2020-04-30T17:00:00+00:00,18.000,7.100,Open-Meteo Historical Weather API,"Casalecchio di Reno, Bologna, Italy",44.4756,11.2759
2020-04-30T18:00:00+00:00,17.500,6.400,Open-Meteo Historical Weather API,"Casalecchio di Reno, Bologna, Italy",44.4756,11.2759
2020-04-30T19:00:00+00:00,16.800,6.600,Open-Meteo Historical Weather API,"Casalecchio di Reno, Bologna, Italy",44.4756,11.2759
2020-04-30T20:00:00+00:00,16.600,5.700,Open-Meteo Historical Weather API,"Casalecchio di Reno, Bologna, Italy",44.4756,11.2759
2020-04-30T21:00:00+00:00,16.200,6.600,Open-Meteo Historical Weather API,"Casalecchio di Reno, Bologna, Italy",44.4756,11.2759
2020-04-30T22:00:00+00:00,15.900,7.700,Open-Meteo Historical Weather API,"Casalecchio di Reno, Bologna, Italy",44.4756,11.2759
2020-04-30T23:00:00+00:00,14.600,8.100,Open-Meteo Historical Weather API,"Casalecchio di Reno, Bologna, Italy",44.4756,11.2759
2020-05-01T00:00:00+00:00,13.800,10.100,Open-Meteo Historical Weather API,"Casalecchio di Reno, Bologna, Italy",44.4756,11.2759
2020-05-01T01:00:00+00:00,14.400,10.300,Open-Meteo Historical Weather API,"Casalecchio di Reno, Bologna, Italy",44.4756,11.2759
2020-05-01T02:00:00+00:00,13.000,10.500,Open-Meteo Historical Weather API,"Casalecchio di Reno, Bologna, Italy",44.4756,11.2759
2020-05-01T03:00:00+00:00,11.900,10.600,Open-Meteo Historical Weather API,"Casalecchio di Reno, Bologna, Italy",44.4756,11.2759
2020-05-01T04:00:00+00:00,10.600,9.800,Open-Meteo Historical Weather API,"Casalecchio di Reno, Bologna, Italy",44.4756,11.2759
2020-05-01T05:00:00+00:00,12.100,10.600,Open-Meteo Historical Weather API,"Casalecchio di Reno, Bologna, Italy",44.4756,11.2759
2020-05-01T06:00:00+00:00,14.300,10.900,Open-Meteo Historical Weather API,"Casalecchio di Reno, Bologna, Italy",44.4756,11.2759
2020-05-01T07:00:00+00:00,16.100,10.900,Open-Meteo Historical Weather API,"Casalecchio di Reno, Bologna, Italy",44.4756,11.2759
2020-05-01T08:00:00+00:00,18.400,9.600,Open-Meteo Historical Weather API,"Casalecchio di Reno, Bologna, Italy",44.4756,11.2759
2020-05-01T09:00:00+00:00,20.400,9.000,Open-Meteo Historical Weather API,"Casalecchio di Reno, Bologna, Italy",44.4756,11.2759
2020-05-01T10:00:00+00:00,21.400,9.100,Open-Meteo Historical Weather API,"Casalecchio di Reno, Bologna, Italy",44.4756,11.2759
2020-05-01T11:00:00+00:00,22.100,9.400,Open-Meteo Historical Weather API,"Casalecchio di Reno, Bologna, Italy",44.4756,11.2759
2020-05-01T12:00:00+00:00,22.600,8.800,Open-Meteo Historical Weather API,"Casalecchio di Reno, Bologna, Italy",44.4756,11.2759
2020-05-01T13:00:00+00:00,22.500,8.600,Open-Meteo Historical Weather API,"Casalecchio di Reno, Bologna, Italy",44.4756,11.2759
2020-05-01T14:00:00+00:00,21.200,8.800,Open-Meteo Historical Weather API,"Casalecchio di Reno, Bologna, Italy",44.4756,11.2759
2020-05-01T15:00:00+00:00,20.000,7.800,Open-Meteo Historical Weather API,"Casalecchio di Reno, Bologna, Italy",44.4756,11.2759
2020-05-01T16:00:00+00:00,19.200,8.100,Open-Meteo Historical Weather API,"Casalecchio di Reno, Bologna, Italy",44.4756,11.2759
2020-05-01T17:00:00+00:00,18.500,8.400,Open-Meteo Historical Weather API,"Casalecchio di Reno, Bologna, Italy",44.4756,11.2759
2020-05-01T18:00:00+00:00,17.400,9.600,Open-Meteo Historical Weather API,"Casalecchio di Reno, Bologna, Italy",44.4756,11.2759
2020-05-01T19:00:00+00:00,15.900,11.200,Open-Meteo Historical Weather API,"Casalecchio di Reno, Bologna, Italy",44.4756,11.2759
2020-05-01T20:00:00+00:00,15.400,11.400,Open-Meteo Historical Weather API,"Casalecchio di Reno, Bologna, Italy",44.4756,11.2759
2020-05-01T21:00:00+00:00,13.300,11.400,Open-Meteo Historical Weather API,"Casalecchio di Reno, Bologna, Italy",44.4756,11.2759
2020-05-01T22:00:00+00:00,13.900,11.700,Open-Meteo Historical Weather API,"Casalecchio di Reno, Bologna, Italy",44.4756,11.2759
2020-05-01T23:00:00+00:00,14.000,11.600,Open-Meteo Historical Weather API,"Casalecchio di Reno, Bologna, Italy",44.4756,11.2759
2020-05-02T00:00:00+00:00,14.900,11.600,Open-Meteo Historical Weather API,"Casalecchio di Reno, Bologna, Italy",44.4756,11.2759
2020-05-02T01:00:00+00:00,14.000,12.100,Open-Meteo Historical Weather API,"Casalecchio di Reno, Bologna, Italy",44.4756,11.2759
2020-05-02T02:00:00+00:00,12.900,11.800,Open-Meteo Historical Weather API,"Casalecchio di Reno, Bologna, Italy",44.4756,11.2759
2020-05-02T03:00:00+00:00,13.100,12.100,Open-Meteo Historical Weather API,"Casalecchio di Reno, Bologna, Italy",44.4756,11.2759
2020-05-02T04:00:00+00:00,12.900,11.900,Open-Meteo Historical Weather API,"Casalecchio di Reno, Bologna, Italy",44.4756,11.2759
2020-05-02T05:00:00+00:00,13.900,12.600,Open-Meteo Historical Weather API,"Casalecchio di Reno, Bologna, Italy",44.4756,11.2759
2020-05-02T06:00:00+00:00,16.400,13.700,Open-Meteo Historical Weather API,"Casalecchio di Reno, Bologna, Italy",44.4756,11.2759
2020-05-02T07:00:00+00:00,17.700,13.000,Open-Meteo Historical Weather API,"Casalecchio di Reno, Bologna, Italy",44.4756,11.2759
2020-05-02T08:00:00+00:00,19.000,12.800,Open-Meteo Historical Weather API,"Casalecchio di Reno, Bologna, Italy",44.4756,11.2759
2020-05-02T09:00:00+00:00,19.800,12.400,Open-Meteo Historical Weather API,"Casalecchio di Reno, Bologna, Italy",44.4756,11.2759
2020-05-02T10:00:00+00:00,20.800,12.100,Open-Meteo Historical Weather API,"Casalecchio di Reno, Bologna, Italy",44.4756,11.2759
2020-05-02T11:00:00+00:00,21.900,11.100,Open-Meteo Historical Weather API,"Casalecchio di Reno, Bologna, Italy",44.4756,11.2759
2020-05-02T12:00:00+00:00,22.400,11.600,Open-Meteo Historical Weather API,"Casalecchio di Reno, Bologna, Italy",44.4756,11.2759
2020-05-02T13:00:00+00:00,23.500,9.800,Open-Meteo Historical Weather API,"Casalecchio di Reno, Bologna, Italy",44.4756,11.2759
2020-05-02T14:00:00+00:00,23.400,7.100,Open-Meteo Historical Weather API,"Casalecchio di Reno, Bologna, Italy",44.4756,11.2759
2020-05-02T15:00:00+00:00,23.500,6.400,Open-Meteo Historical Weather API,"Casalecchio di Reno, Bologna, Italy",44.4756,11.2759
2020-05-02T16:00:00+00:00,23.200,6.100,Open-Meteo Historical Weather API,"Casalecchio di Reno, Bologna, Italy",44.4756,11.2759
2020-05-02T17:00:00+00:00,21.800,11.700,Open-Meteo Historical Weather API,"Casalecchio di Reno, Bologna, Italy",44.4756,11.2759
2020-05-02T18:00:00+00:00,19.000,11.500,Open-Meteo Historical Weather API,"Casalecchio di Reno, Bologna, Italy",44.4756,11.2759
2020-05-02T19:00:00+00:00,16.500,12.700,Open-Meteo Historical Weather API,"Casalecchio di Reno, Bologna, Italy",44.4756,11.2759
2020-05-02T20:00:00+00:00,15.800,10.900,Open-Meteo Historical Weather API,"Casalecchio di Reno, Bologna, Italy",44.4756,11.2759
2020-05-02T21:00:00+00:00,16.100,11.800,Open-Meteo Historical Weather API,"Casalecchio di Reno, Bologna, Italy",44.4756,11.2759
2020-05-02T22:00:00+00:00,16.100,12.200,Open-Meteo Historical Weather API,"Casalecchio di Reno, Bologna, Italy",44.4756,11.2759
2020-05-02T23:00:00+00:00,15.200,11.900,Open-Meteo Historical Weather API,"Casalecchio di Reno, Bologna, Italy",44.4756,11.2759
2020-05-03T00:00:00+00:00,16.200,9.700,Open-Meteo Historical Weather API,"Casalecchio di Reno, Bologna, Italy",44.4756,11.2759
2020-05-03T01:00:00+00:00,15.800,8.400,Open-Meteo Historical Weather API,"Casalecchio di Reno, Bologna, Italy",44.4756,11.2759
2020-05-03T02:00:00+00:00,14.400,8.700,Open-Meteo Historical Weather API,"Casalecchio di Reno, Bologna, Italy",44.4756,11.2759
2020-05-03T03:00:00+00:00,13.800,9.100,Open-Meteo Historical Weather API,"Casalecchio di Reno, Bologna, Italy",44.4756,11.2759
2020-05-03T04:00:00+00:00,12.400,11.900,Open-Meteo Historical Weather API,"Casalecchio di Reno, Bologna, Italy",44.4756,11.2759
2020-05-03T05:00:00+00:00,14.300,13.400,Open-Meteo Historical Weather API,"Casalecchio di Reno, Bologna, Italy",44.4756,11.2759
2020-05-03T06:00:00+00:00,14.400,12.700,Open-Meteo Historical Weather API,"Casalecchio di Reno, Bologna, Italy",44.4756,11.2759
2020-05-03T07:00:00+00:00,15.100,12.400,Open-Meteo Historical Weather API,"Casalecchio di Reno, Bologna, Italy",44.4756,11.2759
2020-05-03T08:00:00+00:00,16.400,12.800,Open-Meteo Historical Weather API,"Casalecchio di Reno, Bologna, Italy",44.4756,11.2759
2020-05-03T09:00:00+00:00,15.400,12.500,Open-Meteo Historical Weather API,"Casalecchio di Reno, Bologna, Italy",44.4756,11.2759
2020-05-03T10:00:00+00:00,16.800,9.600,Open-Meteo Historical Weather API,"Casalecchio di Reno, Bologna, Italy",44.4756,11.2759
2020-05-03T11:00:00+00:00,18.100,7.800,Open-Meteo Historical Weather API,"Casalecchio di Reno, Bologna, Italy",44.4756,11.2759
2020-05-03T12:00:00+00:00,19.600,7.100,Open-Meteo Historical Weather API,"Casalecchio di Reno, Bologna, Italy",44.4756,11.2759
2020-05-03T13:00:00+00:00,20.600,7.700,Open-Meteo Historical Weather API,"Casalecchio di Reno, Bologna, Italy",44.4756,11.2759
2020-05-03T14:00:00+00:00,20.600,7.900,Open-Meteo Historical Weather API,"Casalecchio di Reno, Bologna, Italy",44.4756,11.2759
2020-05-03T15:00:00+00:00,20.100,7.200,Open-Meteo Historical Weather API,"Casalecchio di Reno, Bologna, Italy",44.4756,11.2759
2020-05-03T16:00:00+00:00,19.500,6.400,Open-Meteo Historical Weather API,"Casalecchio di Reno, Bologna, Italy",44.4756,11.2759
2020-05-03T17:00:00+00:00,18.500,5.200,Open-Meteo Historical Weather API,"Casalecchio di Reno, Bologna, Italy",44.4756,11.2759
2020-05-03T18:00:00+00:00,16.500,4.400,Open-Meteo Historical Weather API,"Casalecchio di Reno, Bologna, Italy",44.4756,11.2759
2020-05-03T19:00:00+00:00,14.400,5.300,Open-Meteo Historical Weather API,"Casalecchio di Reno, Bologna, Italy",44.4756,11.2759
2020-05-03T20:00:00+00:00,13.100,6.100,Open-Meteo Historical Weather API,"Casalecchio di Reno, Bologna, Italy",44.4756,11.2759
2020-05-03T21:00:00+00:00,11.900,5.200,Open-Meteo Historical Weather API,"Casalecchio di Reno, Bologna, Italy",44.4756,11.2759
2020-05-03T22:00:00+00:00,11.300,3.600,Open-Meteo Historical Weather API,"Casalecchio di Reno, Bologna, Italy",44.4756,11.2759
2020-05-03T23:00:00+00:00,10.800,2.000,Open-Meteo Historical Weather API,"Casalecchio di Reno, Bologna, Italy",44.4756,11.2759
2020-05-04T00:00:00+00:00,11.800,-1.200,Open-Meteo Historical Weather API,"Casalecchio di Reno, Bologna, Italy",44.4756,11.2759
2020-05-04T01:00:00+00:00,11.600,-1.100,Open-Meteo Historical Weather API,"Casalecchio di Reno, Bologna, Italy",44.4756,11.2759
2020-05-04T02:00:00+00:00,11.200,-0.400,Open-Meteo Historical Weather API,"Casalecchio di Reno, Bologna, Italy",44.4756,11.2759
2020-05-04T03:00:00+00:00,11.400,0.400,Open-Meteo Historical Weather API,"Casalecchio di Reno, Bologna, Italy",44.4756,11.2759
2020-05-04T04:00:00+00:00,11.600,0.700,Open-Meteo Historical Weather API,"Casalecchio di Reno, Bologna, Italy",44.4756,11.2759
2020-05-04T05:00:00+00:00,12.600,1.700,Open-Meteo Historical Weather API,"Casalecchio di Reno, Bologna, Italy",44.4756,11.2759
2020-05-04T06:00:00+00:00,15.400,3.000,Open-Meteo Historical Weather API,"Casalecchio di Reno, Bologna, Italy",44.4756,11.2759
2020-05-04T07:00:00+00:00,17.500,2.700,Open-Meteo Historical Weather API,"Casalecchio di Reno, Bologna, Italy",44.4756,11.2759
2020-05-04T08:00:00+00:00,19.000,2.800,Open-Meteo Historical Weather API,"Casalecchio di Reno, Bologna, Italy",44.4756,11.2759
2020-05-04T09:00:00+00:00,20.400,3.500,Open-Meteo Historical Weather API,"Casalecchio di Reno, Bologna, Italy",44.4756,11.2759
2020-05-04T10:00:00+00:00,21.700,4.100,Open-Meteo Historical Weather API,"Casalecchio di Reno, Bologna, Italy",44.4756,11.2759
2020-05-04T11:00:00+00:00,22.600,4.700,Open-Meteo Historical Weather API,"Casalecchio di Reno, Bologna, Italy",44.4756,11.2759
2020-05-04T12:00:00+00:00,22.900,5.700,Open-Meteo Historical Weather API,"Casalecchio di Reno, Bologna, Italy",44.4756,11.2759
2020-05-04T13:00:00+00:00,23.300,6.000,Open-Meteo Historical Weather API,"Casalecchio di Reno, Bologna, Italy",44.4756,11.2759
2020-05-04T14:00:00+00:00,23.200,6.200,Open-Meteo Historical Weather API,"Casalecchio di Reno, Bologna, Italy",44.4756,11.2759
2020-05-04T15:00:00+00:00,22.900,6.400,Open-Meteo Historical Weather API,"Casalecchio di Reno, Bologna, Italy",44.4756,11.2759
2020-05-04T16:00:00+00:00,21.900,6.800,Open-Meteo Historical Weather API,"Casalecchio di Reno, Bologna, Italy",44.4756,11.2759
2020-05-04T17:00:00+00:00,19.900,8.400,Open-Meteo Historical Weather API,"Casalecchio di Reno, Bologna, Italy",44.4756,11.2759
2020-05-04T18:00:00+00:00,18.400,8.900,Open-Meteo Historical Weather API,"Casalecchio di Reno, Bologna, Italy",44.4756,11.2759
2020-05-04T19:00:00+00:00,16.800,9.200,Open-Meteo Historical Weather API,"Casalecchio di Reno, Bologna, Italy",44.4756,11.2759
2020-05-04T20:00:00+00:00,15.400,9.400,Open-Meteo Historical Weather API,"Casalecchio di Reno, Bologna, Italy",44.4756,11.2759
2020-05-04T21:00:00+00:00,16.500,8.000,Open-Meteo Historical Weather API,"Casalecchio di Reno, Bologna, Italy",44.4756,11.2759
2020-05-04T22:00:00+00:00,16.500,5.800,Open-Meteo Historical Weather API,"Casalecchio di Reno, Bologna, Italy",44.4756,11.2759
2020-05-04T23:00:00+00:00,15.900,2.200,Open-Meteo Historical Weather API,"Casalecchio di Reno, Bologna, Italy",44.4756,11.2759
2020-05-05T00:00:00+00:00,15.900,-0.700,Open-Meteo Historical Weather API,"Casalecchio di Reno, Bologna, Italy",44.4756,11.2759
2020-05-05T01:00:00+00:00,15.500,0.400,Open-Meteo Historical Weather API,"Casalecchio di Reno, Bologna, Italy",44.4756,11.2759
2020-05-05T02:00:00+00:00,14.900,2.000,Open-Meteo Historical Weather API,"Casalecchio di Reno, Bologna, Italy",44.4756,11.2759
2020-05-05T03:00:00+00:00,14.400,4.100,Open-Meteo Historical Weather API,"Casalecchio di Reno, Bologna, Italy",44.4756,11.2759
2020-05-05T04:00:00+00:00,14.200,5.700,Open-Meteo Historical Weather API,"Casalecchio di Reno, Bologna, Italy",44.4756,11.2759
2020-05-05T05:00:00+00:00,15.100,7.400,Open-Meteo Historical Weather API,"Casalecchio di Reno, Bologna, Italy",44.4756,11.2759
2020-05-05T06:00:00+00:00,17.000,9.000,Open-Meteo Historical Weather API,"Casalecchio di Reno, Bologna, Italy",44.4756,11.2759
2020-05-05T07:00:00+00:00,18.800,9.300,Open-Meteo Historical Weather API,"Casalecchio di Reno, Bologna, Italy",44.4756,11.2759
2020-05-05T08:00:00+00:00,18.700,7.000,Open-Meteo Historical Weather API,"Casalecchio di Reno, Bologna, Italy",44.4756,11.2759
2020-05-05T09:00:00+00:00,19.900,6.800,Open-Meteo Historical Weather API,"Casalecchio di Reno, Bologna, Italy",44.4756,11.2759
2020-05-05T10:00:00+00:00,21.900,8.400,Open-Meteo Historical Weather API,"Casalecchio di Reno, Bologna, Italy",44.4756,11.2759
2020-05-05T11:00:00+00:00,23.100,9.900,Open-Meteo Historical Weather API,"Casalecchio di Reno, Bologna, Italy",44.4756,11.2759
2020-05-05T12:00:00+00:00,23.400,10.400,Open-Meteo Historical Weather API,"Casalecchio di Reno, Bologna, Italy",44.4756,11.2759
2020-05-05T13:00:00+00:00,22.700,10.900,Open-Meteo Historical Weather API,"Casalecchio di Reno, Bologna, Italy",44.4756,11.2759
2020-05-05T14:00:00+00:00,23.000,11.600,Open-Meteo Historical Weather API,"Casalecchio di Reno, Bologna, Italy",44.4756,11.2759
2020-05-05T15:00:00+00:00,24.000,10.900,Open-Meteo Historical Weather API,"Casalecchio di Reno, Bologna, Italy",44.4756,11.2759
2020-05-05T16:00:00+00:00,23.900,10.900,Open-Meteo Historical Weather API,"Casalecchio di Reno, Bologna, Italy",44.4756,11.2759
2020-05-05T17:00:00+00:00,22.800,11.900,Open-Meteo Historical Weather API,"Casalecchio di Reno, Bologna, Italy",44.4756,11.2759
2020-05-05T18:00:00+00:00,20.100,11.900,Open-Meteo Historical Weather API,"Casalecchio di Reno, Bologna, Italy",44.4756,11.2759
2020-05-05T19:00:00+00:00,18.500,11.800,Open-Meteo Historical Weather API,"Casalecchio di Reno, Bologna, Italy",44.4756,11.2759
2020-05-05T20:00:00+00:00,17.700,11.600,Open-Meteo Historical Weather API,"Casalecchio di Reno, Bologna, Italy",44.4756,11.2759
2020-05-05T21:00:00+00:00,17.100,11.400,Open-Meteo Historical Weather API,"Casalecchio di Reno, Bologna, Italy",44.4756,11.2759
2020-05-05T22:00:00+00:00,16.600,10.900,Open-Meteo Historical Weather API,"Casalecchio di Reno, Bologna, Italy",44.4756,11.2759
2020-05-05T23:00:00+00:00,16.400,10.700,Open-Meteo Historical Weather API,"Casalecchio di Reno, Bologna, Italy",44.4756,11.2759
2020-05-06T00:00:00+00:00,15.800,10.600,Open-Meteo Historical Weather API,"Casalecchio di Reno, Bologna, Italy",44.4756,11.2759
2020-05-06T01:00:00+00:00,15.600,10.600,Open-Meteo Historical Weather API,"Casalecchio di Reno, Bologna, Italy",44.4756,11.2759
2020-05-06T02:00:00+00:00,15.400,10.600,Open-Meteo Historical Weather API,"Casalecchio di Reno, Bologna, Italy",44.4756,11.2759
2020-05-06T03:00:00+00:00,15.100,10.600,Open-Meteo Historical Weather API,"Casalecchio di Reno, Bologna, Italy",44.4756,11.2759
2020-05-06T04:00:00+00:00,14.800,10.600,Open-Meteo Historical Weather API,"Casalecchio di Reno, Bologna, Italy",44.4756,11.2759
2020-05-06T05:00:00+00:00,15.200,10.900,Open-Meteo Historical Weather API,"Casalecchio di Reno, Bologna, Italy",44.4756,11.2759
2020-05-06T06:00:00+00:00,15.600,12.100,Open-Meteo Historical Weather API,"Casalecchio di Reno, Bologna, Italy",44.4756,11.2759
2020-05-06T07:00:00+00:00,16.800,13.200,Open-Meteo Historical Weather API,"Casalecchio di Reno, Bologna, Italy",44.4756,11.2759
2020-05-06T08:00:00+00:00,16.700,13.500,Open-Meteo Historical Weather API,"Casalecchio di Reno, Bologna, Italy",44.4756,11.2759
2020-05-06T09:00:00+00:00,14.400,11.500,Open-Meteo Historical Weather API,"Casalecchio di Reno, Bologna, Italy",44.4756,11.2759
2020-05-06T10:00:00+00:00,13.900,11.200,Open-Meteo Historical Weather API,"Casalecchio di Reno, Bologna, Italy",44.4756,11.2759
2020-05-06T11:00:00+00:00,13.900,11.400,Open-Meteo Historical Weather API,"Casalecchio di Reno, Bologna, Italy",44.4756,11.2759
2020-05-06T12:00:00+00:00,17.900,11.000,Open-Meteo Historical Weather API,"Casalecchio di Reno, Bologna, Italy",44.4756,11.2759
2020-05-06T13:00:00+00:00,18.100,11.100,Open-Meteo Historical Weather API,"Casalecchio di Reno, Bologna, Italy",44.4756,11.2759
2020-05-06T14:00:00+00:00,19.300,10.800,Open-Meteo Historical Weather API,"Casalecchio di Reno, Bologna, Italy",44.4756,11.2759
2020-05-06T15:00:00+00:00,18.600,10.600,Open-Meteo Historical Weather API,"Casalecchio di Reno, Bologna, Italy",44.4756,11.2759
2020-05-06T16:00:00+00:00,17.700,10.400,Open-Meteo Historical Weather API,"Casalecchio di Reno, Bologna, Italy",44.4756,11.2759
2020-05-06T17:00:00+00:00,17.200,9.900,Open-Meteo Historical Weather API,"Casalecchio di Reno, Bologna, Italy",44.4756,11.2759
2020-05-06T18:00:00+00:00,15.800,9.400,Open-Meteo Historical Weather API,"Casalecchio di Reno, Bologna, Italy",44.4756,11.2759
2020-05-06T19:00:00+00:00,13.800,8.600,Open-Meteo Historical Weather API,"Casalecchio di Reno, Bologna, Italy",44.4756,11.2759
2020-05-06T20:00:00+00:00,12.700,8.700,Open-Meteo Historical Weather API,"Casalecchio di Reno, Bologna, Italy",44.4756,11.2759
2020-05-06T21:00:00+00:00,11.200,9.000,Open-Meteo Historical Weather API,"Casalecchio di Reno, Bologna, Italy",44.4756,11.2759
2020-05-06T22:00:00+00:00,10.400,8.900,Open-Meteo Historical Weather API,"Casalecchio di Reno, Bologna, Italy",44.4756,11.2759
2020-05-06T23:00:00+00:00,9.700,8.500,Open-Meteo Historical Weather API,"Casalecchio di Reno, Bologna, Italy",44.4756,11.2759
2020-05-07T00:00:00+00:00,10.400,9.700,Open-Meteo Historical Weather API,"Casalecchio di Reno, Bologna, Italy",44.4756,11.2759
2020-05-07T01:00:00+00:00,10.100,9.100,Open-Meteo Historical Weather API,"Casalecchio di Reno, Bologna, Italy",44.4756,11.2759
2020-05-07T02:00:00+00:00,9.200,7.900,Open-Meteo Historical Weather API,"Casalecchio di Reno, Bologna, Italy",44.4756,11.2759
2020-05-07T03:00:00+00:00,9.200,7.000,Open-Meteo Historical Weather API,"Casalecchio di Reno, Bologna, Italy",44.4756,11.2759
2020-05-07T04:00:00+00:00,8.600,5.800,Open-Meteo Historical Weather API,"Casalecchio di Reno, Bologna, Italy",44.4756,11.2759
2020-05-07T05:00:00+00:00,11.100,5.500,Open-Meteo Historical Weather API,"Casalecchio di Reno, Bologna, Italy",44.4756,11.2759
2020-05-07T06:00:00+00:00,13.600,7.400,Open-Meteo Historical Weather API,"Casalecchio di Reno, Bologna, Italy",44.4756,11.2759
2020-05-07T07:00:00+00:00,15.900,8.000,Open-Meteo Historical Weather API,"Casalecchio di Reno, Bologna, Italy",44.4756,11.2759
2020-05-07T08:00:00+00:00,17.600,6.200,Open-Meteo Historical Weather API,"Casalecchio di Reno, Bologna, Italy",44.4756,11.2759
2020-05-07T09:00:00+00:00,19.000,5.500,Open-Meteo Historical Weather API,"Casalecchio di Reno, Bologna, Italy",44.4756,11.2759
2020-05-07T10:00:00+00:00,20.200,5.800,Open-Meteo Historical Weather API,"Casalecchio di Reno, Bologna, Italy",44.4756,11.2759
2020-05-07T11:00:00+00:00,21.300,6.100,Open-Meteo Historical Weather API,"Casalecchio di Reno, Bologna, Italy",44.4756,11.2759
2020-05-07T12:00:00+00:00,21.400,7.200,Open-Meteo Historical Weather API,"Casalecchio di Reno, Bologna, Italy",44.4756,11.2759
2020-05-07T13:00:00+00:00,22.100,6.900,Open-Meteo Historical Weather API,"Casalecchio di Reno, Bologna, Italy",44.4756,11.2759
2020-05-07T14:00:00+00:00,22.400,6.800,Open-Meteo Historical Weather API,"Casalecchio di Reno, Bologna, Italy",44.4756,11.2759
2020-05-07T15:00:00+00:00,22.400,6.800,Open-Meteo Historical Weather API,"Casalecchio di Reno, Bologna, Italy",44.4756,11.2759
2020-05-07T16:00:00+00:00,21.900,6.400,Open-Meteo Historical Weather API,"Casalecchio di Reno, Bologna, Italy",44.4756,11.2759
2020-05-07T17:00:00+00:00,20.900,5.900,Open-Meteo Historical Weather API,"Casalecchio di Reno, Bologna, Italy",44.4756,11.2759
2020-05-07T18:00:00+00:00,18.500,5.800,Open-Meteo Historical Weather API,"Casalecchio di Reno, Bologna, Italy",44.4756,11.2759
2020-05-07T19:00:00+00:00,16.300,5.800,Open-Meteo Historical Weather API,"Casalecchio di Reno, Bologna, Italy",44.4756,11.2759
2020-05-07T20:00:00+00:00,14.400,6.700,Open-Meteo Historical Weather API,"Casalecchio di Reno, Bologna, Italy",44.4756,11.2759
2020-05-07T21:00:00+00:00,12.500,7.400,Open-Meteo Historical Weather API,"Casalecchio di Reno, Bologna, Italy",44.4756,11.2759
2020-05-07T22:00:00+00:00,11.400,7.600,Open-Meteo Historical Weather API,"Casalecchio di Reno, Bologna, Italy",44.4756,11.2759
2020-05-07T23:00:00+00:00,11.100,7.100,Open-Meteo Historical Weather API,"Casalecchio di Reno, Bologna, Italy",44.4756,11.2759
2020-05-08T00:00:00+00:00,10.600,6.800,Open-Meteo Historical Weather API,"Casalecchio di Reno, Bologna, Italy",44.4756,11.2759
2020-05-08T01:00:00+00:00,10.800,6.500,Open-Meteo Historical Weather API,"Casalecchio di Reno, Bologna, Italy",44.4756,11.2759
2020-05-08T02:00:00+00:00,11.600,6.100,Open-Meteo Historical Weather API,"Casalecchio di Reno, Bologna, Italy",44.4756,11.2759
2020-05-08T03:00:00+00:00,11.400,5.800,Open-Meteo Historical Weather API,"Casalecchio di Reno, Bologna, Italy",44.4756,11.2759
2020-05-08T04:00:00+00:00,11.100,5.800,Open-Meteo Historical Weather API,"Casalecchio di Reno, Bologna, Italy",44.4756,11.2759
2020-05-08T05:00:00+00:00,12.900,6.800,Open-Meteo Historical Weather API,"Casalecchio di Reno, Bologna, Italy",44.4756,11.2759
2020-05-08T06:00:00+00:00,16.400,8.600,Open-Meteo Historical Weather API,"Casalecchio di Reno, Bologna, Italy",44.4756,11.2759
2020-05-08T07:00:00+00:00,18.900,8.900,Open-Meteo Historical Weather API,"Casalecchio di Reno, Bologna, Italy",44.4756,11.2759
2020-05-08T08:00:00+00:00,20.400,9.400,Open-Meteo Historical Weather API,"Casalecchio di Reno, Bologna, Italy",44.4756,11.2759
2020-05-08T09:00:00+00:00,22.400,9.300,Open-Meteo Historical Weather API,"Casalecchio di Reno, Bologna, Italy",44.4756,11.2759
2020-05-08T10:00:00+00:00,24.000,8.800,Open-Meteo Historical Weather API,"Casalecchio di Reno, Bologna, Italy",44.4756,11.2759
2020-05-08T11:00:00+00:00,25.200,8.600,Open-Meteo Historical Weather API,"Casalecchio di Reno, Bologna, Italy",44.4756,11.2759
2020-05-08T12:00:00+00:00,25.000,9.500,Open-Meteo Historical Weather API,"Casalecchio di Reno, Bologna, Italy",44.4756,11.2759
2020-05-08T13:00:00+00:00,25.700,9.100,Open-Meteo Historical Weather API,"Casalecchio di Reno, Bologna, Italy",44.4756,11.2759
2020-05-08T14:00:00+00:00,26.100,8.100,Open-Meteo Historical Weather API,"Casalecchio di Reno, Bologna, Italy",44.4756,11.2759
2020-05-08T15:00:00+00:00,26.200,7.400,Open-Meteo Historical Weather API,"Casalecchio di Reno, Bologna, Italy",44.4756,11.2759
2020-05-08T16:00:00+00:00,25.600,6.700,Open-Meteo Historical Weather API,"Casalecchio di Reno, Bologna, Italy",44.4756,11.2759
2020-05-08T17:00:00+00:00,24.100,8.100,Open-Meteo Historical Weather API,"Casalecchio di Reno, Bologna, Italy",44.4756,11.2759
2020-05-08T18:00:00+00:00,21.900,6.500,Open-Meteo Historical Weather API,"Casalecchio di Reno, Bologna, Italy",44.4756,11.2759
2020-05-08T19:00:00+00:00,20.300,4.700,Open-Meteo Historical Weather API,"Casalecchio di Reno, Bologna, Italy",44.4756,11.2759
2020-05-08T20:00:00+00:00,19.200,3.300,Open-Meteo Historical Weather API,"Casalecchio di Reno, Bologna, Italy",44.4756,11.2759
2020-05-08T21:00:00+00:00,18.500,2.500,Open-Meteo Historical Weather API,"Casalecchio di Reno, Bologna, Italy",44.4756,11.2759
2020-05-08T22:00:00+00:00,18.000,1.500,Open-Meteo Historical Weather API,"Casalecchio di Reno, Bologna, Italy",44.4756,11.2759
2020-05-08T23:00:00+00:00,17.700,1.300,Open-Meteo Historical Weather API,"Casalecchio di Reno, Bologna, Italy",44.4756,11.2759
2020-05-09T00:00:00+00:00,17.900,1.800,Open-Meteo Historical Weather API,"Casalecchio di Reno, Bologna, Italy",44.4756,11.2759
2020-05-09T01:00:00+00:00,17.200,0.400,Open-Meteo Historical Weather API,"Casalecchio di Reno, Bologna, Italy",44.4756,11.2759
2020-05-09T02:00:00+00:00,16.900,-0.200,Open-Meteo Historical Weather API,"Casalecchio di Reno, Bologna, Italy",44.4756,11.2759
2020-05-09T03:00:00+00:00,16.600,-0.300,Open-Meteo Historical Weather API,"Casalecchio di Reno, Bologna, Italy",44.4756,11.2759
2020-05-09T04:00:00+00:00,15.500,0.200,Open-Meteo Historical Weather API,"Casalecchio di Reno, Bologna, Italy",44.4756,11.2759
2020-05-09T05:00:00+00:00,16.100,1.700,Open-Meteo Historical Weather API,"Casalecchio di Reno, Bologna, Italy",44.4756,11.2759
2020-05-09T06:00:00+00:00,18.500,3.500,Open-Meteo Historical Weather API,"Casalecchio di Reno, Bologna, Italy",44.4756,11.2759
2020-05-09T07:00:00+00:00,21.000,4.200,Open-Meteo Historical Weather API,"Casalecchio di Reno, Bologna, Italy",44.4756,11.2759
2020-05-09T08:00:00+00:00,22.500,2.200,Open-Meteo Historical Weather API,"Casalecchio di Reno, Bologna, Italy",44.4756,11.2759
2020-05-09T09:00:00+00:00,23.700,3.400,Open-Meteo Historical Weather API,"Casalecchio di Reno, Bologna, Italy",44.4756,11.2759
2020-05-09T10:00:00+00:00,25.000,4.600,Open-Meteo Historical Weather API,"Casalecchio di Reno, Bologna, Italy",44.4756,11.2759
2020-05-09T11:00:00+00:00,26.000,4.600,Open-Meteo Historical Weather API,"Casalecchio di Reno, Bologna, Italy",44.4756,11.2759
2020-05-09T12:00:00+00:00,25.800,3.500,Open-Meteo Historical Weather API,"Casalecchio di Reno, Bologna, Italy",44.4756,11.2759
2020-05-09T13:00:00+00:00,26.600,3.600,Open-Meteo Historical Weather API,"Casalecchio di Reno, Bologna, Italy",44.4756,11.2759
2020-05-09T14:00:00+00:00,26.400,4.000,Open-Meteo Historical Weather API,"Casalecchio di Reno, Bologna, Italy",44.4756,11.2759
2020-05-09T15:00:00+00:00,26.000,4.200,Open-Meteo Historical Weather API,"Casalecchio di Reno, Bologna, Italy",44.4756,11.2759
2020-05-09T16:00:00+00:00,25.300,4.600,Open-Meteo Historical Weather API,"Casalecchio di Reno, Bologna, Italy",44.4756,11.2759
2020-05-09T17:00:00+00:00,23.900,5.900,Open-Meteo Historical Weather API,"Casalecchio di Reno, Bologna, Italy",44.4756,11.2759
2020-05-09T18:00:00+00:00,21.900,7.300,Open-Meteo Historical Weather API,"Casalecchio di Reno, Bologna, Italy",44.4756,11.2759
2020-05-09T19:00:00+00:00,20.700,7.900,Open-Meteo Historical Weather API,"Casalecchio di Reno, Bologna, Italy",44.4756,11.2759
2020-05-09T20:00:00+00:00,20.200,8.100,Open-Meteo Historical Weather API,"Casalecchio di Reno, Bologna, Italy",44.4756,11.2759
2020-05-09T21:00:00+00:00,19.500,7.600,Open-Meteo Historical Weather API,"Casalecchio di Reno, Bologna, Italy",44.4756,11.2759
2020-05-09T22:00:00+00:00,18.900,6.300,Open-Meteo Historical Weather API,"Casalecchio di Reno, Bologna, Italy",44.4756,11.2759
2020-05-09T23:00:00+00:00,18.500,4.100,Open-Meteo Historical Weather API,"Casalecchio di Reno, Bologna, Italy",44.4756,11.2759
2020-05-10T00:00:00+00:00,19.100,2.400,Open-Meteo Historical Weather API,"Casalecchio di Reno, Bologna, Italy",44.4756,11.2759
2020-05-10T01:00:00+00:00,19.100,-0.600,Open-Meteo Historical Weather API,"Casalecchio di Reno, Bologna, Italy",44.4756,11.2759
2020-05-10T02:00:00+00:00,18.900,-1.700,Open-Meteo Historical Weather API,"Casalecchio di Reno, Bologna, Italy",44.4756,11.2759
2020-05-10T03:00:00+00:00,17.800,-0.400,Open-Meteo Historical Weather API,"Casalecchio di Reno, Bologna, Italy",44.4756,11.2759
2020-05-10T04:00:00+00:00,16.100,0.500,Open-Meteo Historical Weather API,"Casalecchio di Reno, Bologna, Italy",44.4756,11.2759
2020-05-10T05:00:00+00:00,17.100,3.600,Open-Meteo Historical Weather API,"Casalecchio di Reno, Bologna, Italy",44.4756,11.2759
2020-05-10T06:00:00+00:00,18.600,7.400,Open-Meteo Historical Weather API,"Casalecchio di Reno, Bologna, Italy",44.4756,11.2759
2020-05-10T07:00:00+00:00,19.200,8.400,Open-Meteo Historical Weather API,"Casalecchio di Reno, Bologna, Italy",44.4756,11.2759
2020-05-10T08:00:00+00:00,19.800,8.400,Open-Meteo Historical Weather API,"Casalecchio di Reno, Bologna, Italy",44.4756,11.2759
2020-05-10T09:00:00+00:00,21.600,9.100,Open-Meteo Historical Weather API,"Casalecchio di Reno, Bologna, Italy",44.4756,11.2759
2020-05-10T10:00:00+00:00,22.900,9.100,Open-Meteo Historical Weather API,"Casalecchio di Reno, Bologna, Italy",44.4756,11.2759
2020-05-10T11:00:00+00:00,24.500,8.600,Open-Meteo Historical Weather API,"Casalecchio di Reno, Bologna, Italy",44.4756,11.2759
2020-05-10T12:00:00+00:00,24.100,8.500,Open-Meteo Historical Weather API,"Casalecchio di Reno, Bologna, Italy",44.4756,11.2759
2020-05-10T13:00:00+00:00,25.300,7.400,Open-Meteo Historical Weather API,"Casalecchio di Reno, Bologna, Italy",44.4756,11.2759
2020-05-10T14:00:00+00:00,26.200,8.100,Open-Meteo Historical Weather API,"Casalecchio di Reno, Bologna, Italy",44.4756,11.2759
2020-05-10T15:00:00+00:00,25.500,9.100,Open-Meteo Historical Weather API,"Casalecchio di Reno, Bologna, Italy",44.4756,11.2759
2020-05-10T16:00:00+00:00,25.500,10.100,Open-Meteo Historical Weather API,"Casalecchio di Reno, Bologna, Italy",44.4756,11.2759
2020-05-10T17:00:00+00:00,24.900,10.300,Open-Meteo Historical Weather API,"Casalecchio di Reno, Bologna, Italy",44.4756,11.2759
2020-05-10T18:00:00+00:00,22.600,11.200,Open-Meteo Historical Weather API,"Casalecchio di Reno, Bologna, Italy",44.4756,11.2759
2020-05-10T19:00:00+00:00,20.500,11.800,Open-Meteo Historical Weather API,"Casalecchio di Reno, Bologna, Italy",44.4756,11.2759
2020-05-10T20:00:00+00:00,19.300,12.100,Open-Meteo Historical Weather API,"Casalecchio di Reno, Bologna, Italy",44.4756,11.2759
2020-05-10T21:00:00+00:00,18.400,12.400,Open-Meteo Historical Weather API,"Casalecchio di Reno, Bologna, Italy",44.4756,11.2759
2020-05-10T22:00:00+00:00,18.100,12.400,Open-Meteo Historical Weather API,"Casalecchio di Reno, Bologna, Italy",44.4756,11.2759
2020-05-10T23:00:00+00:00,18.100,12.400,Open-Meteo Historical Weather API,"Casalecchio di Reno, Bologna, Italy",44.4756,11.2759
2020-05-11T00:00:00+00:00,17.600,12.900,Open-Meteo Historical Weather API,"Casalecchio di Reno, Bologna, Italy",44.4756,11.2759
2020-05-11T01:00:00+00:00,17.800,11.900,Open-Meteo Historical Weather API,"Casalecchio di Reno, Bologna, Italy",44.4756,11.2759
2020-05-11T02:00:00+00:00,15.200,8.700,Open-Meteo Historical Weather API,"Casalecchio di Reno, Bologna, Italy",44.4756,11.2759
2020-05-11T03:00:00+00:00,14.400,11.600,Open-Meteo Historical Weather API,"Casalecchio di Reno, Bologna, Italy",44.4756,11.2759
2020-05-11T04:00:00+00:00,13.900,11.200,Open-Meteo Historical Weather API,"Casalecchio di Reno, Bologna, Italy",44.4756,11.2759
2020-05-11T05:00:00+00:00,13.700,10.600,Open-Meteo Historical Weather API,"Casalecchio di Reno, Bologna, Italy",44.4756,11.2759
2020-05-11T06:00:00+00:00,14.400,10.800,Open-Meteo Historical Weather API,"Casalecchio di Reno, Bologna, Italy",44.4756,11.2759
2020-05-11T07:00:00+00:00,17.400,11.100,Open-Meteo Historical Weather API,"Casalecchio di Reno, Bologna, Italy",44.4756,11.2759
2020-05-11T08:00:00+00:00,19.100,10.900,Open-Meteo Historical Weather API,"Casalecchio di Reno, Bologna, Italy",44.4756,11.2759
2020-05-11T09:00:00+00:00,20.200,10.800,Open-Meteo Historical Weather API,"Casalecchio di Reno, Bologna, Italy",44.4756,11.2759
2020-05-11T10:00:00+00:00,21.800,9.800,Open-Meteo Historical Weather API,"Casalecchio di Reno, Bologna, Italy",44.4756,11.2759
2020-05-11T11:00:00+00:00,22.100,9.400,Open-Meteo Historical Weather API,"Casalecchio di Reno, Bologna, Italy",44.4756,11.2759
2020-05-11T12:00:00+00:00,22.800,8.700,Open-Meteo Historical Weather API,"Casalecchio di Reno, Bologna, Italy",44.4756,11.2759
2020-05-11T13:00:00+00:00,21.500,9.200,Open-Meteo Historical Weather API,"Casalecchio di Reno, Bologna, Italy",44.4756,11.2759
2020-05-11T14:00:00+00:00,22.100,9.500,Open-Meteo Historical Weather API,"Casalecchio di Reno, Bologna, Italy",44.4756,11.2759
2020-05-11T15:00:00+00:00,20.800,10.200,Open-Meteo Historical Weather API,"Casalecchio di Reno, Bologna, Italy",44.4756,11.2759
2020-05-11T16:00:00+00:00,20.200,10.700,Open-Meteo Historical Weather API,"Casalecchio di Reno, Bologna, Italy",44.4756,11.2759
2020-05-11T17:00:00+00:00,19.400,11.400,Open-Meteo Historical Weather API,"Casalecchio di Reno, Bologna, Italy",44.4756,11.2759
2020-05-11T18:00:00+00:00,18.300,10.900,Open-Meteo Historical Weather API,"Casalecchio di Reno, Bologna, Italy",44.4756,11.2759
2020-05-11T19:00:00+00:00,18.000,10.400,Open-Meteo Historical Weather API,"Casalecchio di Reno, Bologna, Italy",44.4756,11.2759
2020-05-11T20:00:00+00:00,17.500,10.400,Open-Meteo Historical Weather API,"Casalecchio di Reno, Bologna, Italy",44.4756,11.2759
2020-05-11T21:00:00+00:00,17.200,10.400,Open-Meteo Historical Weather API,"Casalecchio di Reno, Bologna, Italy",44.4756,11.2759
2020-05-11T22:00:00+00:00,16.500,10.500,Open-Meteo Historical Weather API,"Casalecchio di Reno, Bologna, Italy",44.4756,11.2759
2020-05-11T23:00:00+00:00,15.600,10.200,Open-Meteo Historical Weather API,"Casalecchio di Reno, Bologna, Italy",44.4756,11.2759
2020-05-12T00:00:00+00:00,16.900,10.800,Open-Meteo Historical Weather API,"Casalecchio di Reno, Bologna, Italy",44.4756,11.2759
2020-05-12T01:00:00+00:00,17.000,10.900,Open-Meteo Historical Weather API,"Casalecchio di Reno, Bologna, Italy",44.4756,11.2759
2020-05-12T02:00:00+00:00,16.500,11.400,Open-Meteo Historical Weather API,"Casalecchio di Reno, Bologna, Italy",44.4756,11.2759
2020-05-12T03:00:00+00:00,16.000,11.600,Open-Meteo Historical Weather API,"Casalecchio di Reno, Bologna, Italy",44.4756,11.2759
2020-05-12T04:00:00+00:00,15.800,11.800,Open-Meteo Historical Weather API,"Casalecchio di Reno, Bologna, Italy",44.4756,11.2759
2020-05-12T05:00:00+00:00,16.100,12.200,Open-Meteo Historical Weather API,"Casalecchio di Reno, Bologna, Italy",44.4756,11.2759
2020-05-12T06:00:00+00:00,17.000,12.400,Open-Meteo Historical Weather API,"Casalecchio di Reno, Bologna, Italy",44.4756,11.2759
2020-05-12T07:00:00+00:00,19.000,11.700,Open-Meteo Historical Weather API,"Casalecchio di Reno, Bologna, Italy",44.4756,11.2759
2020-05-12T08:00:00+00:00,20.000,11.600,Open-Meteo Historical Weather API,"Casalecchio di Reno, Bologna, Italy",44.4756,11.2759
2020-05-12T09:00:00+00:00,21.600,11.400,Open-Meteo Historical Weather API,"Casalecchio di Reno, Bologna, Italy",44.4756,11.2759
2020-05-12T10:00:00+00:00,22.500,11.100,Open-Meteo Historical Weather API,"Casalecchio di Reno, Bologna, Italy",44.4756,11.2759
2020-05-12T11:00:00+00:00,23.500,10.800,Open-Meteo Historical Weather API,"Casalecchio di Reno, Bologna, Italy",44.4756,11.2759
2020-05-12T12:00:00+00:00,21.200,14.100,Open-Meteo Historical Weather API,"Casalecchio di Reno, Bologna, Italy",44.4756,11.2759
2020-05-12T13:00:00+00:00,23.100,13.700,Open-Meteo Historical Weather API,"Casalecchio di Reno, Bologna, Italy",44.4756,11.2759
2020-05-12T14:00:00+00:00,23.900,13.400,Open-Meteo Historical Weather API,"Casalecchio di Reno, Bologna, Italy",44.4756,11.2759
2020-05-12T15:00:00+00:00,24.300,11.700,Open-Meteo Historical Weather API,"Casalecchio di Reno, Bologna, Italy",44.4756,11.2759
2020-05-12T16:00:00+00:00,23.200,9.400,Open-Meteo Historical Weather API,"Casalecchio di Reno, Bologna, Italy",44.4756,11.2759
2020-05-12T17:00:00+00:00,21.600,9.600,Open-Meteo Historical Weather API,"Casalecchio di Reno, Bologna, Italy",44.4756,11.2759
2020-05-12T18:00:00+00:00,20.100,9.900,Open-Meteo Historical Weather API,"Casalecchio di Reno, Bologna, Italy",44.4756,11.2759
2020-05-12T19:00:00+00:00,18.500,9.800,Open-Meteo Historical Weather API,"Casalecchio di Reno, Bologna, Italy",44.4756,11.2759
2020-05-12T20:00:00+00:00,17.600,9.500,Open-Meteo Historical Weather API,"Casalecchio di Reno, Bologna, Italy",44.4756,11.2759
2020-05-12T21:00:00+00:00,16.800,8.800,Open-Meteo Historical Weather API,"Casalecchio di Reno, Bologna, Italy",44.4756,11.2759
2020-05-12T22:00:00+00:00,15.600,8.600,Open-Meteo Historical Weather API,"Casalecchio di Reno, Bologna, Italy",44.4756,11.2759
2020-05-12T23:00:00+00:00,14.900,8.300,Open-Meteo Historical Weather API,"Casalecchio di Reno, Bologna, Italy",44.4756,11.2759
2020-05-13T00:00:00+00:00,14.600,9.900,Open-Meteo Historical Weather API,"Casalecchio di Reno, Bologna, Italy",44.4756,11.2759
2020-05-13T01:00:00+00:00,13.600,12.400,Open-Meteo Historical Weather API,"Casalecchio di Reno, Bologna, Italy",44.4756,11.2759
2020-05-13T02:00:00+00:00,13.300,13.200,Open-Meteo Historical Weather API,"Casalecchio di Reno, Bologna, Italy",44.4756,11.2759
2020-05-13T03:00:00+00:00,13.400,13.400,Open-Meteo Historical Weather API,"Casalecchio di Reno, Bologna, Italy",44.4756,11.2759
2020-05-13T04:00:00+00:00,13.100,13.100,Open-Meteo Historical Weather API,"Casalecchio di Reno, Bologna, Italy",44.4756,11.2759
2020-05-13T05:00:00+00:00,13.900,13.400,Open-Meteo Historical Weather API,"Casalecchio di Reno, Bologna, Italy",44.4756,11.2759
2020-05-13T06:00:00+00:00,15.500,13.100,Open-Meteo Historical Weather API,"Casalecchio di Reno, Bologna, Italy",44.4756,11.2759
2020-05-13T07:00:00+00:00,17.100,12.600,Open-Meteo Historical Weather API,"Casalecchio di Reno, Bologna, Italy",44.4756,11.2759
2020-05-13T08:00:00+00:00,17.600,12.600,Open-Meteo Historical Weather API,"Casalecchio di Reno, Bologna, Italy",44.4756,11.2759
2020-05-13T09:00:00+00:00,19.000,12.800,Open-Meteo Historical Weather API,"Casalecchio di Reno, Bologna, Italy",44.4756,11.2759
2020-05-13T10:00:00+00:00,21.200,12.400,Open-Meteo Historical Weather API,"Casalecchio di Reno, Bologna, Italy",44.4756,11.2759
2020-05-13T11:00:00+00:00,23.500,11.400,Open-Meteo Historical Weather API,"Casalecchio di Reno, Bologna, Italy",44.4756,11.2759
2020-05-13T12:00:00+00:00,21.000,12.600,Open-Meteo Historical Weather API,"Casalecchio di Reno, Bologna, Italy",44.4756,11.2759
2020-05-13T13:00:00+00:00,20.900,13.200,Open-Meteo Historical Weather API,"Casalecchio di Reno, Bologna, Italy",44.4756,11.2759
2020-05-13T14:00:00+00:00,21.900,12.800,Open-Meteo Historical Weather API,"Casalecchio di Reno, Bologna, Italy",44.4756,11.2759
2020-05-13T15:00:00+00:00,21.600,12.900,Open-Meteo Historical Weather API,"Casalecchio di Reno, Bologna, Italy",44.4756,11.2759
2020-05-13T16:00:00+00:00,21.800,13.200,Open-Meteo Historical Weather API,"Casalecchio di Reno, Bologna, Italy",44.4756,11.2759
2020-05-13T17:00:00+00:00,21.100,13.600,Open-Meteo Historical Weather API,"Casalecchio di Reno, Bologna, Italy",44.4756,11.2759
2020-05-13T18:00:00+00:00,19.400,14.100,Open-Meteo Historical Weather API,"Casalecchio di Reno, Bologna, Italy",44.4756,11.2759
2020-05-13T19:00:00+00:00,17.600,13.900,Open-Meteo Historical Weather API,"Casalecchio di Reno, Bologna, Italy",44.4756,11.2759
2020-05-13T20:00:00+00:00,16.600,13.800,Open-Meteo Historical Weather API,"Casalecchio di Reno, Bologna, Italy",44.4756,11.2759
2020-05-13T21:00:00+00:00,15.100,13.500,Open-Meteo Historical Weather API,"Casalecchio di Reno, Bologna, Italy",44.4756,11.2759
2020-05-13T22:00:00+00:00,16.000,13.100,Open-Meteo Historical Weather API,"Casalecchio di Reno, Bologna, Italy",44.4756,11.2759
2020-05-13T23:00:00+00:00,15.200,13.100,Open-Meteo Historical Weather API,"Casalecchio di Reno, Bologna, Italy",44.4756,11.2759
2020-05-14T00:00:00+00:00,16.000,14.700,Open-Meteo Historical Weather API,"Casalecchio di Reno, Bologna, Italy",44.4756,11.2759
2020-05-14T01:00:00+00:00,14.600,13.800,Open-Meteo Historical Weather API,"Casalecchio di Reno, Bologna, Italy",44.4756,11.2759
2020-05-14T02:00:00+00:00,16.100,14.000,Open-Meteo Historical Weather API,"Casalecchio di Reno, Bologna, Italy",44.4756,11.2759
2020-05-14T03:00:00+00:00,13.800,13.100,Open-Meteo Historical Weather API,"Casalecchio di Reno, Bologna, Italy",44.4756,11.2759
2020-05-14T04:00:00+00:00,14.100,13.400,Open-Meteo Historical Weather API,"Casalecchio di Reno, Bologna, Italy",44.4756,11.2759
2020-05-14T05:00:00+00:00,15.100,14.000,Open-Meteo Historical Weather API,"Casalecchio di Reno, Bologna, Italy",44.4756,11.2759
2020-05-14T06:00:00+00:00,15.900,14.500,Open-Meteo Historical Weather API,"Casalecchio di Reno, Bologna, Italy",44.4756,11.2759
2020-05-14T07:00:00+00:00,17.200,14.700,Open-Meteo Historical Weather API,"Casalecchio di Reno, Bologna, Italy",44.4756,11.2759
2020-05-14T08:00:00+00:00,18.200,14.600,Open-Meteo Historical Weather API,"Casalecchio di Reno, Bologna, Italy",44.4756,11.2759
2020-05-14T09:00:00+00:00,20.400,14.500,Open-Meteo Historical Weather API,"Casalecchio di Reno, Bologna, Italy",44.4756,11.2759
2020-05-14T10:00:00+00:00,22.100,13.900,Open-Meteo Historical Weather API,"Casalecchio di Reno, Bologna, Italy",44.4756,11.2759
2020-05-14T11:00:00+00:00,22.800,13.700,Open-Meteo Historical Weather API,"Casalecchio di Reno, Bologna, Italy",44.4756,11.2759
2020-05-14T12:00:00+00:00,20.200,15.200,Open-Meteo Historical Weather API,"Casalecchio di Reno, Bologna, Italy",44.4756,11.2759
2020-05-14T13:00:00+00:00,21.500,15.100,Open-Meteo Historical Weather API,"Casalecchio di Reno, Bologna, Italy",44.4756,11.2759
2020-05-14T14:00:00+00:00,21.500,15.600,Open-Meteo Historical Weather API,"Casalecchio di Reno, Bologna, Italy",44.4756,11.2759
2020-05-14T15:00:00+00:00,20.500,16.500,Open-Meteo Historical Weather API,"Casalecchio di Reno, Bologna, Italy",44.4756,11.2759
2020-05-14T16:00:00+00:00,21.200,15.800,Open-Meteo Historical Weather API,"Casalecchio di Reno, Bologna, Italy",44.4756,11.2759
2020-05-14T17:00:00+00:00,20.500,15.100,Open-Meteo Historical Weather API,"Casalecchio di Reno, Bologna, Italy",44.4756,11.2759
2020-05-14T18:00:00+00:00,19.300,14.800,Open-Meteo Historical Weather API,"Casalecchio di Reno, Bologna, Italy",44.4756,11.2759
2020-05-14T19:00:00+00:00,17.800,14.900,Open-Meteo Historical Weather API,"Casalecchio di Reno, Bologna, Italy",44.4756,11.2759
2020-05-14T20:00:00+00:00,17.100,14.900,Open-Meteo Historical Weather API,"Casalecchio di Reno, Bologna, Italy",44.4756,11.2759
2020-05-14T21:00:00+00:00,16.000,14.500,Open-Meteo Historical Weather API,"Casalecchio di Reno, Bologna, Italy",44.4756,11.2759
2020-05-14T22:00:00+00:00,15.600,14.500,Open-Meteo Historical Weather API,"Casalecchio di Reno, Bologna, Italy",44.4756,11.2759
2020-05-14T23:00:00+00:00,15.300,14.100,Open-Meteo Historical Weather API,"Casalecchio di Reno, Bologna, Italy",44.4756,11.2759
2020-05-15T00:00:00+00:00,17.000,14.600,Open-Meteo Historical Weather API,"Casalecchio di Reno, Bologna, Italy",44.4756,11.2759
2020-05-15T01:00:00+00:00,17.500,14.600,Open-Meteo Historical Weather API,"Casalecchio di Reno, Bologna, Italy",44.4756,11.2759
2020-05-15T02:00:00+00:00,17.000,14.200,Open-Meteo Historical Weather API,"Casalecchio di Reno, Bologna, Italy",44.4756,11.2759
2020-05-15T03:00:00+00:00,15.200,13.900,Open-Meteo Historical Weather API,"Casalecchio di Reno, Bologna, Italy",44.4756,11.2759
2020-05-15T04:00:00+00:00,15.400,12.600,Open-Meteo Historical Weather API,"Casalecchio di Reno, Bologna, Italy",44.4756,11.2759
2020-05-15T05:00:00+00:00,16.800,12.100,Open-Meteo Historical Weather API,"Casalecchio di Reno, Bologna, Italy",44.4756,11.2759
2020-05-15T06:00:00+00:00,18.800,11.600,Open-Meteo Historical Weather API,"Casalecchio di Reno, Bologna, Italy",44.4756,11.2759
2020-05-15T07:00:00+00:00,20.300,10.100,Open-Meteo Historical Weather API,"Casalecchio di Reno, Bologna, Italy",44.4756,11.2759
2020-05-15T08:00:00+00:00,21.100,10.300,Open-Meteo Historical Weather API,"Casalecchio di Reno, Bologna, Italy",44.4756,11.2759
2020-05-15T09:00:00+00:00,22.600,9.800,Open-Meteo Historical Weather API,"Casalecchio di Reno, Bologna, Italy",44.4756,11.2759
2020-05-15T10:00:00+00:00,22.900,9.600,Open-Meteo Historical Weather API,"Casalecchio di Reno, Bologna, Italy",44.4756,11.2759
2020-05-15T11:00:00+00:00,23.500,9.400,Open-Meteo Historical Weather API,"Casalecchio di Reno, Bologna, Italy",44.4756,11.2759
2020-05-15T12:00:00+00:00,24.000,9.400,Open-Meteo Historical Weather API,"Casalecchio di Reno, Bologna, Italy",44.4756,11.2759
2020-05-15T13:00:00+00:00,23.800,9.400,Open-Meteo Historical Weather API,"Casalecchio di Reno, Bologna, Italy",44.4756,11.2759
2020-05-15T14:00:00+00:00,23.200,9.800,Open-Meteo Historical Weather API,"Casalecchio di Reno, Bologna, Italy",44.4756,11.2759
2020-05-15T15:00:00+00:00,23.700,9.900,Open-Meteo Historical Weather API,"Casalecchio di Reno, Bologna, Italy",44.4756,11.2759
2020-05-15T16:00:00+00:00,23.300,10.100,Open-Meteo Historical Weather API,"Casalecchio di Reno, Bologna, Italy",44.4756,11.2759
2020-05-15T17:00:00+00:00,22.500,10.400,Open-Meteo Historical Weather API,"Casalecchio di Reno, Bologna, Italy",44.4756,11.2759
2020-05-15T18:00:00+00:00,20.700,11.200,Open-Meteo Historical Weather API,"Casalecchio di Reno, Bologna, Italy",44.4756,11.2759
2020-05-15T19:00:00+00:00,18.800,11.400,Open-Meteo Historical Weather API,"Casalecchio di Reno, Bologna, Italy",44.4756,11.2759
2020-05-15T20:00:00+00:00,17.600,11.100,Open-Meteo Historical Weather API,"Casalecchio di Reno, Bologna, Italy",44.4756,11.2759
2020-05-15T21:00:00+00:00,16.600,11.000,Open-Meteo Historical Weather API,"Casalecchio di Reno, Bologna, Italy",44.4756,11.2759
2020-05-15T22:00:00+00:00,16.500,11.100,Open-Meteo Historical Weather API,"Casalecchio di Reno, Bologna, Italy",44.4756,11.2759
2020-05-15T23:00:00+00:00,16.600,10.900,Open-Meteo Historical Weather API,"Casalecchio di Reno, Bologna, Italy",44.4756,11.2759
2020-05-16T00:00:00+00:00,16.800,10.400,Open-Meteo Historical Weather API,"Casalecchio di Reno, Bologna, Italy",44.4756,11.2759
2020-05-16T01:00:00+00:00,16.700,10.200,Open-Meteo Historical Weather API,"Casalecchio di Reno, Bologna, Italy",44.4756,11.2759
2020-05-16T02:00:00+00:00,16.400,10.400,Open-Meteo Historical Weather API,"Casalecchio di Reno, Bologna, Italy",44.4756,11.2759
2020-05-16T03:00:00+00:00,15.400,10.600,Open-Meteo Historical Weather API,"Casalecchio di Reno, Bologna, Italy",44.4756,11.2759
2020-05-16T04:00:00+00:00,14.200,11.100,Open-Meteo Historical Weather API,"Casalecchio di Reno, Bologna, Italy",44.4756,11.2759
2020-05-16T05:00:00+00:00,15.400,11.100,Open-Meteo Historical Weather API,"Casalecchio di Reno, Bologna, Italy",44.4756,11.2759
2020-05-16T06:00:00+00:00,17.600,11.000,Open-Meteo Historical Weather API,"Casalecchio di Reno, Bologna, Italy",44.4756,11.2759
2020-05-16T07:00:00+00:00,18.600,11.400,Open-Meteo Historical Weather API,"Casalecchio di Reno, Bologna, Italy",44.4756,11.2759
2020-05-16T08:00:00+00:00,19.400,12.000,Open-Meteo Historical Weather API,"Casalecchio di Reno, Bologna, Italy",44.4756,11.2759
2020-05-16T09:00:00+00:00,20.400,12.300,Open-Meteo Historical Weather API,"Casalecchio di Reno, Bologna, Italy",44.4756,11.2759
2020-05-16T10:00:00+00:00,21.000,12.300,Open-Meteo Historical Weather API,"Casalecchio di Reno, Bologna, Italy",44.4756,11.2759
2020-05-16T11:00:00+00:00,21.900,12.100,Open-Meteo Historical Weather API,"Casalecchio di Reno, Bologna, Italy",44.4756,11.2759
2020-05-16T12:00:00+00:00,20.900,13.200,Open-Meteo Historical Weather API,"Casalecchio di Reno, Bologna, Italy",44.4756,11.2759
2020-05-16T13:00:00+00:00,20.000,13.800,Open-Meteo Historical Weather API,"Casalecchio di Reno, Bologna, Italy",44.4756,11.2759
2020-05-16T14:00:00+00:00,19.400,13.600,Open-Meteo Historical Weather API,"Casalecchio di Reno, Bologna, Italy",44.4756,11.2759
2020-05-16T15:00:00+00:00,19.400,13.500,Open-Meteo Historical Weather API,"Casalecchio di Reno, Bologna, Italy",44.4756,11.2759
2020-05-16T16:00:00+00:00,18.300,13.400,Open-Meteo Historical Weather API,"Casalecchio di Reno, Bologna, Italy",44.4756,11.2759
2020-05-16T17:00:00+00:00,17.200,13.400,Open-Meteo Historical Weather API,"Casalecchio di Reno, Bologna, Italy",44.4756,11.2759
2020-05-16T18:00:00+00:00,16.500,13.800,Open-Meteo Historical Weather API,"Casalecchio di Reno, Bologna, Italy",44.4756,11.2759
2020-05-16T19:00:00+00:00,15.800,14.100,Open-Meteo Historical Weather API,"Casalecchio di Reno, Bologna, Italy",44.4756,11.2759
2020-05-16T20:00:00+00:00,15.400,14.100,Open-Meteo Historical Weather API,"Casalecchio di Reno, Bologna, Italy",44.4756,11.2759
2020-05-16T21:00:00+00:00,15.300,14.400,Open-Meteo Historical Weather API,"Casalecchio di Reno, Bologna, Italy",44.4756,11.2759
2020-05-16T22:00:00+00:00,15.200,14.100,Open-Meteo Historical Weather API,"Casalecchio di Reno, Bologna, Italy",44.4756,11.2759
2020-05-16T23:00:00+00:00,15.100,14.100,Open-Meteo Historical Weather API,"Casalecchio di Reno, Bologna, Italy",44.4756,11.2759
2020-05-17T00:00:00+00:00,15.100,13.700,Open-Meteo Historical Weather API,"Casalecchio di Reno, Bologna, Italy",44.4756,11.2759
2020-05-17T01:00:00+00:00,14.800,13.900,Open-Meteo Historical Weather API,"Casalecchio di Reno, Bologna, Italy",44.4756,11.2759
2020-05-17T02:00:00+00:00,14.900,14.100,Open-Meteo Historical Weather API,"Casalecchio di Reno, Bologna, Italy",44.4756,11.2759
2020-05-17T03:00:00+00:00,14.600,14.200,Open-Meteo Historical Weather API,"Casalecchio di Reno, Bologna, Italy",44.4756,11.2759
2020-05-17T04:00:00+00:00,14.600,14.300,Open-Meteo Historical Weather API,"Casalecchio di Reno, Bologna, Italy",44.4756,11.2759
2020-05-17T05:00:00+00:00,15.100,14.300,Open-Meteo Historical Weather API,"Casalecchio di Reno, Bologna, Italy",44.4756,11.2759
2020-05-17T06:00:00+00:00,15.600,14.400,Open-Meteo Historical Weather API,"Casalecchio di Reno, Bologna, Italy",44.4756,11.2759
2020-05-17T07:00:00+00:00,17.000,14.100,Open-Meteo Historical Weather API,"Casalecchio di Reno, Bologna, Italy",44.4756,11.2759
2020-05-17T08:00:00+00:00,18.500,13.900,Open-Meteo Historical Weather API,"Casalecchio di Reno, Bologna, Italy",44.4756,11.2759
2020-05-17T09:00:00+00:00,19.800,13.500,Open-Meteo Historical Weather API,"Casalecchio di Reno, Bologna, Italy",44.4756,11.2759
2020-05-17T10:00:00+00:00,22.000,12.800,Open-Meteo Historical Weather API,"Casalecchio di Reno, Bologna, Italy",44.4756,11.2759
2020-05-17T11:00:00+00:00,23.500,12.900,Open-Meteo Historical Weather API,"Casalecchio di Reno, Bologna, Italy",44.4756,11.2759
2020-05-17T12:00:00+00:00,22.200,13.600,Open-Meteo Historical Weather API,"Casalecchio di Reno, Bologna, Italy",44.4756,11.2759
2020-05-17T13:00:00+00:00,23.000,13.500,Open-Meteo Historical Weather API,"Casalecchio di Reno, Bologna, Italy",44.4756,11.2759
2020-05-17T14:00:00+00:00,23.500,13.800,Open-Meteo Historical Weather API,"Casalecchio di Reno, Bologna, Italy",44.4756,11.2759
2020-05-17T15:00:00+00:00,24.100,13.800,Open-Meteo Historical Weather API,"Casalecchio di Reno, Bologna, Italy",44.4756,11.2759
2020-05-17T16:00:00+00:00,24.100,13.600,Open-Meteo Historical Weather API,"Casalecchio di Reno, Bologna, Italy",44.4756,11.2759
2020-05-17T17:00:00+00:00,23.400,13.700,Open-Meteo Historical Weather API,"Casalecchio di Reno, Bologna, Italy",44.4756,11.2759
2020-05-17T18:00:00+00:00,22.000,14.700,Open-Meteo Historical Weather API,"Casalecchio di Reno, Bologna, Italy",44.4756,11.2759
2020-05-17T19:00:00+00:00,19.000,14.400,Open-Meteo Historical Weather API,"Casalecchio di Reno, Bologna, Italy",44.4756,11.2759
2020-05-17T20:00:00+00:00,19.500,13.600,Open-Meteo Historical Weather API,"Casalecchio di Reno, Bologna, Italy",44.4756,11.2759
2020-05-17T21:00:00+00:00,18.200,13.400,Open-Meteo Historical Weather API,"Casalecchio di Reno, Bologna, Italy",44.4756,11.2759
2020-05-17T22:00:00+00:00,17.800,13.400,Open-Meteo Historical Weather API,"Casalecchio di Reno, Bologna, Italy",44.4756,11.2759
2020-05-17T23:00:00+00:00,15.400,13.400,Open-Meteo Historical Weather API,"Casalecchio di Reno, Bologna, Italy",44.4756,11.2759
2020-05-18T00:00:00+00:00,17.600,14.200,Open-Meteo Historical Weather API,"Casalecchio di Reno, Bologna, Italy",44.4756,11.2759
2020-05-18T01:00:00+00:00,16.000,13.800,Open-Meteo Historical Weather API,"Casalecchio di Reno, Bologna, Italy",44.4756,11.2759
2020-05-18T02:00:00+00:00,15.300,13.400,Open-Meteo Historical Weather API,"Casalecchio di Reno, Bologna, Italy",44.4756,11.2759
2020-05-18T03:00:00+00:00,14.500,13.100,Open-Meteo Historical Weather API,"Casalecchio di Reno, Bologna, Italy",44.4756,11.2759
2020-05-18T04:00:00+00:00,14.500,13.200,Open-Meteo Historical Weather API,"Casalecchio di Reno, Bologna, Italy",44.4756,11.2759
2020-05-18T05:00:00+00:00,15.800,13.800,Open-Meteo Historical Weather API,"Casalecchio di Reno, Bologna, Italy",44.4756,11.2759
2020-05-18T06:00:00+00:00,17.400,14.600,Open-Meteo Historical Weather API,"Casalecchio di Reno, Bologna, Italy",44.4756,11.2759
2020-05-18T07:00:00+00:00,19.100,14.900,Open-Meteo Historical Weather API,"Casalecchio di Reno, Bologna, Italy",44.4756,11.2759
2020-05-18T08:00:00+00:00,20.400,14.800,Open-Meteo Historical Weather API,"Casalecchio di Reno, Bologna, Italy",44.4756,11.2759
2020-05-18T09:00:00+00:00,21.500,14.400,Open-Meteo Historical Weather API,"Casalecchio di Reno, Bologna, Italy",44.4756,11.2759
2020-05-18T10:00:00+00:00,22.200,14.100,Open-Meteo Historical Weather API,"Casalecchio di Reno, Bologna, Italy",44.4756,11.2759
2020-05-18T11:00:00+00:00,23.100,13.900,Open-Meteo Historical Weather API,"Casalecchio di Reno, Bologna, Italy",44.4756,11.2759
2020-05-18T12:00:00+00:00,25.200,12.900,Open-Meteo Historical Weather API,"Casalecchio di Reno, Bologna, Italy",44.4756,11.2759
2020-05-18T13:00:00+00:00,24.700,12.400,Open-Meteo Historical Weather API,"Casalecchio di Reno, Bologna, Italy",44.4756,11.2759
2020-05-18T14:00:00+00:00,23.900,12.600,Open-Meteo Historical Weather API,"Casalecchio di Reno, Bologna, Italy",44.4756,11.2759
2020-05-18T15:00:00+00:00,23.600,13.100,Open-Meteo Historical Weather API,"Casalecchio di Reno, Bologna, Italy",44.4756,11.2759
2020-05-18T16:00:00+00:00,23.600,14.000,Open-Meteo Historical Weather API,"Casalecchio di Reno, Bologna, Italy",44.4756,11.2759
2020-05-18T17:00:00+00:00,22.400,14.500,Open-Meteo Historical Weather API,"Casalecchio di Reno, Bologna, Italy",44.4756,11.2759
2020-05-18T18:00:00+00:00,20.400,14.100,Open-Meteo Historical Weather API,"Casalecchio di Reno, Bologna, Italy",44.4756,11.2759
2020-05-18T19:00:00+00:00,18.900,14.300,Open-Meteo Historical Weather API,"Casalecchio di Reno, Bologna, Italy",44.4756,11.2759
2020-05-18T20:00:00+00:00,18.600,14.800,Open-Meteo Historical Weather API,"Casalecchio di Reno, Bologna, Italy",44.4756,11.2759
2020-05-18T21:00:00+00:00,19.000,14.600,Open-Meteo Historical Weather API,"Casalecchio di Reno, Bologna, Italy",44.4756,11.2759
2020-05-18T22:00:00+00:00,18.000,14.100,Open-Meteo Historical Weather API,"Casalecchio di Reno, Bologna, Italy",44.4756,11.2759
2020-05-18T23:00:00+00:00,17.500,14.300,Open-Meteo Historical Weather API,"Casalecchio di Reno, Bologna, Italy",44.4756,11.2759
2020-05-19T00:00:00+00:00,18.000,15.100,Open-Meteo Historical Weather API,"Casalecchio di Reno, Bologna, Italy",44.4756,11.2759
2020-05-19T01:00:00+00:00,17.400,15.400,Open-Meteo Historical Weather API,"Casalecchio di Reno, Bologna, Italy",44.4756,11.2759
2020-05-19T02:00:00+00:00,16.800,15.000,Open-Meteo Historical Weather API,"Casalecchio di Reno, Bologna, Italy",44.4756,11.2759
2020-05-19T03:00:00+00:00,16.200,14.400,Open-Meteo Historical Weather API,"Casalecchio di Reno, Bologna, Italy",44.4756,11.2759
2020-05-19T04:00:00+00:00,15.800,14.100,Open-Meteo Historical Weather API,"Casalecchio di Reno, Bologna, Italy",44.4756,11.2759
2020-05-19T05:00:00+00:00,16.400,14.400,Open-Meteo Historical Weather API,"Casalecchio di Reno, Bologna, Italy",44.4756,11.2759
2020-05-19T06:00:00+00:00,17.300,14.400,Open-Meteo Historical Weather API,"Casalecchio di Reno, Bologna, Italy",44.4756,11.2759
2020-05-19T07:00:00+00:00,17.800,14.900,Open-Meteo Historical Weather API,"Casalecchio di Reno, Bologna, Italy",44.4756,11.2759
2020-05-19T08:00:00+00:00,17.500,14.800,Open-Meteo Historical Weather API,"Casalecchio di Reno, Bologna, Italy",44.4756,11.2759
2020-05-19T09:00:00+00:00,17.600,15.400,Open-Meteo Historical Weather API,"Casalecchio di Reno, Bologna, Italy",44.4756,11.2759
2020-05-19T10:00:00+00:00,17.600,15.500,Open-Meteo Historical Weather API,"Casalecchio di Reno, Bologna, Italy",44.4756,11.2759
2020-05-19T11:00:00+00:00,17.800,15.400,Open-Meteo Historical Weather API,"Casalecchio di Reno, Bologna, Italy",44.4756,11.2759
2020-05-19T12:00:00+00:00,23.000,12.900,Open-Meteo Historical Weather API,"Casalecchio di Reno, Bologna, Italy",44.4756,11.2759
2020-05-19T13:00:00+00:00,19.000,15.400,Open-Meteo Historical Weather API,"Casalecchio di Reno, Bologna, Italy",44.4756,11.2759
2020-05-19T14:00:00+00:00,18.100,15.900,Open-Meteo Historical Weather API,"Casalecchio di Reno, Bologna, Italy",44.4756,11.2759
2020-05-19T15:00:00+00:00,19.000,15.900,Open-Meteo Historical Weather API,"Casalecchio di Reno, Bologna, Italy",44.4756,11.2759
2020-05-19T16:00:00+00:00,19.200,15.600,Open-Meteo Historical Weather API,"Casalecchio di Reno, Bologna, Italy",44.4756,11.2759
2020-05-19T17:00:00+00:00,17.500,15.900,Open-Meteo Historical Weather API,"Casalecchio di Reno, Bologna, Italy",44.4756,11.2759
2020-05-19T18:00:00+00:00,16.400,15.900,Open-Meteo Historical Weather API,"Casalecchio di Reno, Bologna, Italy",44.4756,11.2759
2020-05-19T19:00:00+00:00,16.000,15.400,Open-Meteo Historical Weather API,"Casalecchio di Reno, Bologna, Italy",44.4756,11.2759
2020-05-19T20:00:00+00:00,16.000,15.600,Open-Meteo Historical Weather API,"Casalecchio di Reno, Bologna, Italy",44.4756,11.2759
2020-05-19T21:00:00+00:00,15.500,15.200,Open-Meteo Historical Weather API,"Casalecchio di Reno, Bologna, Italy",44.4756,11.2759
2020-05-19T22:00:00+00:00,15.400,15.200,Open-Meteo Historical Weather API,"Casalecchio di Reno, Bologna, Italy",44.4756,11.2759
2020-05-19T23:00:00+00:00,15.400,15.400,Open-Meteo Historical Weather API,"Casalecchio di Reno, Bologna, Italy",44.4756,11.2759
2020-05-20T00:00:00+00:00,16.100,15.100,Open-Meteo Historical Weather API,"Casalecchio di Reno, Bologna, Italy",44.4756,11.2759
2020-05-20T01:00:00+00:00,15.900,14.900,Open-Meteo Historical Weather API,"Casalecchio di Reno, Bologna, Italy",44.4756,11.2759
2020-05-20T02:00:00+00:00,15.600,14.600,Open-Meteo Historical Weather API,"Casalecchio di Reno, Bologna, Italy",44.4756,11.2759
2020-05-20T03:00:00+00:00,15.600,14.400,Open-Meteo Historical Weather API,"Casalecchio di Reno, Bologna, Italy",44.4756,11.2759
2020-05-20T04:00:00+00:00,15.400,14.400,Open-Meteo Historical Weather API,"Casalecchio di Reno, Bologna, Italy",44.4756,11.2759
2020-05-20T05:00:00+00:00,15.600,14.300,Open-Meteo Historical Weather API,"Casalecchio di Reno, Bologna, Italy",44.4756,11.2759
2020-05-20T06:00:00+00:00,15.900,15.000,Open-Meteo Historical Weather API,"Casalecchio di Reno, Bologna, Italy",44.4756,11.2759
2020-05-20T07:00:00+00:00,16.800,15.400,Open-Meteo Historical Weather API,"Casalecchio di Reno, Bologna, Italy",44.4756,11.2759
2020-05-20T08:00:00+00:00,18.200,15.200,Open-Meteo Historical Weather API,"Casalecchio di Reno, Bologna, Italy",44.4756,11.2759
2020-05-20T09:00:00+00:00,19.000,14.600,Open-Meteo Historical Weather API,"Casalecchio di Reno, Bologna, Italy",44.4756,11.2759
2020-05-20T10:00:00+00:00,19.400,14.600,Open-Meteo Historical Weather API,"Casalecchio di Reno, Bologna, Italy",44.4756,11.2759
2020-05-20T11:00:00+00:00,20.000,13.900,Open-Meteo Historical Weather API,"Casalecchio di Reno, Bologna, Italy",44.4756,11.2759
2020-05-20T12:00:00+00:00,21.200,14.200,Open-Meteo Historical Weather API,"Casalecchio di Reno, Bologna, Italy",44.4756,11.2759
2020-05-20T13:00:00+00:00,21.200,13.400,Open-Meteo Historical Weather API,"Casalecchio di Reno, Bologna, Italy",44.4756,11.2759
2020-05-20T14:00:00+00:00,21.300,13.000,Open-Meteo Historical Weather API,"Casalecchio di Reno, Bologna, Italy",44.4756,11.2759
2020-05-20T15:00:00+00:00,21.300,12.700,Open-Meteo Historical Weather API,"Casalecchio di Reno, Bologna, Italy",44.4756,11.2759
2020-05-20T16:00:00+00:00,19.900,12.600,Open-Meteo Historical Weather API,"Casalecchio di Reno, Bologna, Italy",44.4756,11.2759
2020-05-20T17:00:00+00:00,19.100,13.700,Open-Meteo Historical Weather API,"Casalecchio di Reno, Bologna, Italy",44.4756,11.2759
2020-05-20T18:00:00+00:00,18.600,15.400,Open-Meteo Historical Weather API,"Casalecchio di Reno, Bologna, Italy",44.4756,11.2759
2020-05-20T19:00:00+00:00,17.800,13.600,Open-Meteo Historical Weather API,"Casalecchio di Reno, Bologna, Italy",44.4756,11.2759
2020-05-20T20:00:00+00:00,16.400,13.000,Open-Meteo Historical Weather API,"Casalecchio di Reno, Bologna, Italy",44.4756,11.2759
2020-05-20T21:00:00+00:00,16.200,11.900,Open-Meteo Historical Weather API,"Casalecchio di Reno, Bologna, Italy",44.4756,11.2759
2020-05-20T22:00:00+00:00,15.400,11.500,Open-Meteo Historical Weather API,"Casalecchio di Reno, Bologna, Italy",44.4756,11.2759
2020-05-20T23:00:00+00:00,15.400,11.600,Open-Meteo Historical Weather API,"Casalecchio di Reno, Bologna, Italy",44.4756,11.2759
2020-05-21T00:00:00+00:00,16.500,10.100,Open-Meteo Historical Weather API,"Casalecchio di Reno, Bologna, Italy",44.4756,11.2759
2020-05-21T01:00:00+00:00,14.900,10.600,Open-Meteo Historical Weather API,"Casalecchio di Reno, Bologna, Italy",44.4756,11.2759
2020-05-21T02:00:00+00:00,14.400,10.100,Open-Meteo Historical Weather API,"Casalecchio di Reno, Bologna, Italy",44.4756,11.2759
2020-05-21T03:00:00+00:00,17.100,9.400,Open-Meteo Historical Weather API,"Casalecchio di Reno, Bologna, Italy",44.4756,11.2759
2020-05-21T04:00:00+00:00,14.300,9.900,Open-Meteo Historical Weather API,"Casalecchio di Reno, Bologna, Italy",44.4756,11.2759
2020-05-21T05:00:00+00:00,16.300,11.100,Open-Meteo Historical Weather API,"Casalecchio di Reno, Bologna, Italy",44.4756,11.2759
2020-05-21T06:00:00+00:00,17.200,12.200,Open-Meteo Historical Weather API,"Casalecchio di Reno, Bologna, Italy",44.4756,11.2759
2020-05-21T07:00:00+00:00,18.800,12.400,Open-Meteo Historical Weather API,"Casalecchio di Reno, Bologna, Italy",44.4756,11.2759
2020-05-21T08:00:00+00:00,20.200,11.400,Open-Meteo Historical Weather API,"Casalecchio di Reno, Bologna, Italy",44.4756,11.2759
2020-05-21T09:00:00+00:00,21.200,10.800,Open-Meteo Historical Weather API,"Casalecchio di Reno, Bologna, Italy",44.4756,11.2759
2020-05-21T10:00:00+00:00,22.000,10.400,Open-Meteo Historical Weather API,"Casalecchio di Reno, Bologna, Italy",44.4756,11.2759
2020-05-21T11:00:00+00:00,22.800,10.200,Open-Meteo Historical Weather API,"Casalecchio di Reno, Bologna, Italy",44.4756,11.2759
2020-05-21T12:00:00+00:00,23.000,11.500,Open-Meteo Historical Weather API,"Casalecchio di Reno, Bologna, Italy",44.4756,11.2759
2020-05-21T13:00:00+00:00,23.500,11.400,Open-Meteo Historical Weather API,"Casalecchio di Reno, Bologna, Italy",44.4756,11.2759
2020-05-21T14:00:00+00:00,23.600,11.400,Open-Meteo Historical Weather API,"Casalecchio di Reno, Bologna, Italy",44.4756,11.2759
2020-05-21T15:00:00+00:00,24.000,11.200,Open-Meteo Historical Weather API,"Casalecchio di Reno, Bologna, Italy",44.4756,11.2759
2020-05-21T16:00:00+00:00,23.500,11.200,Open-Meteo Historical Weather API,"Casalecchio di Reno, Bologna, Italy",44.4756,11.2759
2020-05-21T17:00:00+00:00,22.600,12.800,Open-Meteo Historical Weather API,"Casalecchio di Reno, Bologna, Italy",44.4756,11.2759
2020-05-21T18:00:00+00:00,20.400,12.500,Open-Meteo Historical Weather API,"Casalecchio di Reno, Bologna, Italy",44.4756,11.2759
2020-05-21T19:00:00+00:00,18.500,11.100,Open-Meteo Historical Weather API,"Casalecchio di Reno, Bologna, Italy",44.4756,11.2759
2020-05-21T20:00:00+00:00,17.400,10.600,Open-Meteo Historical Weather API,"Casalecchio di Reno, Bologna, Italy",44.4756,11.2759
2020-05-21T21:00:00+00:00,17.100,9.600,Open-Meteo Historical Weather API,"Casalecchio di Reno, Bologna, Italy",44.4756,11.2759
2020-05-21T22:00:00+00:00,16.800,8.600,Open-Meteo Historical Weather API,"Casalecchio di Reno, Bologna, Italy",44.4756,11.2759
2020-05-21T23:00:00+00:00,16.500,7.800,Open-Meteo Historical Weather API,"Casalecchio di Reno, Bologna, Italy",44.4756,11.2759
2020-05-22T00:00:00+00:00,16.100,8.900,Open-Meteo Historical Weather API,"Casalecchio di Reno, Bologna, Italy",44.4756,11.2759
2020-05-22T01:00:00+00:00,17.000,7.700,Open-Meteo Historical Weather API,"Casalecchio di Reno, Bologna, Italy",44.4756,11.2759
2020-05-22T02:00:00+00:00,16.900,5.200,Open-Meteo Historical Weather API,"Casalecchio di Reno, Bologna, Italy",44.4756,11.2759
2020-05-22T03:00:00+00:00,16.200,4.800,Open-Meteo Historical Weather API,"Casalecchio di Reno, Bologna, Italy",44.4756,11.2759
2020-05-22T04:00:00+00:00,16.000,5.200,Open-Meteo Historical Weather API,"Casalecchio di Reno, Bologna, Italy",44.4756,11.2759
2020-05-22T05:00:00+00:00,16.500,7.600,Open-Meteo Historical Weather API,"Casalecchio di Reno, Bologna, Italy",44.4756,11.2759
2020-05-22T06:00:00+00:00,19.400,10.200,Open-Meteo Historical Weather API,"Casalecchio di Reno, Bologna, Italy",44.4756,11.2759
2020-05-22T07:00:00+00:00,22.200,10.400,Open-Meteo Historical Weather API,"Casalecchio di Reno, Bologna, Italy",44.4756,11.2759
2020-05-22T08:00:00+00:00,23.900,9.900,Open-Meteo Historical Weather API,"Casalecchio di Reno, Bologna, Italy",44.4756,11.2759
2020-05-22T09:00:00+00:00,25.100,10.500,Open-Meteo Historical Weather API,"Casalecchio di Reno, Bologna, Italy",44.4756,11.2759
2020-05-22T10:00:00+00:00,26.000,11.100,Open-Meteo Historical Weather API,"Casalecchio di Reno, Bologna, Italy",44.4756,11.2759
2020-05-22T11:00:00+00:00,26.900,11.800,Open-Meteo Historical Weather API,"Casalecchio di Reno, Bologna, Italy",44.4756,11.2759
2020-05-22T12:00:00+00:00,26.500,12.800,Open-Meteo Historical Weather API,"Casalecchio di Reno, Bologna, Italy",44.4756,11.2759
2020-05-22T13:00:00+00:00,26.400,13.100,Open-Meteo Historical Weather API,"Casalecchio di Reno, Bologna, Italy",44.4756,11.2759
2020-05-22T14:00:00+00:00,26.500,13.400,Open-Meteo Historical Weather API,"Casalecchio di Reno, Bologna, Italy",44.4756,11.2759
2020-05-22T15:00:00+00:00,25.900,13.600,Open-Meteo Historical Weather API,"Casalecchio di Reno, Bologna, Italy",44.4756,11.2759
2020-05-22T16:00:00+00:00,24.600,13.900,Open-Meteo Historical Weather API,"Casalecchio di Reno, Bologna, Italy",44.4756,11.2759
2020-05-22T17:00:00+00:00,23.400,14.600,Open-Meteo Historical Weather API,"Casalecchio di Reno, Bologna, Italy",44.4756,11.2759
2020-05-22T18:00:00+00:00,22.100,15.800,Open-Meteo Historical Weather API,"Casalecchio di Reno, Bologna, Italy",44.4756,11.2759
2020-05-22T19:00:00+00:00,20.500,15.400,Open-Meteo Historical Weather API,"Casalecchio di Reno, Bologna, Italy",44.4756,11.2759
2020-05-22T20:00:00+00:00,20.700,13.900,Open-Meteo Historical Weather API,"Casalecchio di Reno, Bologna, Italy",44.4756,11.2759
2020-05-22T21:00:00+00:00,20.600,13.200,Open-Meteo Historical Weather API,"Casalecchio di Reno, Bologna, Italy",44.4756,11.2759
2020-05-22T22:00:00+00:00,19.400,13.000,Open-Meteo Historical Weather API,"Casalecchio di Reno, Bologna, Italy",44.4756,11.2759
2020-05-22T23:00:00+00:00,18.800,12.600,Open-Meteo Historical Weather API,"Casalecchio di Reno, Bologna, Italy",44.4756,11.2759
2020-05-23T00:00:00+00:00,18.200,10.700,Open-Meteo Historical Weather API,"Casalecchio di Reno, Bologna, Italy",44.4756,11.2759
2020-05-23T01:00:00+00:00,19.000,10.100,Open-Meteo Historical Weather API,"Casalecchio di Reno, Bologna, Italy",44.4756,11.2759
2020-05-23T02:00:00+00:00,18.100,9.900,Open-Meteo Historical Weather API,"Casalecchio di Reno, Bologna, Italy",44.4756,11.2759
2020-05-23T03:00:00+00:00,17.100,9.600,Open-Meteo Historical Weather API,"Casalecchio di Reno, Bologna, Italy",44.4756,11.2759
2020-05-23T04:00:00+00:00,16.700,9.700,Open-Meteo Historical Weather API,"Casalecchio di Reno, Bologna, Italy",44.4756,11.2759
2020-05-23T05:00:00+00:00,17.500,10.900,Open-Meteo Historical Weather API,"Casalecchio di Reno, Bologna, Italy",44.4756,11.2759
2020-05-23T06:00:00+00:00,19.800,12.800,Open-Meteo Historical Weather API,"Casalecchio di Reno, Bologna, Italy",44.4756,11.2759
2020-05-23T07:00:00+00:00,21.900,14.100,Open-Meteo Historical Weather API,"Casalecchio di Reno, Bologna, Italy",44.4756,11.2759
2020-05-23T08:00:00+00:00,23.400,14.600,Open-Meteo Historical Weather API,"Casalecchio di Reno, Bologna, Italy",44.4756,11.2759
2020-05-23T09:00:00+00:00,24.500,14.500,Open-Meteo Historical Weather API,"Casalecchio di Reno, Bologna, Italy",44.4756,11.2759
2020-05-23T10:00:00+00:00,25.700,15.000,Open-Meteo Historical Weather API,"Casalecchio di Reno, Bologna, Italy",44.4756,11.2759
2020-05-23T11:00:00+00:00,26.900,15.600,Open-Meteo Historical Weather API,"Casalecchio di Reno, Bologna, Italy",44.4756,11.2759
2020-05-23T12:00:00+00:00,28.900,14.900,Open-Meteo Historical Weather API,"Casalecchio di Reno, Bologna, Italy",44.4756,11.2759
2020-05-23T13:00:00+00:00,28.500,14.300,Open-Meteo Historical Weather API,"Casalecchio di Reno, Bologna, Italy",44.4756,11.2759
2020-05-23T14:00:00+00:00,28.000,13.600,Open-Meteo Historical Weather API,"Casalecchio di Reno, Bologna, Italy",44.4756,11.2759
2020-05-23T15:00:00+00:00,26.600,12.800,Open-Meteo Historical Weather API,"Casalecchio di Reno, Bologna, Italy",44.4756,11.2759
2020-05-23T16:00:00+00:00,25.100,11.600,Open-Meteo Historical Weather API,"Casalecchio di Reno, Bologna, Italy",44.4756,11.2759
2020-05-23T17:00:00+00:00,23.300,11.500,Open-Meteo Historical Weather API,"Casalecchio di Reno, Bologna, Italy",44.4756,11.2759
2020-05-23T18:00:00+00:00,22.100,10.400,Open-Meteo Historical Weather API,"Casalecchio di Reno, Bologna, Italy",44.4756,11.2759
2020-05-23T19:00:00+00:00,21.000,8.800,Open-Meteo Historical Weather API,"Casalecchio di Reno, Bologna, Italy",44.4756,11.2759
2020-05-23T20:00:00+00:00,20.500,8.200,Open-Meteo Historical Weather API,"Casalecchio di Reno, Bologna, Italy",44.4756,11.2759
2020-05-23T21:00:00+00:00,19.000,9.100,Open-Meteo Historical Weather API,"Casalecchio di Reno, Bologna, Italy",44.4756,11.2759
2020-05-23T22:00:00+00:00,18.500,9.600,Open-Meteo Historical Weather API,"Casalecchio di Reno, Bologna, Italy",44.4756,11.2759
2020-05-23T23:00:00+00:00,17.500,10.700,Open-Meteo Historical Weather API,"Casalecchio di Reno, Bologna, Italy",44.4756,11.2759
2020-05-24T00:00:00+00:00,18.800,11.300,Open-Meteo Historical Weather API,"Casalecchio di Reno, Bologna, Italy",44.4756,11.2759
2020-05-24T01:00:00+00:00,19.500,11.400,Open-Meteo Historical Weather API,"Casalecchio di Reno, Bologna, Italy",44.4756,11.2759
2020-05-24T02:00:00+00:00,17.500,12.900,Open-Meteo Historical Weather API,"Casalecchio di Reno, Bologna, Italy",44.4756,11.2759
2020-05-24T03:00:00+00:00,16.500,14.100,Open-Meteo Historical Weather API,"Casalecchio di Reno, Bologna, Italy",44.4756,11.2759
2020-05-24T04:00:00+00:00,17.200,14.200,Open-Meteo Historical Weather API,"Casalecchio di Reno, Bologna, Italy",44.4756,11.2759
2020-05-24T05:00:00+00:00,18.000,15.100,Open-Meteo Historical Weather API,"Casalecchio di Reno, Bologna, Italy",44.4756,11.2759
2020-05-24T06:00:00+00:00,18.600,15.500,Open-Meteo Historical Weather API,"Casalecchio di Reno, Bologna, Italy",44.4756,11.2759
2020-05-24T07:00:00+00:00,19.100,15.400,Open-Meteo Historical Weather API,"Casalecchio di Reno, Bologna, Italy",44.4756,11.2759
2020-05-24T08:00:00+00:00,19.300,14.400,Open-Meteo Historical Weather API,"Casalecchio di Reno, Bologna, Italy",44.4756,11.2759
2020-05-24T09:00:00+00:00,19.700,11.900,Open-Meteo Historical Weather API,"Casalecchio di Reno, Bologna, Italy",44.4756,11.2759
2020-05-24T10:00:00+00:00,20.600,11.900,Open-Meteo Historical Weather API,"Casalecchio di Reno, Bologna, Italy",44.4756,11.2759
2020-05-24T11:00:00+00:00,21.000,10.400,Open-Meteo Historical Weather API,"Casalecchio di Reno, Bologna, Italy",44.4756,11.2759
2020-05-24T12:00:00+00:00,21.200,14.700,Open-Meteo Historical Weather API,"Casalecchio di Reno, Bologna, Italy",44.4756,11.2759
2020-05-24T13:00:00+00:00,22.600,12.000,Open-Meteo Historical Weather API,"Casalecchio di Reno, Bologna, Italy",44.4756,11.2759
2020-05-24T14:00:00+00:00,22.500,10.400,Open-Meteo Historical Weather API,"Casalecchio di Reno, Bologna, Italy",44.4756,11.2759
2020-05-24T15:00:00+00:00,22.500,9.800,Open-Meteo Historical Weather API,"Casalecchio di Reno, Bologna, Italy",44.4756,11.2759
2020-05-24T16:00:00+00:00,22.100,9.700,Open-Meteo Historical Weather API,"Casalecchio di Reno, Bologna, Italy",44.4756,11.2759
2020-05-24T17:00:00+00:00,21.200,9.900,Open-Meteo Historical Weather API,"Casalecchio di Reno, Bologna, Italy",44.4756,11.2759
2020-05-24T18:00:00+00:00,19.600,10.400,Open-Meteo Historical Weather API,"Casalecchio di Reno, Bologna, Italy",44.4756,11.2759
2020-05-24T19:00:00+00:00,17.800,9.800,Open-Meteo Historical Weather API,"Casalecchio di Reno, Bologna, Italy",44.4756,11.2759
2020-05-24T20:00:00+00:00,16.400,10.200,Open-Meteo Historical Weather API,"Casalecchio di Reno, Bologna, Italy",44.4756,11.2759
2020-05-24T21:00:00+00:00,15.200,11.100,Open-Meteo Historical Weather API,"Casalecchio di Reno, Bologna, Italy",44.4756,11.2759
2020-05-24T22:00:00+00:00,14.100,11.500,Open-Meteo Historical Weather API,"Casalecchio di Reno, Bologna, Italy",44.4756,11.2759
2020-05-24T23:00:00+00:00,13.800,11.200,Open-Meteo Historical Weather API,"Casalecchio di Reno, Bologna, Italy",44.4756,11.2759
2020-05-25T00:00:00+00:00,14.300,8.300,Open-Meteo Historical Weather API,"Casalecchio di Reno, Bologna, Italy",44.4756,11.2759
2020-05-25T01:00:00+00:00,14.400,6.400,Open-Meteo Historical Weather API,"Casalecchio di Reno, Bologna, Italy",44.4756,11.2759
2020-05-25T02:00:00+00:00,13.900,5.600,Open-Meteo Historical Weather API,"Casalecchio di Reno, Bologna, Italy",44.4756,11.2759
2020-05-25T03:00:00+00:00,12.800,5.700,Open-Meteo Historical Weather API,"Casalecchio di Reno, Bologna, Italy",44.4756,11.2759
2020-05-25T04:00:00+00:00,12.000,6.300,Open-Meteo Historical Weather API,"Casalecchio di Reno, Bologna, Italy",44.4756,11.2759
2020-05-25T05:00:00+00:00,14.100,7.900,Open-Meteo Historical Weather API,"Casalecchio di Reno, Bologna, Italy",44.4756,11.2759
2020-05-25T06:00:00+00:00,17.000,8.600,Open-Meteo Historical Weather API,"Casalecchio di Reno, Bologna, Italy",44.4756,11.2759
2020-05-25T07:00:00+00:00,19.000,10.400,Open-Meteo Historical Weather API,"Casalecchio di Reno, Bologna, Italy",44.4756,11.2759
2020-05-25T08:00:00+00:00,20.400,10.200,Open-Meteo Historical Weather API,"Casalecchio di Reno, Bologna, Italy",44.4756,11.2759
2020-05-25T09:00:00+00:00,21.800,9.100,Open-Meteo Historical Weather API,"Casalecchio di Reno, Bologna, Italy",44.4756,11.2759
2020-05-25T10:00:00+00:00,22.900,8.000,Open-Meteo Historical Weather API,"Casalecchio di Reno, Bologna, Italy",44.4756,11.2759
2020-05-25T11:00:00+00:00,23.900,7.100,Open-Meteo Historical Weather API,"Casalecchio di Reno, Bologna, Italy",44.4756,11.2759
2020-05-25T12:00:00+00:00,24.200,7.100,Open-Meteo Historical Weather API,"Casalecchio di Reno, Bologna, Italy",44.4756,11.2759
2020-05-25T13:00:00+00:00,24.800,6.800,Open-Meteo Historical Weather API,"Casalecchio di Reno, Bologna, Italy",44.4756,11.2759
2020-05-25T14:00:00+00:00,25.000,6.700,Open-Meteo Historical Weather API,"Casalecchio di Reno, Bologna, Italy",44.4756,11.2759
2020-05-25T15:00:00+00:00,25.000,6.600,Open-Meteo Historical Weather API,"Casalecchio di Reno, Bologna, Italy",44.4756,11.2759
2020-05-25T16:00:00+00:00,24.800,6.700,Open-Meteo Historical Weather API,"Casalecchio di Reno, Bologna, Italy",44.4756,11.2759
2020-05-25T17:00:00+00:00,23.600,8.900,Open-Meteo Historical Weather API,"Casalecchio di Reno, Bologna, Italy",44.4756,11.2759
2020-05-25T18:00:00+00:00,22.800,6.800,Open-Meteo Historical Weather API,"Casalecchio di Reno, Bologna, Italy",44.4756,11.2759
2020-05-25T19:00:00+00:00,19.300,8.800,Open-Meteo Historical Weather API,"Casalecchio di Reno, Bologna, Italy",44.4756,11.2759
2020-05-25T20:00:00+00:00,18.000,7.800,Open-Meteo Historical Weather API,"Casalecchio di Reno, Bologna, Italy",44.4756,11.2759
2020-05-25T21:00:00+00:00,17.100,7.900,Open-Meteo Historical Weather API,"Casalecchio di Reno, Bologna, Italy",44.4756,11.2759
2020-05-25T22:00:00+00:00,15.000,8.900,Open-Meteo Historical Weather API,"Casalecchio di Reno, Bologna, Italy",44.4756,11.2759
2020-05-25T23:00:00+00:00,15.700,10.200,Open-Meteo Historical Weather API,"Casalecchio di Reno, Bologna, Italy",44.4756,11.2759
2020-05-26T00:00:00+00:00,14.800,9.100,Open-Meteo Historical Weather API,"Casalecchio di Reno, Bologna, Italy",44.4756,11.2759
2020-05-26T01:00:00+00:00,16.100,7.400,Open-Meteo Historical Weather API,"Casalecchio di Reno, Bologna, Italy",44.4756,11.2759
2020-05-26T02:00:00+00:00,14.100,8.000,Open-Meteo Historical Weather API,"Casalecchio di Reno, Bologna, Italy",44.4756,11.2759
2020-05-26T03:00:00+00:00,14.900,8.800,Open-Meteo Historical Weather API,"Casalecchio di Reno, Bologna, Italy",44.4756,11.2759
2020-05-26T04:00:00+00:00,15.000,9.100,Open-Meteo Historical Weather API,"Casalecchio di Reno, Bologna, Italy",44.4756,11.2759
2020-05-26T05:00:00+00:00,15.900,10.100,Open-Meteo Historical Weather API,"Casalecchio di Reno, Bologna, Italy",44.4756,11.2759
2020-05-26T06:00:00+00:00,17.500,10.400,Open-Meteo Historical Weather API,"Casalecchio di Reno, Bologna, Italy",44.4756,11.2759
2020-05-26T07:00:00+00:00,19.000,9.600,Open-Meteo Historical Weather API,"Casalecchio di Reno, Bologna, Italy",44.4756,11.2759
2020-05-26T08:00:00+00:00,20.300,8.800,Open-Meteo Historical Weather API,"Casalecchio di Reno, Bologna, Italy",44.4756,11.2759
2020-05-26T09:00:00+00:00,21.200,7.900,Open-Meteo Historical Weather API,"Casalecchio di Reno, Bologna, Italy",44.4756,11.2759
2020-05-26T10:00:00+00:00,22.000,6.300,Open-Meteo Historical Weather API,"Casalecchio di Reno, Bologna, Italy",44.4756,11.2759
2020-05-26T11:00:00+00:00,22.500,5.300,Open-Meteo Historical Weather API,"Casalecchio di Reno, Bologna, Italy",44.4756,11.2759
2020-05-26T12:00:00+00:00,22.600,7.200,Open-Meteo Historical Weather API,"Casalecchio di Reno, Bologna, Italy",44.4756,11.2759
2020-05-26T13:00:00+00:00,22.900,6.200,Open-Meteo Historical Weather API,"Casalecchio di Reno, Bologna, Italy",44.4756,11.2759
2020-05-26T14:00:00+00:00,22.900,5.300,Open-Meteo Historical Weather API,"Casalecchio di Reno, Bologna, Italy",44.4756,11.2759
2020-05-26T15:00:00+00:00,22.500,4.200,Open-Meteo Historical Weather API,"Casalecchio di Reno, Bologna, Italy",44.4756,11.2759
2020-05-26T16:00:00+00:00,21.600,3.800,Open-Meteo Historical Weather API,"Casalecchio di Reno, Bologna, Italy",44.4756,11.2759
2020-05-26T17:00:00+00:00,20.600,4.200,Open-Meteo Historical Weather API,"Casalecchio di Reno, Bologna, Italy",44.4756,11.2759
2020-05-26T18:00:00+00:00,19.100,3.700,Open-Meteo Historical Weather API,"Casalecchio di Reno, Bologna, Italy",44.4756,11.2759
2020-05-26T19:00:00+00:00,17.400,3.000,Open-Meteo Historical Weather API,"Casalecchio di Reno, Bologna, Italy",44.4756,11.2759
2020-05-26T20:00:00+00:00,15.900,3.900,Open-Meteo Historical Weather API,"Casalecchio di Reno, Bologna, Italy",44.4756,11.2759
2020-05-26T21:00:00+00:00,14.900,5.300,Open-Meteo Historical Weather API,"Casalecchio di Reno, Bologna, Italy",44.4756,11.2759
2020-05-26T22:00:00+00:00,14.900,5.900,Open-Meteo Historical Weather API,"Casalecchio di Reno, Bologna, Italy",44.4756,11.2759
2020-05-26T23:00:00+00:00,14.200,6.500,Open-Meteo Historical Weather API,"Casalecchio di Reno, Bologna, Italy",44.4756,11.2759
2020-05-27T00:00:00+00:00,17.000,3.100,Open-Meteo Historical Weather API,"Casalecchio di Reno, Bologna, Italy",44.4756,11.2759
2020-05-27T01:00:00+00:00,14.900,3.500,Open-Meteo Historical Weather API,"Casalecchio di Reno, Bologna, Italy",44.4756,11.2759
2020-05-27T02:00:00+00:00,13.400,4.700,Open-Meteo Historical Weather API,"Casalecchio di Reno, Bologna, Italy",44.4756,11.2759
2020-05-27T03:00:00+00:00,12.700,5.700,Open-Meteo Historical Weather API,"Casalecchio di Reno, Bologna, Italy",44.4756,11.2759
2020-05-27T04:00:00+00:00,11.400,7.900,Open-Meteo Historical Weather API,"Casalecchio di Reno, Bologna, Italy",44.4756,11.2759
2020-05-27T05:00:00+00:00,13.600,8.900,Open-Meteo Historical Weather API,"Casalecchio di Reno, Bologna, Italy",44.4756,11.2759
2020-05-27T06:00:00+00:00,16.200,9.400,Open-Meteo Historical Weather API,"Casalecchio di Reno, Bologna, Italy",44.4756,11.2759
2020-05-27T07:00:00+00:00,18.000,8.600,Open-Meteo Historical Weather API,"Casalecchio di Reno, Bologna, Italy",44.4756,11.2759
2020-05-27T08:00:00+00:00,19.100,6.900,Open-Meteo Historical Weather API,"Casalecchio di Reno, Bologna, Italy",44.4756,11.2759
2020-05-27T09:00:00+00:00,20.400,6.100,Open-Meteo Historical Weather API,"Casalecchio di Reno, Bologna, Italy",44.4756,11.2759
2020-05-27T10:00:00+00:00,21.500,4.200,Open-Meteo Historical Weather API,"Casalecchio di Reno, Bologna, Italy",44.4756,11.2759
2020-05-27T11:00:00+00:00,22.400,3.700,Open-Meteo Historical Weather API,"Casalecchio di Reno, Bologna, Italy",44.4756,11.2759
2020-05-27T12:00:00+00:00,22.200,5.800,Open-Meteo Historical Weather API,"Casalecchio di Reno, Bologna, Italy",44.4756,11.2759
2020-05-27T13:00:00+00:00,22.500,5.100,Open-Meteo Historical Weather API,"Casalecchio di Reno, Bologna, Italy",44.4756,11.2759
2020-05-27T14:00:00+00:00,22.900,4.000,Open-Meteo Historical Weather API,"Casalecchio di Reno, Bologna, Italy",44.4756,11.2759
2020-05-27T15:00:00+00:00,23.000,4.000,Open-Meteo Historical Weather API,"Casalecchio di Reno, Bologna, Italy",44.4756,11.2759
2020-05-27T16:00:00+00:00,22.900,4.100,Open-Meteo Historical Weather API,"Casalecchio di Reno, Bologna, Italy",44.4756,11.2759
2020-05-27T17:00:00+00:00,22.000,4.900,Open-Meteo Historical Weather API,"Casalecchio di Reno, Bologna, Italy",44.4756,11.2759
2020-05-27T18:00:00+00:00,20.200,5.900,Open-Meteo Historical Weather API,"Casalecchio di Reno, Bologna, Italy",44.4756,11.2759
2020-05-27T19:00:00+00:00,18.000,5.700,Open-Meteo Historical Weather API,"Casalecchio di Reno, Bologna, Italy",44.4756,11.2759
2020-05-27T20:00:00+00:00,16.400,6.100,Open-Meteo Historical Weather API,"Casalecchio di Reno, Bologna, Italy",44.4756,11.2759
2020-05-27T21:00:00+00:00,15.300,5.800,Open-Meteo Historical Weather API,"Casalecchio di Reno, Bologna, Italy",44.4756,11.2759
2020-05-27T22:00:00+00:00,14.400,5.200,Open-Meteo Historical Weather API,"Casalecchio di Reno, Bologna, Italy",44.4756,11.2759
2020-05-27T23:00:00+00:00,13.900,4.700,Open-Meteo Historical Weather API,"Casalecchio di Reno, Bologna, Italy",44.4756,11.2759
2020-05-28T00:00:00+00:00,14.100,4.900,Open-Meteo Historical Weather API,"Casalecchio di Reno, Bologna, Italy",44.4756,11.2759
2020-05-28T01:00:00+00:00,13.500,4.300,Open-Meteo Historical Weather API,"Casalecchio di Reno, Bologna, Italy",44.4756,11.2759
2020-05-28T02:00:00+00:00,13.600,3.500,Open-Meteo Historical Weather API,"Casalecchio di Reno, Bologna, Italy",44.4756,11.2759
2020-05-28T03:00:00+00:00,13.100,3.300,Open-Meteo Historical Weather API,"Casalecchio di Reno, Bologna, Italy",44.4756,11.2759
2020-05-28T04:00:00+00:00,12.800,3.700,Open-Meteo Historical Weather API,"Casalecchio di Reno, Bologna, Italy",44.4756,11.2759
2020-05-28T05:00:00+00:00,14.100,5.200,Open-Meteo Historical Weather API,"Casalecchio di Reno, Bologna, Italy",44.4756,11.2759
2020-05-28T06:00:00+00:00,18.000,7.400,Open-Meteo Historical Weather API,"Casalecchio di Reno, Bologna, Italy",44.4756,11.2759
2020-05-28T07:00:00+00:00,20.900,6.400,Open-Meteo Historical Weather API,"Casalecchio di Reno, Bologna, Italy",44.4756,11.2759
2020-05-28T08:00:00+00:00,22.500,3.300,Open-Meteo Historical Weather API,"Casalecchio di Reno, Bologna, Italy",44.4756,11.2759
2020-05-28T09:00:00+00:00,23.500,3.300,Open-Meteo Historical Weather API,"Casalecchio di Reno, Bologna, Italy",44.4756,11.2759
2020-05-28T10:00:00+00:00,24.400,3.600,Open-Meteo Historical Weather API,"Casalecchio di Reno, Bologna, Italy",44.4756,11.2759
2020-05-28T11:00:00+00:00,24.600,4.700,Open-Meteo Historical Weather API,"Casalecchio di Reno, Bologna, Italy",44.4756,11.2759
2020-05-28T12:00:00+00:00,24.600,5.700,Open-Meteo Historical Weather API,"Casalecchio di Reno, Bologna, Italy",44.4756,11.2759
2020-05-28T13:00:00+00:00,24.800,5.700,Open-Meteo Historical Weather API,"Casalecchio di Reno, Bologna, Italy",44.4756,11.2759
2020-05-28T14:00:00+00:00,23.900,6.300,Open-Meteo Historical Weather API,"Casalecchio di Reno, Bologna, Italy",44.4756,11.2759
2020-05-28T15:00:00+00:00,24.500,6.300,Open-Meteo Historical Weather API,"Casalecchio di Reno, Bologna, Italy",44.4756,11.2759
2020-05-28T16:00:00+00:00,24.200,6.200,Open-Meteo Historical Weather API,"Casalecchio di Reno, Bologna, Italy",44.4756,11.2759
2020-05-28T17:00:00+00:00,23.600,7.000,Open-Meteo Historical Weather API,"Casalecchio di Reno, Bologna, Italy",44.4756,11.2759
2020-05-28T18:00:00+00:00,21.700,9.200,Open-Meteo Historical Weather API,"Casalecchio di Reno, Bologna, Italy",44.4756,11.2759
2020-05-28T19:00:00+00:00,19.900,10.000,Open-Meteo Historical Weather API,"Casalecchio di Reno, Bologna, Italy",44.4756,11.2759
2020-05-28T20:00:00+00:00,18.200,11.800,Open-Meteo Historical Weather API,"Casalecchio di Reno, Bologna, Italy",44.4756,11.2759
2020-05-28T21:00:00+00:00,17.600,12.000,Open-Meteo Historical Weather API,"Casalecchio di Reno, Bologna, Italy",44.4756,11.2759
2020-05-28T22:00:00+00:00,16.000,10.800,Open-Meteo Historical Weather API,"Casalecchio di Reno, Bologna, Italy",44.4756,11.2759
2020-05-28T23:00:00+00:00,14.700,11.600,Open-Meteo Historical Weather API,"Casalecchio di Reno, Bologna, Italy",44.4756,11.2759
2020-05-29T00:00:00+00:00,15.400,13.900,Open-Meteo Historical Weather API,"Casalecchio di Reno, Bologna, Italy",44.4756,11.2759
2020-05-29T01:00:00+00:00,14.800,12.700,Open-Meteo Historical Weather API,"Casalecchio di Reno, Bologna, Italy",44.4756,11.2759
2020-05-29T02:00:00+00:00,14.600,12.900,Open-Meteo Historical Weather API,"Casalecchio di Reno, Bologna, Italy",44.4756,11.2759
2020-05-29T03:00:00+00:00,14.400,12.900,Open-Meteo Historical Weather API,"Casalecchio di Reno, Bologna, Italy",44.4756,11.2759
2020-05-29T04:00:00+00:00,14.200,12.400,Open-Meteo Historical Weather API,"Casalecchio di Reno, Bologna, Italy",44.4756,11.2759
2020-05-29T05:00:00+00:00,13.600,9.900,Open-Meteo Historical Weather API,"Casalecchio di Reno, Bologna, Italy",44.4756,11.2759
2020-05-29T06:00:00+00:00,13.600,9.900,Open-Meteo Historical Weather API,"Casalecchio di Reno, Bologna, Italy",44.4756,11.2759
2020-05-29T07:00:00+00:00,14.100,9.900,Open-Meteo Historical Weather API,"Casalecchio di Reno, Bologna, Italy",44.4756,11.2759
2020-05-29T08:00:00+00:00,15.100,9.200,Open-Meteo Historical Weather API,"Casalecchio di Reno, Bologna, Italy",44.4756,11.2759
2020-05-29T09:00:00+00:00,15.600,9.600,Open-Meteo Historical Weather API,"Casalecchio di Reno, Bologna, Italy",44.4756,11.2759
2020-05-29T10:00:00+00:00,15.900,11.400,Open-Meteo Historical Weather API,"Casalecchio di Reno, Bologna, Italy",44.4756,11.2759
2020-05-29T11:00:00+00:00,16.100,12.100,Open-Meteo Historical Weather API,"Casalecchio di Reno, Bologna, Italy",44.4756,11.2759
2020-05-29T12:00:00+00:00,16.700,8.100,Open-Meteo Historical Weather API,"Casalecchio di Reno, Bologna, Italy",44.4756,11.2759
2020-05-29T13:00:00+00:00,16.900,8.400,Open-Meteo Historical Weather API,"Casalecchio di Reno, Bologna, Italy",44.4756,11.2759
2020-05-29T14:00:00+00:00,16.900,8.400,Open-Meteo Historical Weather API,"Casalecchio di Reno, Bologna, Italy",44.4756,11.2759
2020-05-29T15:00:00+00:00,16.700,8.200,Open-Meteo Historical Weather API,"Casalecchio di Reno, Bologna, Italy",44.4756,11.2759
2020-05-29T16:00:00+00:00,16.600,8.100,Open-Meteo Historical Weather API,"Casalecchio di Reno, Bologna, Italy",44.4756,11.2759
2020-05-29T17:00:00+00:00,16.800,8.100,Open-Meteo Historical Weather API,"Casalecchio di Reno, Bologna, Italy",44.4756,11.2759
2020-05-29T18:00:00+00:00,15.900,10.600,Open-Meteo Historical Weather API,"Casalecchio di Reno, Bologna, Italy",44.4756,11.2759
2020-05-29T19:00:00+00:00,13.400,9.400,Open-Meteo Historical Weather API,"Casalecchio di Reno, Bologna, Italy",44.4756,11.2759
2020-05-29T20:00:00+00:00,13.000,9.200,Open-Meteo Historical Weather API,"Casalecchio di Reno, Bologna, Italy",44.4756,11.2759
2020-05-29T21:00:00+00:00,13.300,8.800,Open-Meteo Historical Weather API,"Casalecchio di Reno, Bologna, Italy",44.4756,11.2759
2020-05-29T22:00:00+00:00,12.200,8.600,Open-Meteo Historical Weather API,"Casalecchio di Reno, Bologna, Italy",44.4756,11.2759
2020-05-29T23:00:00+00:00,11.600,8.200,Open-Meteo Historical Weather API,"Casalecchio di Reno, Bologna, Italy",44.4756,11.2759
2020-05-30T00:00:00+00:00,12.600,7.600,Open-Meteo Historical Weather API,"Casalecchio di Reno, Bologna, Italy",44.4756,11.2759
2020-05-30T01:00:00+00:00,13.000,7.400,Open-Meteo Historical Weather API,"Casalecchio di Reno, Bologna, Italy",44.4756,11.2759
2020-05-30T02:00:00+00:00,12.600,7.400,Open-Meteo Historical Weather API,"Casalecchio di Reno, Bologna, Italy",44.4756,11.2759
2020-05-30T03:00:00+00:00,11.500,7.400,Open-Meteo Historical Weather API,"Casalecchio di Reno, Bologna, Italy",44.4756,11.2759
2020-05-30T04:00:00+00:00,11.300,7.600,Open-Meteo Historical Weather API,"Casalecchio di Reno, Bologna, Italy",44.4756,11.2759
2020-05-30T05:00:00+00:00,13.200,9.000,Open-Meteo Historical Weather API,"Casalecchio di Reno, Bologna, Italy",44.4756,11.2759
2020-05-30T06:00:00+00:00,15.900,8.300,Open-Meteo Historical Weather API,"Casalecchio di Reno, Bologna, Italy",44.4756,11.2759
2020-05-30T07:00:00+00:00,17.200,8.800,Open-Meteo Historical Weather API,"Casalecchio di Reno, Bologna, Italy",44.4756,11.2759
2020-05-30T08:00:00+00:00,18.500,9.300,Open-Meteo Historical Weather API,"Casalecchio di Reno, Bologna, Italy",44.4756,11.2759
2020-05-30T09:00:00+00:00,19.500,9.100,Open-Meteo Historical Weather API,"Casalecchio di Reno, Bologna, Italy",44.4756,11.2759
2020-05-30T10:00:00+00:00,20.500,8.400,Open-Meteo Historical Weather API,"Casalecchio di Reno, Bologna, Italy",44.4756,11.2759
2020-05-30T11:00:00+00:00,20.900,7.800,Open-Meteo Historical Weather API,"Casalecchio di Reno, Bologna, Italy",44.4756,11.2759
2020-05-30T12:00:00+00:00,20.800,9.500,Open-Meteo Historical Weather API,"Casalecchio di Reno, Bologna, Italy",44.4756,11.2759
2020-05-30T13:00:00+00:00,21.200,9.100,Open-Meteo Historical Weather API,"Casalecchio di Reno, Bologna, Italy",44.4756,11.2759
2020-05-30T14:00:00+00:00,21.000,8.200,Open-Meteo Historical Weather API,"Casalecchio di Reno, Bologna, Italy",44.4756,11.2759
2020-05-30T15:00:00+00:00,20.800,7.600,Open-Meteo Historical Weather API,"Casalecchio di Reno, Bologna, Italy",44.4756,11.2759
2020-05-30T16:00:00+00:00,20.200,8.100,Open-Meteo Historical Weather API,"Casalecchio di Reno, Bologna, Italy",44.4756,11.2759
2020-05-30T17:00:00+00:00,19.800,9.500,Open-Meteo Historical Weather API,"Casalecchio di Reno, Bologna, Italy",44.4756,11.2759
2020-05-30T18:00:00+00:00,18.500,11.800,Open-Meteo Historical Weather API,"Casalecchio di Reno, Bologna, Italy",44.4756,11.2759
2020-05-30T19:00:00+00:00,16.800,8.800,Open-Meteo Historical Weather API,"Casalecchio di Reno, Bologna, Italy",44.4756,11.2759
2020-05-30T20:00:00+00:00,15.400,7.800,Open-Meteo Historical Weather API,"Casalecchio di Reno, Bologna, Italy",44.4756,11.2759
2020-05-30T21:00:00+00:00,14.100,8.900,Open-Meteo Historical Weather API,"Casalecchio di Reno, Bologna, Italy",44.4756,11.2759
2020-05-30T22:00:00+00:00,13.300,9.400,Open-Meteo Historical Weather API,"Casalecchio di Reno, Bologna, Italy",44.4756,11.2759
2020-05-30T23:00:00+00:00,13.100,9.400,Open-Meteo Historical Weather API,"Casalecchio di Reno, Bologna, Italy",44.4756,11.2759
2020-05-31T00:00:00+00:00,13.900,7.000,Open-Meteo Historical Weather API,"Casalecchio di Reno, Bologna, Italy",44.4756,11.2759
2020-05-31T01:00:00+00:00,13.200,6.600,Open-Meteo Historical Weather API,"Casalecchio di Reno, Bologna, Italy",44.4756,11.2759
2020-05-31T02:00:00+00:00,12.700,7.300,Open-Meteo Historical Weather API,"Casalecchio di Reno, Bologna, Italy",44.4756,11.2759
2020-05-31T03:00:00+00:00,12.700,8.000,Open-Meteo Historical Weather API,"Casalecchio di Reno, Bologna, Italy",44.4756,11.2759
2020-05-31T04:00:00+00:00,13.500,7.500,Open-Meteo Historical Weather API,"Casalecchio di Reno, Bologna, Italy",44.4756,11.2759
2020-05-31T05:00:00+00:00,15.000,8.700,Open-Meteo Historical Weather API,"Casalecchio di Reno, Bologna, Italy",44.4756,11.2759
2020-05-31T06:00:00+00:00,16.900,9.800,Open-Meteo Historical Weather API,"Casalecchio di Reno, Bologna, Italy",44.4756,11.2759
2020-05-31T07:00:00+00:00,17.600,10.400,Open-Meteo Historical Weather API,"Casalecchio di Reno, Bologna, Italy",44.4756,11.2759
2020-05-31T08:00:00+00:00,18.500,9.700,Open-Meteo Historical Weather API,"Casalecchio di Reno, Bologna, Italy",44.4756,11.2759
2020-05-31T09:00:00+00:00,19.500,9.100,Open-Meteo Historical Weather API,"Casalecchio di Reno, Bologna, Italy",44.4756,11.2759
2020-05-31T10:00:00+00:00,20.400,8.900,Open-Meteo Historical Weather API,"Casalecchio di Reno, Bologna, Italy",44.4756,11.2759
2020-05-31T11:00:00+00:00,20.700,8.800,Open-Meteo Historical Weather API,"Casalecchio di Reno, Bologna, Italy",44.4756,11.2759
2020-05-31T12:00:00+00:00,21.200,9.400,Open-Meteo Historical Weather API,"Casalecchio di Reno, Bologna, Italy",44.4756,11.2759
2020-05-31T13:00:00+00:00,21.200,8.800,Open-Meteo Historical Weather API,"Casalecchio di Reno, Bologna, Italy",44.4756,11.2759
2020-05-31T14:00:00+00:00,21.400,8.600,Open-Meteo Historical Weather API,"Casalecchio di Reno, Bologna, Italy",44.4756,11.2759
2020-05-31T15:00:00+00:00,21.000,8.600,Open-Meteo Historical Weather API,"Casalecchio di Reno, Bologna, Italy",44.4756,11.2759
2020-05-31T16:00:00+00:00,20.700,8.700,Open-Meteo Historical Weather API,"Casalecchio di Reno, Bologna, Italy",44.4756,11.2759
2020-05-31T17:00:00+00:00,20.100,9.400,Open-Meteo Historical Weather API,"Casalecchio di Reno, Bologna, Italy",44.4756,11.2759
2020-05-31T18:00:00+00:00,18.900,11.800,Open-Meteo Historical Weather API,"Casalecchio di Reno, Bologna, Italy",44.4756,11.2759
2020-05-31T19:00:00+00:00,15.900,12.200,Open-Meteo Historical Weather API,"Casalecchio di Reno, Bologna, Italy",44.4756,11.2759
2020-05-31T20:00:00+00:00,14.900,12.100,Open-Meteo Historical Weather API,"Casalecchio di Reno, Bologna, Italy",44.4756,11.2759
2020-05-31T21:00:00+00:00,14.200,12.100,Open-Meteo Historical Weather API,"Casalecchio di Reno, Bologna, Italy",44.4756,11.2759
2020-05-31T22:00:00+00:00,13.900,11.800,Open-Meteo Historical Weather API,"Casalecchio di Reno, Bologna, Italy",44.4756,11.2759
2020-05-31T23:00:00+00:00,13.400,11.400,Open-Meteo Historical Weather API,"Casalecchio di Reno, Bologna, Italy",44.4756,11.2759
2020-06-01T00:00:00+00:00,13.400,10.600,Open-Meteo Historical Weather API,"Casalecchio di Reno, Bologna, Italy",44.4756,11.2759
2020-06-01T01:00:00+00:00,14.400,9.800,Open-Meteo Historical Weather API,"Casalecchio di Reno, Bologna, Italy",44.4756,11.2759
2020-06-01T02:00:00+00:00,15.400,8.800,Open-Meteo Historical Weather API,"Casalecchio di Reno, Bologna, Italy",44.4756,11.2759
2020-06-01T03:00:00+00:00,14.400,8.400,Open-Meteo Historical Weather API,"Casalecchio di Reno, Bologna, Italy",44.4756,11.2759
2020-06-01T04:00:00+00:00,13.500,8.100,Open-Meteo Historical Weather API,"Casalecchio di Reno, Bologna, Italy",44.4756,11.2759
2020-06-01T05:00:00+00:00,15.000,8.900,Open-Meteo Historical Weather API,"Casalecchio di Reno, Bologna, Italy",44.4756,11.2759
2020-06-01T06:00:00+00:00,18.100,8.400,Open-Meteo Historical Weather API,"Casalecchio di Reno, Bologna, Italy",44.4756,11.2759
2020-06-01T07:00:00+00:00,19.500,7.400,Open-Meteo Historical Weather API,"Casalecchio di Reno, Bologna, Italy",44.4756,11.2759
2020-06-01T08:00:00+00:00,20.700,7.700,Open-Meteo Historical Weather API,"Casalecchio di Reno, Bologna, Italy",44.4756,11.2759
2020-06-01T09:00:00+00:00,21.800,8.200,Open-Meteo Historical Weather API,"Casalecchio di Reno, Bologna, Italy",44.4756,11.2759
2020-06-01T10:00:00+00:00,22.600,8.600,Open-Meteo Historical Weather API,"Casalecchio di Reno, Bologna, Italy",44.4756,11.2759
2020-06-01T11:00:00+00:00,23.600,8.600,Open-Meteo Historical Weather API,"Casalecchio di Reno, Bologna, Italy",44.4756,11.2759
2020-06-01T12:00:00+00:00,23.000,9.100,Open-Meteo Historical Weather API,"Casalecchio di Reno, Bologna, Italy",44.4756,11.2759
2020-06-01T13:00:00+00:00,23.800,9.000,Open-Meteo Historical Weather API,"Casalecchio di Reno, Bologna, Italy",44.4756,11.2759
2020-06-01T14:00:00+00:00,24.000,9.100,Open-Meteo Historical Weather API,"Casalecchio di Reno, Bologna, Italy",44.4756,11.2759
2020-06-01T15:00:00+00:00,23.900,9.100,Open-Meteo Historical Weather API,"Casalecchio di Reno, Bologna, Italy",44.4756,11.2759
2020-06-01T16:00:00+00:00,23.500,9.100,Open-Meteo Historical Weather API,"Casalecchio di Reno, Bologna, Italy",44.4756,11.2759
2020-06-01T17:00:00+00:00,23.100,9.500,Open-Meteo Historical Weather API,"Casalecchio di Reno, Bologna, Italy",44.4756,11.2759
2020-06-01T18:00:00+00:00,21.100,11.400,Open-Meteo Historical Weather API,"Casalecchio di Reno, Bologna, Italy",44.4756,11.2759
2020-06-01T19:00:00+00:00,18.800,10.500,Open-Meteo Historical Weather API,"Casalecchio di Reno, Bologna, Italy",44.4756,11.2759
2020-06-01T20:00:00+00:00,17.300,10.100,Open-Meteo Historical Weather API,"Casalecchio di Reno, Bologna, Italy",44.4756,11.2759
2020-06-01T21:00:00+00:00,16.700,9.400,Open-Meteo Historical Weather API,"Casalecchio di Reno, Bologna, Italy",44.4756,11.2759
2020-06-01T22:00:00+00:00,16.400,8.700,Open-Meteo Historical Weather API,"Casalecchio di Reno, Bologna, Italy",44.4756,11.2759
2020-06-01T23:00:00+00:00,15.900,8.100,Open-Meteo Historical Weather API,"Casalecchio di Reno, Bologna, Italy",44.4756,11.2759
2020-06-02T00:00:00+00:00,15.700,7.500,Open-Meteo Historical Weather API,"Casalecchio di Reno, Bologna, Italy",44.4756,11.2759
2020-06-02T01:00:00+00:00,15.600,7.300,Open-Meteo Historical Weather API,"Casalecchio di Reno, Bologna, Italy",44.4756,11.2759
2020-06-02T02:00:00+00:00,15.900,7.000,Open-Meteo Historical Weather API,"Casalecchio di Reno, Bologna, Italy",44.4756,11.2759
2020-06-02T03:00:00+00:00,16.200,6.600,Open-Meteo Historical Weather API,"Casalecchio di Reno, Bologna, Italy",44.4756,11.2759
2020-06-02T04:00:00+00:00,16.400,6.400,Open-Meteo Historical Weather API,"Casalecchio di Reno, Bologna, Italy",44.4756,11.2759
2020-06-02T05:00:00+00:00,16.900,7.800,Open-Meteo Historical Weather API,"Casalecchio di Reno, Bologna, Italy",44.4756,11.2759
2020-06-02T06:00:00+00:00,19.900,9.500,Open-Meteo Historical Weather API,"Casalecchio di Reno, Bologna, Italy",44.4756,11.2759
2020-06-02T07:00:00+00:00,22.400,9.300,Open-Meteo Historical Weather API,"Casalecchio di Reno, Bologna, Italy",44.4756,11.2759
2020-06-02T08:00:00+00:00,23.500,7.600,Open-Meteo Historical Weather API,"Casalecchio di Reno, Bologna, Italy",44.4756,11.2759
2020-06-02T09:00:00+00:00,24.800,7.700,Open-Meteo Historical Weather API,"Casalecchio di Reno, Bologna, Italy",44.4756,11.2759
2020-06-02T10:00:00+00:00,26.000,8.300,Open-Meteo Historical Weather API,"Casalecchio di Reno, Bologna, Italy",44.4756,11.2759
2020-06-02T11:00:00+00:00,27.000,8.800,Open-Meteo Historical Weather API,"Casalecchio di Reno, Bologna, Italy",44.4756,11.2759
2020-06-02T12:00:00+00:00,22.900,14.100,Open-Meteo Historical Weather API,"Casalecchio di Reno, Bologna, Italy",44.4756,11.2759
2020-06-02T13:00:00+00:00,22.400,14.400,Open-Meteo Historical Weather API,"Casalecchio di Reno, Bologna, Italy",44.4756,11.2759
2020-06-02T14:00:00+00:00,24.400,13.200,Open-Meteo Historical Weather API,"Casalecchio di Reno, Bologna, Italy",44.4756,11.2759
2020-06-02T15:00:00+00:00,24.900,12.100,Open-Meteo Historical Weather API,"Casalecchio di Reno, Bologna, Italy",44.4756,11.2759
2020-06-02T16:00:00+00:00,24.100,12.600,Open-Meteo Historical Weather API,"Casalecchio di Reno, Bologna, Italy",44.4756,11.2759
2020-06-02T17:00:00+00:00,22.800,13.200,Open-Meteo Historical Weather API,"Casalecchio di Reno, Bologna, Italy",44.4756,11.2759
2020-06-02T18:00:00+00:00,21.700,13.400,Open-Meteo Historical Weather API,"Casalecchio di Reno, Bologna, Italy",44.4756,11.2759
2020-06-02T19:00:00+00:00,19.800,13.600,Open-Meteo Historical Weather API,"Casalecchio di Reno, Bologna, Italy",44.4756,11.2759
2020-06-02T20:00:00+00:00,18.900,13.400,Open-Meteo Historical Weather API,"Casalecchio di Reno, Bologna, Italy",44.4756,11.2759
2020-06-02T21:00:00+00:00,18.200,12.700,Open-Meteo Historical Weather API,"Casalecchio di Reno, Bologna, Italy",44.4756,11.2759
2020-06-02T22:00:00+00:00,17.700,12.200,Open-Meteo Historical Weather API,"Casalecchio di Reno, Bologna, Italy",44.4756,11.2759
2020-06-02T23:00:00+00:00,17.100,12.100,Open-Meteo Historical Weather API,"Casalecchio di Reno, Bologna, Italy",44.4756,11.2759
2020-06-03T00:00:00+00:00,15.900,11.100,Open-Meteo Historical Weather API,"Casalecchio di Reno, Bologna, Italy",44.4756,11.2759
2020-06-03T01:00:00+00:00,15.600,10.600,Open-Meteo Historical Weather API,"Casalecchio di Reno, Bologna, Italy",44.4756,11.2759
2020-06-03T02:00:00+00:00,15.800,9.600,Open-Meteo Historical Weather API,"Casalecchio di Reno, Bologna, Italy",44.4756,11.2759
2020-06-03T03:00:00+00:00,15.900,9.200,Open-Meteo Historical Weather API,"Casalecchio di Reno, Bologna, Italy",44.4756,11.2759
2020-06-03T04:00:00+00:00,15.600,9.400,Open-Meteo Historical Weather API,"Casalecchio di Reno, Bologna, Italy",44.4756,11.2759
2020-06-03T05:00:00+00:00,17.000,10.300,Open-Meteo Historical Weather API,"Casalecchio di Reno, Bologna, Italy",44.4756,11.2759
2020-06-03T06:00:00+00:00,19.600,10.900,Open-Meteo Historical Weather API,"Casalecchio di Reno, Bologna, Italy",44.4756,11.2759
2020-06-03T07:00:00+00:00,21.000,12.100,Open-Meteo Historical Weather API,"Casalecchio di Reno, Bologna, Italy",44.4756,11.2759
2020-06-03T08:00:00+00:00,22.700,12.600,Open-Meteo Historical Weather API,"Casalecchio di Reno, Bologna, Italy",44.4756,11.2759
2020-06-03T09:00:00+00:00,24.200,12.700,Open-Meteo Historical Weather API,"Casalecchio di Reno, Bologna, Italy",44.4756,11.2759
2020-06-03T10:00:00+00:00,25.500,12.800,Open-Meteo Historical Weather API,"Casalecchio di Reno, Bologna, Italy",44.4756,11.2759
2020-06-03T11:00:00+00:00,26.800,13.200,Open-Meteo Historical Weather API,"Casalecchio di Reno, Bologna, Italy",44.4756,11.2759
2020-06-03T12:00:00+00:00,24.200,13.200,Open-Meteo Historical Weather API,"Casalecchio di Reno, Bologna, Italy",44.4756,11.2759
2020-06-03T13:00:00+00:00,26.000,12.400,Open-Meteo Historical Weather API,"Casalecchio di Reno, Bologna, Italy",44.4756,11.2759
2020-06-03T14:00:00+00:00,25.900,11.900,Open-Meteo Historical Weather API,"Casalecchio di Reno, Bologna, Italy",44.4756,11.2759
2020-06-03T15:00:00+00:00,25.800,12.200,Open-Meteo Historical Weather API,"Casalecchio di Reno, Bologna, Italy",44.4756,11.2759
2020-06-03T16:00:00+00:00,25.100,12.100,Open-Meteo Historical Weather API,"Casalecchio di Reno, Bologna, Italy",44.4756,11.2759
2020-06-03T17:00:00+00:00,23.900,10.400,Open-Meteo Historical Weather API,"Casalecchio di Reno, Bologna, Italy",44.4756,11.2759
2020-06-03T18:00:00+00:00,22.000,9.200,Open-Meteo Historical Weather API,"Casalecchio di Reno, Bologna, Italy",44.4756,11.2759
2020-06-03T19:00:00+00:00,20.300,7.200,Open-Meteo Historical Weather API,"Casalecchio di Reno, Bologna, Italy",44.4756,11.2759
2020-06-03T20:00:00+00:00,19.400,7.200,Open-Meteo Historical Weather API,"Casalecchio di Reno, Bologna, Italy",44.4756,11.2759
2020-06-03T21:00:00+00:00,18.800,7.900,Open-Meteo Historical Weather API,"Casalecchio di Reno, Bologna, Italy",44.4756,11.2759
2020-06-03T22:00:00+00:00,18.200,8.900,Open-Meteo Historical Weather API,"Casalecchio di Reno, Bologna, Italy",44.4756,11.2759
2020-06-03T23:00:00+00:00,18.000,9.400,Open-Meteo Historical Weather API,"Casalecchio di Reno, Bologna, Italy",44.4756,11.2759
2020-06-04T00:00:00+00:00,18.800,8.600,Open-Meteo Historical Weather API,"Casalecchio di Reno, Bologna, Italy",44.4756,11.2759
2020-06-04T01:00:00+00:00,18.400,8.400,Open-Meteo Historical Weather API,"Casalecchio di Reno, Bologna, Italy",44.4756,11.2759
2020-06-04T02:00:00+00:00,17.900,9.100,Open-Meteo Historical Weather API,"Casalecchio di Reno, Bologna, Italy",44.4756,11.2759
2020-06-04T03:00:00+00:00,17.500,10.400,Open-Meteo Historical Weather API,"Casalecchio di Reno, Bologna, Italy",44.4756,11.2759
2020-06-04T04:00:00+00:00,17.400,11.100,Open-Meteo Historical Weather API,"Casalecchio di Reno, Bologna, Italy",44.4756,11.2759
2020-06-04T05:00:00+00:00,18.100,12.300,Open-Meteo Historical Weather API,"Casalecchio di Reno, Bologna, Italy",44.4756,11.2759
2020-06-04T06:00:00+00:00,19.000,12.800,Open-Meteo Historical Weather API,"Casalecchio di Reno, Bologna, Italy",44.4756,11.2759
2020-06-04T07:00:00+00:00,18.800,13.200,Open-Meteo Historical Weather API,"Casalecchio di Reno, Bologna, Italy",44.4756,11.2759
2020-06-04T08:00:00+00:00,18.800,14.500,Open-Meteo Historical Weather API,"Casalecchio di Reno, Bologna, Italy",44.4756,11.2759
2020-06-04T09:00:00+00:00,19.400,14.100,Open-Meteo Historical Weather API,"Casalecchio di Reno, Bologna, Italy",44.4756,11.2759
2020-06-04T10:00:00+00:00,20.600,13.900,Open-Meteo Historical Weather API,"Casalecchio di Reno, Bologna, Italy",44.4756,11.2759
2020-06-04T11:00:00+00:00,20.400,15.100,Open-Meteo Historical Weather API,"Casalecchio di Reno, Bologna, Italy",44.4756,11.2759
2020-06-04T12:00:00+00:00,18.300,16.700,Open-Meteo Historical Weather API,"Casalecchio di Reno, Bologna, Italy",44.4756,11.2759
2020-06-04T13:00:00+00:00,19.900,15.400,Open-Meteo Historical Weather API,"Casalecchio di Reno, Bologna, Italy",44.4756,11.2759
2020-06-04T14:00:00+00:00,19.800,14.900,Open-Meteo Historical Weather API,"Casalecchio di Reno, Bologna, Italy",44.4756,11.2759
2020-06-04T15:00:00+00:00,19.500,16.200,Open-Meteo Historical Weather API,"Casalecchio di Reno, Bologna, Italy",44.4756,11.2759
2020-06-04T16:00:00+00:00,19.300,16.200,Open-Meteo Historical Weather API,"Casalecchio di Reno, Bologna, Italy",44.4756,11.2759
2020-06-04T17:00:00+00:00,18.800,16.500,Open-Meteo Historical Weather API,"Casalecchio di Reno, Bologna, Italy",44.4756,11.2759
2020-06-04T18:00:00+00:00,18.400,16.300,Open-Meteo Historical Weather API,"Casalecchio di Reno, Bologna, Italy",44.4756,11.2759
2020-06-04T19:00:00+00:00,17.400,16.000,Open-Meteo Historical Weather API,"Casalecchio di Reno, Bologna, Italy",44.4756,11.2759
2020-06-04T20:00:00+00:00,17.400,16.500,Open-Meteo Historical Weather API,"Casalecchio di Reno, Bologna, Italy",44.4756,11.2759
2020-06-04T21:00:00+00:00,16.900,16.000,Open-Meteo Historical Weather API,"Casalecchio di Reno, Bologna, Italy",44.4756,11.2759
2020-06-04T22:00:00+00:00,17.800,14.400,Open-Meteo Historical Weather API,"Casalecchio di Reno, Bologna, Italy",44.4756,11.2759
2020-06-04T23:00:00+00:00,17.800,14.100,Open-Meteo Historical Weather API,"Casalecchio di Reno, Bologna, Italy",44.4756,11.2759
2020-06-05T00:00:00+00:00,17.100,13.800,Open-Meteo Historical Weather API,"Casalecchio di Reno, Bologna, Italy",44.4756,11.2759
2020-06-05T01:00:00+00:00,17.000,13.900,Open-Meteo Historical Weather API,"Casalecchio di Reno, Bologna, Italy",44.4756,11.2759
2020-06-05T02:00:00+00:00,16.900,13.700,Open-Meteo Historical Weather API,"Casalecchio di Reno, Bologna, Italy",44.4756,11.2759
2020-06-05T03:00:00+00:00,15.400,13.400,Open-Meteo Historical Weather API,"Casalecchio di Reno, Bologna, Italy",44.4756,11.2759
2020-06-05T04:00:00+00:00,14.600,13.400,Open-Meteo Historical Weather API,"Casalecchio di Reno, Bologna, Italy",44.4756,11.2759
2020-06-05T05:00:00+00:00,15.800,14.500,Open-Meteo Historical Weather API,"Casalecchio di Reno, Bologna, Italy",44.4756,11.2759
2020-06-05T06:00:00+00:00,17.300,15.000,Open-Meteo Historical Weather API,"Casalecchio di Reno, Bologna, Italy",44.4756,11.2759
2020-06-05T07:00:00+00:00,18.700,15.200,Open-Meteo Historical Weather API,"Casalecchio di Reno, Bologna, Italy",44.4756,11.2759
2020-06-05T08:00:00+00:00,19.100,14.700,Open-Meteo Historical Weather API,"Casalecchio di Reno, Bologna, Italy",44.4756,11.2759
2020-06-05T09:00:00+00:00,19.500,15.100,Open-Meteo Historical Weather API,"Casalecchio di Reno, Bologna, Italy",44.4756,11.2759
2020-06-05T10:00:00+00:00,18.600,14.700,Open-Meteo Historical Weather API,"Casalecchio di Reno, Bologna, Italy",44.4756,11.2759
2020-06-05T11:00:00+00:00,20.800,14.800,Open-Meteo Historical Weather API,"Casalecchio di Reno, Bologna, Italy",44.4756,11.2759
2020-06-05T12:00:00+00:00,21.800,14.600,Open-Meteo Historical Weather API,"Casalecchio di Reno, Bologna, Italy",44.4756,11.2759
2020-06-05T13:00:00+00:00,22.400,13.400,Open-Meteo Historical Weather API,"Casalecchio di Reno, Bologna, Italy",44.4756,11.2759
2020-06-05T14:00:00+00:00,23.500,13.600,Open-Meteo Historical Weather API,"Casalecchio di Reno, Bologna, Italy",44.4756,11.2759
2020-06-05T15:00:00+00:00,23.600,12.800,Open-Meteo Historical Weather API,"Casalecchio di Reno, Bologna, Italy",44.4756,11.2759
2020-06-05T16:00:00+00:00,23.900,11.900,Open-Meteo Historical Weather API,"Casalecchio di Reno, Bologna, Italy",44.4756,11.2759
2020-06-05T17:00:00+00:00,23.600,11.900,Open-Meteo Historical Weather API,"Casalecchio di Reno, Bologna, Italy",44.4756,11.2759
2020-06-05T18:00:00+00:00,22.400,14.900,Open-Meteo Historical Weather API,"Casalecchio di Reno, Bologna, Italy",44.4756,11.2759
2020-06-05T19:00:00+00:00,19.800,13.100,Open-Meteo Historical Weather API,"Casalecchio di Reno, Bologna, Italy",44.4756,11.2759
2020-06-05T20:00:00+00:00,18.500,13.000,Open-Meteo Historical Weather API,"Casalecchio di Reno, Bologna, Italy",44.4756,11.2759
2020-06-05T21:00:00+00:00,18.000,12.800,Open-Meteo Historical Weather API,"Casalecchio di Reno, Bologna, Italy",44.4756,11.2759
2020-06-05T22:00:00+00:00,17.900,12.900,Open-Meteo Historical Weather API,"Casalecchio di Reno, Bologna, Italy",44.4756,11.2759
2020-06-05T23:00:00+00:00,17.400,13.100,Open-Meteo Historical Weather API,"Casalecchio di Reno, Bologna, Italy",44.4756,11.2759
2020-06-06T00:00:00+00:00,17.100,13.400,Open-Meteo Historical Weather API,"Casalecchio di Reno, Bologna, Italy",44.4756,11.2759
2020-06-06T01:00:00+00:00,17.000,13.500,Open-Meteo Historical Weather API,"Casalecchio di Reno, Bologna, Italy",44.4756,11.2759
2020-06-06T02:00:00+00:00,16.600,13.300,Open-Meteo Historical Weather API,"Casalecchio di Reno, Bologna, Italy",44.4756,11.2759
2020-06-06T03:00:00+00:00,15.900,13.100,Open-Meteo Historical Weather API,"Casalecchio di Reno, Bologna, Italy",44.4756,11.2759
2020-06-06T04:00:00+00:00,15.900,12.700,Open-Meteo Historical Weather API,"Casalecchio di Reno, Bologna, Italy",44.4756,11.2759
2020-06-06T05:00:00+00:00,17.400,12.700,Open-Meteo Historical Weather API,"Casalecchio di Reno, Bologna, Italy",44.4756,11.2759
2020-06-06T06:00:00+00:00,19.600,13.300,Open-Meteo Historical Weather API,"Casalecchio di Reno, Bologna, Italy",44.4756,11.2759
2020-06-06T07:00:00+00:00,21.900,13.500,Open-Meteo Historical Weather API,"Casalecchio di Reno, Bologna, Italy",44.4756,11.2759
2020-06-06T08:00:00+00:00,23.500,12.500,Open-Meteo Historical Weather API,"Casalecchio di Reno, Bologna, Italy",44.4756,11.2759
2020-06-06T09:00:00+00:00,24.800,12.400,Open-Meteo Historical Weather API,"Casalecchio di Reno, Bologna, Italy",44.4756,11.2759
2020-06-06T10:00:00+00:00,26.000,12.300,Open-Meteo Historical Weather API,"Casalecchio di Reno, Bologna, Italy",44.4756,11.2759
2020-06-06T11:00:00+00:00,26.800,12.400,Open-Meteo Historical Weather API,"Casalecchio di Reno, Bologna, Italy",44.4756,11.2759
2020-06-06T12:00:00+00:00,26.400,11.900,Open-Meteo Historical Weather API,"Casalecchio di Reno, Bologna, Italy",44.4756,11.2759
2020-06-06T13:00:00+00:00,26.200,12.400,Open-Meteo Historical Weather API,"Casalecchio di Reno, Bologna, Italy",44.4756,11.2759
2020-06-06T14:00:00+00:00,26.000,13.400,Open-Meteo Historical Weather API,"Casalecchio di Reno, Bologna, Italy",44.4756,11.2759
2020-06-06T15:00:00+00:00,25.700,13.400,Open-Meteo Historical Weather API,"Casalecchio di Reno, Bologna, Italy",44.4756,11.2759
2020-06-06T16:00:00+00:00,24.400,13.600,Open-Meteo Historical Weather API,"Casalecchio di Reno, Bologna, Italy",44.4756,11.2759
2020-06-06T17:00:00+00:00,23.100,13.400,Open-Meteo Historical Weather API,"Casalecchio di Reno, Bologna, Italy",44.4756,11.2759
2020-06-06T18:00:00+00:00,21.200,13.400,Open-Meteo Historical Weather API,"Casalecchio di Reno, Bologna, Italy",44.4756,11.2759
2020-06-06T19:00:00+00:00,19.500,13.100,Open-Meteo Historical Weather API,"Casalecchio di Reno, Bologna, Italy",44.4756,11.2759
2020-06-06T20:00:00+00:00,18.700,13.400,Open-Meteo Historical Weather API,"Casalecchio di Reno, Bologna, Italy",44.4756,11.2759
2020-06-06T21:00:00+00:00,18.300,13.200,Open-Meteo Historical Weather API,"Casalecchio di Reno, Bologna, Italy",44.4756,11.2759
2020-06-06T22:00:00+00:00,18.000,12.700,Open-Meteo Historical Weather API,"Casalecchio di Reno, Bologna, Italy",44.4756,11.2759
2020-06-06T23:00:00+00:00,17.700,12.400,Open-Meteo Historical Weather API,"Casalecchio di Reno, Bologna, Italy",44.4756,11.2759
2020-06-07T00:00:00+00:00,17.200,12.800,Open-Meteo Historical Weather API,"Casalecchio di Reno, Bologna, Italy",44.4756,11.2759
2020-06-07T01:00:00+00:00,17.000,13.000,Open-Meteo Historical Weather API,"Casalecchio di Reno, Bologna, Italy",44.4756,11.2759
2020-06-07T02:00:00+00:00,17.200,12.800,Open-Meteo Historical Weather API,"Casalecchio di Reno, Bologna, Italy",44.4756,11.2759
2020-06-07T03:00:00+00:00,17.200,12.900,Open-Meteo Historical Weather API,"Casalecchio di Reno, Bologna, Italy",44.4756,11.2759
2020-06-07T04:00:00+00:00,17.100,12.900,Open-Meteo Historical Weather API,"Casalecchio di Reno, Bologna, Italy",44.4756,11.2759
2020-06-07T05:00:00+00:00,18.500,12.400,Open-Meteo Historical Weather API,"Casalecchio di Reno, Bologna, Italy",44.4756,11.2759
2020-06-07T06:00:00+00:00,20.600,12.400,Open-Meteo Historical Weather API,"Casalecchio di Reno, Bologna, Italy",44.4756,11.2759
2020-06-07T07:00:00+00:00,22.200,12.400,Open-Meteo Historical Weather API,"Casalecchio di Reno, Bologna, Italy",44.4756,11.2759
2020-06-07T08:00:00+00:00,23.100,12.600,Open-Meteo Historical Weather API,"Casalecchio di Reno, Bologna, Italy",44.4756,11.2759
2020-06-07T09:00:00+00:00,24.000,12.400,Open-Meteo Historical Weather API,"Casalecchio di Reno, Bologna, Italy",44.4756,11.2759
2020-06-07T10:00:00+00:00,24.600,12.600,Open-Meteo Historical Weather API,"Casalecchio di Reno, Bologna, Italy",44.4756,11.2759
2020-06-07T11:00:00+00:00,24.600,13.400,Open-Meteo Historical Weather API,"Casalecchio di Reno, Bologna, Italy",44.4756,11.2759
2020-06-07T12:00:00+00:00,25.800,13.200,Open-Meteo Historical Weather API,"Casalecchio di Reno, Bologna, Italy",44.4756,11.2759
2020-06-07T13:00:00+00:00,24.000,13.700,Open-Meteo Historical Weather API,"Casalecchio di Reno, Bologna, Italy",44.4756,11.2759
2020-06-07T14:00:00+00:00,24.600,13.300,Open-Meteo Historical Weather API,"Casalecchio di Reno, Bologna, Italy",44.4756,11.2759
2020-06-07T15:00:00+00:00,24.200,12.900,Open-Meteo Historical Weather API,"Casalecchio di Reno, Bologna, Italy",44.4756,11.2759
2020-06-07T16:00:00+00:00,23.100,13.400,Open-Meteo Historical Weather API,"Casalecchio di Reno, Bologna, Italy",44.4756,11.2759
2020-06-07T17:00:00+00:00,22.600,14.100,Open-Meteo Historical Weather API,"Casalecchio di Reno, Bologna, Italy",44.4756,11.2759
2020-06-07T18:00:00+00:00,21.600,14.900,Open-Meteo Historical Weather API,"Casalecchio di Reno, Bologna, Italy",44.4756,11.2759
2020-06-07T19:00:00+00:00,20.500,13.700,Open-Meteo Historical Weather API,"Casalecchio di Reno, Bologna, Italy",44.4756,11.2759
2020-06-07T20:00:00+00:00,19.900,13.400,Open-Meteo Historical Weather API,"Casalecchio di Reno, Bologna, Italy",44.4756,11.2759
2020-06-07T21:00:00+00:00,19.400,13.300,Open-Meteo Historical Weather API,"Casalecchio di Reno, Bologna, Italy",44.4756,11.2759
2020-06-07T22:00:00+00:00,19.000,13.400,Open-Meteo Historical Weather API,"Casalecchio di Reno, Bologna, Italy",44.4756,11.2759
2020-06-07T23:00:00+00:00,18.600,13.900,Open-Meteo Historical Weather API,"Casalecchio di Reno, Bologna, Italy",44.4756,11.2759
2020-06-08T00:00:00+00:00,17.600,15.200,Open-Meteo Historical Weather API,"Casalecchio di Reno, Bologna, Italy",44.4756,11.2759
2020-06-08T01:00:00+00:00,18.100,15.500,Open-Meteo Historical Weather API,"Casalecchio di Reno, Bologna, Italy",44.4756,11.2759
2020-06-08T02:00:00+00:00,17.100,15.300,Open-Meteo Historical Weather API,"Casalecchio di Reno, Bologna, Italy",44.4756,11.2759
2020-06-08T03:00:00+00:00,16.300,15.100,Open-Meteo Historical Weather API,"Casalecchio di Reno, Bologna, Italy",44.4756,11.2759
2020-06-08T04:00:00+00:00,16.600,15.200,Open-Meteo Historical Weather API,"Casalecchio di Reno, Bologna, Italy",44.4756,11.2759
2020-06-08T05:00:00+00:00,17.500,15.400,Open-Meteo Historical Weather API,"Casalecchio di Reno, Bologna, Italy",44.4756,11.2759
2020-06-08T06:00:00+00:00,18.500,15.400,Open-Meteo Historical Weather API,"Casalecchio di Reno, Bologna, Italy",44.4756,11.2759
2020-06-08T07:00:00+00:00,19.100,15.500,Open-Meteo Historical Weather API,"Casalecchio di Reno, Bologna, Italy",44.4756,11.2759
2020-06-08T08:00:00+00:00,19.500,15.400,Open-Meteo Historical Weather API,"Casalecchio di Reno, Bologna, Italy",44.4756,11.2759
2020-06-08T09:00:00+00:00,20.500,15.500,Open-Meteo Historical Weather API,"Casalecchio di Reno, Bologna, Italy",44.4756,11.2759
2020-06-08T10:00:00+00:00,21.800,15.800,Open-Meteo Historical Weather API,"Casalecchio di Reno, Bologna, Italy",44.4756,11.2759
2020-06-08T11:00:00+00:00,21.800,16.100,Open-Meteo Historical Weather API,"Casalecchio di Reno, Bologna, Italy",44.4756,11.2759
2020-06-08T12:00:00+00:00,21.500,15.100,Open-Meteo Historical Weather API,"Casalecchio di Reno, Bologna, Italy",44.4756,11.2759
2020-06-08T13:00:00+00:00,22.900,14.700,Open-Meteo Historical Weather API,"Casalecchio di Reno, Bologna, Italy",44.4756,11.2759
2020-06-08T14:00:00+00:00,21.100,15.200,Open-Meteo Historical Weather API,"Casalecchio di Reno, Bologna, Italy",44.4756,11.2759
2020-06-08T15:00:00+00:00,21.300,15.200,Open-Meteo Historical Weather API,"Casalecchio di Reno, Bologna, Italy",44.4756,11.2759
2020-06-08T16:00:00+00:00,20.800,15.600,Open-Meteo Historical Weather API,"Casalecchio di Reno, Bologna, Italy",44.4756,11.2759
2020-06-08T17:00:00+00:00,20.500,15.600,Open-Meteo Historical Weather API,"Casalecchio di Reno, Bologna, Italy",44.4756,11.2759
2020-06-08T18:00:00+00:00,20.100,16.000,Open-Meteo Historical Weather API,"Casalecchio di Reno, Bologna, Italy",44.4756,11.2759
2020-06-08T19:00:00+00:00,18.300,16.300,Open-Meteo Historical Weather API,"Casalecchio di Reno, Bologna, Italy",44.4756,11.2759
2020-06-08T20:00:00+00:00,17.000,16.200,Open-Meteo Historical Weather API,"Casalecchio di Reno, Bologna, Italy",44.4756,11.2759
2020-06-08T21:00:00+00:00,16.200,15.700,Open-Meteo Historical Weather API,"Casalecchio di Reno, Bologna, Italy",44.4756,11.2759
2020-06-08T22:00:00+00:00,16.600,16.400,Open-Meteo Historical Weather API,"Casalecchio di Reno, Bologna, Italy",44.4756,11.2759
2020-06-08T23:00:00+00:00,14.200,14.200,Open-Meteo Historical Weather API,"Casalecchio di Reno, Bologna, Italy",44.4756,11.2759
2020-06-09T00:00:00+00:00,15.200,13.400,Open-Meteo Historical Weather API,"Casalecchio di Reno, Bologna, Italy",44.4756,11.2759
2020-06-09T01:00:00+00:00,14.900,12.900,Open-Meteo Historical Weather API,"Casalecchio di Reno, Bologna, Italy",44.4756,11.2759
2020-06-09T02:00:00+00:00,14.800,12.500,Open-Meteo Historical Weather API,"Casalecchio di Reno, Bologna, Italy",44.4756,11.2759
2020-06-09T03:00:00+00:00,13.700,12.400,Open-Meteo Historical Weather API,"Casalecchio di Reno, Bologna, Italy",44.4756,11.2759
2020-06-09T04:00:00+00:00,14.100,12.500,Open-Meteo Historical Weather API,"Casalecchio di Reno, Bologna, Italy",44.4756,11.2759
2020-06-09T05:00:00+00:00,15.800,13.100,Open-Meteo Historical Weather API,"Casalecchio di Reno, Bologna, Italy",44.4756,11.2759
2020-06-09T06:00:00+00:00,16.900,13.400,Open-Meteo Historical Weather API,"Casalecchio di Reno, Bologna, Italy",44.4756,11.2759
2020-06-09T07:00:00+00:00,18.000,13.900,Open-Meteo Historical Weather API,"Casalecchio di Reno, Bologna, Italy",44.4756,11.2759
2020-06-09T08:00:00+00:00,19.900,14.100,Open-Meteo Historical Weather API,"Casalecchio di Reno, Bologna, Italy",44.4756,11.2759
2020-06-09T09:00:00+00:00,21.100,13.900,Open-Meteo Historical Weather API,"Casalecchio di Reno, Bologna, Italy",44.4756,11.2759
2020-06-09T10:00:00+00:00,22.400,12.200,Open-Meteo Historical Weather API,"Casalecchio di Reno, Bologna, Italy",44.4756,11.2759
2020-06-09T11:00:00+00:00,23.500,11.800,Open-Meteo Historical Weather API,"Casalecchio di Reno, Bologna, Italy",44.4756,11.2759
2020-06-09T12:00:00+00:00,22.400,11.900,Open-Meteo Historical Weather API,"Casalecchio di Reno, Bologna, Italy",44.4756,11.2759
2020-06-09T13:00:00+00:00,21.100,13.900,Open-Meteo Historical Weather API,"Casalecchio di Reno, Bologna, Italy",44.4756,11.2759
2020-06-09T14:00:00+00:00,22.200,13.600,Open-Meteo Historical Weather API,"Casalecchio di Reno, Bologna, Italy",44.4756,11.2759
2020-06-09T15:00:00+00:00,21.100,13.600,Open-Meteo Historical Weather API,"Casalecchio di Reno, Bologna, Italy",44.4756,11.2759
2020-06-09T16:00:00+00:00,20.500,13.600,Open-Meteo Historical Weather API,"Casalecchio di Reno, Bologna, Italy",44.4756,11.2759
2020-06-09T17:00:00+00:00,20.900,13.100,Open-Meteo Historical Weather API,"Casalecchio di Reno, Bologna, Italy",44.4756,11.2759
2020-06-09T18:00:00+00:00,19.400,14.300,Open-Meteo Historical Weather API,"Casalecchio di Reno, Bologna, Italy",44.4756,11.2759
2020-06-09T19:00:00+00:00,16.800,15.300,Open-Meteo Historical Weather API,"Casalecchio di Reno, Bologna, Italy",44.4756,11.2759
2020-06-09T20:00:00+00:00,16.200,14.900,Open-Meteo Historical Weather API,"Casalecchio di Reno, Bologna, Italy",44.4756,11.2759
2020-06-09T21:00:00+00:00,15.900,13.700,Open-Meteo Historical Weather API,"Casalecchio di Reno, Bologna, Italy",44.4756,11.2759
2020-06-09T22:00:00+00:00,15.200,12.600,Open-Meteo Historical Weather API,"Casalecchio di Reno, Bologna, Italy",44.4756,11.2759
2020-06-09T23:00:00+00:00,14.200,12.900,Open-Meteo Historical Weather API,"Casalecchio di Reno, Bologna, Italy",44.4756,11.2759
2020-06-10T00:00:00+00:00,15.400,13.200,Open-Meteo Historical Weather API,"Casalecchio di Reno, Bologna, Italy",44.4756,11.2759
2020-06-10T01:00:00+00:00,14.900,12.400,Open-Meteo Historical Weather API,"Casalecchio di Reno, Bologna, Italy",44.4756,11.2759
2020-06-10T02:00:00+00:00,14.400,11.900,Open-Meteo Historical Weather API,"Casalecchio di Reno, Bologna, Italy",44.4756,11.2759
2020-06-10T03:00:00+00:00,13.800,11.900,Open-Meteo Historical Weather API,"Casalecchio di Reno, Bologna, Italy",44.4756,11.2759
2020-06-10T04:00:00+00:00,13.400,11.600,Open-Meteo Historical Weather API,"Casalecchio di Reno, Bologna, Italy",44.4756,11.2759
2020-06-10T05:00:00+00:00,14.700,12.300,Open-Meteo Historical Weather API,"Casalecchio di Reno, Bologna, Italy",44.4756,11.2759
2020-06-10T06:00:00+00:00,16.500,13.000,Open-Meteo Historical Weather API,"Casalecchio di Reno, Bologna, Italy",44.4756,11.2759
2020-06-10T07:00:00+00:00,18.000,12.800,Open-Meteo Historical Weather API,"Casalecchio di Reno, Bologna, Italy",44.4756,11.2759
2020-06-10T08:00:00+00:00,18.800,12.400,Open-Meteo Historical Weather API,"Casalecchio di Reno, Bologna, Italy",44.4756,11.2759
2020-06-10T09:00:00+00:00,20.200,12.300,Open-Meteo Historical Weather API,"Casalecchio di Reno, Bologna, Italy",44.4756,11.2759
2020-06-10T10:00:00+00:00,21.500,12.500,Open-Meteo Historical Weather API,"Casalecchio di Reno, Bologna, Italy",44.4756,11.2759
2020-06-10T11:00:00+00:00,22.000,12.900,Open-Meteo Historical Weather API,"Casalecchio di Reno, Bologna, Italy",44.4756,11.2759
2020-06-10T12:00:00+00:00,20.400,9.800,Open-Meteo Historical Weather API,"Casalecchio di Reno, Bologna, Italy",44.4756,11.2759
2020-06-10T13:00:00+00:00,21.500,8.100,Open-Meteo Historical Weather API,"Casalecchio di Reno, Bologna, Italy",44.4756,11.2759
2020-06-10T14:00:00+00:00,22.500,7.700,Open-Meteo Historical Weather API,"Casalecchio di Reno, Bologna, Italy",44.4756,11.2759
2020-06-10T15:00:00+00:00,22.200,7.800,Open-Meteo Historical Weather API,"Casalecchio di Reno, Bologna, Italy",44.4756,11.2759
2020-06-10T16:00:00+00:00,21.900,8.100,Open-Meteo Historical Weather API,"Casalecchio di Reno, Bologna, Italy",44.4756,11.2759
2020-06-10T17:00:00+00:00,20.200,8.600,Open-Meteo Historical Weather API,"Casalecchio di Reno, Bologna, Italy",44.4756,11.2759
2020-06-10T18:00:00+00:00,18.800,10.900,Open-Meteo Historical Weather API,"Casalecchio di Reno, Bologna, Italy",44.4756,11.2759
2020-06-10T19:00:00+00:00,17.400,12.600,Open-Meteo Historical Weather API,"Casalecchio di Reno, Bologna, Italy",44.4756,11.2759
2020-06-10T20:00:00+00:00,15.600,12.000,Open-Meteo Historical Weather API,"Casalecchio di Reno, Bologna, Italy",44.4756,11.2759
2020-06-10T21:00:00+00:00,15.800,10.400,Open-Meteo Historical Weather API,"Casalecchio di Reno, Bologna, Italy",44.4756,11.2759
2020-06-10T22:00:00+00:00,14.900,10.500,Open-Meteo Historical Weather API,"Casalecchio di Reno, Bologna, Italy",44.4756,11.2759
2020-06-10T23:00:00+00:00,14.400,10.800,Open-Meteo Historical Weather API,"Casalecchio di Reno, Bologna, Italy",44.4756,11.2759
2020-06-11T00:00:00+00:00,13.400,11.800,Open-Meteo Historical Weather API,"Casalecchio di Reno, Bologna, Italy",44.4756,11.2759
2020-06-11T01:00:00+00:00,13.700,12.100,Open-Meteo Historical Weather API,"Casalecchio di Reno, Bologna, Italy",44.4756,11.2759
2020-06-11T02:00:00+00:00,13.800,11.900,Open-Meteo Historical Weather API,"Casalecchio di Reno, Bologna, Italy",44.4756,11.2759
2020-06-11T03:00:00+00:00,13.300,11.600,Open-Meteo Historical Weather API,"Casalecchio di Reno, Bologna, Italy",44.4756,11.2759
2020-06-11T04:00:00+00:00,13.000,11.400,Open-Meteo Historical Weather API,"Casalecchio di Reno, Bologna, Italy",44.4756,11.2759
2020-06-11T05:00:00+00:00,14.300,11.800,Open-Meteo Historical Weather API,"Casalecchio di Reno, Bologna, Italy",44.4756,11.2759
2020-06-11T06:00:00+00:00,16.400,12.400,Open-Meteo Historical Weather API,"Casalecchio di Reno, Bologna, Italy",44.4756,11.2759
2020-06-11T07:00:00+00:00,18.000,11.700,Open-Meteo Historical Weather API,"Casalecchio di Reno, Bologna, Italy",44.4756,11.2759
2020-06-11T08:00:00+00:00,19.200,11.600,Open-Meteo Historical Weather API,"Casalecchio di Reno, Bologna, Italy",44.4756,11.2759
2020-06-11T09:00:00+00:00,20.000,11.900,Open-Meteo Historical Weather API,"Casalecchio di Reno, Bologna, Italy",44.4756,11.2759
2020-06-11T10:00:00+00:00,20.400,11.600,Open-Meteo Historical Weather API,"Casalecchio di Reno, Bologna, Italy",44.4756,11.2759
2020-06-11T11:00:00+00:00,21.300,12.400,Open-Meteo Historical Weather API,"Casalecchio di Reno, Bologna, Italy",44.4756,11.2759
2020-06-11T12:00:00+00:00,19.100,13.200,Open-Meteo Historical Weather API,"Casalecchio di Reno, Bologna, Italy",44.4756,11.2759
2020-06-11T13:00:00+00:00,21.000,12.400,Open-Meteo Historical Weather API,"Casalecchio di Reno, Bologna, Italy",44.4756,11.2759
2020-06-11T14:00:00+00:00,21.000,11.900,Open-Meteo Historical Weather API,"Casalecchio di Reno, Bologna, Italy",44.4756,11.2759
2020-06-11T15:00:00+00:00,20.100,12.700,Open-Meteo Historical Weather API,"Casalecchio di Reno, Bologna, Italy",44.4756,11.2759
2020-06-11T16:00:00+00:00,18.800,14.100,Open-Meteo Historical Weather API,"Casalecchio di Reno, Bologna, Italy",44.4756,11.2759
2020-06-11T17:00:00+00:00,18.500,14.100,Open-Meteo Historical Weather API,"Casalecchio di Reno, Bologna, Italy",44.4756,11.2759
2020-06-11T18:00:00+00:00,18.000,14.100,Open-Meteo Historical Weather API,"Casalecchio di Reno, Bologna, Italy",44.4756,11.2759
2020-06-11T19:00:00+00:00,17.000,14.000,Open-Meteo Historical Weather API,"Casalecchio di Reno, Bologna, Italy",44.4756,11.2759
2020-06-11T20:00:00+00:00,15.500,14.100,Open-Meteo Historical Weather API,"Casalecchio di Reno, Bologna, Italy",44.4756,11.2759
2020-06-11T21:00:00+00:00,15.400,13.600,Open-Meteo Historical Weather API,"Casalecchio di Reno, Bologna, Italy",44.4756,11.2759
2020-06-11T22:00:00+00:00,15.100,12.400,Open-Meteo Historical Weather API,"Casalecchio di Reno, Bologna, Italy",44.4756,11.2759
2020-06-11T23:00:00+00:00,14.600,11.700,Open-Meteo Historical Weather API,"Casalecchio di Reno, Bologna, Italy",44.4756,11.2759
2020-06-12T00:00:00+00:00,14.600,11.000,Open-Meteo Historical Weather API,"Casalecchio di Reno, Bologna, Italy",44.4756,11.2759
2020-06-12T01:00:00+00:00,14.400,10.700,Open-Meteo Historical Weather API,"Casalecchio di Reno, Bologna, Italy",44.4756,11.2759
2020-06-12T02:00:00+00:00,13.900,10.400,Open-Meteo Historical Weather API,"Casalecchio di Reno, Bologna, Italy",44.4756,11.2759
2020-06-12T03:00:00+00:00,13.400,10.400,Open-Meteo Historical Weather API,"Casalecchio di Reno, Bologna, Italy",44.4756,11.2759
2020-06-12T04:00:00+00:00,13.400,10.400,Open-Meteo Historical Weather API,"Casalecchio di Reno, Bologna, Italy",44.4756,11.2759
2020-06-12T05:00:00+00:00,15.100,11.100,Open-Meteo Historical Weather API,"Casalecchio di Reno, Bologna, Italy",44.4756,11.2759
2020-06-12T06:00:00+00:00,17.900,12.000,Open-Meteo Historical Weather API,"Casalecchio di Reno, Bologna, Italy",44.4756,11.2759
2020-06-12T07:00:00+00:00,20.200,11.100,Open-Meteo Historical Weather API,"Casalecchio di Reno, Bologna, Italy",44.4756,11.2759
2020-06-12T08:00:00+00:00,21.700,10.400,Open-Meteo Historical Weather API,"Casalecchio di Reno, Bologna, Italy",44.4756,11.2759
2020-06-12T09:00:00+00:00,22.900,10.400,Open-Meteo Historical Weather API,"Casalecchio di Reno, Bologna, Italy",44.4756,11.2759
2020-06-12T10:00:00+00:00,23.900,10.600,Open-Meteo Historical Weather API,"Casalecchio di Reno, Bologna, Italy",44.4756,11.2759
2020-06-12T11:00:00+00:00,25.500,10.200,Open-Meteo Historical Weather API,"Casalecchio di Reno, Bologna, Italy",44.4756,11.2759
2020-06-12T12:00:00+00:00,24.900,12.100,Open-Meteo Historical Weather API,"Casalecchio di Reno, Bologna, Italy",44.4756,11.2759
2020-06-12T13:00:00+00:00,24.800,12.400,Open-Meteo Historical Weather API,"Casalecchio di Reno, Bologna, Italy",44.4756,11.2759
2020-06-12T14:00:00+00:00,25.400,12.800,Open-Meteo Historical Weather API,"Casalecchio di Reno, Bologna, Italy",44.4756,11.2759
2020-06-12T15:00:00+00:00,26.000,11.600,Open-Meteo Historical Weather API,"Casalecchio di Reno, Bologna, Italy",44.4756,11.2759
2020-06-12T16:00:00+00:00,25.800,11.800,Open-Meteo Historical Weather API,"Casalecchio di Reno, Bologna, Italy",44.4756,11.2759
2020-06-12T17:00:00+00:00,25.000,12.400,Open-Meteo Historical Weather API,"Casalecchio di Reno, Bologna, Italy",44.4756,11.2759
2020-06-12T18:00:00+00:00,23.400,13.200,Open-Meteo Historical Weather API,"Casalecchio di Reno, Bologna, Italy",44.4756,11.2759
2020-06-12T19:00:00+00:00,21.200,12.900,Open-Meteo Historical Weather API,"Casalecchio di Reno, Bologna, Italy",44.4756,11.2759
2020-06-12T20:00:00+00:00,19.800,12.700,Open-Meteo Historical Weather API,"Casalecchio di Reno, Bologna, Italy",44.4756,11.2759
2020-06-12T21:00:00+00:00,18.800,12.400,Open-Meteo Historical Weather API,"Casalecchio di Reno, Bologna, Italy",44.4756,11.2759
2020-06-12T22:00:00+00:00,18.000,12.600,Open-Meteo Historical Weather API,"Casalecchio di Reno, Bologna, Italy",44.4756,11.2759
2020-06-12T23:00:00+00:00,17.100,12.600,Open-Meteo Historical Weather API,"Casalecchio di Reno, Bologna, Italy",44.4756,11.2759
2020-06-13T00:00:00+00:00,16.900,12.100,Open-Meteo Historical Weather API,"Casalecchio di Reno, Bologna, Italy",44.4756,11.2759
2020-06-13T01:00:00+00:00,16.200,11.700,Open-Meteo Historical Weather API,"Casalecchio di Reno, Bologna, Italy",44.4756,11.2759
2020-06-13T02:00:00+00:00,15.800,10.900,Open-Meteo Historical Weather API,"Casalecchio di Reno, Bologna, Italy",44.4756,11.2759
2020-06-13T03:00:00+00:00,15.700,9.900,Open-Meteo Historical Weather API,"Casalecchio di Reno, Bologna, Italy",44.4756,11.2759
2020-06-13T04:00:00+00:00,16.100,9.100,Open-Meteo Historical Weather API,"Casalecchio di Reno, Bologna, Italy",44.4756,11.2759
2020-06-13T05:00:00+00:00,17.800,9.600,Open-Meteo Historical Weather API,"Casalecchio di Reno, Bologna, Italy",44.4756,11.2759
2020-06-13T06:00:00+00:00,20.200,10.900,Open-Meteo Historical Weather API,"Casalecchio di Reno, Bologna, Italy",44.4756,11.2759
2020-06-13T07:00:00+00:00,22.400,10.200,Open-Meteo Historical Weather API,"Casalecchio di Reno, Bologna, Italy",44.4756,11.2759
2020-06-13T08:00:00+00:00,23.200,11.100,Open-Meteo Historical Weather API,"Casalecchio di Reno, Bologna, Italy",44.4756,11.2759
2020-06-13T09:00:00+00:00,24.100,11.900,Open-Meteo Historical Weather API,"Casalecchio di Reno, Bologna, Italy",44.4756,11.2759
2020-06-13T10:00:00+00:00,25.400,12.600,Open-Meteo Historical Weather API,"Casalecchio di Reno, Bologna, Italy",44.4756,11.2759
2020-06-13T11:00:00+00:00,26.500,12.800,Open-Meteo Historical Weather API,"Casalecchio di Reno, Bologna, Italy",44.4756,11.2759
2020-06-13T12:00:00+00:00,25.200,12.900,Open-Meteo Historical Weather API,"Casalecchio di Reno, Bologna, Italy",44.4756,11.2759
2020-06-13T13:00:00+00:00,26.000,13.400,Open-Meteo Historical Weather API,"Casalecchio di Reno, Bologna, Italy",44.4756,11.2759
2020-06-13T14:00:00+00:00,26.500,12.900,Open-Meteo Historical Weather API,"Casalecchio di Reno, Bologna, Italy",44.4756,11.2759
2020-06-13T15:00:00+00:00,26.600,12.600,Open-Meteo Historical Weather API,"Casalecchio di Reno, Bologna, Italy",44.4756,11.2759
2020-06-13T16:00:00+00:00,25.500,12.800,Open-Meteo Historical Weather API,"Casalecchio di Reno, Bologna, Italy",44.4756,11.2759
2020-06-13T17:00:00+00:00,24.200,12.800,Open-Meteo Historical Weather API,"Casalecchio di Reno, Bologna, Italy",44.4756,11.2759
2020-06-13T18:00:00+00:00,22.100,14.500,Open-Meteo Historical Weather API,"Casalecchio di Reno, Bologna, Italy",44.4756,11.2759
2020-06-13T19:00:00+00:00,20.600,16.000,Open-Meteo Historical Weather API,"Casalecchio di Reno, Bologna, Italy",44.4756,11.2759
2020-06-13T20:00:00+00:00,19.400,17.200,Open-Meteo Historical Weather API,"Casalecchio di Reno, Bologna, Italy",44.4756,11.2759
2020-06-13T21:00:00+00:00,19.000,17.300,Open-Meteo Historical Weather API,"Casalecchio di Reno, Bologna, Italy",44.4756,11.2759
2020-06-13T22:00:00+00:00,18.500,17.000,Open-Meteo Historical Weather API,"Casalecchio di Reno, Bologna, Italy",44.4756,11.2759
2020-06-13T23:00:00+00:00,18.000,16.600,Open-Meteo Historical Weather API,"Casalecchio di Reno, Bologna, Italy",44.4756,11.2759
2020-06-14T00:00:00+00:00,17.200,15.300,Open-Meteo Historical Weather API,"Casalecchio di Reno, Bologna, Italy",44.4756,11.2759
2020-06-14T01:00:00+00:00,16.500,13.400,Open-Meteo Historical Weather API,"Casalecchio di Reno, Bologna, Italy",44.4756,11.2759
2020-06-14T02:00:00+00:00,16.100,13.200,Open-Meteo Historical Weather API,"Casalecchio di Reno, Bologna, Italy",44.4756,11.2759
2020-06-14T03:00:00+00:00,15.600,13.100,Open-Meteo Historical Weather API,"Casalecchio di Reno, Bologna, Italy",44.4756,11.2759
2020-06-14T04:00:00+00:00,15.400,13.100,Open-Meteo Historical Weather API,"Casalecchio di Reno, Bologna, Italy",44.4756,11.2759
2020-06-14T05:00:00+00:00,16.200,13.800,Open-Meteo Historical Weather API,"Casalecchio di Reno, Bologna, Italy",44.4756,11.2759
2020-06-14T06:00:00+00:00,17.800,14.200,Open-Meteo Historical Weather API,"Casalecchio di Reno, Bologna, Italy",44.4756,11.2759
2020-06-14T07:00:00+00:00,19.000,14.100,Open-Meteo Historical Weather API,"Casalecchio di Reno, Bologna, Italy",44.4756,11.2759
2020-06-14T08:00:00+00:00,20.000,13.900,Open-Meteo Historical Weather API,"Casalecchio di Reno, Bologna, Italy",44.4756,11.2759
2020-06-14T09:00:00+00:00,20.800,13.800,Open-Meteo Historical Weather API,"Casalecchio di Reno, Bologna, Italy",44.4756,11.2759
2020-06-14T10:00:00+00:00,21.500,14.100,Open-Meteo Historical Weather API,"Casalecchio di Reno, Bologna, Italy",44.4756,11.2759
2020-06-14T11:00:00+00:00,22.500,13.800,Open-Meteo Historical Weather API,"Casalecchio di Reno, Bologna, Italy",44.4756,11.2759
2020-06-14T12:00:00+00:00,19.400,16.300,Open-Meteo Historical Weather API,"Casalecchio di Reno, Bologna, Italy",44.4756,11.2759
2020-06-14T13:00:00+00:00,21.000,15.900,Open-Meteo Historical Weather API,"Casalecchio di Reno, Bologna, Italy",44.4756,11.2759
2020-06-14T14:00:00+00:00,22.700,14.600,Open-Meteo Historical Weather API,"Casalecchio di Reno, Bologna, Italy",44.4756,11.2759
2020-06-14T15:00:00+00:00,23.200,13.500,Open-Meteo Historical Weather API,"Casalecchio di Reno, Bologna, Italy",44.4756,11.2759
2020-06-14T16:00:00+00:00,23.500,12.900,Open-Meteo Historical Weather API,"Casalecchio di Reno, Bologna, Italy",44.4756,11.2759
2020-06-14T17:00:00+00:00,23.200,13.000,Open-Meteo Historical Weather API,"Casalecchio di Reno, Bologna, Italy",44.4756,11.2759
2020-06-14T18:00:00+00:00,22.000,17.600,Open-Meteo Historical Weather API,"Casalecchio di Reno, Bologna, Italy",44.4756,11.2759
2020-06-14T19:00:00+00:00,19.600,14.300,Open-Meteo Historical Weather API,"Casalecchio di Reno, Bologna, Italy",44.4756,11.2759
2020-06-14T20:00:00+00:00,19.100,14.200,Open-Meteo Historical Weather API,"Casalecchio di Reno, Bologna, Italy",44.4756,11.2759
2020-06-14T21:00:00+00:00,18.400,14.300,Open-Meteo Historical Weather API,"Casalecchio di Reno, Bologna, Italy",44.4756,11.2759
2020-06-14T22:00:00+00:00,18.000,14.000,Open-Meteo Historical Weather API,"Casalecchio di Reno, Bologna, Italy",44.4756,11.2759
2020-06-14T23:00:00+00:00,17.800,13.600,Open-Meteo Historical Weather API,"Casalecchio di Reno, Bologna, Italy",44.4756,11.2759
2020-06-15T00:00:00+00:00,18.500,14.900,Open-Meteo Historical Weather API,"Casalecchio di Reno, Bologna, Italy",44.4756,11.2759
2020-06-15T01:00:00+00:00,18.400,15.100,Open-Meteo Historical Weather API,"Casalecchio di Reno, Bologna, Italy",44.4756,11.2759
2020-06-15T02:00:00+00:00,17.600,15.100,Open-Meteo Historical Weather API,"Casalecchio di Reno, Bologna, Italy",44.4756,11.2759
2020-06-15T03:00:00+00:00,16.800,15.100,Open-Meteo Historical Weather API,"Casalecchio di Reno, Bologna, Italy",44.4756,11.2759
2020-06-15T04:00:00+00:00,17.100,15.400,Open-Meteo Historical Weather API,"Casalecchio di Reno, Bologna, Italy",44.4756,11.2759
2020-06-15T05:00:00+00:00,17.800,15.900,Open-Meteo Historical Weather API,"Casalecchio di Reno, Bologna, Italy",44.4756,11.2759
2020-06-15T06:00:00+00:00,19.800,16.700,Open-Meteo Historical Weather API,"Casalecchio di Reno, Bologna, Italy",44.4756,11.2759
2020-06-15T07:00:00+00:00,21.600,15.800,Open-Meteo Historical Weather API,"Casalecchio di Reno, Bologna, Italy",44.4756,11.2759
2020-06-15T08:00:00+00:00,23.100,15.900,Open-Meteo Historical Weather API,"Casalecchio di Reno, Bologna, Italy",44.4756,11.2759
2020-06-15T09:00:00+00:00,24.200,16.100,Open-Meteo Historical Weather API,"Casalecchio di Reno, Bologna, Italy",44.4756,11.2759
2020-06-15T10:00:00+00:00,23.400,16.500,Open-Meteo Historical Weather API,"Casalecchio di Reno, Bologna, Italy",44.4756,11.2759
2020-06-15T11:00:00+00:00,23.100,16.700,Open-Meteo Historical Weather API,"Casalecchio di Reno, Bologna, Italy",44.4756,11.2759
2020-06-15T12:00:00+00:00,24.400,17.000,Open-Meteo Historical Weather API,"Casalecchio di Reno, Bologna, Italy",44.4756,11.2759
2020-06-15T13:00:00+00:00,21.500,16.900,Open-Meteo Historical Weather API,"Casalecchio di Reno, Bologna, Italy",44.4756,11.2759
2020-06-15T14:00:00+00:00,21.900,16.600,Open-Meteo Historical Weather API,"Casalecchio di Reno, Bologna, Italy",44.4756,11.2759
2020-06-15T15:00:00+00:00,21.900,17.000,Open-Meteo Historical Weather API,"Casalecchio di Reno, Bologna, Italy",44.4756,11.2759
2020-06-15T16:00:00+00:00,21.800,17.500,Open-Meteo Historical Weather API,"Casalecchio di Reno, Bologna, Italy",44.4756,11.2759
2020-06-15T17:00:00+00:00,21.000,17.600,Open-Meteo Historical Weather API,"Casalecchio di Reno, Bologna, Italy",44.4756,11.2759
2020-06-15T18:00:00+00:00,20.000,18.100,Open-Meteo Historical Weather API,"Casalecchio di Reno, Bologna, Italy",44.4756,11.2759
2020-06-15T19:00:00+00:00,19.500,18.500,Open-Meteo Historical Weather API,"Casalecchio di Reno, Bologna, Italy",44.4756,11.2759
2020-06-15T20:00:00+00:00,19.200,18.500,Open-Meteo Historical Weather API,"Casalecchio di Reno, Bologna, Italy",44.4756,11.2759
2020-06-15T21:00:00+00:00,18.900,18.500,Open-Meteo Historical Weather API,"Casalecchio di Reno, Bologna, Italy",44.4756,11.2759
2020-06-15T22:00:00+00:00,18.500,18.300,Open-Meteo Historical Weather API,"Casalecchio di Reno, Bologna, Italy",44.4756,11.2759
2020-06-15T23:00:00+00:00,18.200,18.000,Open-Meteo Historical Weather API,"Casalecchio di Reno, Bologna, Italy",44.4756,11.2759
2020-06-16T00:00:00+00:00,18.200,17.500,Open-Meteo Historical Weather API,"Casalecchio di Reno, Bologna, Italy",44.4756,11.2759
2020-06-16T01:00:00+00:00,18.200,16.200,Open-Meteo Historical Weather API,"Casalecchio di Reno, Bologna, Italy",44.4756,11.2759
2020-06-16T02:00:00+00:00,18.000,15.400,Open-Meteo Historical Weather API,"Casalecchio di Reno, Bologna, Italy",44.4756,11.2759
2020-06-16T03:00:00+00:00,17.400,14.800,Open-Meteo Historical Weather API,"Casalecchio di Reno, Bologna, Italy",44.4756,11.2759
2020-06-16T04:00:00+00:00,17.000,14.700,Open-Meteo Historical Weather API,"Casalecchio di Reno, Bologna, Italy",44.4756,11.2759
2020-06-16T05:00:00+00:00,17.600,15.100,Open-Meteo Historical Weather API,"Casalecchio di Reno, Bologna, Italy",44.4756,11.2759
2020-06-16T06:00:00+00:00,18.900,14.900,Open-Meteo Historical Weather API,"Casalecchio di Reno, Bologna, Italy",44.4756,11.2759
2020-06-16T07:00:00+00:00,19.500,14.800,Open-Meteo Historical Weather API,"Casalecchio di Reno, Bologna, Italy",44.4756,11.2759
2020-06-16T08:00:00+00:00,20.500,14.900,Open-Meteo Historical Weather API,"Casalecchio di Reno, Bologna, Italy",44.4756,11.2759
2020-06-16T09:00:00+00:00,21.500,15.600,Open-Meteo Historical Weather API,"Casalecchio di Reno, Bologna, Italy",44.4756,11.2759
2020-06-16T10:00:00+00:00,22.500,15.900,Open-Meteo Historical Weather API,"Casalecchio di Reno, Bologna, Italy",44.4756,11.2759
2020-06-16T11:00:00+00:00,23.400,16.000,Open-Meteo Historical Weather API,"Casalecchio di Reno, Bologna, Italy",44.4756,11.2759
2020-06-16T12:00:00+00:00,21.500,13.400,Open-Meteo Historical Weather API,"Casalecchio di Reno, Bologna, Italy",44.4756,11.2759
2020-06-16T13:00:00+00:00,22.600,13.900,Open-Meteo Historical Weather API,"Casalecchio di Reno, Bologna, Italy",44.4756,11.2759
2020-06-16T14:00:00+00:00,23.400,14.400,Open-Meteo Historical Weather API,"Casalecchio di Reno, Bologna, Italy",44.4756,11.2759
2020-06-16T15:00:00+00:00,24.300,14.700,Open-Meteo Historical Weather API,"Casalecchio di Reno, Bologna, Italy",44.4756,11.2759
2020-06-16T16:00:00+00:00,24.300,14.900,Open-Meteo Historical Weather API,"Casalecchio di Reno, Bologna, Italy",44.4756,11.2759
2020-06-16T17:00:00+00:00,23.800,15.200,Open-Meteo Historical Weather API,"Casalecchio di Reno, Bologna, Italy",44.4756,11.2759
2020-06-16T18:00:00+00:00,22.500,17.000,Open-Meteo Historical Weather API,"Casalecchio di Reno, Bologna, Italy",44.4756,11.2759
2020-06-16T19:00:00+00:00,20.500,16.400,Open-Meteo Historical Weather API,"Casalecchio di Reno, Bologna, Italy",44.4756,11.2759
2020-06-16T20:00:00+00:00,19.600,15.900,Open-Meteo Historical Weather API,"Casalecchio di Reno, Bologna, Italy",44.4756,11.2759
2020-06-16T21:00:00+00:00,19.200,15.200,Open-Meteo Historical Weather API,"Casalecchio di Reno, Bologna, Italy",44.4756,11.2759
2020-06-16T22:00:00+00:00,18.700,15.200,Open-Meteo Historical Weather API,"Casalecchio di Reno, Bologna, Italy",44.4756,11.2759
2020-06-16T23:00:00+00:00,18.500,15.100,Open-Meteo Historical Weather API,"Casalecchio di Reno, Bologna, Italy",44.4756,11.2759
2020-06-17T00:00:00+00:00,18.100,14.900,Open-Meteo Historical Weather API,"Casalecchio di Reno, Bologna, Italy",44.4756,11.2759
2020-06-17T01:00:00+00:00,18.600,15.100,Open-Meteo Historical Weather API,"Casalecchio di Reno, Bologna, Italy",44.4756,11.2759
2020-06-17T02:00:00+00:00,18.300,15.100,Open-Meteo Historical Weather API,"Casalecchio di Reno, Bologna, Italy",44.4756,11.2759
2020-06-17T03:00:00+00:00,18.500,14.100,Open-Meteo Historical Weather API,"Casalecchio di Reno, Bologna, Italy",44.4756,11.2759
2020-06-17T04:00:00+00:00,18.500,13.600,Open-Meteo Historical Weather API,"Casalecchio di Reno, Bologna, Italy",44.4756,11.2759
2020-06-17T05:00:00+00:00,18.900,14.400,Open-Meteo Historical Weather API,"Casalecchio di Reno, Bologna, Italy",44.4756,11.2759
2020-06-17T06:00:00+00:00,19.200,15.300,Open-Meteo Historical Weather API,"Casalecchio di Reno, Bologna, Italy",44.4756,11.2759
2020-06-17T07:00:00+00:00,20.500,15.600,Open-Meteo Historical Weather API,"Casalecchio di Reno, Bologna, Italy",44.4756,11.2759
2020-06-17T08:00:00+00:00,21.800,15.500,Open-Meteo Historical Weather API,"Casalecchio di Reno, Bologna, Italy",44.4756,11.2759
2020-06-17T09:00:00+00:00,23.000,16.100,Open-Meteo Historical Weather API,"Casalecchio di Reno, Bologna, Italy",44.4756,11.2759
2020-06-17T10:00:00+00:00,24.000,15.900,Open-Meteo Historical Weather API,"Casalecchio di Reno, Bologna, Italy",44.4756,11.2759
2020-06-17T11:00:00+00:00,22.000,15.600,Open-Meteo Historical Weather API,"Casalecchio di Reno, Bologna, Italy",44.4756,11.2759
2020-06-17T12:00:00+00:00,22.200,15.200,Open-Meteo Historical Weather API,"Casalecchio di Reno, Bologna, Italy",44.4756,11.2759
2020-06-17T13:00:00+00:00,23.400,15.800,Open-Meteo Historical Weather API,"Casalecchio di Reno, Bologna, Italy",44.4756,11.2759
2020-06-17T14:00:00+00:00,22.200,16.000,Open-Meteo Historical Weather API,"Casalecchio di Reno, Bologna, Italy",44.4756,11.2759
2020-06-17T15:00:00+00:00,22.000,16.400,Open-Meteo Historical Weather API,"Casalecchio di Reno, Bologna, Italy",44.4756,11.2759
2020-06-17T16:00:00+00:00,22.400,16.300,Open-Meteo Historical Weather API,"Casalecchio di Reno, Bologna, Italy",44.4756,11.2759
2020-06-17T17:00:00+00:00,22.600,16.100,Open-Meteo Historical Weather API,"Casalecchio di Reno, Bologna, Italy",44.4756,11.2759
2020-06-17T18:00:00+00:00,21.900,16.600,Open-Meteo Historical Weather API,"Casalecchio di Reno, Bologna, Italy",44.4756,11.2759
2020-06-17T19:00:00+00:00,21.100,16.200,Open-Meteo Historical Weather API,"Casalecchio di Reno, Bologna, Italy",44.4756,11.2759
2020-06-17T20:00:00+00:00,18.800,15.400,Open-Meteo Historical Weather API,"Casalecchio di Reno, Bologna, Italy",44.4756,11.2759
2020-06-17T21:00:00+00:00,18.400,13.400,Open-Meteo Historical Weather API,"Casalecchio di Reno, Bologna, Italy",44.4756,11.2759
2020-06-17T22:00:00+00:00,18.000,13.200,Open-Meteo Historical Weather API,"Casalecchio di Reno, Bologna, Italy",44.4756,11.2759
2020-06-17T23:00:00+00:00,17.600,13.400,Open-Meteo Historical Weather API,"Casalecchio di Reno, Bologna, Italy",44.4756,11.2759
2020-06-18T00:00:00+00:00,17.500,14.100,Open-Meteo Historical Weather API,"Casalecchio di Reno, Bologna, Italy",44.4756,11.2759
2020-06-18T01:00:00+00:00,17.300,13.800,Open-Meteo Historical Weather API,"Casalecchio di Reno, Bologna, Italy",44.4756,11.2759
2020-06-18T02:00:00+00:00,17.000,13.600,Open-Meteo Historical Weather API,"Casalecchio di Reno, Bologna, Italy",44.4756,11.2759
2020-06-18T03:00:00+00:00,16.900,13.400,Open-Meteo Historical Weather API,"Casalecchio di Reno, Bologna, Italy",44.4756,11.2759
2020-06-18T04:00:00+00:00,16.800,13.400,Open-Meteo Historical Weather API,"Casalecchio di Reno, Bologna, Italy",44.4756,11.2759
2020-06-18T05:00:00+00:00,18.000,13.900,Open-Meteo Historical Weather API,"Casalecchio di Reno, Bologna, Italy",44.4756,11.2759
2020-06-18T06:00:00+00:00,19.900,14.200,Open-Meteo Historical Weather API,"Casalecchio di Reno, Bologna, Italy",44.4756,11.2759
2020-06-18T07:00:00+00:00,21.500,14.000,Open-Meteo Historical Weather API,"Casalecchio di Reno, Bologna, Italy",44.4756,11.2759
2020-06-18T08:00:00+00:00,22.900,13.900,Open-Meteo Historical Weather API,"Casalecchio di Reno, Bologna, Italy",44.4756,11.2759
2020-06-18T09:00:00+00:00,24.400,14.100,Open-Meteo Historical Weather API,"Casalecchio di Reno, Bologna, Italy",44.4756,11.2759
2020-06-18T10:00:00+00:00,25.500,12.600,Open-Meteo Historical Weather API,"Casalecchio di Reno, Bologna, Italy",44.4756,11.2759
2020-06-18T11:00:00+00:00,26.100,11.100,Open-Meteo Historical Weather API,"Casalecchio di Reno, Bologna, Italy",44.4756,11.2759
2020-06-18T12:00:00+00:00,26.200,10.900,Open-Meteo Historical Weather API,"Casalecchio di Reno, Bologna, Italy",44.4756,11.2759
2020-06-18T13:00:00+00:00,26.600,10.300,Open-Meteo Historical Weather API,"Casalecchio di Reno, Bologna, Italy",44.4756,11.2759
2020-06-18T14:00:00+00:00,26.400,10.000,Open-Meteo Historical Weather API,"Casalecchio di Reno, Bologna, Italy",44.4756,11.2759
2020-06-18T15:00:00+00:00,25.400,10.200,Open-Meteo Historical Weather API,"Casalecchio di Reno, Bologna, Italy",44.4756,11.2759
2020-06-18T16:00:00+00:00,24.500,10.000,Open-Meteo Historical Weather API,"Casalecchio di Reno, Bologna, Italy",44.4756,11.2759
2020-06-18T17:00:00+00:00,23.100,10.500,Open-Meteo Historical Weather API,"Casalecchio di Reno, Bologna, Italy",44.4756,11.2759
2020-06-18T18:00:00+00:00,21.300,10.900,Open-Meteo Historical Weather API,"Casalecchio di Reno, Bologna, Italy",44.4756,11.2759
2020-06-18T19:00:00+00:00,19.500,9.600,Open-Meteo Historical Weather API,"Casalecchio di Reno, Bologna, Italy",44.4756,11.2759
2020-06-18T20:00:00+00:00,18.800,9.200,Open-Meteo Historical Weather API,"Casalecchio di Reno, Bologna, Italy",44.4756,11.2759
2020-06-18T21:00:00+00:00,18.100,9.600,Open-Meteo Historical Weather API,"Casalecchio di Reno, Bologna, Italy",44.4756,11.2759
2020-06-18T22:00:00+00:00,17.600,10.100,Open-Meteo Historical Weather API,"Casalecchio di Reno, Bologna, Italy",44.4756,11.2759
2020-06-18T23:00:00+00:00,17.100,10.200,Open-Meteo Historical Weather API,"Casalecchio di Reno, Bologna, Italy",44.4756,11.2759
2020-06-19T00:00:00+00:00,17.300,10.100,Open-Meteo Historical Weather API,"Casalecchio di Reno, Bologna, Italy",44.4756,11.2759
2020-06-19T01:00:00+00:00,17.000,10.300,Open-Meteo Historical Weather API,"Casalecchio di Reno, Bologna, Italy",44.4756,11.2759
2020-06-19T02:00:00+00:00,16.900,10.200,Open-Meteo Historical Weather API,"Casalecchio di Reno, Bologna, Italy",44.4756,11.2759
2020-06-19T03:00:00+00:00,17.000,10.200,Open-Meteo Historical Weather API,"Casalecchio di Reno, Bologna, Italy",44.4756,11.2759
2020-06-19T04:00:00+00:00,17.000,10.700,Open-Meteo Historical Weather API,"Casalecchio di Reno, Bologna, Italy",44.4756,11.2759
2020-06-19T05:00:00+00:00,18.100,11.600,Open-Meteo Historical Weather API,"Casalecchio di Reno, Bologna, Italy",44.4756,11.2759
2020-06-19T06:00:00+00:00,19.500,12.100,Open-Meteo Historical Weather API,"Casalecchio di Reno, Bologna, Italy",44.4756,11.2759
2020-06-19T07:00:00+00:00,20.400,11.600,Open-Meteo Historical Weather API,"Casalecchio di Reno, Bologna, Italy",44.4756,11.2759
2020-06-19T08:00:00+00:00,21.800,11.900,Open-Meteo Historical Weather API,"Casalecchio di Reno, Bologna, Italy",44.4756,11.2759
2020-06-19T09:00:00+00:00,23.200,12.100,Open-Meteo Historical Weather API,"Casalecchio di Reno, Bologna, Italy",44.4756,11.2759
2020-06-19T10:00:00+00:00,24.000,12.200,Open-Meteo Historical Weather API,"Casalecchio di Reno, Bologna, Italy",44.4756,11.2759
2020-06-19T11:00:00+00:00,24.800,11.900,Open-Meteo Historical Weather API,"Casalecchio di Reno, Bologna, Italy",44.4756,11.2759
2020-06-19T12:00:00+00:00,26.000,10.200,Open-Meteo Historical Weather API,"Casalecchio di Reno, Bologna, Italy",44.4756,11.2759
2020-06-19T13:00:00+00:00,26.200,9.600,Open-Meteo Historical Weather API,"Casalecchio di Reno, Bologna, Italy",44.4756,11.2759
2020-06-19T14:00:00+00:00,26.400,8.800,Open-Meteo Historical Weather API,"Casalecchio di Reno, Bologna, Italy",44.4756,11.2759
2020-06-19T15:00:00+00:00,25.200,9.700,Open-Meteo Historical Weather API,"Casalecchio di Reno, Bologna, Italy",44.4756,11.2759
2020-06-19T16:00:00+00:00,24.300,11.400,Open-Meteo Historical Weather API,"Casalecchio di Reno, Bologna, Italy",44.4756,11.2759
2020-06-19T17:00:00+00:00,24.000,10.900,Open-Meteo Historical Weather API,"Casalecchio di Reno, Bologna, Italy",44.4756,11.2759
2020-06-19T18:00:00+00:00,22.200,11.900,Open-Meteo Historical Weather API,"Casalecchio di Reno, Bologna, Italy",44.4756,11.2759
2020-06-19T19:00:00+00:00,20.100,12.800,Open-Meteo Historical Weather API,"Casalecchio di Reno, Bologna, Italy",44.4756,11.2759
2020-06-19T20:00:00+00:00,18.900,12.800,Open-Meteo Historical Weather API,"Casalecchio di Reno, Bologna, Italy",44.4756,11.2759
2020-06-19T21:00:00+00:00,17.900,12.600,Open-Meteo Historical Weather API,"Casalecchio di Reno, Bologna, Italy",44.4756,11.2759
2020-06-19T22:00:00+00:00,16.900,12.600,Open-Meteo Historical Weather API,"Casalecchio di Reno, Bologna, Italy",44.4756,11.2759
2020-06-19T23:00:00+00:00,16.100,12.800,Open-Meteo Historical Weather API,"Casalecchio di Reno, Bologna, Italy",44.4756,11.2759
2020-06-20T00:00:00+00:00,15.600,11.100,Open-Meteo Historical Weather API,"Casalecchio di Reno, Bologna, Italy",44.4756,11.2759
2020-06-20T01:00:00+00:00,15.700,10.200,Open-Meteo Historical Weather API,"Casalecchio di Reno, Bologna, Italy",44.4756,11.2759
2020-06-20T02:00:00+00:00,15.400,9.900,Open-Meteo Historical Weather API,"Casalecchio di Reno, Bologna, Italy",44.4756,11.2759
2020-06-20T03:00:00+00:00,14.100,10.400,Open-Meteo Historical Weather API,"Casalecchio di Reno, Bologna, Italy",44.4756,11.2759
2020-06-20T04:00:00+00:00,14.500,11.000,Open-Meteo Historical Weather API,"Casalecchio di Reno, Bologna, Italy",44.4756,11.2759
2020-06-20T05:00:00+00:00,16.800,11.700,Open-Meteo Historical Weather API,"Casalecchio di Reno, Bologna, Italy",44.4756,11.2759
2020-06-20T06:00:00+00:00,19.100,13.000,Open-Meteo Historical Weather API,"Casalecchio di Reno, Bologna, Italy",44.4756,11.2759
2020-06-20T07:00:00+00:00,20.600,13.100,Open-Meteo Historical Weather API,"Casalecchio di Reno, Bologna, Italy",44.4756,11.2759
2020-06-20T08:00:00+00:00,21.900,11.800,Open-Meteo Historical Weather API,"Casalecchio di Reno, Bologna, Italy",44.4756,11.2759
2020-06-20T09:00:00+00:00,23.000,10.900,Open-Meteo Historical Weather API,"Casalecchio di Reno, Bologna, Italy",44.4756,11.2759
2020-06-20T10:00:00+00:00,24.000,10.800,Open-Meteo Historical Weather API,"Casalecchio di Reno, Bologna, Italy",44.4756,11.2759
2020-06-20T11:00:00+00:00,24.900,10.900,Open-Meteo Historical Weather API,"Casalecchio di Reno, Bologna, Italy",44.4756,11.2759
2020-06-20T12:00:00+00:00,25.700,10.600,Open-Meteo Historical Weather API,"Casalecchio di Reno, Bologna, Italy",44.4756,11.2759
2020-06-20T13:00:00+00:00,26.200,10.400,Open-Meteo Historical Weather API,"Casalecchio di Reno, Bologna, Italy",44.4756,11.2759
2020-06-20T14:00:00+00:00,26.200,10.200,Open-Meteo Historical Weather API,"Casalecchio di Reno, Bologna, Italy",44.4756,11.2759
2020-06-20T15:00:00+00:00,26.400,10.400,Open-Meteo Historical Weather API,"Casalecchio di Reno, Bologna, Italy",44.4756,11.2759
2020-06-20T16:00:00+00:00,26.200,10.600,Open-Meteo Historical Weather API,"Casalecchio di Reno, Bologna, Italy",44.4756,11.2759
2020-06-20T17:00:00+00:00,25.700,11.300,Open-Meteo Historical Weather API,"Casalecchio di Reno, Bologna, Italy",44.4756,11.2759
2020-06-20T18:00:00+00:00,24.000,15.900,Open-Meteo Historical Weather API,"Casalecchio di Reno, Bologna, Italy",44.4756,11.2759
2020-06-20T19:00:00+00:00,23.000,11.900,Open-Meteo Historical Weather API,"Casalecchio di Reno, Bologna, Italy",44.4756,11.2759
2020-06-20T20:00:00+00:00,21.000,12.300,Open-Meteo Historical Weather API,"Casalecchio di Reno, Bologna, Italy",44.4756,11.2759
2020-06-20T21:00:00+00:00,19.600,11.800,Open-Meteo Historical Weather API,"Casalecchio di Reno, Bologna, Italy",44.4756,11.2759
2020-06-20T22:00:00+00:00,18.500,11.900,Open-Meteo Historical Weather API,"Casalecchio di Reno, Bologna, Italy",44.4756,11.2759
2020-06-20T23:00:00+00:00,18.200,11.900,Open-Meteo Historical Weather API,"Casalecchio di Reno, Bologna, Italy",44.4756,11.2759
2020-06-21T00:00:00+00:00,18.300,12.600,Open-Meteo Historical Weather API,"Casalecchio di Reno, Bologna, Italy",44.4756,11.2759
2020-06-21T01:00:00+00:00,18.200,12.900,Open-Meteo Historical Weather API,"Casalecchio di Reno, Bologna, Italy",44.4756,11.2759
2020-06-21T02:00:00+00:00,18.100,12.900,Open-Meteo Historical Weather API,"Casalecchio di Reno, Bologna, Italy",44.4756,11.2759
2020-06-21T03:00:00+00:00,17.800,12.700,Open-Meteo Historical Weather API,"Casalecchio di Reno, Bologna, Italy",44.4756,11.2759
2020-06-21T04:00:00+00:00,18.000,12.600,Open-Meteo Historical Weather API,"Casalecchio di Reno, Bologna, Italy",44.4756,11.2759
2020-06-21T05:00:00+00:00,19.400,13.200,Open-Meteo Historical Weather API,"Casalecchio di Reno, Bologna, Italy",44.4756,11.2759
2020-06-21T06:00:00+00:00,21.900,13.000,Open-Meteo Historical Weather API,"Casalecchio di Reno, Bologna, Italy",44.4756,11.2759
2020-06-21T07:00:00+00:00,23.500,12.900,Open-Meteo Historical Weather API,"Casalecchio di Reno, Bologna, Italy",44.4756,11.2759
2020-06-21T08:00:00+00:00,24.500,13.600,Open-Meteo Historical Weather API,"Casalecchio di Reno, Bologna, Italy",44.4756,11.2759
2020-06-21T09:00:00+00:00,25.000,14.300,Open-Meteo Historical Weather API,"Casalecchio di Reno, Bologna, Italy",44.4756,11.2759
2020-06-21T10:00:00+00:00,26.000,14.600,Open-Meteo Historical Weather API,"Casalecchio di Reno, Bologna, Italy",44.4756,11.2759
2020-06-21T11:00:00+00:00,26.400,14.400,Open-Meteo Historical Weather API,"Casalecchio di Reno, Bologna, Italy",44.4756,11.2759
2020-06-21T12:00:00+00:00,27.100,14.100,Open-Meteo Historical Weather API,"Casalecchio di Reno, Bologna, Italy",44.4756,11.2759
2020-06-21T13:00:00+00:00,27.200,14.000,Open-Meteo Historical Weather API,"Casalecchio di Reno, Bologna, Italy",44.4756,11.2759
2020-06-21T14:00:00+00:00,27.300,13.100,Open-Meteo Historical Weather API,"Casalecchio di Reno, Bologna, Italy",44.4756,11.2759
2020-06-21T15:00:00+00:00,24.000,16.400,Open-Meteo Historical Weather API,"Casalecchio di Reno, Bologna, Italy",44.4756,11.2759
2020-06-21T16:00:00+00:00,25.100,15.600,Open-Meteo Historical Weather API,"Casalecchio di Reno, Bologna, Italy",44.4756,11.2759
2020-06-21T17:00:00+00:00,25.000,14.600,Open-Meteo Historical Weather API,"Casalecchio di Reno, Bologna, Italy",44.4756,11.2759
2020-06-21T18:00:00+00:00,24.600,14.400,Open-Meteo Historical Weather API,"Casalecchio di Reno, Bologna, Italy",44.4756,11.2759
2020-06-21T19:00:00+00:00,22.500,15.200,Open-Meteo Historical Weather API,"Casalecchio di Reno, Bologna, Italy",44.4756,11.2759
2020-06-21T20:00:00+00:00,21.000,15.100,Open-Meteo Historical Weather API,"Casalecchio di Reno, Bologna, Italy",44.4756,11.2759
2020-06-21T21:00:00+00:00,20.300,14.900,Open-Meteo Historical Weather API,"Casalecchio di Reno, Bologna, Italy",44.4756,11.2759
2020-06-21T22:00:00+00:00,18.400,15.000,Open-Meteo Historical Weather API,"Casalecchio di Reno, Bologna, Italy",44.4756,11.2759
2020-06-21T23:00:00+00:00,18.000,14.600,Open-Meteo Historical Weather API,"Casalecchio di Reno, Bologna, Italy",44.4756,11.2759
2020-06-22T00:00:00+00:00,20.000,12.300,Open-Meteo Historical Weather API,"Casalecchio di Reno, Bologna, Italy",44.4756,11.2759
2020-06-22T01:00:00+00:00,19.500,11.900,Open-Meteo Historical Weather API,"Casalecchio di Reno, Bologna, Italy",44.4756,11.2759
2020-06-22T02:00:00+00:00,19.200,11.400,Open-Meteo Historical Weather API,"Casalecchio di Reno, Bologna, Italy",44.4756,11.2759
2020-06-22T03:00:00+00:00,18.800,11.100,Open-Meteo Historical Weather API,"Casalecchio di Reno, Bologna, Italy",44.4756,11.2759
2020-06-22T04:00:00+00:00,18.700,11.100,Open-Meteo Historical Weather API,"Casalecchio di Reno, Bologna, Italy",44.4756,11.2759
2020-06-22T05:00:00+00:00,20.300,12.000,Open-Meteo Historical Weather API,"Casalecchio di Reno, Bologna, Italy",44.4756,11.2759
2020-06-22T06:00:00+00:00,22.900,11.600,Open-Meteo Historical Weather API,"Casalecchio di Reno, Bologna, Italy",44.4756,11.2759
2020-06-22T07:00:00+00:00,24.900,11.400,Open-Meteo Historical Weather API,"Casalecchio di Reno, Bologna, Italy",44.4756,11.2759
2020-06-22T08:00:00+00:00,26.300,12.300,Open-Meteo Historical Weather API,"Casalecchio di Reno, Bologna, Italy",44.4756,11.2759
2020-06-22T09:00:00+00:00,27.700,11.800,Open-Meteo Historical Weather API,"Casalecchio di Reno, Bologna, Italy",44.4756,11.2759
2020-06-22T10:00:00+00:00,28.600,10.900,Open-Meteo Historical Weather API,"Casalecchio di Reno, Bologna, Italy",44.4756,11.2759
2020-06-22T11:00:00+00:00,29.400,10.900,Open-Meteo Historical Weather API,"Casalecchio di Reno, Bologna, Italy",44.4756,11.2759
2020-06-22T12:00:00+00:00,29.800,10.200,Open-Meteo Historical Weather API,"Casalecchio di Reno, Bologna, Italy",44.4756,11.2759
2020-06-22T13:00:00+00:00,30.400,10.600,Open-Meteo Historical Weather API,"Casalecchio di Reno, Bologna, Italy",44.4756,11.2759
2020-06-22T14:00:00+00:00,30.200,10.600,Open-Meteo Historical Weather API,"Casalecchio di Reno, Bologna, Italy",44.4756,11.2759
2020-06-22T15:00:00+00:00,30.400,9.100,Open-Meteo Historical Weather API,"Casalecchio di Reno, Bologna, Italy",44.4756,11.2759
2020-06-22T16:00:00+00:00,30.300,9.200,Open-Meteo Historical Weather API,"Casalecchio di Reno, Bologna, Italy",44.4756,11.2759
2020-06-22T17:00:00+00:00,29.700,10.400,Open-Meteo Historical Weather API,"Casalecchio di Reno, Bologna, Italy",44.4756,11.2759
2020-06-22T18:00:00+00:00,27.500,11.900,Open-Meteo Historical Weather API,"Casalecchio di Reno, Bologna, Italy",44.4756,11.2759
2020-06-22T19:00:00+00:00,25.100,9.500,Open-Meteo Historical Weather API,"Casalecchio di Reno, Bologna, Italy",44.4756,11.2759
2020-06-22T20:00:00+00:00,23.600,9.300,Open-Meteo Historical Weather API,"Casalecchio di Reno, Bologna, Italy",44.4756,11.2759
2020-06-22T21:00:00+00:00,22.600,9.200,Open-Meteo Historical Weather API,"Casalecchio di Reno, Bologna, Italy",44.4756,11.2759
2020-06-22T22:00:00+00:00,21.600,9.400,Open-Meteo Historical Weather API,"Casalecchio di Reno, Bologna, Italy",44.4756,11.2759
2020-06-22T23:00:00+00:00,21.100,9.500,Open-Meteo Historical Weather API,"Casalecchio di Reno, Bologna, Italy",44.4756,11.2759
2020-06-23T00:00:00+00:00,21.100,10.100,Open-Meteo Historical Weather API,"Casalecchio di Reno, Bologna, Italy",44.4756,11.2759
2020-06-23T01:00:00+00:00,20.400,10.200,Open-Meteo Historical Weather API,"Casalecchio di Reno, Bologna, Italy",44.4756,11.2759
2020-06-23T02:00:00+00:00,20.800,9.900,Open-Meteo Historical Weather API,"Casalecchio di Reno, Bologna, Italy",44.4756,11.2759
2020-06-23T03:00:00+00:00,20.700,9.800,Open-Meteo Historical Weather API,"Casalecchio di Reno, Bologna, Italy",44.4756,11.2759
2020-06-23T04:00:00+00:00,20.500,9.900,Open-Meteo Historical Weather API,"Casalecchio di Reno, Bologna, Italy",44.4756,11.2759
2020-06-23T05:00:00+00:00,21.100,11.300,Open-Meteo Historical Weather API,"Casalecchio di Reno, Bologna, Italy",44.4756,11.2759
2020-06-23T06:00:00+00:00,23.200,12.600,Open-Meteo Historical Weather API,"Casalecchio di Reno, Bologna, Italy",44.4756,11.2759
2020-06-23T07:00:00+00:00,26.500,12.100,Open-Meteo Historical Weather API,"Casalecchio di Reno, Bologna, Italy",44.4756,11.2759
2020-06-23T08:00:00+00:00,28.500,12.000,Open-Meteo Historical Weather API,"Casalecchio di Reno, Bologna, Italy",44.4756,11.2759
2020-06-23T09:00:00+00:00,29.700,11.900,Open-Meteo Historical Weather API,"Casalecchio di Reno, Bologna, Italy",44.4756,11.2759
2020-06-23T10:00:00+00:00,30.600,11.900,Open-Meteo Historical Weather API,"Casalecchio di Reno, Bologna, Italy",44.4756,11.2759
2020-06-23T11:00:00+00:00,31.400,11.900,Open-Meteo Historical Weather API,"Casalecchio di Reno, Bologna, Italy",44.4756,11.2759
2020-06-23T12:00:00+00:00,31.000,11.900,Open-Meteo Historical Weather API,"Casalecchio di Reno, Bologna, Italy",44.4756,11.2759
2020-06-23T13:00:00+00:00,31.400,12.200,Open-Meteo Historical Weather API,"Casalecchio di Reno, Bologna, Italy",44.4756,11.2759
2020-06-23T14:00:00+00:00,31.700,12.400,Open-Meteo Historical Weather API,"Casalecchio di Reno, Bologna, Italy",44.4756,11.2759
2020-06-23T15:00:00+00:00,31.700,12.100,Open-Meteo Historical Weather API,"Casalecchio di Reno, Bologna, Italy",44.4756,11.2759
2020-06-23T16:00:00+00:00,31.500,10.900,Open-Meteo Historical Weather API,"Casalecchio di Reno, Bologna, Italy",44.4756,11.2759
2020-06-23T17:00:00+00:00,31.000,10.200,Open-Meteo Historical Weather API,"Casalecchio di Reno, Bologna, Italy",44.4756,11.2759
2020-06-23T18:00:00+00:00,28.900,12.600,Open-Meteo Historical Weather API,"Casalecchio di Reno, Bologna, Italy",44.4756,11.2759
2020-06-23T19:00:00+00:00,26.500,12.100,Open-Meteo Historical Weather API,"Casalecchio di Reno, Bologna, Italy",44.4756,11.2759
2020-06-23T20:00:00+00:00,25.200,11.600,Open-Meteo Historical Weather API,"Casalecchio di Reno, Bologna, Italy",44.4756,11.2759
2020-06-23T21:00:00+00:00,24.200,12.100,Open-Meteo Historical Weather API,"Casalecchio di Reno, Bologna, Italy",44.4756,11.2759
2020-06-23T22:00:00+00:00,23.200,12.600,Open-Meteo Historical Weather API,"Casalecchio di Reno, Bologna, Italy",44.4756,11.2759
2020-06-23T23:00:00+00:00,22.600,12.400,Open-Meteo Historical Weather API,"Casalecchio di Reno, Bologna, Italy",44.4756,11.2759
2020-06-24T00:00:00+00:00,23.000,12.200,Open-Meteo Historical Weather API,"Casalecchio di Reno, Bologna, Italy",44.4756,11.2759
2020-06-24T01:00:00+00:00,22.900,10.700,Open-Meteo Historical Weather API,"Casalecchio di Reno, Bologna, Italy",44.4756,11.2759
2020-06-24T02:00:00+00:00,22.400,9.400,Open-Meteo Historical Weather API,"Casalecchio di Reno, Bologna, Italy",44.4756,11.2759
2020-06-24T03:00:00+00:00,21.500,8.800,Open-Meteo Historical Weather API,"Casalecchio di Reno, Bologna, Italy",44.4756,11.2759
2020-06-24T04:00:00+00:00,19.700,10.600,Open-Meteo Historical Weather API,"Casalecchio di Reno, Bologna, Italy",44.4756,11.2759
2020-06-24T05:00:00+00:00,21.200,10.600,Open-Meteo Historical Weather API,"Casalecchio di Reno, Bologna, Italy",44.4756,11.2759
2020-06-24T06:00:00+00:00,22.600,13.100,Open-Meteo Historical Weather API,"Casalecchio di Reno, Bologna, Italy",44.4756,11.2759
2020-06-24T07:00:00+00:00,24.800,13.200,Open-Meteo Historical Weather API,"Casalecchio di Reno, Bologna, Italy",44.4756,11.2759
2020-06-24T08:00:00+00:00,27.000,12.000,Open-Meteo Historical Weather API,"Casalecchio di Reno, Bologna, Italy",44.4756,11.2759
2020-06-24T09:00:00+00:00,29.000,11.700,Open-Meteo Historical Weather API,"Casalecchio di Reno, Bologna, Italy",44.4756,11.2759
2020-06-24T10:00:00+00:00,30.400,11.800,Open-Meteo Historical Weather API,"Casalecchio di Reno, Bologna, Italy",44.4756,11.2759
2020-06-24T11:00:00+00:00,31.400,11.900,Open-Meteo Historical Weather API,"Casalecchio di Reno, Bologna, Italy",44.4756,11.2759
2020-06-24T12:00:00+00:00,31.400,12.500,Open-Meteo Historical Weather API,"Casalecchio di Reno, Bologna, Italy",44.4756,11.2759
2020-06-24T13:00:00+00:00,31.700,12.600,Open-Meteo Historical Weather API,"Casalecchio di Reno, Bologna, Italy",44.4756,11.2759
2020-06-24T14:00:00+00:00,31.200,12.800,Open-Meteo Historical Weather API,"Casalecchio di Reno, Bologna, Italy",44.4756,11.2759
2020-06-24T15:00:00+00:00,30.000,13.800,Open-Meteo Historical Weather API,"Casalecchio di Reno, Bologna, Italy",44.4756,11.2759
2020-06-24T16:00:00+00:00,28.100,13.800,Open-Meteo Historical Weather API,"Casalecchio di Reno, Bologna, Italy",44.4756,11.2759
2020-06-24T17:00:00+00:00,27.000,13.200,Open-Meteo Historical Weather API,"Casalecchio di Reno, Bologna, Italy",44.4756,11.2759
2020-06-24T18:00:00+00:00,25.700,12.600,Open-Meteo Historical Weather API,"Casalecchio di Reno, Bologna, Italy",44.4756,11.2759
2020-06-24T19:00:00+00:00,24.300,12.300,Open-Meteo Historical Weather API,"Casalecchio di Reno, Bologna, Italy",44.4756,11.2759
2020-06-24T20:00:00+00:00,23.100,12.400,Open-Meteo Historical Weather API,"Casalecchio di Reno, Bologna, Italy",44.4756,11.2759
2020-06-24T21:00:00+00:00,22.100,12.900,Open-Meteo Historical Weather API,"Casalecchio di Reno, Bologna, Italy",44.4756,11.2759
2020-06-24T22:00:00+00:00,21.400,13.600,Open-Meteo Historical Weather API,"Casalecchio di Reno, Bologna, Italy",44.4756,11.2759
2020-06-24T23:00:00+00:00,20.900,14.300,Open-Meteo Historical Weather API,"Casalecchio di Reno, Bologna, Italy",44.4756,11.2759
2020-06-25T00:00:00+00:00,19.600,16.100,Open-Meteo Historical Weather API,"Casalecchio di Reno, Bologna, Italy",44.4756,11.2759
2020-06-25T01:00:00+00:00,19.900,16.900,Open-Meteo Historical Weather API,"Casalecchio di Reno, Bologna, Italy",44.4756,11.2759
2020-06-25T02:00:00+00:00,20.000,16.900,Open-Meteo Historical Weather API,"Casalecchio di Reno, Bologna, Italy",44.4756,11.2759
2020-06-25T03:00:00+00:00,19.000,17.000,Open-Meteo Historical Weather API,"Casalecchio di Reno, Bologna, Italy",44.4756,11.2759
2020-06-25T04:00:00+00:00,19.000,17.000,Open-Meteo Historical Weather API,"Casalecchio di Reno, Bologna, Italy",44.4756,11.2759
2020-06-25T05:00:00+00:00,20.400,17.000,Open-Meteo Historical Weather API,"Casalecchio di Reno, Bologna, Italy",44.4756,11.2759
2020-06-25T06:00:00+00:00,22.200,17.000,Open-Meteo Historical Weather API,"Casalecchio di Reno, Bologna, Italy",44.4756,11.2759
2020-06-25T07:00:00+00:00,23.600,17.000,Open-Meteo Historical Weather API,"Casalecchio di Reno, Bologna, Italy",44.4756,11.2759
2020-06-25T08:00:00+00:00,24.900,17.100,Open-Meteo Historical Weather API,"Casalecchio di Reno, Bologna, Italy",44.4756,11.2759
2020-06-25T09:00:00+00:00,26.500,17.000,Open-Meteo Historical Weather API,"Casalecchio di Reno, Bologna, Italy",44.4756,11.2759
2020-06-25T10:00:00+00:00,28.100,16.800,Open-Meteo Historical Weather API,"Casalecchio di Reno, Bologna, Italy",44.4756,11.2759
2020-06-25T11:00:00+00:00,29.000,16.700,Open-Meteo Historical Weather API,"Casalecchio di Reno, Bologna, Italy",44.4756,11.2759
2020-06-25T12:00:00+00:00,29.000,15.100,Open-Meteo Historical Weather API,"Casalecchio di Reno, Bologna, Italy",44.4756,11.2759
2020-06-25T13:00:00+00:00,29.800,15.300,Open-Meteo Historical Weather API,"Casalecchio di Reno, Bologna, Italy",44.4756,11.2759
2020-06-25T14:00:00+00:00,30.300,14.600,Open-Meteo Historical Weather API,"Casalecchio di Reno, Bologna, Italy",44.4756,11.2759
2020-06-25T15:00:00+00:00,26.600,18.200,Open-Meteo Historical Weather API,"Casalecchio di Reno, Bologna, Italy",44.4756,11.2759
2020-06-25T16:00:00+00:00,26.400,17.100,Open-Meteo Historical Weather API,"Casalecchio di Reno, Bologna, Italy",44.4756,11.2759
2020-06-25T17:00:00+00:00,26.500,17.200,Open-Meteo Historical Weather API,"Casalecchio di Reno, Bologna, Italy",44.4756,11.2759
2020-06-25T18:00:00+00:00,25.400,17.900,Open-Meteo Historical Weather API,"Casalecchio di Reno, Bologna, Italy",44.4756,11.2759
2020-06-25T19:00:00+00:00,23.800,18.000,Open-Meteo Historical Weather API,"Casalecchio di Reno, Bologna, Italy",44.4756,11.2759
2020-06-25T20:00:00+00:00,22.600,18.000,Open-Meteo Historical Weather API,"Casalecchio di Reno, Bologna, Italy",44.4756,11.2759
2020-06-25T21:00:00+00:00,21.500,17.800,Open-Meteo Historical Weather API,"Casalecchio di Reno, Bologna, Italy",44.4756,11.2759
2020-06-25T22:00:00+00:00,20.300,17.800,Open-Meteo Historical Weather API,"Casalecchio di Reno, Bologna, Italy",44.4756,11.2759
2020-06-25T23:00:00+00:00,19.400,17.900,Open-Meteo Historical Weather API,"Casalecchio di Reno, Bologna, Italy",44.4756,11.2759
2020-06-26T00:00:00+00:00,19.100,17.300,Open-Meteo Historical Weather API,"Casalecchio di Reno, Bologna, Italy",44.4756,11.2759
2020-06-26T01:00:00+00:00,19.400,17.200,Open-Meteo Historical Weather API,"Casalecchio di Reno, Bologna, Italy",44.4756,11.2759
2020-06-26T02:00:00+00:00,18.500,17.100,Open-Meteo Historical Weather API,"Casalecchio di Reno, Bologna, Italy",44.4756,11.2759
2020-06-26T03:00:00+00:00,17.600,16.500,Open-Meteo Historical Weather API,"Casalecchio di Reno, Bologna, Italy",44.4756,11.2759
2020-06-26T04:00:00+00:00,16.700,16.000,Open-Meteo Historical Weather API,"Casalecchio di Reno, Bologna, Italy",44.4756,11.2759
2020-06-26T05:00:00+00:00,18.600,16.100,Open-Meteo Historical Weather API,"Casalecchio di Reno, Bologna, Italy",44.4756,11.2759
2020-06-26T06:00:00+00:00,20.500,17.100,Open-Meteo Historical Weather API,"Casalecchio di Reno, Bologna, Italy",44.4756,11.2759
2020-06-26T07:00:00+00:00,22.500,17.400,Open-Meteo Historical Weather API,"Casalecchio di Reno, Bologna, Italy",44.4756,11.2759
2020-06-26T08:00:00+00:00,24.700,16.900,Open-Meteo Historical Weather API,"Casalecchio di Reno, Bologna, Italy",44.4756,11.2759
2020-06-26T09:00:00+00:00,26.800,16.100,Open-Meteo Historical Weather API,"Casalecchio di Reno, Bologna, Italy",44.4756,11.2759
2020-06-26T10:00:00+00:00,28.800,15.100,Open-Meteo Historical Weather API,"Casalecchio di Reno, Bologna, Italy",44.4756,11.2759
2020-06-26T11:00:00+00:00,30.100,14.300,Open-Meteo Historical Weather API,"Casalecchio di Reno, Bologna, Italy",44.4756,11.2759
2020-06-26T12:00:00+00:00,28.900,15.700,Open-Meteo Historical Weather API,"Casalecchio di Reno, Bologna, Italy",44.4756,11.2759
2020-06-26T13:00:00+00:00,29.900,15.200,Open-Meteo Historical Weather API,"Casalecchio di Reno, Bologna, Italy",44.4756,11.2759
2020-06-26T14:00:00+00:00,31.000,12.900,Open-Meteo Historical Weather API,"Casalecchio di Reno, Bologna, Italy",44.4756,11.2759
2020-06-26T15:00:00+00:00,31.400,9.800,Open-Meteo Historical Weather API,"Casalecchio di Reno, Bologna, Italy",44.4756,11.2759
2020-06-26T16:00:00+00:00,29.500,14.700,Open-Meteo Historical Weather API,"Casalecchio di Reno, Bologna, Italy",44.4756,11.2759
2020-06-26T17:00:00+00:00,28.000,16.200,Open-Meteo Historical Weather API,"Casalecchio di Reno, Bologna, Italy",44.4756,11.2759
2020-06-26T18:00:00+00:00,26.900,15.600,Open-Meteo Historical Weather API,"Casalecchio di Reno, Bologna, Italy",44.4756,11.2759
2020-06-26T19:00:00+00:00,25.400,14.700,Open-Meteo Historical Weather API,"Casalecchio di Reno, Bologna, Italy",44.4756,11.2759
2020-06-26T20:00:00+00:00,24.300,15.400,Open-Meteo Historical Weather API,"Casalecchio di Reno, Bologna, Italy",44.4756,11.2759
2020-06-26T21:00:00+00:00,23.100,15.600,Open-Meteo Historical Weather API,"Casalecchio di Reno, Bologna, Italy",44.4756,11.2759
2020-06-26T22:00:00+00:00,22.200,14.000,Open-Meteo Historical Weather API,"Casalecchio di Reno, Bologna, Italy",44.4756,11.2759
2020-06-26T23:00:00+00:00,22.000,11.100,Open-Meteo Historical Weather API,"Casalecchio di Reno, Bologna, Italy",44.4756,11.2759
2020-06-27T00:00:00+00:00,21.400,9.600,Open-Meteo Historical Weather API,"Casalecchio di Reno, Bologna, Italy",44.4756,11.2759
2020-06-27T01:00:00+00:00,21.100,9.400,Open-Meteo Historical Weather API,"Casalecchio di Reno, Bologna, Italy",44.4756,11.2759
2020-06-27T02:00:00+00:00,20.400,9.400,Open-Meteo Historical Weather API,"Casalecchio di Reno, Bologna, Italy",44.4756,11.2759
2020-06-27T03:00:00+00:00,20.000,8.900,Open-Meteo Historical Weather API,"Casalecchio di Reno, Bologna, Italy",44.4756,11.2759
2020-06-27T04:00:00+00:00,20.000,8.800,Open-Meteo Historical Weather API,"Casalecchio di Reno, Bologna, Italy",44.4756,11.2759
2020-06-27T05:00:00+00:00,21.700,9.300,Open-Meteo Historical Weather API,"Casalecchio di Reno, Bologna, Italy",44.4756,11.2759
2020-06-27T06:00:00+00:00,24.300,10.100,Open-Meteo Historical Weather API,"Casalecchio di Reno, Bologna, Italy",44.4756,11.2759
2020-06-27T07:00:00+00:00,26.100,13.200,Open-Meteo Historical Weather API,"Casalecchio di Reno, Bologna, Italy",44.4756,11.2759
2020-06-27T08:00:00+00:00,27.800,13.300,Open-Meteo Historical Weather API,"Casalecchio di Reno, Bologna, Italy",44.4756,11.2759
2020-06-27T09:00:00+00:00,29.600,11.400,Open-Meteo Historical Weather API,"Casalecchio di Reno, Bologna, Italy",44.4756,11.2759
2020-06-27T10:00:00+00:00,30.900,10.100,Open-Meteo Historical Weather API,"Casalecchio di Reno, Bologna, Italy",44.4756,11.2759
2020-06-27T11:00:00+00:00,31.900,9.400,Open-Meteo Historical Weather API,"Casalecchio di Reno, Bologna, Italy",44.4756,11.2759
2020-06-27T12:00:00+00:00,30.800,11.500,Open-Meteo Historical Weather API,"Casalecchio di Reno, Bologna, Italy",44.4756,11.2759
2020-06-27T13:00:00+00:00,32.200,11.100,Open-Meteo Historical Weather API,"Casalecchio di Reno, Bologna, Italy",44.4756,11.2759
2020-06-27T14:00:00+00:00,32.900,10.900,Open-Meteo Historical Weather API,"Casalecchio di Reno, Bologna, Italy",44.4756,11.2759
2020-06-27T15:00:00+00:00,33.000,9.700,Open-Meteo Historical Weather API,"Casalecchio di Reno, Bologna, Italy",44.4756,11.2759
2020-06-27T16:00:00+00:00,32.300,8.200,Open-Meteo Historical Weather API,"Casalecchio di Reno, Bologna, Italy",44.4756,11.2759
2020-06-27T17:00:00+00:00,31.100,7.900,Open-Meteo Historical Weather API,"Casalecchio di Reno, Bologna, Italy",44.4756,11.2759
2020-06-27T18:00:00+00:00,29.600,10.800,Open-Meteo Historical Weather API,"Casalecchio di Reno, Bologna, Italy",44.4756,11.2759
2020-06-27T19:00:00+00:00,27.000,11.900,Open-Meteo Historical Weather API,"Casalecchio di Reno, Bologna, Italy",44.4756,11.2759
2020-06-27T20:00:00+00:00,25.000,11.900,Open-Meteo Historical Weather API,"Casalecchio di Reno, Bologna, Italy",44.4756,11.2759
2020-06-27T21:00:00+00:00,24.200,12.600,Open-Meteo Historical Weather API,"Casalecchio di Reno, Bologna, Italy",44.4756,11.2759
2020-06-27T22:00:00+00:00,24.700,15.500,Open-Meteo Historical Weather API,"Casalecchio di Reno, Bologna, Italy",44.4756,11.2759
2020-06-27T23:00:00+00:00,24.000,14.900,Open-Meteo Historical Weather API,"Casalecchio di Reno, Bologna, Italy",44.4756,11.2759
2020-06-28T00:00:00+00:00,23.100,13.600,Open-Meteo Historical Weather API,"Casalecchio di Reno, Bologna, Italy",44.4756,11.2759
2020-06-28T01:00:00+00:00,22.900,13.500,Open-Meteo Historical Weather API,"Casalecchio di Reno, Bologna, Italy",44.4756,11.2759
2020-06-28T02:00:00+00:00,22.600,13.100,Open-Meteo Historical Weather API,"Casalecchio di Reno, Bologna, Italy",44.4756,11.2759
2020-06-28T03:00:00+00:00,22.000,12.800,Open-Meteo Historical Weather API,"Casalecchio di Reno, Bologna, Italy",44.4756,11.2759
2020-06-28T04:00:00+00:00,21.400,12.700,Open-Meteo Historical Weather API,"Casalecchio di Reno, Bologna, Italy",44.4756,11.2759
2020-06-28T05:00:00+00:00,23.200,12.600,Open-Meteo Historical Weather API,"Casalecchio di Reno, Bologna, Italy",44.4756,11.2759
2020-06-28T06:00:00+00:00,25.500,10.900,Open-Meteo Historical Weather API,"Casalecchio di Reno, Bologna, Italy",44.4756,11.2759
2020-06-28T07:00:00+00:00,27.100,9.900,Open-Meteo Historical Weather API,"Casalecchio di Reno, Bologna, Italy",44.4756,11.2759
2020-06-28T08:00:00+00:00,28.800,9.700,Open-Meteo Historical Weather API,"Casalecchio di Reno, Bologna, Italy",44.4756,11.2759
2020-06-28T09:00:00+00:00,30.300,10.900,Open-Meteo Historical Weather API,"Casalecchio di Reno, Bologna, Italy",44.4756,11.2759
2020-06-28T10:00:00+00:00,31.700,11.600,Open-Meteo Historical Weather API,"Casalecchio di Reno, Bologna, Italy",44.4756,11.2759
2020-06-28T11:00:00+00:00,33.000,12.200,Open-Meteo Historical Weather API,"Casalecchio di Reno, Bologna, Italy",44.4756,11.2759
2020-06-28T12:00:00+00:00,32.100,13.800,Open-Meteo Historical Weather API,"Casalecchio di Reno, Bologna, Italy",44.4756,11.2759
2020-06-28T13:00:00+00:00,33.300,13.500,Open-Meteo Historical Weather API,"Casalecchio di Reno, Bologna, Italy",44.4756,11.2759
2020-06-28T14:00:00+00:00,33.500,12.600,Open-Meteo Historical Weather API,"Casalecchio di Reno, Bologna, Italy",44.4756,11.2759
2020-06-28T15:00:00+00:00,33.800,9.800,Open-Meteo Historical Weather API,"Casalecchio di Reno, Bologna, Italy",44.4756,11.2759
2020-06-28T16:00:00+00:00,33.300,9.600,Open-Meteo Historical Weather API,"Casalecchio di Reno, Bologna, Italy",44.4756,11.2759
2020-06-28T17:00:00+00:00,32.500,11.100,Open-Meteo Historical Weather API,"Casalecchio di Reno, Bologna, Italy",44.4756,11.2759
2020-06-28T18:00:00+00:00,31.000,11.900,Open-Meteo Historical Weather API,"Casalecchio di Reno, Bologna, Italy",44.4756,11.2759
2020-06-28T19:00:00+00:00,28.600,10.100,Open-Meteo Historical Weather API,"Casalecchio di Reno, Bologna, Italy",44.4756,11.2759
2020-06-28T20:00:00+00:00,27.000,9.100,Open-Meteo Historical Weather API,"Casalecchio di Reno, Bologna, Italy",44.4756,11.2759
2020-06-28T21:00:00+00:00,25.800,8.700,Open-Meteo Historical Weather API,"Casalecchio di Reno, Bologna, Italy",44.4756,11.2759
2020-06-28T22:00:00+00:00,24.900,8.900,Open-Meteo Historical Weather API,"Casalecchio di Reno, Bologna, Italy",44.4756,11.2759
2020-06-28T23:00:00+00:00,24.100,9.300,Open-Meteo Historical Weather API,"Casalecchio di Reno, Bologna, Italy",44.4756,11.2759
2020-06-29T00:00:00+00:00,24.100,10.400,Open-Meteo Historical Weather API,"Casalecchio di Reno, Bologna, Italy",44.4756,11.2759
2020-06-29T01:00:00+00:00,23.900,10.700,Open-Meteo Historical Weather API,"Casalecchio di Reno, Bologna, Italy",44.4756,11.2759
2020-06-29T02:00:00+00:00,23.400,11.400,Open-Meteo Historical Weather API,"Casalecchio di Reno, Bologna, Italy",44.4756,11.2759
2020-06-29T03:00:00+00:00,23.000,11.900,Open-Meteo Historical Weather API,"Casalecchio di Reno, Bologna, Italy",44.4756,11.2759
2020-06-29T04:00:00+00:00,22.900,12.100,Open-Meteo Historical Weather API,"Casalecchio di Reno, Bologna, Italy",44.4756,11.2759
2020-06-29T05:00:00+00:00,24.500,12.300,Open-Meteo Historical Weather API,"Casalecchio di Reno, Bologna, Italy",44.4756,11.2759
2020-06-29T06:00:00+00:00,26.600,12.600,Open-Meteo Historical Weather API,"Casalecchio di Reno, Bologna, Italy",44.4756,11.2759
2020-06-29T07:00:00+00:00,28.700,11.600,Open-Meteo Historical Weather API,"Casalecchio di Reno, Bologna, Italy",44.4756,11.2759
2020-06-29T08:00:00+00:00,29.900,11.400,Open-Meteo Historical Weather API,"Casalecchio di Reno, Bologna, Italy",44.4756,11.2759
2020-06-29T09:00:00+00:00,30.700,13.800,Open-Meteo Historical Weather API,"Casalecchio di Reno, Bologna, Italy",44.4756,11.2759
2020-06-29T10:00:00+00:00,32.500,14.600,Open-Meteo Historical Weather API,"Casalecchio di Reno, Bologna, Italy",44.4756,11.2759
2020-06-29T11:00:00+00:00,33.500,15.400,Open-Meteo Historical Weather API,"Casalecchio di Reno, Bologna, Italy",44.4756,11.2759
2020-06-29T12:00:00+00:00,32.900,15.000,Open-Meteo Historical Weather API,"Casalecchio di Reno, Bologna, Italy",44.4756,11.2759
2020-06-29T13:00:00+00:00,33.000,14.200,Open-Meteo Historical Weather API,"Casalecchio di Reno, Bologna, Italy",44.4756,11.2759
2020-06-29T14:00:00+00:00,33.400,14.400,Open-Meteo Historical Weather API,"Casalecchio di Reno, Bologna, Italy",44.4756,11.2759
2020-06-29T15:00:00+00:00,33.000,15.000,Open-Meteo Historical Weather API,"Casalecchio di Reno, Bologna, Italy",44.4756,11.2759
2020-06-29T16:00:00+00:00,31.900,15.500,Open-Meteo Historical Weather API,"Casalecchio di Reno, Bologna, Italy",44.4756,11.2759
2020-06-29T17:00:00+00:00,30.200,16.400,Open-Meteo Historical Weather API,"Casalecchio di Reno, Bologna, Italy",44.4756,11.2759
2020-06-29T18:00:00+00:00,28.500,17.200,Open-Meteo Historical Weather API,"Casalecchio di Reno, Bologna, Italy",44.4756,11.2759
2020-06-29T19:00:00+00:00,26.500,17.300,Open-Meteo Historical Weather API,"Casalecchio di Reno, Bologna, Italy",44.4756,11.2759
2020-06-29T20:00:00+00:00,25.400,17.100,Open-Meteo Historical Weather API,"Casalecchio di Reno, Bologna, Italy",44.4756,11.2759
2020-06-29T21:00:00+00:00,24.500,16.900,Open-Meteo Historical Weather API,"Casalecchio di Reno, Bologna, Italy",44.4756,11.2759
2020-06-29T22:00:00+00:00,23.900,16.900,Open-Meteo Historical Weather API,"Casalecchio di Reno, Bologna, Italy",44.4756,11.2759
2020-06-29T23:00:00+00:00,23.400,17.000,Open-Meteo Historical Weather API,"Casalecchio di Reno, Bologna, Italy",44.4756,11.2759
2020-06-30T00:00:00+00:00,23.500,16.800,Open-Meteo Historical Weather API,"Casalecchio di Reno, Bologna, Italy",44.4756,11.2759
2020-06-30T01:00:00+00:00,23.200,16.600,Open-Meteo Historical Weather API,"Casalecchio di Reno, Bologna, Italy",44.4756,11.2759
2020-06-30T02:00:00+00:00,22.800,16.800,Open-Meteo Historical Weather API,"Casalecchio di Reno, Bologna, Italy",44.4756,11.2759
2020-06-30T03:00:00+00:00,22.300,17.000,Open-Meteo Historical Weather API,"Casalecchio di Reno, Bologna, Italy",44.4756,11.2759
2020-06-30T04:00:00+00:00,22.000,17.400,Open-Meteo Historical Weather API,"Casalecchio di Reno, Bologna, Italy",44.4756,11.2759
2020-06-30T05:00:00+00:00,23.400,17.600,Open-Meteo Historical Weather API,"Casalecchio di Reno, Bologna, Italy",44.4756,11.2759
2020-06-30T06:00:00+00:00,25.200,17.600,Open-Meteo Historical Weather API,"Casalecchio di Reno, Bologna, Italy",44.4756,11.2759
2020-06-30T07:00:00+00:00,27.000,17.000,Open-Meteo Historical Weather API,"Casalecchio di Reno, Bologna, Italy",44.4756,11.2759
2020-06-30T08:00:00+00:00,28.400,16.800,Open-Meteo Historical Weather API,"Casalecchio di Reno, Bologna, Italy",44.4756,11.2759
2020-06-30T09:00:00+00:00,29.600,16.500,Open-Meteo Historical Weather API,"Casalecchio di Reno, Bologna, Italy",44.4756,11.2759
2020-06-30T10:00:00+00:00,31.200,15.900,Open-Meteo Historical Weather API,"Casalecchio di Reno, Bologna, Italy",44.4756,11.2759
2020-06-30T11:00:00+00:00,31.900,15.200,Open-Meteo Historical Weather API,"Casalecchio di Reno, Bologna, Italy",44.4756,11.2759
2020-06-30T12:00:00+00:00,30.900,16.300,Open-Meteo Historical Weather API,"Casalecchio di Reno, Bologna, Italy",44.4756,11.2759
2020-06-30T13:00:00+00:00,32.500,16.000,Open-Meteo Historical Weather API,"Casalecchio di Reno, Bologna, Italy",44.4756,11.2759
2020-06-30T14:00:00+00:00,32.600,15.000,Open-Meteo Historical Weather API,"Casalecchio di Reno, Bologna, Italy",44.4756,11.2759
2020-06-30T15:00:00+00:00,32.100,13.900,Open-Meteo Historical Weather API,"Casalecchio di Reno, Bologna, Italy",44.4756,11.2759
2020-06-30T16:00:00+00:00,31.800,12.600,Open-Meteo Historical Weather API,"Casalecchio di Reno, Bologna, Italy",44.4756,11.2759
2020-06-30T17:00:00+00:00,31.400,12.200,Open-Meteo Historical Weather API,"Casalecchio di Reno, Bologna, Italy",44.4756,11.2759
2020-06-30T18:00:00+00:00,30.000,11.800,Open-Meteo Historical Weather API,"Casalecchio di Reno, Bologna, Italy",44.4756,11.2759
2020-06-30T19:00:00+00:00,27.800,11.600,Open-Meteo Historical Weather API,"Casalecchio di Reno, Bologna, Italy",44.4756,11.2759
2020-06-30T20:00:00+00:00,26.500,12.100,Open-Meteo Historical Weather API,"Casalecchio di Reno, Bologna, Italy",44.4756,11.2759
2020-06-30T21:00:00+00:00,25.800,11.800,Open-Meteo Historical Weather API,"Casalecchio di Reno, Bologna, Italy",44.4756,11.2759
2020-06-30T22:00:00+00:00,24.700,11.400,Open-Meteo Historical Weather API,"Casalecchio di Reno, Bologna, Italy",44.4756,11.2759
2020-06-30T23:00:00+00:00,23.800,11.400,Open-Meteo Historical Weather API,"Casalecchio di Reno, Bologna, Italy",44.4756,11.2759
2020-07-01T00:00:00+00:00,23.800,12.100,Open-Meteo Historical Weather API,"Casalecchio di Reno, Bologna, Italy",44.4756,11.2759
2020-07-01T01:00:00+00:00,23.200,12.700,Open-Meteo Historical Weather API,"Casalecchio di Reno, Bologna, Italy",44.4756,11.2759
2020-07-01T02:00:00+00:00,22.900,12.900,Open-Meteo Historical Weather API,"Casalecchio di Reno, Bologna, Italy",44.4756,11.2759
2020-07-01T03:00:00+00:00,22.500,13.200,Open-Meteo Historical Weather API,"Casalecchio di Reno, Bologna, Italy",44.4756,11.2759
2020-07-01T04:00:00+00:00,22.000,13.900,Open-Meteo Historical Weather API,"Casalecchio di Reno, Bologna, Italy",44.4756,11.2759
2020-07-01T05:00:00+00:00,23.000,14.800,Open-Meteo Historical Weather API,"Casalecchio di Reno, Bologna, Italy",44.4756,11.2759
2020-07-01T06:00:00+00:00,25.400,13.200,Open-Meteo Historical Weather API,"Casalecchio di Reno, Bologna, Italy",44.4756,11.2759
2020-07-01T07:00:00+00:00,26.900,14.400,Open-Meteo Historical Weather API,"Casalecchio di Reno, Bologna, Italy",44.4756,11.2759
2020-07-01T08:00:00+00:00,28.700,14.400,Open-Meteo Historical Weather API,"Casalecchio di Reno, Bologna, Italy",44.4756,11.2759
2020-07-01T09:00:00+00:00,30.200,14.800,Open-Meteo Historical Weather API,"Casalecchio di Reno, Bologna, Italy",44.4756,11.2759
2020-07-01T10:00:00+00:00,31.400,15.200,Open-Meteo Historical Weather API,"Casalecchio di Reno, Bologna, Italy",44.4756,11.2759
2020-07-01T11:00:00+00:00,32.900,14.700,Open-Meteo Historical Weather API,"Casalecchio di Reno, Bologna, Italy",44.4756,11.2759
2020-07-01T12:00:00+00:00,33.200,13.300,Open-Meteo Historical Weather API,"Casalecchio di Reno, Bologna, Italy",44.4756,11.2759
2020-07-01T13:00:00+00:00,33.800,13.400,Open-Meteo Historical Weather API,"Casalecchio di Reno, Bologna, Italy",44.4756,11.2759
2020-07-01T14:00:00+00:00,33.200,14.100,Open-Meteo Historical Weather API,"Casalecchio di Reno, Bologna, Italy",44.4756,11.2759
2020-07-01T15:00:00+00:00,33.600,13.900,Open-Meteo Historical Weather API,"Casalecchio di Reno, Bologna, Italy",44.4756,11.2759
2020-07-01T16:00:00+00:00,33.000,14.100,Open-Meteo Historical Weather API,"Casalecchio di Reno, Bologna, Italy",44.4756,11.2759
2020-07-01T17:00:00+00:00,32.100,14.400,Open-Meteo Historical Weather API,"Casalecchio di Reno, Bologna, Italy",44.4756,11.2759
2020-07-01T18:00:00+00:00,30.500,14.600,Open-Meteo Historical Weather API,"Casalecchio di Reno, Bologna, Italy",44.4756,11.2759
2020-07-01T19:00:00+00:00,28.600,16.100,Open-Meteo Historical Weather API,"Casalecchio di Reno, Bologna, Italy",44.4756,11.2759
2020-07-01T20:00:00+00:00,27.200,16.900,Open-Meteo Historical Weather API,"Casalecchio di Reno, Bologna, Italy",44.4756,11.2759
2020-07-01T21:00:00+00:00,25.400,18.300,Open-Meteo Historical Weather API,"Casalecchio di Reno, Bologna, Italy",44.4756,11.2759
2020-07-01T22:00:00+00:00,24.900,18.200,Open-Meteo Historical Weather API,"Casalecchio di Reno, Bologna, Italy",44.4756,11.2759
2020-07-01T23:00:00+00:00,24.100,18.200,Open-Meteo Historical Weather API,"Casalecchio di Reno, Bologna, Italy",44.4756,11.2759
2020-07-02T00:00:00+00:00,23.100,17.000,Open-Meteo Historical Weather API,"Casalecchio di Reno, Bologna, Italy",44.4756,11.2759
2020-07-02T01:00:00+00:00,22.500,15.700,Open-Meteo Historical Weather API,"Casalecchio di Reno, Bologna, Italy",44.4756,11.2759
2020-07-02T02:00:00+00:00,22.400,14.200,Open-Meteo Historical Weather API,"Casalecchio di Reno, Bologna, Italy",44.4756,11.2759
2020-07-02T03:00:00+00:00,22.300,14.000,Open-Meteo Historical Weather API,"Casalecchio di Reno, Bologna, Italy",44.4756,11.2759
2020-07-02T04:00:00+00:00,21.600,14.400,Open-Meteo Historical Weather API,"Casalecchio di Reno, Bologna, Italy",44.4756,11.2759
2020-07-02T05:00:00+00:00,22.500,14.900,Open-Meteo Historical Weather API,"Casalecchio di Reno, Bologna, Italy",44.4756,11.2759
2020-07-02T06:00:00+00:00,24.000,17.000,Open-Meteo Historical Weather API,"Casalecchio di Reno, Bologna, Italy",44.4756,11.2759
2020-07-02T07:00:00+00:00,25.500,17.700,Open-Meteo Historical Weather API,"Casalecchio di Reno, Bologna, Italy",44.4756,11.2759
2020-07-02T08:00:00+00:00,27.100,17.900,Open-Meteo Historical Weather API,"Casalecchio di Reno, Bologna, Italy",44.4756,11.2759
2020-07-02T09:00:00+00:00,29.000,17.500,Open-Meteo Historical Weather API,"Casalecchio di Reno, Bologna, Italy",44.4756,11.2759
2020-07-02T10:00:00+00:00,30.600,16.900,Open-Meteo Historical Weather API,"Casalecchio di Reno, Bologna, Italy",44.4756,11.2759
2020-07-02T11:00:00+00:00,31.900,16.500,Open-Meteo Historical Weather API,"Casalecchio di Reno, Bologna, Italy",44.4756,11.2759
2020-07-02T12:00:00+00:00,31.700,17.100,Open-Meteo Historical Weather API,"Casalecchio di Reno, Bologna, Italy",44.4756,11.2759
2020-07-02T13:00:00+00:00,32.400,17.000,Open-Meteo Historical Weather API,"Casalecchio di Reno, Bologna, Italy",44.4756,11.2759
2020-07-02T14:00:00+00:00,32.800,16.800,Open-Meteo Historical Weather API,"Casalecchio di Reno, Bologna, Italy",44.4756,11.2759
2020-07-02T15:00:00+00:00,31.200,16.900,Open-Meteo Historical Weather API,"Casalecchio di Reno, Bologna, Italy",44.4756,11.2759
2020-07-02T16:00:00+00:00,31.200,17.000,Open-Meteo Historical Weather API,"Casalecchio di Reno, Bologna, Italy",44.4756,11.2759
2020-07-02T17:00:00+00:00,30.400,17.500,Open-Meteo Historical Weather API,"Casalecchio di Reno, Bologna, Italy",44.4756,11.2759
2020-07-02T18:00:00+00:00,28.400,18.900,Open-Meteo Historical Weather API,"Casalecchio di Reno, Bologna, Italy",44.4756,11.2759
2020-07-02T19:00:00+00:00,27.500,18.900,Open-Meteo Historical Weather API,"Casalecchio di Reno, Bologna, Italy",44.4756,11.2759
2020-07-02T20:00:00+00:00,26.400,18.900,Open-Meteo Historical Weather API,"Casalecchio di Reno, Bologna, Italy",44.4756,11.2759
2020-07-02T21:00:00+00:00,25.400,19.000,Open-Meteo Historical Weather API,"Casalecchio di Reno, Bologna, Italy",44.4756,11.2759
2020-07-02T22:00:00+00:00,24.500,19.100,Open-Meteo Historical Weather API,"Casalecchio di Reno, Bologna, Italy",44.4756,11.2759
2020-07-02T23:00:00+00:00,23.200,19.200,Open-Meteo Historical Weather API,"Casalecchio di Reno, Bologna, Italy",44.4756,11.2759
2020-07-03T00:00:00+00:00,22.600,18.100,Open-Meteo Historical Weather API,"Casalecchio di Reno, Bologna, Italy",44.4756,11.2759
2020-07-03T01:00:00+00:00,22.700,18.100,Open-Meteo Historical Weather API,"Casalecchio di Reno, Bologna, Italy",44.4756,11.2759
2020-07-03T02:00:00+00:00,22.000,18.900,Open-Meteo Historical Weather API,"Casalecchio di Reno, Bologna, Italy",44.4756,11.2759
2020-07-03T03:00:00+00:00,21.000,19.500,Open-Meteo Historical Weather API,"Casalecchio di Reno, Bologna, Italy",44.4756,11.2759
2020-07-03T04:00:00+00:00,20.600,19.500,Open-Meteo Historical Weather API,"Casalecchio di Reno, Bologna, Italy",44.4756,11.2759
2020-07-03T05:00:00+00:00,21.500,19.200,Open-Meteo Historical Weather API,"Casalecchio di Reno, Bologna, Italy",44.4756,11.2759
2020-07-03T06:00:00+00:00,22.700,18.600,Open-Meteo Historical Weather API,"Casalecchio di Reno, Bologna, Italy",44.4756,11.2759
2020-07-03T07:00:00+00:00,24.400,18.100,Open-Meteo Historical Weather API,"Casalecchio di Reno, Bologna, Italy",44.4756,11.2759
2020-07-03T08:00:00+00:00,26.000,17.900,Open-Meteo Historical Weather API,"Casalecchio di Reno, Bologna, Italy",44.4756,11.2759
2020-07-03T09:00:00+00:00,26.100,18.100,Open-Meteo Historical Weather API,"Casalecchio di Reno, Bologna, Italy",44.4756,11.2759
2020-07-03T10:00:00+00:00,27.500,18.200,Open-Meteo Historical Weather API,"Casalecchio di Reno, Bologna, Italy",44.4756,11.2759
2020-07-03T11:00:00+00:00,28.500,18.100,Open-Meteo Historical Weather API,"Casalecchio di Reno, Bologna, Italy",44.4756,11.2759
2020-07-03T12:00:00+00:00,28.500,18.400,Open-Meteo Historical Weather API,"Casalecchio di Reno, Bologna, Italy",44.4756,11.2759
2020-07-03T13:00:00+00:00,27.700,17.700,Open-Meteo Historical Weather API,"Casalecchio di Reno, Bologna, Italy",44.4756,11.2759
2020-07-03T14:00:00+00:00,23.600,19.000,Open-Meteo Historical Weather API,"Casalecchio di Reno, Bologna, Italy",44.4756,11.2759
2020-07-03T15:00:00+00:00,23.600,19.100,Open-Meteo Historical Weather API,"Casalecchio di Reno, Bologna, Italy",44.4756,11.2759
2020-07-03T16:00:00+00:00,23.800,19.100,Open-Meteo Historical Weather API,"Casalecchio di Reno, Bologna, Italy",44.4756,11.2759
2020-07-03T17:00:00+00:00,24.400,18.600,Open-Meteo Historical Weather API,"Casalecchio di Reno, Bologna, Italy",44.4756,11.2759
2020-07-03T18:00:00+00:00,23.600,18.500,Open-Meteo Historical Weather API,"Casalecchio di Reno, Bologna, Italy",44.4756,11.2759
2020-07-03T19:00:00+00:00,21.800,18.600,Open-Meteo Historical Weather API,"Casalecchio di Reno, Bologna, Italy",44.4756,11.2759
2020-07-03T20:00:00+00:00,20.100,18.500,Open-Meteo Historical Weather API,"Casalecchio di Reno, Bologna, Italy",44.4756,11.2759
2020-07-03T21:00:00+00:00,20.100,18.300,Open-Meteo Historical Weather API,"Casalecchio di Reno, Bologna, Italy",44.4756,11.2759
2020-07-03T22:00:00+00:00,19.500,19.000,Open-Meteo Historical Weather API,"Casalecchio di Reno, Bologna, Italy",44.4756,11.2759
2020-07-03T23:00:00+00:00,19.000,18.500,Open-Meteo Historical Weather API,"Casalecchio di Reno, Bologna, Italy",44.4756,11.2759
2020-07-04T00:00:00+00:00,19.500,19.000,Open-Meteo Historical Weather API,"Casalecchio di Reno, Bologna, Italy",44.4756,11.2759
2020-07-04T01:00:00+00:00,19.400,19.200,Open-Meteo Historical Weather API,"Casalecchio di Reno, Bologna, Italy",44.4756,11.2759
2020-07-04T02:00:00+00:00,19.000,18.200,Open-Meteo Historical Weather API,"Casalecchio di Reno, Bologna, Italy",44.4756,11.2759
2020-07-04T03:00:00+00:00,18.600,18.000,Open-Meteo Historical Weather API,"Casalecchio di Reno, Bologna, Italy",44.4756,11.2759
2020-07-04T04:00:00+00:00,18.300,17.900,Open-Meteo Historical Weather API,"Casalecchio di Reno, Bologna, Italy",44.4756,11.2759
2020-07-04T05:00:00+00:00,18.700,17.700,Open-Meteo Historical Weather API,"Casalecchio di Reno, Bologna, Italy",44.4756,11.2759
2020-07-04T06:00:00+00:00,19.800,17.600,Open-Meteo Historical Weather API,"Casalecchio di Reno, Bologna, Italy",44.4756,11.2759
2020-07-04T07:00:00+00:00,21.000,17.500,Open-Meteo Historical Weather API,"Casalecchio di Reno, Bologna, Italy",44.4756,11.2759
2020-07-04T08:00:00+00:00,22.500,17.600,Open-Meteo Historical Weather API,"Casalecchio di Reno, Bologna, Italy",44.4756,11.2759
2020-07-04T09:00:00+00:00,23.900,17.400,Open-Meteo Historical Weather API,"Casalecchio di Reno, Bologna, Italy",44.4756,11.2759
2020-07-04T10:00:00+00:00,25.200,17.500,Open-Meteo Historical Weather API,"Casalecchio di Reno, Bologna, Italy",44.4756,11.2759
2020-07-04T11:00:00+00:00,26.300,16.600,Open-Meteo Historical Weather API,"Casalecchio di Reno, Bologna, Italy",44.4756,11.2759
2020-07-04T12:00:00+00:00,26.100,18.500,Open-Meteo Historical Weather API,"Casalecchio di Reno, Bologna, Italy",44.4756,11.2759
2020-07-04T13:00:00+00:00,26.600,16.900,Open-Meteo Historical Weather API,"Casalecchio di Reno, Bologna, Italy",44.4756,11.2759
2020-07-04T14:00:00+00:00,27.300,15.100,Open-Meteo Historical Weather API,"Casalecchio di Reno, Bologna, Italy",44.4756,11.2759
2020-07-04T15:00:00+00:00,27.500,14.600,Open-Meteo Historical Weather API,"Casalecchio di Reno, Bologna, Italy",44.4756,11.2759
2020-07-04T16:00:00+00:00,27.400,14.300,Open-Meteo Historical Weather API,"Casalecchio di Reno, Bologna, Italy",44.4756,11.2759
2020-07-04T17:00:00+00:00,27.000,14.300,Open-Meteo Historical Weather API,"Casalecchio di Reno, Bologna, Italy",44.4756,11.2759
2020-07-04T18:00:00+00:00,25.500,15.900,Open-Meteo Historical Weather API,"Casalecchio di Reno, Bologna, Italy",44.4756,11.2759
2020-07-04T19:00:00+00:00,23.100,14.600,Open-Meteo Historical Weather API,"Casalecchio di Reno, Bologna, Italy",44.4756,11.2759
2020-07-04T20:00:00+00:00,22.400,13.600,Open-Meteo Historical Weather API,"Casalecchio di Reno, Bologna, Italy",44.4756,11.2759
2020-07-04T21:00:00+00:00,21.400,13.400,Open-Meteo Historical Weather API,"Casalecchio di Reno, Bologna, Italy",44.4756,11.2759
2020-07-04T22:00:00+00:00,20.000,13.400,Open-Meteo Historical Weather API,"Casalecchio di Reno, Bologna, Italy",44.4756,11.2759
2020-07-04T23:00:00+00:00,18.800,14.100,Open-Meteo Historical Weather API,"Casalecchio di Reno, Bologna, Italy",44.4756,11.2759
2020-07-05T00:00:00+00:00,18.500,14.800,Open-Meteo Historical Weather API,"Casalecchio di Reno, Bologna, Italy",44.4756,11.2759
2020-07-05T01:00:00+00:00,18.600,14.900,Open-Meteo Historical Weather API,"Casalecchio di Reno, Bologna, Italy",44.4756,11.2759
2020-07-05T02:00:00+00:00,18.400,14.800,Open-Meteo Historical Weather API,"Casalecchio di Reno, Bologna, Italy",44.4756,11.2759
2020-07-05T03:00:00+00:00,17.900,14.600,Open-Meteo Historical Weather API,"Casalecchio di Reno, Bologna, Italy",44.4756,11.2759
2020-07-05T04:00:00+00:00,17.500,14.400,Open-Meteo Historical Weather API,"Casalecchio di Reno, Bologna, Italy",44.4756,11.2759
2020-07-05T05:00:00+00:00,19.600,15.600,Open-Meteo Historical Weather API,"Casalecchio di Reno, Bologna, Italy",44.4756,11.2759
2020-07-05T06:00:00+00:00,24.000,16.100,Open-Meteo Historical Weather API,"Casalecchio di Reno, Bologna, Italy",44.4756,11.2759
2020-07-05T07:00:00+00:00,25.900,14.100,Open-Meteo Historical Weather API,"Casalecchio di Reno, Bologna, Italy",44.4756,11.2759
2020-07-05T08:00:00+00:00,27.000,13.800,Open-Meteo Historical Weather API,"Casalecchio di Reno, Bologna, Italy",44.4756,11.2759
2020-07-05T09:00:00+00:00,27.900,13.800,Open-Meteo Historical Weather API,"Casalecchio di Reno, Bologna, Italy",44.4756,11.2759
2020-07-05T10:00:00+00:00,28.600,14.000,Open-Meteo Historical Weather API,"Casalecchio di Reno, Bologna, Italy",44.4756,11.2759
2020-07-05T11:00:00+00:00,29.200,14.400,Open-Meteo Historical Weather API,"Casalecchio di Reno, Bologna, Italy",44.4756,11.2759
2020-07-05T12:00:00+00:00,29.400,15.200,Open-Meteo Historical Weather API,"Casalecchio di Reno, Bologna, Italy",44.4756,11.2759
2020-07-05T13:00:00+00:00,28.800,15.500,Open-Meteo Historical Weather API,"Casalecchio di Reno, Bologna, Italy",44.4756,11.2759
2020-07-05T14:00:00+00:00,29.500,15.800,Open-Meteo Historical Weather API,"Casalecchio di Reno, Bologna, Italy",44.4756,11.2759
2020-07-05T15:00:00+00:00,29.500,15.900,Open-Meteo Historical Weather API,"Casalecchio di Reno, Bologna, Italy",44.4756,11.2759
2020-07-05T16:00:00+00:00,29.400,15.800,Open-Meteo Historical Weather API,"Casalecchio di Reno, Bologna, Italy",44.4756,11.2759
2020-07-05T17:00:00+00:00,28.900,15.600,Open-Meteo Historical Weather API,"Casalecchio di Reno, Bologna, Italy",44.4756,11.2759
2020-07-05T18:00:00+00:00,27.200,17.600,Open-Meteo Historical Weather API,"Casalecchio di Reno, Bologna, Italy",44.4756,11.2759
2020-07-05T19:00:00+00:00,24.900,15.500,Open-Meteo Historical Weather API,"Casalecchio di Reno, Bologna, Italy",44.4756,11.2759
2020-07-05T20:00:00+00:00,23.900,13.600,Open-Meteo Historical Weather API,"Casalecchio di Reno, Bologna, Italy",44.4756,11.2759
2020-07-05T21:00:00+00:00,22.800,13.100,Open-Meteo Historical Weather API,"Casalecchio di Reno, Bologna, Italy",44.4756,11.2759
2020-07-05T22:00:00+00:00,21.800,13.400,Open-Meteo Historical Weather API,"Casalecchio di Reno, Bologna, Italy",44.4756,11.2759
2020-07-05T23:00:00+00:00,21.300,13.400,Open-Meteo Historical Weather API,"Casalecchio di Reno, Bologna, Italy",44.4756,11.2759
2020-07-06T00:00:00+00:00,21.100,13.900,Open-Meteo Historical Weather API,"Casalecchio di Reno, Bologna, Italy",44.4756,11.2759
2020-07-06T01:00:00+00:00,21.200,13.800,Open-Meteo Historical Weather API,"Casalecchio di Reno, Bologna, Italy",44.4756,11.2759
2020-07-06T02:00:00+00:00,20.500,13.900,Open-Meteo Historical Weather API,"Casalecchio di Reno, Bologna, Italy",44.4756,11.2759
2020-07-06T03:00:00+00:00,20.100,13.900,Open-Meteo Historical Weather API,"Casalecchio di Reno, Bologna, Italy",44.4756,11.2759
2020-07-06T04:00:00+00:00,20.000,14.000,Open-Meteo Historical Weather API,"Casalecchio di Reno, Bologna, Italy",44.4756,11.2759
2020-07-06T05:00:00+00:00,22.000,15.000,Open-Meteo Historical Weather API,"Casalecchio di Reno, Bologna, Italy",44.4756,11.2759
2020-07-06T06:00:00+00:00,25.000,16.600,Open-Meteo Historical Weather API,"Casalecchio di Reno, Bologna, Italy",44.4756,11.2759
2020-07-06T07:00:00+00:00,27.500,15.100,Open-Meteo Historical Weather API,"Casalecchio di Reno, Bologna, Italy",44.4756,11.2759
2020-07-06T08:00:00+00:00,28.600,15.300,Open-Meteo Historical Weather API,"Casalecchio di Reno, Bologna, Italy",44.4756,11.2759
2020-07-06T09:00:00+00:00,29.600,14.900,Open-Meteo Historical Weather API,"Casalecchio di Reno, Bologna, Italy",44.4756,11.2759
2020-07-06T10:00:00+00:00,30.700,14.900,Open-Meteo Historical Weather API,"Casalecchio di Reno, Bologna, Italy",44.4756,11.2759
2020-07-06T11:00:00+00:00,31.400,14.900,Open-Meteo Historical Weather API,"Casalecchio di Reno, Bologna, Italy",44.4756,11.2759
2020-07-06T12:00:00+00:00,31.400,16.900,Open-Meteo Historical Weather API,"Casalecchio di Reno, Bologna, Italy",44.4756,11.2759
2020-07-06T13:00:00+00:00,32.000,16.500,Open-Meteo Historical Weather API,"Casalecchio di Reno, Bologna, Italy",44.4756,11.2759
2020-07-06T14:00:00+00:00,32.500,15.900,Open-Meteo Historical Weather API,"Casalecchio di Reno, Bologna, Italy",44.4756,11.2759
2020-07-06T15:00:00+00:00,32.500,15.200,Open-Meteo Historical Weather API,"Casalecchio di Reno, Bologna, Italy",44.4756,11.2759
2020-07-06T16:00:00+00:00,32.300,14.900,Open-Meteo Historical Weather API,"Casalecchio di Reno, Bologna, Italy",44.4756,11.2759
2020-07-06T17:00:00+00:00,31.600,14.900,Open-Meteo Historical Weather API,"Casalecchio di Reno, Bologna, Italy",44.4756,11.2759
2020-07-06T18:00:00+00:00,30.000,15.100,Open-Meteo Historical Weather API,"Casalecchio di Reno, Bologna, Italy",44.4756,11.2759
2020-07-06T19:00:00+00:00,27.900,15.000,Open-Meteo Historical Weather API,"Casalecchio di Reno, Bologna, Italy",44.4756,11.2759
2020-07-06T20:00:00+00:00,26.300,15.600,Open-Meteo Historical Weather API,"Casalecchio di Reno, Bologna, Italy",44.4756,11.2759
2020-07-06T21:00:00+00:00,24.800,16.500,Open-Meteo Historical Weather API,"Casalecchio di Reno, Bologna, Italy",44.4756,11.2759
2020-07-06T22:00:00+00:00,24.900,16.200,Open-Meteo Historical Weather API,"Casalecchio di Reno, Bologna, Italy",44.4756,11.2759
2020-07-06T23:00:00+00:00,24.100,17.000,Open-Meteo Historical Weather API,"Casalecchio di Reno, Bologna, Italy",44.4756,11.2759
2020-07-07T00:00:00+00:00,25.000,15.900,Open-Meteo Historical Weather API,"Casalecchio di Reno, Bologna, Italy",44.4756,11.2759
2020-07-07T01:00:00+00:00,24.800,18.100,Open-Meteo Historical Weather API,"Casalecchio di Reno, Bologna, Italy",44.4756,11.2759
2020-07-07T02:00:00+00:00,21.900,18.100,Open-Meteo Historical Weather API,"Casalecchio di Reno, Bologna, Italy",44.4756,11.2759
2020-07-07T03:00:00+00:00,19.900,16.100,Open-Meteo Historical Weather API,"Casalecchio di Reno, Bologna, Italy",44.4756,11.2759
2020-07-07T04:00:00+00:00,19.200,15.100,Open-Meteo Historical Weather API,"Casalecchio di Reno, Bologna, Italy",44.4756,11.2759
2020-07-07T05:00:00+00:00,18.500,14.900,Open-Meteo Historical Weather API,"Casalecchio di Reno, Bologna, Italy",44.4756,11.2759
2020-07-07T06:00:00+00:00,18.600,15.400,Open-Meteo Historical Weather API,"Casalecchio di Reno, Bologna, Italy",44.4756,11.2759
2020-07-07T07:00:00+00:00,19.400,15.200,Open-Meteo Historical Weather API,"Casalecchio di Reno, Bologna, Italy",44.4756,11.2759
2020-07-07T08:00:00+00:00,19.800,13.800,Open-Meteo Historical Weather API,"Casalecchio di Reno, Bologna, Italy",44.4756,11.2759
2020-07-07T09:00:00+00:00,21.700,13.100,Open-Meteo Historical Weather API,"Casalecchio di Reno, Bologna, Italy",44.4756,11.2759
2020-07-07T10:00:00+00:00,22.800,11.600,Open-Meteo Historical Weather API,"Casalecchio di Reno, Bologna, Italy",44.4756,11.2759
2020-07-07T11:00:00+00:00,23.900,9.900,Open-Meteo Historical Weather API,"Casalecchio di Reno, Bologna, Italy",44.4756,11.2759
2020-07-07T12:00:00+00:00,25.300,12.900,Open-Meteo Historical Weather API,"Casalecchio di Reno, Bologna, Italy",44.4756,11.2759
2020-07-07T13:00:00+00:00,25.700,12.200,Open-Meteo Historical Weather API,"Casalecchio di Reno, Bologna, Italy",44.4756,11.2759
2020-07-07T14:00:00+00:00,25.800,10.800,Open-Meteo Historical Weather API,"Casalecchio di Reno, Bologna, Italy",44.4756,11.2759
2020-07-07T15:00:00+00:00,25.600,9.600,Open-Meteo Historical Weather API,"Casalecchio di Reno, Bologna, Italy",44.4756,11.2759
2020-07-07T16:00:00+00:00,25.000,8.900,Open-Meteo Historical Weather API,"Casalecchio di Reno, Bologna, Italy",44.4756,11.2759
2020-07-07T17:00:00+00:00,24.200,8.600,Open-Meteo Historical Weather API,"Casalecchio di Reno, Bologna, Italy",44.4756,11.2759
2020-07-07T18:00:00+00:00,23.000,9.100,Open-Meteo Historical Weather API,"Casalecchio di Reno, Bologna, Italy",44.4756,11.2759
2020-07-07T19:00:00+00:00,21.000,9.600,Open-Meteo Historical Weather API,"Casalecchio di Reno, Bologna, Italy",44.4756,11.2759
2020-07-07T20:00:00+00:00,19.400,10.400,Open-Meteo Historical Weather API,"Casalecchio di Reno, Bologna, Italy",44.4756,11.2759
2020-07-07T21:00:00+00:00,18.200,10.900,Open-Meteo Historical Weather API,"Casalecchio di Reno, Bologna, Italy",44.4756,11.2759
2020-07-07T22:00:00+00:00,17.500,11.100,Open-Meteo Historical Weather API,"Casalecchio di Reno, Bologna, Italy",44.4756,11.2759
2020-07-07T23:00:00+00:00,16.900,11.100,Open-Meteo Historical Weather API,"Casalecchio di Reno, Bologna, Italy",44.4756,11.2759
2020-07-08T00:00:00+00:00,16.500,10.400,Open-Meteo Historical Weather API,"Casalecchio di Reno, Bologna, Italy",44.4756,11.2759
2020-07-08T01:00:00+00:00,16.500,10.400,Open-Meteo Historical Weather API,"Casalecchio di Reno, Bologna, Italy",44.4756,11.2759
2020-07-08T02:00:00+00:00,16.300,10.200,Open-Meteo Historical Weather API,"Casalecchio di Reno, Bologna, Italy",44.4756,11.2759
2020-07-08T03:00:00+00:00,16.100,10.100,Open-Meteo Historical Weather API,"Casalecchio di Reno, Bologna, Italy",44.4756,11.2759
2020-07-08T04:00:00+00:00,16.000,10.200,Open-Meteo Historical Weather API,"Casalecchio di Reno, Bologna, Italy",44.4756,11.2759
2020-07-08T05:00:00+00:00,18.100,11.100,Open-Meteo Historical Weather API,"Casalecchio di Reno, Bologna, Italy",44.4756,11.2759
2020-07-08T06:00:00+00:00,20.500,11.400,Open-Meteo Historical Weather API,"Casalecchio di Reno, Bologna, Italy",44.4756,11.2759
2020-07-08T07:00:00+00:00,21.900,11.400,Open-Meteo Historical Weather API,"Casalecchio di Reno, Bologna, Italy",44.4756,11.2759
2020-07-08T08:00:00+00:00,23.100,12.400,Open-Meteo Historical Weather API,"Casalecchio di Reno, Bologna, Italy",44.4756,11.2759
2020-07-08T09:00:00+00:00,24.500,12.300,Open-Meteo Historical Weather API,"Casalecchio di Reno, Bologna, Italy",44.4756,11.2759
2020-07-08T10:00:00+00:00,25.800,12.200,Open-Meteo Historical Weather API,"Casalecchio di Reno, Bologna, Italy",44.4756,11.2759
2020-07-08T11:00:00+00:00,26.900,12.400,Open-Meteo Historical Weather API,"Casalecchio di Reno, Bologna, Italy",44.4756,11.2759
2020-07-08T12:00:00+00:00,26.800,11.700,Open-Meteo Historical Weather API,"Casalecchio di Reno, Bologna, Italy",44.4756,11.2759
2020-07-08T13:00:00+00:00,27.800,11.400,Open-Meteo Historical Weather API,"Casalecchio di Reno, Bologna, Italy",44.4756,11.2759
2020-07-08T14:00:00+00:00,28.300,10.600,Open-Meteo Historical Weather API,"Casalecchio di Reno, Bologna, Italy",44.4756,11.2759
2020-07-08T15:00:00+00:00,28.300,9.600,Open-Meteo Historical Weather API,"Casalecchio di Reno, Bologna, Italy",44.4756,11.2759
2020-07-08T16:00:00+00:00,27.800,9.100,Open-Meteo Historical Weather API,"Casalecchio di Reno, Bologna, Italy",44.4756,11.2759
2020-07-08T17:00:00+00:00,26.900,9.100,Open-Meteo Historical Weather API,"Casalecchio di Reno, Bologna, Italy",44.4756,11.2759
2020-07-08T18:00:00+00:00,25.500,9.900,Open-Meteo Historical Weather API,"Casalecchio di Reno, Bologna, Italy",44.4756,11.2759
2020-07-08T19:00:00+00:00,23.700,10.500,Open-Meteo Historical Weather API,"Casalecchio di Reno, Bologna, Italy",44.4756,11.2759
2020-07-08T20:00:00+00:00,22.100,10.800,Open-Meteo Historical Weather API,"Casalecchio di Reno, Bologna, Italy",44.4756,11.2759
2020-07-08T21:00:00+00:00,20.500,11.200,Open-Meteo Historical Weather API,"Casalecchio di Reno, Bologna, Italy",44.4756,11.2759
2020-07-08T22:00:00+00:00,19.500,11.800,Open-Meteo Historical Weather API,"Casalecchio di Reno, Bologna, Italy",44.4756,11.2759
2020-07-08T23:00:00+00:00,18.700,12.300,Open-Meteo Historical Weather API,"Casalecchio di Reno, Bologna, Italy",44.4756,11.2759
2020-07-09T00:00:00+00:00,19.600,11.400,Open-Meteo Historical Weather API,"Casalecchio di Reno, Bologna, Italy",44.4756,11.2759
2020-07-09T01:00:00+00:00,19.300,10.900,Open-Meteo Historical Weather API,"Casalecchio di Reno, Bologna, Italy",44.4756,11.2759
2020-07-09T02:00:00+00:00,18.500,10.900,Open-Meteo Historical Weather API,"Casalecchio di Reno, Bologna, Italy",44.4756,11.2759
2020-07-09T03:00:00+00:00,18.000,11.100,Open-Meteo Historical Weather API,"Casalecchio di Reno, Bologna, Italy",44.4756,11.2759
2020-07-09T04:00:00+00:00,17.600,11.200,Open-Meteo Historical Weather API,"Casalecchio di Reno, Bologna, Italy",44.4756,11.2759
2020-07-09T05:00:00+00:00,19.200,12.400,Open-Meteo Historical Weather API,"Casalecchio di Reno, Bologna, Italy",44.4756,11.2759
2020-07-09T06:00:00+00:00,22.800,12.400,Open-Meteo Historical Weather API,"Casalecchio di Reno, Bologna, Italy",44.4756,11.2759
2020-07-09T07:00:00+00:00,24.900,11.200,Open-Meteo Historical Weather API,"Casalecchio di Reno, Bologna, Italy",44.4756,11.2759
2020-07-09T08:00:00+00:00,26.500,10.600,Open-Meteo Historical Weather API,"Casalecchio di Reno, Bologna, Italy",44.4756,11.2759
2020-07-09T09:00:00+00:00,28.000,10.500,Open-Meteo Historical Weather API,"Casalecchio di Reno, Bologna, Italy",44.4756,11.2759
2020-07-09T10:00:00+00:00,29.400,10.600,Open-Meteo Historical Weather API,"Casalecchio di Reno, Bologna, Italy",44.4756,11.2759
2020-07-09T11:00:00+00:00,30.500,10.700,Open-Meteo Historical Weather API,"Casalecchio di Reno, Bologna, Italy",44.4756,11.2759
2020-07-09T12:00:00+00:00,30.000,11.800,Open-Meteo Historical Weather API,"Casalecchio di Reno, Bologna, Italy",44.4756,11.2759
2020-07-09T13:00:00+00:00,31.000,12.100,Open-Meteo Historical Weather API,"Casalecchio di Reno, Bologna, Italy",44.4756,11.2759
2020-07-09T14:00:00+00:00,31.400,12.100,Open-Meteo Historical Weather API,"Casalecchio di Reno, Bologna, Italy",44.4756,11.2759
2020-07-09T15:00:00+00:00,31.400,12.000,Open-Meteo Historical Weather API,"Casalecchio di Reno, Bologna, Italy",44.4756,11.2759
2020-07-09T16:00:00+00:00,31.100,11.900,Open-Meteo Historical Weather API,"Casalecchio di Reno, Bologna, Italy",44.4756,11.2759
2020-07-09T17:00:00+00:00,30.100,12.200,Open-Meteo Historical Weather API,"Casalecchio di Reno, Bologna, Italy",44.4756,11.2759
2020-07-09T18:00:00+00:00,28.000,13.400,Open-Meteo Historical Weather API,"Casalecchio di Reno, Bologna, Italy",44.4756,11.2759
2020-07-09T19:00:00+00:00,25.800,13.600,Open-Meteo Historical Weather API,"Casalecchio di Reno, Bologna, Italy",44.4756,11.2759
2020-07-09T20:00:00+00:00,24.400,13.800,Open-Meteo Historical Weather API,"Casalecchio di Reno, Bologna, Italy",44.4756,11.2759
2020-07-09T21:00:00+00:00,23.100,14.200,Open-Meteo Historical Weather API,"Casalecchio di Reno, Bologna, Italy",44.4756,11.2759
2020-07-09T22:00:00+00:00,22.200,14.800,Open-Meteo Historical Weather API,"Casalecchio di Reno, Bologna, Italy",44.4756,11.2759
2020-07-09T23:00:00+00:00,21.700,15.000,Open-Meteo Historical Weather API,"Casalecchio di Reno, Bologna, Italy",44.4756,11.2759
2020-07-10T00:00:00+00:00,21.500,15.600,Open-Meteo Historical Weather API,"Casalecchio di Reno, Bologna, Italy",44.4756,11.2759
2020-07-10T01:00:00+00:00,20.500,15.800,Open-Meteo Historical Weather API,"Casalecchio di Reno, Bologna, Italy",44.4756,11.2759
2020-07-10T02:00:00+00:00,20.000,15.900,Open-Meteo Historical Weather API,"Casalecchio di Reno, Bologna, Italy",44.4756,11.2759
2020-07-10T03:00:00+00:00,20.100,15.400,Open-Meteo Historical Weather API,"Casalecchio di Reno, Bologna, Italy",44.4756,11.2759
2020-07-10T04:00:00+00:00,19.900,14.800,Open-Meteo Historical Weather API,"Casalecchio di Reno, Bologna, Italy",44.4756,11.2759
2020-07-10T05:00:00+00:00,21.200,14.900,Open-Meteo Historical Weather API,"Casalecchio di Reno, Bologna, Italy",44.4756,11.2759
2020-07-10T06:00:00+00:00,24.800,15.400,Open-Meteo Historical Weather API,"Casalecchio di Reno, Bologna, Italy",44.4756,11.2759
2020-07-10T07:00:00+00:00,27.400,14.800,Open-Meteo Historical Weather API,"Casalecchio di Reno, Bologna, Italy",44.4756,11.2759
2020-07-10T08:00:00+00:00,28.800,15.100,Open-Meteo Historical Weather API,"Casalecchio di Reno, Bologna, Italy",44.4756,11.2759
2020-07-10T09:00:00+00:00,30.200,15.100,Open-Meteo Historical Weather API,"Casalecchio di Reno, Bologna, Italy",44.4756,11.2759
2020-07-10T10:00:00+00:00,31.800,14.900,Open-Meteo Historical Weather API,"Casalecchio di Reno, Bologna, Italy",44.4756,11.2759
2020-07-10T11:00:00+00:00,33.200,14.200,Open-Meteo Historical Weather API,"Casalecchio di Reno, Bologna, Italy",44.4756,11.2759
2020-07-10T12:00:00+00:00,32.800,14.800,Open-Meteo Historical Weather API,"Casalecchio di Reno, Bologna, Italy",44.4756,11.2759
2020-07-10T13:00:00+00:00,33.800,14.100,Open-Meteo Historical Weather API,"Casalecchio di Reno, Bologna, Italy",44.4756,11.2759
2020-07-10T14:00:00+00:00,34.400,13.200,Open-Meteo Historical Weather API,"Casalecchio di Reno, Bologna, Italy",44.4756,11.2759
2020-07-10T15:00:00+00:00,34.200,13.000,Open-Meteo Historical Weather API,"Casalecchio di Reno, Bologna, Italy",44.4756,11.2759
2020-07-10T16:00:00+00:00,32.800,13.900,Open-Meteo Historical Weather API,"Casalecchio di Reno, Bologna, Italy",44.4756,11.2759
2020-07-10T17:00:00+00:00,31.200,14.500,Open-Meteo Historical Weather API,"Casalecchio di Reno, Bologna, Italy",44.4756,11.2759
2020-07-10T18:00:00+00:00,29.400,13.800,Open-Meteo Historical Weather API,"Casalecchio di Reno, Bologna, Italy",44.4756,11.2759
2020-07-10T19:00:00+00:00,27.200,13.900,Open-Meteo Historical Weather API,"Casalecchio di Reno, Bologna, Italy",44.4756,11.2759
2020-07-10T20:00:00+00:00,25.700,14.600,Open-Meteo Historical Weather API,"Casalecchio di Reno, Bologna, Italy",44.4756,11.2759
2020-07-10T21:00:00+00:00,25.100,11.900,Open-Meteo Historical Weather API,"Casalecchio di Reno, Bologna, Italy",44.4756,11.2759
2020-07-10T22:00:00+00:00,25.300,11.600,Open-Meteo Historical Weather API,"Casalecchio di Reno, Bologna, Italy",44.4756,11.2759
2020-07-10T23:00:00+00:00,24.400,12.400,Open-Meteo Historical Weather API,"Casalecchio di Reno, Bologna, Italy",44.4756,11.2759
2020-07-11T00:00:00+00:00,23.600,14.100,Open-Meteo Historical Weather API,"Casalecchio di Reno, Bologna, Italy",44.4756,11.2759
2020-07-11T01:00:00+00:00,23.300,14.200,Open-Meteo Historical Weather API,"Casalecchio di Reno, Bologna, Italy",44.4756,11.2759
2020-07-11T02:00:00+00:00,22.400,14.600,Open-Meteo Historical Weather API,"Casalecchio di Reno, Bologna, Italy",44.4756,11.2759
2020-07-11T03:00:00+00:00,21.800,14.700,Open-Meteo Historical Weather API,"Casalecchio di Reno, Bologna, Italy",44.4756,11.2759
2020-07-11T04:00:00+00:00,21.400,14.600,Open-Meteo Historical Weather API,"Casalecchio di Reno, Bologna, Italy",44.4756,11.2759
2020-07-11T05:00:00+00:00,22.700,14.900,Open-Meteo Historical Weather API,"Casalecchio di Reno, Bologna, Italy",44.4756,11.2759
2020-07-11T06:00:00+00:00,25.000,15.100,Open-Meteo Historical Weather API,"Casalecchio di Reno, Bologna, Italy",44.4756,11.2759
2020-07-11T07:00:00+00:00,26.000,15.800,Open-Meteo Historical Weather API,"Casalecchio di Reno, Bologna, Italy",44.4756,11.2759
2020-07-11T08:00:00+00:00,27.500,16.200,Open-Meteo Historical Weather API,"Casalecchio di Reno, Bologna, Italy",44.4756,11.2759
2020-07-11T09:00:00+00:00,29.200,16.200,Open-Meteo Historical Weather API,"Casalecchio di Reno, Bologna, Italy",44.4756,11.2759
2020-07-11T10:00:00+00:00,30.400,16.000,Open-Meteo Historical Weather API,"Casalecchio di Reno, Bologna, Italy",44.4756,11.2759
2020-07-11T11:00:00+00:00,31.600,15.800,Open-Meteo Historical Weather API,"Casalecchio di Reno, Bologna, Italy",44.4756,11.2759
2020-07-11T12:00:00+00:00,31.900,17.200,Open-Meteo Historical Weather API,"Casalecchio di Reno, Bologna, Italy",44.4756,11.2759
2020-07-11T13:00:00+00:00,33.000,16.500,Open-Meteo Historical Weather API,"Casalecchio di Reno, Bologna, Italy",44.4756,11.2759
2020-07-11T14:00:00+00:00,32.000,16.800,Open-Meteo Historical Weather API,"Casalecchio di Reno, Bologna, Italy",44.4756,11.2759
2020-07-11T15:00:00+00:00,26.600,19.800,Open-Meteo Historical Weather API,"Casalecchio di Reno, Bologna, Italy",44.4756,11.2759
2020-07-11T16:00:00+00:00,25.500,20.700,Open-Meteo Historical Weather API,"Casalecchio di Reno, Bologna, Italy",44.4756,11.2759
2020-07-11T17:00:00+00:00,25.800,20.200,Open-Meteo Historical Weather API,"Casalecchio di Reno, Bologna, Italy",44.4756,11.2759
2020-07-11T18:00:00+00:00,22.500,20.000,Open-Meteo Historical Weather API,"Casalecchio di Reno, Bologna, Italy",44.4756,11.2759
2020-07-11T19:00:00+00:00,21.100,20.300,Open-Meteo Historical Weather API,"Casalecchio di Reno, Bologna, Italy",44.4756,11.2759
2020-07-11T20:00:00+00:00,20.800,19.500,Open-Meteo Historical Weather API,"Casalecchio di Reno, Bologna, Italy",44.4756,11.2759
2020-07-11T21:00:00+00:00,19.600,18.600,Open-Meteo Historical Weather API,"Casalecchio di Reno, Bologna, Italy",44.4756,11.2759
2020-07-11T22:00:00+00:00,19.500,18.500,Open-Meteo Historical Weather API,"Casalecchio di Reno, Bologna, Italy",44.4756,11.2759
2020-07-11T23:00:00+00:00,19.100,18.400,Open-Meteo Historical Weather API,"Casalecchio di Reno, Bologna, Italy",44.4756,11.2759
2020-07-12T00:00:00+00:00,20.000,18.900,Open-Meteo Historical Weather API,"Casalecchio di Reno, Bologna, Italy",44.4756,11.2759
2020-07-12T01:00:00+00:00,19.800,18.900,Open-Meteo Historical Weather API,"Casalecchio di Reno, Bologna, Italy",44.4756,11.2759
2020-07-12T02:00:00+00:00,19.800,18.800,Open-Meteo Historical Weather API,"Casalecchio di Reno, Bologna, Italy",44.4756,11.2759
2020-07-12T03:00:00+00:00,19.800,19.000,Open-Meteo Historical Weather API,"Casalecchio di Reno, Bologna, Italy",44.4756,11.2759
2020-07-12T04:00:00+00:00,19.400,18.400,Open-Meteo Historical Weather API,"Casalecchio di Reno, Bologna, Italy",44.4756,11.2759
2020-07-12T05:00:00+00:00,19.500,17.900,Open-Meteo Historical Weather API,"Casalecchio di Reno, Bologna, Italy",44.4756,11.2759
2020-07-12T06:00:00+00:00,20.000,18.100,Open-Meteo Historical Weather API,"Casalecchio di Reno, Bologna, Italy",44.4756,11.2759
2020-07-12T07:00:00+00:00,21.000,17.600,Open-Meteo Historical Weather API,"Casalecchio di Reno, Bologna, Italy",44.4756,11.2759
2020-07-12T08:00:00+00:00,22.200,15.800,Open-Meteo Historical Weather API,"Casalecchio di Reno, Bologna, Italy",44.4756,11.2759
2020-07-12T09:00:00+00:00,23.900,15.600,Open-Meteo Historical Weather API,"Casalecchio di Reno, Bologna, Italy",44.4756,11.2759
2020-07-12T10:00:00+00:00,24.900,14.900,Open-Meteo Historical Weather API,"Casalecchio di Reno, Bologna, Italy",44.4756,11.2759
2020-07-12T11:00:00+00:00,25.600,14.600,Open-Meteo Historical Weather API,"Casalecchio di Reno, Bologna, Italy",44.4756,11.2759
2020-07-12T12:00:00+00:00,25.900,14.400,Open-Meteo Historical Weather API,"Casalecchio di Reno, Bologna, Italy",44.4756,11.2759
2020-07-12T13:00:00+00:00,25.500,13.900,Open-Meteo Historical Weather API,"Casalecchio di Reno, Bologna, Italy",44.4756,11.2759
2020-07-12T14:00:00+00:00,25.800,13.400,Open-Meteo Historical Weather API,"Casalecchio di Reno, Bologna, Italy",44.4756,11.2759
2020-07-12T15:00:00+00:00,25.600,12.900,Open-Meteo Historical Weather API,"Casalecchio di Reno, Bologna, Italy",44.4756,11.2759
2020-07-12T16:00:00+00:00,25.200,12.200,Open-Meteo Historical Weather API,"Casalecchio di Reno, Bologna, Italy",44.4756,11.2759
2020-07-12T17:00:00+00:00,24.400,11.800,Open-Meteo Historical Weather API,"Casalecchio di Reno, Bologna, Italy",44.4756,11.2759
2020-07-12T18:00:00+00:00,22.900,12.500,Open-Meteo Historical Weather API,"Casalecchio di Reno, Bologna, Italy",44.4756,11.2759
2020-07-12T19:00:00+00:00,20.900,12.600,Open-Meteo Historical Weather API,"Casalecchio di Reno, Bologna, Italy",44.4756,11.2759
2020-07-12T20:00:00+00:00,19.600,12.900,Open-Meteo Historical Weather API,"Casalecchio di Reno, Bologna, Italy",44.4756,11.2759
2020-07-12T21:00:00+00:00,18.800,12.400,Open-Meteo Historical Weather API,"Casalecchio di Reno, Bologna, Italy",44.4756,11.2759
2020-07-12T22:00:00+00:00,18.400,11.400,Open-Meteo Historical Weather API,"Casalecchio di Reno, Bologna, Italy",44.4756,11.2759
2020-07-12T23:00:00+00:00,17.600,11.500,Open-Meteo Historical Weather API,"Casalecchio di Reno, Bologna, Italy",44.4756,11.2759
2020-07-13T00:00:00+00:00,18.000,11.700,Open-Meteo Historical Weather API,"Casalecchio di Reno, Bologna, Italy",44.4756,11.2759
2020-07-13T01:00:00+00:00,17.900,11.900,Open-Meteo Historical Weather API,"Casalecchio di Reno, Bologna, Italy",44.4756,11.2759
2020-07-13T02:00:00+00:00,17.500,12.400,Open-Meteo Historical Weather API,"Casalecchio di Reno, Bologna, Italy",44.4756,11.2759
2020-07-13T03:00:00+00:00,17.000,12.300,Open-Meteo Historical Weather API,"Casalecchio di Reno, Bologna, Italy",44.4756,11.2759
2020-07-13T04:00:00+00:00,16.000,12.800,Open-Meteo Historical Weather API,"Casalecchio di Reno, Bologna, Italy",44.4756,11.2759
2020-07-13T05:00:00+00:00,17.800,12.900,Open-Meteo Historical Weather API,"Casalecchio di Reno, Bologna, Italy",44.4756,11.2759
2020-07-13T06:00:00+00:00,19.400,13.200,Open-Meteo Historical Weather API,"Casalecchio di Reno, Bologna, Italy",44.4756,11.2759
2020-07-13T07:00:00+00:00,20.900,13.200,Open-Meteo Historical Weather API,"Casalecchio di Reno, Bologna, Italy",44.4756,11.2759
2020-07-13T08:00:00+00:00,22.500,11.800,Open-Meteo Historical Weather API,"Casalecchio di Reno, Bologna, Italy",44.4756,11.2759
2020-07-13T09:00:00+00:00,23.500,10.600,Open-Meteo Historical Weather API,"Casalecchio di Reno, Bologna, Italy",44.4756,11.2759
2020-07-13T10:00:00+00:00,24.300,10.100,Open-Meteo Historical Weather API,"Casalecchio di Reno, Bologna, Italy",44.4756,11.2759
2020-07-13T11:00:00+00:00,24.900,9.800,Open-Meteo Historical Weather API,"Casalecchio di Reno, Bologna, Italy",44.4756,11.2759
2020-07-13T12:00:00+00:00,25.000,11.200,Open-Meteo Historical Weather API,"Casalecchio di Reno, Bologna, Italy",44.4756,11.2759
2020-07-13T13:00:00+00:00,25.200,11.000,Open-Meteo Historical Weather API,"Casalecchio di Reno, Bologna, Italy",44.4756,11.2759
2020-07-13T14:00:00+00:00,25.300,10.900,Open-Meteo Historical Weather API,"Casalecchio di Reno, Bologna, Italy",44.4756,11.2759
2020-07-13T15:00:00+00:00,25.400,10.700,Open-Meteo Historical Weather API,"Casalecchio di Reno, Bologna, Italy",44.4756,11.2759
2020-07-13T16:00:00+00:00,25.000,10.600,Open-Meteo Historical Weather API,"Casalecchio di Reno, Bologna, Italy",44.4756,11.2759
2020-07-13T17:00:00+00:00,24.300,10.800,Open-Meteo Historical Weather API,"Casalecchio di Reno, Bologna, Italy",44.4756,11.2759
2020-07-13T18:00:00+00:00,22.500,11.400,Open-Meteo Historical Weather API,"Casalecchio di Reno, Bologna, Italy",44.4756,11.2759
2020-07-13T19:00:00+00:00,20.800,9.100,Open-Meteo Historical Weather API,"Casalecchio di Reno, Bologna, Italy",44.4756,11.2759
2020-07-13T20:00:00+00:00,19.200,8.100,Open-Meteo Historical Weather API,"Casalecchio di Reno, Bologna, Italy",44.4756,11.2759
2020-07-13T21:00:00+00:00,18.100,7.700,Open-Meteo Historical Weather API,"Casalecchio di Reno, Bologna, Italy",44.4756,11.2759
2020-07-13T22:00:00+00:00,17.200,7.700,Open-Meteo Historical Weather API,"Casalecchio di Reno, Bologna, Italy",44.4756,11.2759
2020-07-13T23:00:00+00:00,17.000,7.700,Open-Meteo Historical Weather API,"Casalecchio di Reno, Bologna, Italy",44.4756,11.2759
2020-07-14T00:00:00+00:00,17.000,7.800,Open-Meteo Historical Weather API,"Casalecchio di Reno, Bologna, Italy",44.4756,11.2759
2020-07-14T01:00:00+00:00,16.800,8.200,Open-Meteo Historical Weather API,"Casalecchio di Reno, Bologna, Italy",44.4756,11.2759
2020-07-14T02:00:00+00:00,16.200,8.600,Open-Meteo Historical Weather API,"Casalecchio di Reno, Bologna, Italy",44.4756,11.2759
2020-07-14T03:00:00+00:00,15.500,9.100,Open-Meteo Historical Weather API,"Casalecchio di Reno, Bologna, Italy",44.4756,11.2759
2020-07-14T04:00:00+00:00,16.100,8.100,Open-Meteo Historical Weather API,"Casalecchio di Reno, Bologna, Italy",44.4756,11.2759
2020-07-14T05:00:00+00:00,16.900,10.100,Open-Meteo Historical Weather API,"Casalecchio di Reno, Bologna, Italy",44.4756,11.2759
2020-07-14T06:00:00+00:00,19.000,11.800,Open-Meteo Historical Weather API,"Casalecchio di Reno, Bologna, Italy",44.4756,11.2759
2020-07-14T07:00:00+00:00,20.700,12.400,Open-Meteo Historical Weather API,"Casalecchio di Reno, Bologna, Italy",44.4756,11.2759
2020-07-14T08:00:00+00:00,22.200,12.300,Open-Meteo Historical Weather API,"Casalecchio di Reno, Bologna, Italy",44.4756,11.2759
2020-07-14T09:00:00+00:00,23.500,11.600,Open-Meteo Historical Weather API,"Casalecchio di Reno, Bologna, Italy",44.4756,11.2759
2020-07-14T10:00:00+00:00,24.600,11.100,Open-Meteo Historical Weather API,"Casalecchio di Reno, Bologna, Italy",44.4756,11.2759
2020-07-14T11:00:00+00:00,25.200,10.900,Open-Meteo Historical Weather API,"Casalecchio di Reno, Bologna, Italy",44.4756,11.2759
2020-07-14T12:00:00+00:00,25.400,10.800,Open-Meteo Historical Weather API,"Casalecchio di Reno, Bologna, Italy",44.4756,11.2759
2020-07-14T13:00:00+00:00,25.400,10.700,Open-Meteo Historical Weather API,"Casalecchio di Reno, Bologna, Italy",44.4756,11.2759
2020-07-14T14:00:00+00:00,25.500,10.600,Open-Meteo Historical Weather API,"Casalecchio di Reno, Bologna, Italy",44.4756,11.2759
2020-07-14T15:00:00+00:00,25.500,10.400,Open-Meteo Historical Weather API,"Casalecchio di Reno, Bologna, Italy",44.4756,11.2759
2020-07-14T16:00:00+00:00,25.200,10.300,Open-Meteo Historical Weather API,"Casalecchio di Reno, Bologna, Italy",44.4756,11.2759
2020-07-14T17:00:00+00:00,24.300,10.000,Open-Meteo Historical Weather API,"Casalecchio di Reno, Bologna, Italy",44.4756,11.2759
2020-07-14T18:00:00+00:00,22.800,9.900,Open-Meteo Historical Weather API,"Casalecchio di Reno, Bologna, Italy",44.4756,11.2759
2020-07-14T19:00:00+00:00,20.600,9.400,Open-Meteo Historical Weather API,"Casalecchio di Reno, Bologna, Italy",44.4756,11.2759
2020-07-14T20:00:00+00:00,19.400,9.100,Open-Meteo Historical Weather API,"Casalecchio di Reno, Bologna, Italy",44.4756,11.2759
2020-07-14T21:00:00+00:00,18.300,8.700,Open-Meteo Historical Weather API,"Casalecchio di Reno, Bologna, Italy",44.4756,11.2759
2020-07-14T22:00:00+00:00,17.500,8.600,Open-Meteo Historical Weather API,"Casalecchio di Reno, Bologna, Italy",44.4756,11.2759
2020-07-14T23:00:00+00:00,16.700,8.700,Open-Meteo Historical Weather API,"Casalecchio di Reno, Bologna, Italy",44.4756,11.2759
2020-07-15T00:00:00+00:00,18.100,8.200,Open-Meteo Historical Weather API,"Casalecchio di Reno, Bologna, Italy",44.4756,11.2759
2020-07-15T01:00:00+00:00,17.500,8.900,Open-Meteo Historical Weather API,"Casalecchio di Reno, Bologna, Italy",44.4756,11.2759
2020-07-15T02:00:00+00:00,16.900,9.600,Open-Meteo Historical Weather API,"Casalecchio di Reno, Bologna, Italy",44.4756,11.2759
2020-07-15T03:00:00+00:00,16.200,9.900,Open-Meteo Historical Weather API,"Casalecchio di Reno, Bologna, Italy",44.4756,11.2759
2020-07-15T04:00:00+00:00,15.600,10.300,Open-Meteo Historical Weather API,"Casalecchio di Reno, Bologna, Italy",44.4756,11.2759
2020-07-15T05:00:00+00:00,16.800,12.000,Open-Meteo Historical Weather API,"Casalecchio di Reno, Bologna, Italy",44.4756,11.2759
2020-07-15T06:00:00+00:00,20.200,12.300,Open-Meteo Historical Weather API,"Casalecchio di Reno, Bologna, Italy",44.4756,11.2759
2020-07-15T07:00:00+00:00,22.500,9.600,Open-Meteo Historical Weather API,"Casalecchio di Reno, Bologna, Italy",44.4756,11.2759
2020-07-15T08:00:00+00:00,24.200,8.100,Open-Meteo Historical Weather API,"Casalecchio di Reno, Bologna, Italy",44.4756,11.2759
2020-07-15T09:00:00+00:00,25.500,8.500,Open-Meteo Historical Weather API,"Casalecchio di Reno, Bologna, Italy",44.4756,11.2759
2020-07-15T10:00:00+00:00,26.500,9.400,Open-Meteo Historical Weather API,"Casalecchio di Reno, Bologna, Italy",44.4756,11.2759
2020-07-15T11:00:00+00:00,27.000,10.200,Open-Meteo Historical Weather API,"Casalecchio di Reno, Bologna, Italy",44.4756,11.2759
2020-07-15T12:00:00+00:00,24.800,12.900,Open-Meteo Historical Weather API,"Casalecchio di Reno, Bologna, Italy",44.4756,11.2759
2020-07-15T13:00:00+00:00,25.500,12.800,Open-Meteo Historical Weather API,"Casalecchio di Reno, Bologna, Italy",44.4756,11.2759
2020-07-15T14:00:00+00:00,26.200,12.900,Open-Meteo Historical Weather API,"Casalecchio di Reno, Bologna, Italy",44.4756,11.2759
2020-07-15T15:00:00+00:00,26.200,13.100,Open-Meteo Historical Weather API,"Casalecchio di Reno, Bologna, Italy",44.4756,11.2759
2020-07-15T16:00:00+00:00,26.300,13.700,Open-Meteo Historical Weather API,"Casalecchio di Reno, Bologna, Italy",44.4756,11.2759
2020-07-15T17:00:00+00:00,25.000,15.300,Open-Meteo Historical Weather API,"Casalecchio di Reno, Bologna, Italy",44.4756,11.2759
2020-07-15T18:00:00+00:00,24.200,18.500,Open-Meteo Historical Weather API,"Casalecchio di Reno, Bologna, Italy",44.4756,11.2759
2020-07-15T19:00:00+00:00,23.900,15.400,Open-Meteo Historical Weather API,"Casalecchio di Reno, Bologna, Italy",44.4756,11.2759
2020-07-15T20:00:00+00:00,22.600,15.500,Open-Meteo Historical Weather API,"Casalecchio di Reno, Bologna, Italy",44.4756,11.2759
2020-07-15T21:00:00+00:00,20.000,15.900,Open-Meteo Historical Weather API,"Casalecchio di Reno, Bologna, Italy",44.4756,11.2759
2020-07-15T22:00:00+00:00,19.400,15.400,Open-Meteo Historical Weather API,"Casalecchio di Reno, Bologna, Italy",44.4756,11.2759
2020-07-15T23:00:00+00:00,19.000,14.900,Open-Meteo Historical Weather API,"Casalecchio di Reno, Bologna, Italy",44.4756,11.2759
2020-07-16T00:00:00+00:00,18.500,13.700,Open-Meteo Historical Weather API,"Casalecchio di Reno, Bologna, Italy",44.4756,11.2759
2020-07-16T01:00:00+00:00,18.000,13.200,Open-Meteo Historical Weather API,"Casalecchio di Reno, Bologna, Italy",44.4756,11.2759
2020-07-16T02:00:00+00:00,17.500,12.400,Open-Meteo Historical Weather API,"Casalecchio di Reno, Bologna, Italy",44.4756,11.2759
2020-07-16T03:00:00+00:00,16.900,12.100,Open-Meteo Historical Weather API,"Casalecchio di Reno, Bologna, Italy",44.4756,11.2759
2020-07-16T04:00:00+00:00,17.000,12.100,Open-Meteo Historical Weather API,"Casalecchio di Reno, Bologna, Italy",44.4756,11.2759
2020-07-16T05:00:00+00:00,18.500,12.900,Open-Meteo Historical Weather API,"Casalecchio di Reno, Bologna, Italy",44.4756,11.2759
2020-07-16T06:00:00+00:00,20.800,14.100,Open-Meteo Historical Weather API,"Casalecchio di Reno, Bologna, Italy",44.4756,11.2759
2020-07-16T07:00:00+00:00,22.100,14.800,Open-Meteo Historical Weather API,"Casalecchio di Reno, Bologna, Italy",44.4756,11.2759
2020-07-16T08:00:00+00:00,23.500,14.900,Open-Meteo Historical Weather API,"Casalecchio di Reno, Bologna, Italy",44.4756,11.2759
2020-07-16T09:00:00+00:00,24.900,14.900,Open-Meteo Historical Weather API,"Casalecchio di Reno, Bologna, Italy",44.4756,11.2759
2020-07-16T10:00:00+00:00,26.000,14.800,Open-Meteo Historical Weather API,"Casalecchio di Reno, Bologna, Italy",44.4756,11.2759
2020-07-16T11:00:00+00:00,26.700,14.500,Open-Meteo Historical Weather API,"Casalecchio di Reno, Bologna, Italy",44.4756,11.2759
2020-07-16T12:00:00+00:00,26.900,14.400,Open-Meteo Historical Weather API,"Casalecchio di Reno, Bologna, Italy",44.4756,11.2759
2020-07-16T13:00:00+00:00,27.600,14.700,Open-Meteo Historical Weather API,"Casalecchio di Reno, Bologna, Italy",44.4756,11.2759
2020-07-16T14:00:00+00:00,28.300,14.600,Open-Meteo Historical Weather API,"Casalecchio di Reno, Bologna, Italy",44.4756,11.2759
2020-07-16T15:00:00+00:00,28.200,14.600,Open-Meteo Historical Weather API,"Casalecchio di Reno, Bologna, Italy",44.4756,11.2759
2020-07-16T16:00:00+00:00,27.900,14.100,Open-Meteo Historical Weather API,"Casalecchio di Reno, Bologna, Italy",44.4756,11.2759
2020-07-16T17:00:00+00:00,26.900,15.100,Open-Meteo Historical Weather API,"Casalecchio di Reno, Bologna, Italy",44.4756,11.2759
2020-07-16T18:00:00+00:00,26.000,16.600,Open-Meteo Historical Weather API,"Casalecchio di Reno, Bologna, Italy",44.4756,11.2759
2020-07-16T19:00:00+00:00,23.200,15.100,Open-Meteo Historical Weather API,"Casalecchio di Reno, Bologna, Italy",44.4756,11.2759
2020-07-16T20:00:00+00:00,23.100,14.100,Open-Meteo Historical Weather API,"Casalecchio di Reno, Bologna, Italy",44.4756,11.2759
2020-07-16T21:00:00+00:00,22.000,14.400,Open-Meteo Historical Weather API,"Casalecchio di Reno, Bologna, Italy",44.4756,11.2759
2020-07-16T22:00:00+00:00,21.000,14.600,Open-Meteo Historical Weather API,"Casalecchio di Reno, Bologna, Italy",44.4756,11.2759
2020-07-16T23:00:00+00:00,20.300,14.800,Open-Meteo Historical Weather API,"Casalecchio di Reno, Bologna, Italy",44.4756,11.2759
2020-07-17T00:00:00+00:00,21.000,14.500,Open-Meteo Historical Weather API,"Casalecchio di Reno, Bologna, Italy",44.4756,11.2759
2020-07-17T01:00:00+00:00,21.000,14.400,Open-Meteo Historical Weather API,"Casalecchio di Reno, Bologna, Italy",44.4756,11.2759
2020-07-17T02:00:00+00:00,20.300,15.000,Open-Meteo Historical Weather API,"Casalecchio di Reno, Bologna, Italy",44.4756,11.2759
2020-07-17T03:00:00+00:00,20.000,15.000,Open-Meteo Historical Weather API,"Casalecchio di Reno, Bologna, Italy",44.4756,11.2759
2020-07-17T04:00:00+00:00,18.400,15.900,Open-Meteo Historical Weather API,"Casalecchio di Reno, Bologna, Italy",44.4756,11.2759
2020-07-17T05:00:00+00:00,19.900,16.200,Open-Meteo Historical Weather API,"Casalecchio di Reno, Bologna, Italy",44.4756,11.2759
2020-07-17T06:00:00+00:00,21.400,16.800,Open-Meteo Historical Weather API,"Casalecchio di Reno, Bologna, Italy",44.4756,11.2759
2020-07-17T07:00:00+00:00,21.900,18.300,Open-Meteo Historical Weather API,"Casalecchio di Reno, Bologna, Italy",44.4756,11.2759
2020-07-17T08:00:00+00:00,20.300,18.600,Open-Meteo Historical Weather API,"Casalecchio di Reno, Bologna, Italy",44.4756,11.2759
2020-07-17T09:00:00+00:00,20.100,17.900,Open-Meteo Historical Weather API,"Casalecchio di Reno, Bologna, Italy",44.4756,11.2759
2020-07-17T10:00:00+00:00,20.800,17.400,Open-Meteo Historical Weather API,"Casalecchio di Reno, Bologna, Italy",44.4756,11.2759
2020-07-17T11:00:00+00:00,20.600,17.800,Open-Meteo Historical Weather API,"Casalecchio di Reno, Bologna, Italy",44.4756,11.2759
2020-07-17T12:00:00+00:00,22.000,18.500,Open-Meteo Historical Weather API,"Casalecchio di Reno, Bologna, Italy",44.4756,11.2759
2020-07-17T13:00:00+00:00,23.200,18.900,Open-Meteo Historical Weather API,"Casalecchio di Reno, Bologna, Italy",44.4756,11.2759
2020-07-17T14:00:00+00:00,24.000,18.000,Open-Meteo Historical Weather API,"Casalecchio di Reno, Bologna, Italy",44.4756,11.2759
2020-07-17T15:00:00+00:00,24.600,17.900,Open-Meteo Historical Weather API,"Casalecchio di Reno, Bologna, Italy",44.4756,11.2759
2020-07-17T16:00:00+00:00,24.200,16.800,Open-Meteo Historical Weather API,"Casalecchio di Reno, Bologna, Italy",44.4756,11.2759
2020-07-17T17:00:00+00:00,23.900,15.600,Open-Meteo Historical Weather API,"Casalecchio di Reno, Bologna, Italy",44.4756,11.2759
2020-07-17T18:00:00+00:00,22.800,15.200,Open-Meteo Historical Weather API,"Casalecchio di Reno, Bologna, Italy",44.4756,11.2759
2020-07-17T19:00:00+00:00,21.100,13.800,Open-Meteo Historical Weather API,"Casalecchio di Reno, Bologna, Italy",44.4756,11.2759
2020-07-17T20:00:00+00:00,19.900,13.400,Open-Meteo Historical Weather API,"Casalecchio di Reno, Bologna, Italy",44.4756,11.2759
2020-07-17T21:00:00+00:00,19.100,14.100,Open-Meteo Historical Weather API,"Casalecchio di Reno, Bologna, Italy",44.4756,11.2759
2020-07-17T22:00:00+00:00,18.900,14.700,Open-Meteo Historical Weather API,"Casalecchio di Reno, Bologna, Italy",44.4756,11.2759
2020-07-17T23:00:00+00:00,18.100,15.100,Open-Meteo Historical Weather API,"Casalecchio di Reno, Bologna, Italy",44.4756,11.2759
2020-07-18T00:00:00+00:00,18.900,15.900,Open-Meteo Historical Weather API,"Casalecchio di Reno, Bologna, Italy",44.4756,11.2759
2020-07-18T01:00:00+00:00,18.500,16.600,Open-Meteo Historical Weather API,"Casalecchio di Reno, Bologna, Italy",44.4756,11.2759
2020-07-18T02:00:00+00:00,18.400,16.400,Open-Meteo Historical Weather API,"Casalecchio di Reno, Bologna, Italy",44.4756,11.2759
2020-07-18T03:00:00+00:00,18.200,14.800,Open-Meteo Historical Weather API,"Casalecchio di Reno, Bologna, Italy",44.4756,11.2759
2020-07-18T04:00:00+00:00,17.900,13.900,Open-Meteo Historical Weather API,"Casalecchio di Reno, Bologna, Italy",44.4756,11.2759
2020-07-18T05:00:00+00:00,18.000,14.200,Open-Meteo Historical Weather API,"Casalecchio di Reno, Bologna, Italy",44.4756,11.2759
2020-07-18T06:00:00+00:00,18.800,13.900,Open-Meteo Historical Weather API,"Casalecchio di Reno, Bologna, Italy",44.4756,11.2759
2020-07-18T07:00:00+00:00,19.800,13.500,Open-Meteo Historical Weather API,"Casalecchio di Reno, Bologna, Italy",44.4756,11.2759
2020-07-18T08:00:00+00:00,21.100,12.200,Open-Meteo Historical Weather API,"Casalecchio di Reno, Bologna, Italy",44.4756,11.2759
2020-07-18T09:00:00+00:00,22.500,11.900,Open-Meteo Historical Weather API,"Casalecchio di Reno, Bologna, Italy",44.4756,11.2759
2020-07-18T10:00:00+00:00,23.200,11.400,Open-Meteo Historical Weather API,"Casalecchio di Reno, Bologna, Italy",44.4756,11.2759
2020-07-18T11:00:00+00:00,23.900,10.800,Open-Meteo Historical Weather API,"Casalecchio di Reno, Bologna, Italy",44.4756,11.2759
2020-07-18T12:00:00+00:00,24.000,11.500,Open-Meteo Historical Weather API,"Casalecchio di Reno, Bologna, Italy",44.4756,11.2759
2020-07-18T13:00:00+00:00,24.500,11.000,Open-Meteo Historical Weather API,"Casalecchio di Reno, Bologna, Italy",44.4756,11.2759
2020-07-18T14:00:00+00:00,25.000,10.500,Open-Meteo Historical Weather API,"Casalecchio di Reno, Bologna, Italy",44.4756,11.2759
2020-07-18T15:00:00+00:00,25.200,10.100,Open-Meteo Historical Weather API,"Casalecchio di Reno, Bologna, Italy",44.4756,11.2759
2020-07-18T16:00:00+00:00,25.100,10.200,Open-Meteo Historical Weather API,"Casalecchio di Reno, Bologna, Italy",44.4756,11.2759
2020-07-18T17:00:00+00:00,24.400,10.700,Open-Meteo Historical Weather API,"Casalecchio di Reno, Bologna, Italy",44.4756,11.2759
2020-07-18T18:00:00+00:00,22.600,11.400,Open-Meteo Historical Weather API,"Casalecchio di Reno, Bologna, Italy",44.4756,11.2759
2020-07-18T19:00:00+00:00,21.000,9.400,Open-Meteo Historical Weather API,"Casalecchio di Reno, Bologna, Italy",44.4756,11.2759
2020-07-18T20:00:00+00:00,20.000,9.000,Open-Meteo Historical Weather API,"Casalecchio di Reno, Bologna, Italy",44.4756,11.2759
2020-07-18T21:00:00+00:00,19.000,9.000,Open-Meteo Historical Weather API,"Casalecchio di Reno, Bologna, Italy",44.4756,11.2759
2020-07-18T22:00:00+00:00,18.200,9.200,Open-Meteo Historical Weather API,"Casalecchio di Reno, Bologna, Italy",44.4756,11.2759
2020-07-18T23:00:00+00:00,17.600,8.900,Open-Meteo Historical Weather API,"Casalecchio di Reno, Bologna, Italy",44.4756,11.2759
2020-07-19T00:00:00+00:00,19.600,8.600,Open-Meteo Historical Weather API,"Casalecchio di Reno, Bologna, Italy",44.4756,11.2759
2020-07-19T01:00:00+00:00,18.600,8.000,Open-Meteo Historical Weather API,"Casalecchio di Reno, Bologna, Italy",44.4756,11.2759
2020-07-19T02:00:00+00:00,17.100,8.700,Open-Meteo Historical Weather API,"Casalecchio di Reno, Bologna, Italy",44.4756,11.2759
2020-07-19T03:00:00+00:00,17.000,8.900,Open-Meteo Historical Weather API,"Casalecchio di Reno, Bologna, Italy",44.4756,11.2759
2020-07-19T04:00:00+00:00,17.000,8.800,Open-Meteo Historical Weather API,"Casalecchio di Reno, Bologna, Italy",44.4756,11.2759
2020-07-19T05:00:00+00:00,18.000,10.100,Open-Meteo Historical Weather API,"Casalecchio di Reno, Bologna, Italy",44.4756,11.2759
2020-07-19T06:00:00+00:00,20.800,12.100,Open-Meteo Historical Weather API,"Casalecchio di Reno, Bologna, Italy",44.4756,11.2759
2020-07-19T07:00:00+00:00,23.400,11.400,Open-Meteo Historical Weather API,"Casalecchio di Reno, Bologna, Italy",44.4756,11.2759
2020-07-19T08:00:00+00:00,24.500,11.900,Open-Meteo Historical Weather API,"Casalecchio di Reno, Bologna, Italy",44.4756,11.2759
2020-07-19T09:00:00+00:00,25.700,12.000,Open-Meteo Historical Weather API,"Casalecchio di Reno, Bologna, Italy",44.4756,11.2759
2020-07-19T10:00:00+00:00,26.800,11.800,Open-Meteo Historical Weather API,"Casalecchio di Reno, Bologna, Italy",44.4756,11.2759
2020-07-19T11:00:00+00:00,27.600,11.900,Open-Meteo Historical Weather API,"Casalecchio di Reno, Bologna, Italy",44.4756,11.2759
2020-07-19T12:00:00+00:00,27.600,13.200,Open-Meteo Historical Weather API,"Casalecchio di Reno, Bologna, Italy",44.4756,11.2759
2020-07-19T13:00:00+00:00,27.700,13.400,Open-Meteo Historical Weather API,"Casalecchio di Reno, Bologna, Italy",44.4756,11.2759
2020-07-19T14:00:00+00:00,27.900,13.600,Open-Meteo Historical Weather API,"Casalecchio di Reno, Bologna, Italy",44.4756,11.2759
2020-07-19T15:00:00+00:00,28.000,13.700,Open-Meteo Historical Weather API,"Casalecchio di Reno, Bologna, Italy",44.4756,11.2759
2020-07-19T16:00:00+00:00,27.800,13.600,Open-Meteo Historical Weather API,"Casalecchio di Reno, Bologna, Italy",44.4756,11.2759
2020-07-19T17:00:00+00:00,27.200,14.000,Open-Meteo Historical Weather API,"Casalecchio di Reno, Bologna, Italy",44.4756,11.2759
2020-07-19T18:00:00+00:00,25.300,15.600,Open-Meteo Historical Weather API,"Casalecchio di Reno, Bologna, Italy",44.4756,11.2759
2020-07-19T19:00:00+00:00,23.200,13.900,Open-Meteo Historical Weather API,"Casalecchio di Reno, Bologna, Italy",44.4756,11.2759
2020-07-19T20:00:00+00:00,22.300,12.400,Open-Meteo Historical Weather API,"Casalecchio di Reno, Bologna, Italy",44.4756,11.2759
2020-07-19T21:00:00+00:00,21.500,12.100,Open-Meteo Historical Weather API,"Casalecchio di Reno, Bologna, Italy",44.4756,11.2759
2020-07-19T22:00:00+00:00,20.800,12.500,Open-Meteo Historical Weather API,"Casalecchio di Reno, Bologna, Italy",44.4756,11.2759
2020-07-19T23:00:00+00:00,20.000,13.000,Open-Meteo Historical Weather API,"Casalecchio di Reno, Bologna, Italy",44.4756,11.2759
2020-07-20T00:00:00+00:00,19.900,13.900,Open-Meteo Historical Weather API,"Casalecchio di Reno, Bologna, Italy",44.4756,11.2759
2020-07-20T01:00:00+00:00,19.400,14.100,Open-Meteo Historical Weather API,"Casalecchio di Reno, Bologna, Italy",44.4756,11.2759
2020-07-20T02:00:00+00:00,19.200,14.000,Open-Meteo Historical Weather API,"Casalecchio di Reno, Bologna, Italy",44.4756,11.2759
2020-07-20T03:00:00+00:00,19.000,13.900,Open-Meteo Historical Weather API,"Casalecchio di Reno, Bologna, Italy",44.4756,11.2759
2020-07-20T04:00:00+00:00,18.500,13.900,Open-Meteo Historical Weather API,"Casalecchio di Reno, Bologna, Italy",44.4756,11.2759
2020-07-20T05:00:00+00:00,19.500,14.200,Open-Meteo Historical Weather API,"Casalecchio di Reno, Bologna, Italy",44.4756,11.2759
2020-07-20T06:00:00+00:00,22.200,14.400,Open-Meteo Historical Weather API,"Casalecchio di Reno, Bologna, Italy",44.4756,11.2759
2020-07-20T07:00:00+00:00,24.400,13.500,Open-Meteo Historical Weather API,"Casalecchio di Reno, Bologna, Italy",44.4756,11.2759
2020-07-20T08:00:00+00:00,25.900,13.600,Open-Meteo Historical Weather API,"Casalecchio di Reno, Bologna, Italy",44.4756,11.2759
2020-07-20T09:00:00+00:00,27.300,14.500,Open-Meteo Historical Weather API,"Casalecchio di Reno, Bologna, Italy",44.4756,11.2759
2020-07-20T10:00:00+00:00,28.500,15.100,Open-Meteo Historical Weather API,"Casalecchio di Reno, Bologna, Italy",44.4756,11.2759
2020-07-20T11:00:00+00:00,29.600,15.300,Open-Meteo Historical Weather API,"Casalecchio di Reno, Bologna, Italy",44.4756,11.2759
2020-07-20T12:00:00+00:00,29.400,16.200,Open-Meteo Historical Weather API,"Casalecchio di Reno, Bologna, Italy",44.4756,11.2759
2020-07-20T13:00:00+00:00,30.000,16.800,Open-Meteo Historical Weather API,"Casalecchio di Reno, Bologna, Italy",44.4756,11.2759
2020-07-20T14:00:00+00:00,30.400,17.000,Open-Meteo Historical Weather API,"Casalecchio di Reno, Bologna, Italy",44.4756,11.2759
2020-07-20T15:00:00+00:00,30.200,17.000,Open-Meteo Historical Weather API,"Casalecchio di Reno, Bologna, Italy",44.4756,11.2759
2020-07-20T16:00:00+00:00,29.800,17.100,Open-Meteo Historical Weather API,"Casalecchio di Reno, Bologna, Italy",44.4756,11.2759
2020-07-20T17:00:00+00:00,29.200,17.300,Open-Meteo Historical Weather API,"Casalecchio di Reno, Bologna, Italy",44.4756,11.2759
2020-07-20T18:00:00+00:00,27.500,19.100,Open-Meteo Historical Weather API,"Casalecchio di Reno, Bologna, Italy",44.4756,11.2759
2020-07-20T19:00:00+00:00,24.400,18.300,Open-Meteo Historical Weather API,"Casalecchio di Reno, Bologna, Italy",44.4756,11.2759
2020-07-20T20:00:00+00:00,24.100,16.100,Open-Meteo Historical Weather API,"Casalecchio di Reno, Bologna, Italy",44.4756,11.2759
2020-07-20T21:00:00+00:00,23.800,14.000,Open-Meteo Historical Weather API,"Casalecchio di Reno, Bologna, Italy",44.4756,11.2759
2020-07-20T22:00:00+00:00,23.400,13.400,Open-Meteo Historical Weather API,"Casalecchio di Reno, Bologna, Italy",44.4756,11.2759
2020-07-20T23:00:00+00:00,22.700,13.600,Open-Meteo Historical Weather API,"Casalecchio di Reno, Bologna, Italy",44.4756,11.2759
2020-07-21T00:00:00+00:00,22.200,14.100,Open-Meteo Historical Weather API,"Casalecchio di Reno, Bologna, Italy",44.4756,11.2759
2020-07-21T01:00:00+00:00,22.100,14.100,Open-Meteo Historical Weather API,"Casalecchio di Reno, Bologna, Italy",44.4756,11.2759
2020-07-21T02:00:00+00:00,21.500,14.200,Open-Meteo Historical Weather API,"Casalecchio di Reno, Bologna, Italy",44.4756,11.2759
2020-07-21T03:00:00+00:00,20.900,14.600,Open-Meteo Historical Weather API,"Casalecchio di Reno, Bologna, Italy",44.4756,11.2759
2020-07-21T04:00:00+00:00,20.400,14.600,Open-Meteo Historical Weather API,"Casalecchio di Reno, Bologna, Italy",44.4756,11.2759
2020-07-21T05:00:00+00:00,21.200,15.200,Open-Meteo Historical Weather API,"Casalecchio di Reno, Bologna, Italy",44.4756,11.2759
2020-07-21T06:00:00+00:00,23.600,15.900,Open-Meteo Historical Weather API,"Casalecchio di Reno, Bologna, Italy",44.4756,11.2759
2020-07-21T07:00:00+00:00,25.500,15.100,Open-Meteo Historical Weather API,"Casalecchio di Reno, Bologna, Italy",44.4756,11.2759
2020-07-21T08:00:00+00:00,27.000,15.200,Open-Meteo Historical Weather API,"Casalecchio di Reno, Bologna, Italy",44.4756,11.2759
2020-07-21T09:00:00+00:00,28.500,15.900,Open-Meteo Historical Weather API,"Casalecchio di Reno, Bologna, Italy",44.4756,11.2759
2020-07-21T10:00:00+00:00,29.600,16.500,Open-Meteo Historical Weather API,"Casalecchio di Reno, Bologna, Italy",44.4756,11.2759
2020-07-21T11:00:00+00:00,30.500,16.600,Open-Meteo Historical Weather API,"Casalecchio di Reno, Bologna, Italy",44.4756,11.2759
2020-07-21T12:00:00+00:00,30.600,17.400,Open-Meteo Historical Weather API,"Casalecchio di Reno, Bologna, Italy",44.4756,11.2759
2020-07-21T13:00:00+00:00,31.300,17.500,Open-Meteo Historical Weather API,"Casalecchio di Reno, Bologna, Italy",44.4756,11.2759
2020-07-21T14:00:00+00:00,31.800,17.600,Open-Meteo Historical Weather API,"Casalecchio di Reno, Bologna, Italy",44.4756,11.2759
2020-07-21T15:00:00+00:00,32.000,17.600,Open-Meteo Historical Weather API,"Casalecchio di Reno, Bologna, Italy",44.4756,11.2759
2020-07-21T16:00:00+00:00,31.500,17.500,Open-Meteo Historical Weather API,"Casalecchio di Reno, Bologna, Italy",44.4756,11.2759
2020-07-21T17:00:00+00:00,30.800,17.900,Open-Meteo Historical Weather API,"Casalecchio di Reno, Bologna, Italy",44.4756,11.2759
2020-07-21T18:00:00+00:00,29.000,20.500,Open-Meteo Historical Weather API,"Casalecchio di Reno, Bologna, Italy",44.4756,11.2759
2020-07-21T19:00:00+00:00,26.900,18.700,Open-Meteo Historical Weather API,"Casalecchio di Reno, Bologna, Italy",44.4756,11.2759
2020-07-21T20:00:00+00:00,26.100,18.500,Open-Meteo Historical Weather API,"Casalecchio di Reno, Bologna, Italy",44.4756,11.2759
2020-07-21T21:00:00+00:00,25.100,17.500,Open-Meteo Historical Weather API,"Casalecchio di Reno, Bologna, Italy",44.4756,11.2759
2020-07-21T22:00:00+00:00,24.100,17.100,Open-Meteo Historical Weather API,"Casalecchio di Reno, Bologna, Italy",44.4756,11.2759
2020-07-21T23:00:00+00:00,23.500,17.100,Open-Meteo Historical Weather API,"Casalecchio di Reno, Bologna, Italy",44.4756,11.2759
2020-07-22T00:00:00+00:00,23.600,16.800,Open-Meteo Historical Weather API,"Casalecchio di Reno, Bologna, Italy",44.4756,11.2759
2020-07-22T01:00:00+00:00,23.300,17.000,Open-Meteo Historical Weather API,"Casalecchio di Reno, Bologna, Italy",44.4756,11.2759
2020-07-22T02:00:00+00:00,23.100,17.000,Open-Meteo Historical Weather API,"Casalecchio di Reno, Bologna, Italy",44.4756,11.2759
2020-07-22T03:00:00+00:00,23.000,17.100,Open-Meteo Historical Weather API,"Casalecchio di Reno, Bologna, Italy",44.4756,11.2759
2020-07-22T04:00:00+00:00,22.600,17.100,Open-Meteo Historical Weather API,"Casalecchio di Reno, Bologna, Italy",44.4756,11.2759
2020-07-22T05:00:00+00:00,23.000,17.600,Open-Meteo Historical Weather API,"Casalecchio di Reno, Bologna, Italy",44.4756,11.2759
2020-07-22T06:00:00+00:00,25.400,18.500,Open-Meteo Historical Weather API,"Casalecchio di Reno, Bologna, Italy",44.4756,11.2759
2020-07-22T07:00:00+00:00,26.600,19.200,Open-Meteo Historical Weather API,"Casalecchio di Reno, Bologna, Italy",44.4756,11.2759
2020-07-22T08:00:00+00:00,28.100,19.500,Open-Meteo Historical Weather API,"Casalecchio di Reno, Bologna, Italy",44.4756,11.2759
2020-07-22T09:00:00+00:00,29.600,19.400,Open-Meteo Historical Weather API,"Casalecchio di Reno, Bologna, Italy",44.4756,11.2759
2020-07-22T10:00:00+00:00,30.600,19.000,Open-Meteo Historical Weather API,"Casalecchio di Reno, Bologna, Italy",44.4756,11.2759
2020-07-22T11:00:00+00:00,31.000,18.400,Open-Meteo Historical Weather API,"Casalecchio di Reno, Bologna, Italy",44.4756,11.2759
2020-07-22T12:00:00+00:00,30.500,19.000,Open-Meteo Historical Weather API,"Casalecchio di Reno, Bologna, Italy",44.4756,11.2759
2020-07-22T13:00:00+00:00,31.000,19.300,Open-Meteo Historical Weather API,"Casalecchio di Reno, Bologna, Italy",44.4756,11.2759
2020-07-22T14:00:00+00:00,31.200,19.400,Open-Meteo Historical Weather API,"Casalecchio di Reno, Bologna, Italy",44.4756,11.2759
2020-07-22T15:00:00+00:00,31.000,19.800,Open-Meteo Historical Weather API,"Casalecchio di Reno, Bologna, Italy",44.4756,11.2759
2020-07-22T16:00:00+00:00,31.100,19.400,Open-Meteo Historical Weather API,"Casalecchio di Reno, Bologna, Italy",44.4756,11.2759
2020-07-22T17:00:00+00:00,30.500,19.500,Open-Meteo Historical Weather API,"Casalecchio di Reno, Bologna, Italy",44.4756,11.2759
2020-07-22T18:00:00+00:00,29.000,20.000,Open-Meteo Historical Weather API,"Casalecchio di Reno, Bologna, Italy",44.4756,11.2759
2020-07-22T19:00:00+00:00,27.000,19.800,Open-Meteo Historical Weather API,"Casalecchio di Reno, Bologna, Italy",44.4756,11.2759
2020-07-22T20:00:00+00:00,25.500,19.500,Open-Meteo Historical Weather API,"Casalecchio di Reno, Bologna, Italy",44.4756,11.2759
2020-07-22T21:00:00+00:00,24.500,19.600,Open-Meteo Historical Weather API,"Casalecchio di Reno, Bologna, Italy",44.4756,11.2759
2020-07-22T22:00:00+00:00,23.600,18.900,Open-Meteo Historical Weather API,"Casalecchio di Reno, Bologna, Italy",44.4756,11.2759
2020-07-22T23:00:00+00:00,23.600,17.000,Open-Meteo Historical Weather API,"Casalecchio di Reno, Bologna, Italy",44.4756,11.2759
2020-07-23T00:00:00+00:00,21.000,20.100,Open-Meteo Historical Weather API,"Casalecchio di Reno, Bologna, Italy",44.4756,11.2759
2020-07-23T01:00:00+00:00,21.300,20.000,Open-Meteo Historical Weather API,"Casalecchio di Reno, Bologna, Italy",44.4756,11.2759
2020-07-23T02:00:00+00:00,21.200,19.900,Open-Meteo Historical Weather API,"Casalecchio di Reno, Bologna, Italy",44.4756,11.2759
2020-07-23T03:00:00+00:00,21.200,19.500,Open-Meteo Historical Weather API,"Casalecchio di Reno, Bologna, Italy",44.4756,11.2759
2020-07-23T04:00:00+00:00,21.000,19.300,Open-Meteo Historical Weather API,"Casalecchio di Reno, Bologna, Italy",44.4756,11.2759
2020-07-23T05:00:00+00:00,21.500,19.600,Open-Meteo Historical Weather API,"Casalecchio di Reno, Bologna, Italy",44.4756,11.2759
2020-07-23T06:00:00+00:00,22.100,20.000,Open-Meteo Historical Weather API,"Casalecchio di Reno, Bologna, Italy",44.4756,11.2759
2020-07-23T07:00:00+00:00,23.400,20.000,Open-Meteo Historical Weather API,"Casalecchio di Reno, Bologna, Italy",44.4756,11.2759
2020-07-23T08:00:00+00:00,25.000,19.400,Open-Meteo Historical Weather API,"Casalecchio di Reno, Bologna, Italy",44.4756,11.2759
2020-07-23T09:00:00+00:00,26.500,19.000,Open-Meteo Historical Weather API,"Casalecchio di Reno, Bologna, Italy",44.4756,11.2759
2020-07-23T10:00:00+00:00,28.000,18.800,Open-Meteo Historical Weather API,"Casalecchio di Reno, Bologna, Italy",44.4756,11.2759
2020-07-23T11:00:00+00:00,29.200,18.400,Open-Meteo Historical Weather API,"Casalecchio di Reno, Bologna, Italy",44.4756,11.2759
2020-07-23T12:00:00+00:00,28.500,18.300,Open-Meteo Historical Weather API,"Casalecchio di Reno, Bologna, Italy",44.4756,11.2759
2020-07-23T13:00:00+00:00,29.100,18.100,Open-Meteo Historical Weather API,"Casalecchio di Reno, Bologna, Italy",44.4756,11.2759
2020-07-23T14:00:00+00:00,29.200,18.000,Open-Meteo Historical Weather API,"Casalecchio di Reno, Bologna, Italy",44.4756,11.2759
2020-07-23T15:00:00+00:00,29.600,18.000,Open-Meteo Historical Weather API,"Casalecchio di Reno, Bologna, Italy",44.4756,11.2759
2020-07-23T16:00:00+00:00,29.400,18.000,Open-Meteo Historical Weather API,"Casalecchio di Reno, Bologna, Italy",44.4756,11.2759
2020-07-23T17:00:00+00:00,28.600,18.900,Open-Meteo Historical Weather API,"Casalecchio di Reno, Bologna, Italy",44.4756,11.2759
2020-07-23T18:00:00+00:00,27.500,20.500,Open-Meteo Historical Weather API,"Casalecchio di Reno, Bologna, Italy",44.4756,11.2759
2020-07-23T19:00:00+00:00,25.200,19.900,Open-Meteo Historical Weather API,"Casalecchio di Reno, Bologna, Italy",44.4756,11.2759
2020-07-23T20:00:00+00:00,25.100,19.200,Open-Meteo Historical Weather API,"Casalecchio di Reno, Bologna, Italy",44.4756,11.2759
2020-07-23T21:00:00+00:00,24.100,19.400,Open-Meteo Historical Weather API,"Casalecchio di Reno, Bologna, Italy",44.4756,11.2759
2020-07-23T22:00:00+00:00,23.600,19.200,Open-Meteo Historical Weather API,"Casalecchio di Reno, Bologna, Italy",44.4756,11.2759
2020-07-23T23:00:00+00:00,23.400,19.000,Open-Meteo Historical Weather API,"Casalecchio di Reno, Bologna, Italy",44.4756,11.2759
2020-07-24T00:00:00+00:00,22.400,18.900,Open-Meteo Historical Weather API,"Casalecchio di Reno, Bologna, Italy",44.4756,11.2759
2020-07-24T01:00:00+00:00,22.900,19.300,Open-Meteo Historical Weather API,"Casalecchio di Reno, Bologna, Italy",44.4756,11.2759
2020-07-24T02:00:00+00:00,22.500,19.300,Open-Meteo Historical Weather API,"Casalecchio di Reno, Bologna, Italy",44.4756,11.2759
2020-07-24T03:00:00+00:00,20.000,18.600,Open-Meteo Historical Weather API,"Casalecchio di Reno, Bologna, Italy",44.4756,11.2759
2020-07-24T04:00:00+00:00,20.000,18.800,Open-Meteo Historical Weather API,"Casalecchio di Reno, Bologna, Italy",44.4756,11.2759
2020-07-24T05:00:00+00:00,20.500,19.200,Open-Meteo Historical Weather API,"Casalecchio di Reno, Bologna, Italy",44.4756,11.2759
2020-07-24T06:00:00+00:00,21.100,19.500,Open-Meteo Historical Weather API,"Casalecchio di Reno, Bologna, Italy",44.4756,11.2759
2020-07-24T07:00:00+00:00,20.500,19.900,Open-Meteo Historical Weather API,"Casalecchio di Reno, Bologna, Italy",44.4756,11.2759
2020-07-24T08:00:00+00:00,21.500,19.400,Open-Meteo Historical Weather API,"Casalecchio di Reno, Bologna, Italy",44.4756,11.2759
2020-07-24T09:00:00+00:00,22.000,19.400,Open-Meteo Historical Weather API,"Casalecchio di Reno, Bologna, Italy",44.4756,11.2759
2020-07-24T10:00:00+00:00,21.500,19.500,Open-Meteo Historical Weather API,"Casalecchio di Reno, Bologna, Italy",44.4756,11.2759
2020-07-24T11:00:00+00:00,22.500,20.200,Open-Meteo Historical Weather API,"Casalecchio di Reno, Bologna, Italy",44.4756,11.2759
2020-07-24T12:00:00+00:00,19.300,17.700,Open-Meteo Historical Weather API,"Casalecchio di Reno, Bologna, Italy",44.4756,11.2759
2020-07-24T13:00:00+00:00,20.600,17.200,Open-Meteo Historical Weather API,"Casalecchio di Reno, Bologna, Italy",44.4756,11.2759
2020-07-24T14:00:00+00:00,21.500,16.900,Open-Meteo Historical Weather API,"Casalecchio di Reno, Bologna, Italy",44.4756,11.2759
2020-07-24T15:00:00+00:00,21.500,16.300,Open-Meteo Historical Weather API,"Casalecchio di Reno, Bologna, Italy",44.4756,11.2759
2020-07-24T16:00:00+00:00,21.900,16.300,Open-Meteo Historical Weather API,"Casalecchio di Reno, Bologna, Italy",44.4756,11.2759
2020-07-24T17:00:00+00:00,21.800,16.100,Open-Meteo Historical Weather API,"Casalecchio di Reno, Bologna, Italy",44.4756,11.2759
2020-07-24T18:00:00+00:00,21.200,16.100,Open-Meteo Historical Weather API,"Casalecchio di Reno, Bologna, Italy",44.4756,11.2759
2020-07-24T19:00:00+00:00,20.000,16.000,Open-Meteo Historical Weather API,"Casalecchio di Reno, Bologna, Italy",44.4756,11.2759
2020-07-24T20:00:00+00:00,19.600,15.600,Open-Meteo Historical Weather API,"Casalecchio di Reno, Bologna, Italy",44.4756,11.2759
2020-07-24T21:00:00+00:00,19.200,15.100,Open-Meteo Historical Weather API,"Casalecchio di Reno, Bologna, Italy",44.4756,11.2759
2020-07-24T22:00:00+00:00,18.400,14.600,Open-Meteo Historical Weather API,"Casalecchio di Reno, Bologna, Italy",44.4756,11.2759
2020-07-24T23:00:00+00:00,17.900,14.200,Open-Meteo Historical Weather API,"Casalecchio di Reno, Bologna, Italy",44.4756,11.2759
2020-07-25T00:00:00+00:00,17.400,14.100,Open-Meteo Historical Weather API,"Casalecchio di Reno, Bologna, Italy",44.4756,11.2759
2020-07-25T01:00:00+00:00,17.500,13.600,Open-Meteo Historical Weather API,"Casalecchio di Reno, Bologna, Italy",44.4756,11.2759
2020-07-25T02:00:00+00:00,17.000,13.200,Open-Meteo Historical Weather API,"Casalecchio di Reno, Bologna, Italy",44.4756,11.2759
2020-07-25T03:00:00+00:00,16.200,12.900,Open-Meteo Historical Weather API,"Casalecchio di Reno, Bologna, Italy",44.4756,11.2759
2020-07-25T04:00:00+00:00,15.400,12.700,Open-Meteo Historical Weather API,"Casalecchio di Reno, Bologna, Italy",44.4756,11.2759
2020-07-25T05:00:00+00:00,17.000,13.100,Open-Meteo Historical Weather API,"Casalecchio di Reno, Bologna, Italy",44.4756,11.2759
2020-07-25T06:00:00+00:00,20.400,13.900,Open-Meteo Historical Weather API,"Casalecchio di Reno, Bologna, Italy",44.4756,11.2759
2020-07-25T07:00:00+00:00,22.600,14.000,Open-Meteo Historical Weather API,"Casalecchio di Reno, Bologna, Italy",44.4756,11.2759
2020-07-25T08:00:00+00:00,24.200,14.300,Open-Meteo Historical Weather API,"Casalecchio di Reno, Bologna, Italy",44.4756,11.2759
2020-07-25T09:00:00+00:00,25.800,13.900,Open-Meteo Historical Weather API,"Casalecchio di Reno, Bologna, Italy",44.4756,11.2759
2020-07-25T10:00:00+00:00,27.100,13.500,Open-Meteo Historical Weather API,"Casalecchio di Reno, Bologna, Italy",44.4756,11.2759
2020-07-25T11:00:00+00:00,28.100,13.200,Open-Meteo Historical Weather API,"Casalecchio di Reno, Bologna, Italy",44.4756,11.2759
2020-07-25T12:00:00+00:00,28.600,12.600,Open-Meteo Historical Weather API,"Casalecchio di Reno, Bologna, Italy",44.4756,11.2759
2020-07-25T13:00:00+00:00,28.800,12.400,Open-Meteo Historical Weather API,"Casalecchio di Reno, Bologna, Italy",44.4756,11.2759
2020-07-25T14:00:00+00:00,29.100,12.400,Open-Meteo Historical Weather API,"Casalecchio di Reno, Bologna, Italy",44.4756,11.2759
2020-07-25T15:00:00+00:00,29.000,12.700,Open-Meteo Historical Weather API,"Casalecchio di Reno, Bologna, Italy",44.4756,11.2759
2020-07-25T16:00:00+00:00,28.600,13.200,Open-Meteo Historical Weather API,"Casalecchio di Reno, Bologna, Italy",44.4756,11.2759
2020-07-25T17:00:00+00:00,27.600,15.100,Open-Meteo Historical Weather API,"Casalecchio di Reno, Bologna, Italy",44.4756,11.2759
2020-07-25T18:00:00+00:00,25.400,16.200,Open-Meteo Historical Weather API,"Casalecchio di Reno, Bologna, Italy",44.4756,11.2759
2020-07-25T19:00:00+00:00,23.700,14.200,Open-Meteo Historical Weather API,"Casalecchio di Reno, Bologna, Italy",44.4756,11.2759
2020-07-25T20:00:00+00:00,22.800,13.600,Open-Meteo Historical Weather API,"Casalecchio di Reno, Bologna, Italy",44.4756,11.2759
2020-07-25T21:00:00+00:00,22.000,12.400,Open-Meteo Historical Weather API,"Casalecchio di Reno, Bologna, Italy",44.4756,11.2759
2020-07-25T22:00:00+00:00,21.000,12.100,Open-Meteo Historical Weather API,"Casalecchio di Reno, Bologna, Italy",44.4756,11.2759
2020-07-25T23:00:00+00:00,20.000,11.900,Open-Meteo Historical Weather API,"Casalecchio di Reno, Bologna, Italy",44.4756,11.2759
2020-07-26T00:00:00+00:00,20.500,12.600,Open-Meteo Historical Weather API,"Casalecchio di Reno, Bologna, Italy",44.4756,11.2759
2020-07-26T01:00:00+00:00,20.600,12.200,Open-Meteo Historical Weather API,"Casalecchio di Reno, Bologna, Italy",44.4756,11.2759
2020-07-26T02:00:00+00:00,20.600,12.600,Open-Meteo Historical Weather API,"Casalecchio di Reno, Bologna, Italy",44.4756,11.2759
2020-07-26T03:00:00+00:00,20.800,12.600,Open-Meteo Historical Weather API,"Casalecchio di Reno, Bologna, Italy",44.4756,11.2759
2020-07-26T04:00:00+00:00,20.800,12.800,Open-Meteo Historical Weather API,"Casalecchio di Reno, Bologna, Italy",44.4756,11.2759
2020-07-26T05:00:00+00:00,21.600,13.400,Open-Meteo Historical Weather API,"Casalecchio di Reno, Bologna, Italy",44.4756,11.2759
2020-07-26T06:00:00+00:00,23.300,14.600,Open-Meteo Historical Weather API,"Casalecchio di Reno, Bologna, Italy",44.4756,11.2759
2020-07-26T07:00:00+00:00,25.200,15.300,Open-Meteo Historical Weather API,"Casalecchio di Reno, Bologna, Italy",44.4756,11.2759
2020-07-26T08:00:00+00:00,27.500,15.200,Open-Meteo Historical Weather API,"Casalecchio di Reno, Bologna, Italy",44.4756,11.2759
2020-07-26T09:00:00+00:00,28.600,15.200,Open-Meteo Historical Weather API,"Casalecchio di Reno, Bologna, Italy",44.4756,11.2759
2020-07-26T10:00:00+00:00,29.800,14.800,Open-Meteo Historical Weather API,"Casalecchio di Reno, Bologna, Italy",44.4756,11.2759
2020-07-26T11:00:00+00:00,30.500,13.900,Open-Meteo Historical Weather API,"Casalecchio di Reno, Bologna, Italy",44.4756,11.2759
2020-07-26T12:00:00+00:00,29.700,16.300,Open-Meteo Historical Weather API,"Casalecchio di Reno, Bologna, Italy",44.4756,11.2759
2020-07-26T13:00:00+00:00,30.000,15.400,Open-Meteo Historical Weather API,"Casalecchio di Reno, Bologna, Italy",44.4756,11.2759
2020-07-26T14:00:00+00:00,30.400,15.300,Open-Meteo Historical Weather API,"Casalecchio di Reno, Bologna, Italy",44.4756,11.2759
2020-07-26T15:00:00+00:00,30.600,15.600,Open-Meteo Historical Weather API,"Casalecchio di Reno, Bologna, Italy",44.4756,11.2759
2020-07-26T16:00:00+00:00,30.000,15.400,Open-Meteo Historical Weather API,"Casalecchio di Reno, Bologna, Italy",44.4756,11.2759
2020-07-26T17:00:00+00:00,29.400,16.700,Open-Meteo Historical Weather API,"Casalecchio di Reno, Bologna, Italy",44.4756,11.2759
2020-07-26T18:00:00+00:00,27.200,21.500,Open-Meteo Historical Weather API,"Casalecchio di Reno, Bologna, Italy",44.4756,11.2759
2020-07-26T19:00:00+00:00,25.900,17.000,Open-Meteo Historical Weather API,"Casalecchio di Reno, Bologna, Italy",44.4756,11.2759
2020-07-26T20:00:00+00:00,24.500,14.100,Open-Meteo Historical Weather API,"Casalecchio di Reno, Bologna, Italy",44.4756,11.2759
2020-07-26T21:00:00+00:00,23.500,14.100,Open-Meteo Historical Weather API,"Casalecchio di Reno, Bologna, Italy",44.4756,11.2759
2020-07-26T22:00:00+00:00,22.500,14.800,Open-Meteo Historical Weather API,"Casalecchio di Reno, Bologna, Italy",44.4756,11.2759
2020-07-26T23:00:00+00:00,21.900,15.100,Open-Meteo Historical Weather API,"Casalecchio di Reno, Bologna, Italy",44.4756,11.2759
2020-07-27T00:00:00+00:00,21.400,14.900,Open-Meteo Historical Weather API,"Casalecchio di Reno, Bologna, Italy",44.4756,11.2759
2020-07-27T01:00:00+00:00,21.000,14.900,Open-Meteo Historical Weather API,"Casalecchio di Reno, Bologna, Italy",44.4756,11.2759
2020-07-27T02:00:00+00:00,20.600,15.000,Open-Meteo Historical Weather API,"Casalecchio di Reno, Bologna, Italy",44.4756,11.2759
2020-07-27T03:00:00+00:00,20.200,14.900,Open-Meteo Historical Weather API,"Casalecchio di Reno, Bologna, Italy",44.4756,11.2759
2020-07-27T04:00:00+00:00,19.600,14.900,Open-Meteo Historical Weather API,"Casalecchio di Reno, Bologna, Italy",44.4756,11.2759
2020-07-27T05:00:00+00:00,20.400,15.500,Open-Meteo Historical Weather API,"Casalecchio di Reno, Bologna, Italy",44.4756,11.2759
2020-07-27T06:00:00+00:00,22.800,16.400,Open-Meteo Historical Weather API,"Casalecchio di Reno, Bologna, Italy",44.4756,11.2759
2020-07-27T07:00:00+00:00,24.600,16.100,Open-Meteo Historical Weather API,"Casalecchio di Reno, Bologna, Italy",44.4756,11.2759
2020-07-27T08:00:00+00:00,26.100,16.400,Open-Meteo Historical Weather API,"Casalecchio di Reno, Bologna, Italy",44.4756,11.2759
2020-07-27T09:00:00+00:00,27.400,16.500,Open-Meteo Historical Weather API,"Casalecchio di Reno, Bologna, Italy",44.4756,11.2759
2020-07-27T10:00:00+00:00,28.700,16.300,Open-Meteo Historical Weather API,"Casalecchio di Reno, Bologna, Italy",44.4756,11.2759
2020-07-27T11:00:00+00:00,29.900,16.300,Open-Meteo Historical Weather API,"Casalecchio di Reno, Bologna, Italy",44.4756,11.2759
2020-07-27T12:00:00+00:00,30.200,17.000,Open-Meteo Historical Weather API,"Casalecchio di Reno, Bologna, Italy",44.4756,11.2759
2020-07-27T13:00:00+00:00,30.800,17.100,Open-Meteo Historical Weather API,"Casalecchio di Reno, Bologna, Italy",44.4756,11.2759
2020-07-27T14:00:00+00:00,30.900,17.400,Open-Meteo Historical Weather API,"Casalecchio di Reno, Bologna, Italy",44.4756,11.2759
2020-07-27T15:00:00+00:00,30.900,17.600,Open-Meteo Historical Weather API,"Casalecchio di Reno, Bologna, Italy",44.4756,11.2759
2020-07-27T16:00:00+00:00,30.100,17.500,Open-Meteo Historical Weather API,"Casalecchio di Reno, Bologna, Italy",44.4756,11.2759
2020-07-27T17:00:00+00:00,28.800,17.000,Open-Meteo Historical Weather API,"Casalecchio di Reno, Bologna, Italy",44.4756,11.2759
2020-07-27T18:00:00+00:00,27.100,16.600,Open-Meteo Historical Weather API,"Casalecchio di Reno, Bologna, Italy",44.4756,11.2759
2020-07-27T19:00:00+00:00,25.400,15.400,Open-Meteo Historical Weather API,"Casalecchio di Reno, Bologna, Italy",44.4756,11.2759
2020-07-27T20:00:00+00:00,24.000,15.200,Open-Meteo Historical Weather API,"Casalecchio di Reno, Bologna, Italy",44.4756,11.2759
2020-07-27T21:00:00+00:00,22.400,16.000,Open-Meteo Historical Weather API,"Casalecchio di Reno, Bologna, Italy",44.4756,11.2759
2020-07-27T22:00:00+00:00,22.400,16.200,Open-Meteo Historical Weather API,"Casalecchio di Reno, Bologna, Italy",44.4756,11.2759
2020-07-27T23:00:00+00:00,22.400,15.500,Open-Meteo Historical Weather API,"Casalecchio di Reno, Bologna, Italy",44.4756,11.2759
2020-07-28T00:00:00+00:00,22.500,15.400,Open-Meteo Historical Weather API,"Casalecchio di Reno, Bologna, Italy",44.4756,11.2759
2020-07-28T01:00:00+00:00,22.500,14.500,Open-Meteo Historical Weather API,"Casalecchio di Reno, Bologna, Italy",44.4756,11.2759
2020-07-28T02:00:00+00:00,22.200,14.100,Open-Meteo Historical Weather API,"Casalecchio di Reno, Bologna, Italy",44.4756,11.2759
2020-07-28T03:00:00+00:00,21.700,14.100,Open-Meteo Historical Weather API,"Casalecchio di Reno, Bologna, Italy",44.4756,11.2759
2020-07-28T04:00:00+00:00,21.500,14.000,Open-Meteo Historical Weather API,"Casalecchio di Reno, Bologna, Italy",44.4756,11.2759
2020-07-28T05:00:00+00:00,22.100,14.400,Open-Meteo Historical Weather API,"Casalecchio di Reno, Bologna, Italy",44.4756,11.2759
2020-07-28T06:00:00+00:00,25.100,15.800,Open-Meteo Historical Weather API,"Casalecchio di Reno, Bologna, Italy",44.4756,11.2759
2020-07-28T07:00:00+00:00,28.100,16.500,Open-Meteo Historical Weather API,"Casalecchio di Reno, Bologna, Italy",44.4756,11.2759
2020-07-28T08:00:00+00:00,29.200,17.500,Open-Meteo Historical Weather API,"Casalecchio di Reno, Bologna, Italy",44.4756,11.2759
2020-07-28T09:00:00+00:00,30.200,18.400,Open-Meteo Historical Weather API,"Casalecchio di Reno, Bologna, Italy",44.4756,11.2759
2020-07-28T10:00:00+00:00,31.100,18.500,Open-Meteo Historical Weather API,"Casalecchio di Reno, Bologna, Italy",44.4756,11.2759
2020-07-28T11:00:00+00:00,32.000,18.500,Open-Meteo Historical Weather API,"Casalecchio di Reno, Bologna, Italy",44.4756,11.2759
2020-07-28T12:00:00+00:00,32.200,18.200,Open-Meteo Historical Weather API,"Casalecchio di Reno, Bologna, Italy",44.4756,11.2759
2020-07-28T13:00:00+00:00,33.000,18.100,Open-Meteo Historical Weather API,"Casalecchio di Reno, Bologna, Italy",44.4756,11.2759
2020-07-28T14:00:00+00:00,33.600,17.800,Open-Meteo Historical Weather API,"Casalecchio di Reno, Bologna, Italy",44.4756,11.2759
2020-07-28T15:00:00+00:00,33.600,17.800,Open-Meteo Historical Weather API,"Casalecchio di Reno, Bologna, Italy",44.4756,11.2759
2020-07-28T16:00:00+00:00,32.800,17.500,Open-Meteo Historical Weather API,"Casalecchio di Reno, Bologna, Italy",44.4756,11.2759
2020-07-28T17:00:00+00:00,31.200,17.600,Open-Meteo Historical Weather API,"Casalecchio di Reno, Bologna, Italy",44.4756,11.2759
2020-07-28T18:00:00+00:00,28.600,17.500,Open-Meteo Historical Weather API,"Casalecchio di Reno, Bologna, Italy",44.4756,11.2759
2020-07-28T19:00:00+00:00,26.700,16.600,Open-Meteo Historical Weather API,"Casalecchio di Reno, Bologna, Italy",44.4756,11.2759
2020-07-28T20:00:00+00:00,26.000,16.800,Open-Meteo Historical Weather API,"Casalecchio di Reno, Bologna, Italy",44.4756,11.2759
2020-07-28T21:00:00+00:00,24.300,17.500,Open-Meteo Historical Weather API,"Casalecchio di Reno, Bologna, Italy",44.4756,11.2759
2020-07-28T22:00:00+00:00,25.100,15.200,Open-Meteo Historical Weather API,"Casalecchio di Reno, Bologna, Italy",44.4756,11.2759
2020-07-28T23:00:00+00:00,25.100,14.900,Open-Meteo Historical Weather API,"Casalecchio di Reno, Bologna, Italy",44.4756,11.2759
2020-07-29T00:00:00+00:00,25.000,16.100,Open-Meteo Historical Weather API,"Casalecchio di Reno, Bologna, Italy",44.4756,11.2759
2020-07-29T01:00:00+00:00,24.600,16.300,Open-Meteo Historical Weather API,"Casalecchio di Reno, Bologna, Italy",44.4756,11.2759
2020-07-29T02:00:00+00:00,24.300,16.500,Open-Meteo Historical Weather API,"Casalecchio di Reno, Bologna, Italy",44.4756,11.2759
2020-07-29T03:00:00+00:00,24.000,16.600,Open-Meteo Historical Weather API,"Casalecchio di Reno, Bologna, Italy",44.4756,11.2759
2020-07-29T04:00:00+00:00,23.400,16.700,Open-Meteo Historical Weather API,"Casalecchio di Reno, Bologna, Italy",44.4756,11.2759
2020-07-29T05:00:00+00:00,24.000,16.900,Open-Meteo Historical Weather API,"Casalecchio di Reno, Bologna, Italy",44.4756,11.2759
2020-07-29T06:00:00+00:00,26.400,17.700,Open-Meteo Historical Weather API,"Casalecchio di Reno, Bologna, Italy",44.4756,11.2759
2020-07-29T07:00:00+00:00,28.000,19.000,Open-Meteo Historical Weather API,"Casalecchio di Reno, Bologna, Italy",44.4756,11.2759
2020-07-29T08:00:00+00:00,29.200,19.500,Open-Meteo Historical Weather API,"Casalecchio di Reno, Bologna, Italy",44.4756,11.2759
2020-07-29T09:00:00+00:00,30.500,19.500,Open-Meteo Historical Weather API,"Casalecchio di Reno, Bologna, Italy",44.4756,11.2759
2020-07-29T10:00:00+00:00,31.600,19.400,Open-Meteo Historical Weather API,"Casalecchio di Reno, Bologna, Italy",44.4756,11.2759
2020-07-29T11:00:00+00:00,32.700,19.400,Open-Meteo Historical Weather API,"Casalecchio di Reno, Bologna, Italy",44.4756,11.2759
2020-07-29T12:00:00+00:00,32.200,19.600,Open-Meteo Historical Weather API,"Casalecchio di Reno, Bologna, Italy",44.4756,11.2759
2020-07-29T13:00:00+00:00,32.800,19.800,Open-Meteo Historical Weather API,"Casalecchio di Reno, Bologna, Italy",44.4756,11.2759
2020-07-29T14:00:00+00:00,33.000,19.900,Open-Meteo Historical Weather API,"Casalecchio di Reno, Bologna, Italy",44.4756,11.2759
2020-07-29T15:00:00+00:00,33.500,20.000,Open-Meteo Historical Weather API,"Casalecchio di Reno, Bologna, Italy",44.4756,11.2759
2020-07-29T16:00:00+00:00,33.500,20.000,Open-Meteo Historical Weather API,"Casalecchio di Reno, Bologna, Italy",44.4756,11.2759
2020-07-29T17:00:00+00:00,32.300,19.500,Open-Meteo Historical Weather API,"Casalecchio di Reno, Bologna, Italy",44.4756,11.2759
2020-07-29T18:00:00+00:00,30.000,18.500,Open-Meteo Historical Weather API,"Casalecchio di Reno, Bologna, Italy",44.4756,11.2759
2020-07-29T19:00:00+00:00,28.200,17.600,Open-Meteo Historical Weather API,"Casalecchio di Reno, Bologna, Italy",44.4756,11.2759
2020-07-29T20:00:00+00:00,27.000,17.300,Open-Meteo Historical Weather API,"Casalecchio di Reno, Bologna, Italy",44.4756,11.2759
2020-07-29T21:00:00+00:00,25.900,17.400,Open-Meteo Historical Weather API,"Casalecchio di Reno, Bologna, Italy",44.4756,11.2759
2020-07-29T22:00:00+00:00,24.900,17.100,Open-Meteo Historical Weather API,"Casalecchio di Reno, Bologna, Italy",44.4756,11.2759
2020-07-29T23:00:00+00:00,24.600,16.500,Open-Meteo Historical Weather API,"Casalecchio di Reno, Bologna, Italy",44.4756,11.2759
2020-07-30T00:00:00+00:00,24.400,19.200,Open-Meteo Historical Weather API,"Casalecchio di Reno, Bologna, Italy",44.4756,11.2759
2020-07-30T01:00:00+00:00,23.800,19.500,Open-Meteo Historical Weather API,"Casalecchio di Reno, Bologna, Italy",44.4756,11.2759
2020-07-30T02:00:00+00:00,23.800,18.000,Open-Meteo Historical Weather API,"Casalecchio di Reno, Bologna, Italy",44.4756,11.2759
2020-07-30T03:00:00+00:00,22.500,20.100,Open-Meteo Historical Weather API,"Casalecchio di Reno, Bologna, Italy",44.4756,11.2759
2020-07-30T04:00:00+00:00,22.400,18.800,Open-Meteo Historical Weather API,"Casalecchio di Reno, Bologna, Italy",44.4756,11.2759
2020-07-30T05:00:00+00:00,23.300,18.400,Open-Meteo Historical Weather API,"Casalecchio di Reno, Bologna, Italy",44.4756,11.2759
2020-07-30T06:00:00+00:00,25.100,18.200,Open-Meteo Historical Weather API,"Casalecchio di Reno, Bologna, Italy",44.4756,11.2759
2020-07-30T07:00:00+00:00,26.600,19.300,Open-Meteo Historical Weather API,"Casalecchio di Reno, Bologna, Italy",44.4756,11.2759
2020-07-30T08:00:00+00:00,28.100,20.000,Open-Meteo Historical Weather API,"Casalecchio di Reno, Bologna, Italy",44.4756,11.2759
2020-07-30T09:00:00+00:00,29.600,20.100,Open-Meteo Historical Weather API,"Casalecchio di Reno, Bologna, Italy",44.4756,11.2759
2020-07-30T10:00:00+00:00,31.100,20.300,Open-Meteo Historical Weather API,"Casalecchio di Reno, Bologna, Italy",44.4756,11.2759
2020-07-30T11:00:00+00:00,32.200,20.500,Open-Meteo Historical Weather API,"Casalecchio di Reno, Bologna, Italy",44.4756,11.2759
2020-07-30T12:00:00+00:00,33.400,19.600,Open-Meteo Historical Weather API,"Casalecchio di Reno, Bologna, Italy",44.4756,11.2759
2020-07-30T13:00:00+00:00,34.300,19.600,Open-Meteo Historical Weather API,"Casalecchio di Reno, Bologna, Italy",44.4756,11.2759
2020-07-30T14:00:00+00:00,34.900,19.800,Open-Meteo Historical Weather API,"Casalecchio di Reno, Bologna, Italy",44.4756,11.2759
2020-07-30T15:00:00+00:00,35.200,19.900,Open-Meteo Historical Weather API,"Casalecchio di Reno, Bologna, Italy",44.4756,11.2759
2020-07-30T16:00:00+00:00,34.800,19.800,Open-Meteo Historical Weather API,"Casalecchio di Reno, Bologna, Italy",44.4756,11.2759
2020-07-30T17:00:00+00:00,28.200,22.600,Open-Meteo Historical Weather API,"Casalecchio di Reno, Bologna, Italy",44.4756,11.2759
2020-07-30T18:00:00+00:00,27.700,22.300,Open-Meteo Historical Weather API,"Casalecchio di Reno, Bologna, Italy",44.4756,11.2759
2020-07-30T19:00:00+00:00,26.500,22.000,Open-Meteo Historical Weather API,"Casalecchio di Reno, Bologna, Italy",44.4756,11.2759
2020-07-30T20:00:00+00:00,26.000,22.000,Open-Meteo Historical Weather API,"Casalecchio di Reno, Bologna, Italy",44.4756,11.2759
2020-07-30T21:00:00+00:00,25.400,21.900,Open-Meteo Historical Weather API,"Casalecchio di Reno, Bologna, Italy",44.4756,11.2759
2020-07-30T22:00:00+00:00,24.800,21.700,Open-Meteo Historical Weather API,"Casalecchio di Reno, Bologna, Italy",44.4756,11.2759
2020-07-30T23:00:00+00:00,24.600,21.600,Open-Meteo Historical Weather API,"Casalecchio di Reno, Bologna, Italy",44.4756,11.2759
2020-07-31T00:00:00+00:00,26.100,19.600,Open-Meteo Historical Weather API,"Casalecchio di Reno, Bologna, Italy",44.4756,11.2759
2020-07-31T01:00:00+00:00,25.600,20.400,Open-Meteo Historical Weather API,"Casalecchio di Reno, Bologna, Italy",44.4756,11.2759
2020-07-31T02:00:00+00:00,25.400,20.500,Open-Meteo Historical Weather API,"Casalecchio di Reno, Bologna, Italy",44.4756,11.2759
2020-07-31T03:00:00+00:00,24.600,20.600,Open-Meteo Historical Weather API,"Casalecchio di Reno, Bologna, Italy",44.4756,11.2759
2020-07-31T04:00:00+00:00,23.800,20.600,Open-Meteo Historical Weather API,"Casalecchio di Reno, Bologna, Italy",44.4756,11.2759
2020-07-31T05:00:00+00:00,24.400,20.600,Open-Meteo Historical Weather API,"Casalecchio di Reno, Bologna, Italy",44.4756,11.2759
2020-07-31T06:00:00+00:00,25.900,21.200,Open-Meteo Historical Weather API,"Casalecchio di Reno, Bologna, Italy",44.4756,11.2759
2020-07-31T07:00:00+00:00,27.500,21.400,Open-Meteo Historical Weather API,"Casalecchio di Reno, Bologna, Italy",44.4756,11.2759
2020-07-31T08:00:00+00:00,29.800,21.000,Open-Meteo Historical Weather API,"Casalecchio di Reno, Bologna, Italy",44.4756,11.2759
2020-07-31T09:00:00+00:00,31.500,20.800,Open-Meteo Historical Weather API,"Casalecchio di Reno, Bologna, Italy",44.4756,11.2759
2020-07-31T10:00:00+00:00,33.100,20.800,Open-Meteo Historical Weather API,"Casalecchio di Reno, Bologna, Italy",44.4756,11.2759
2020-07-31T11:00:00+00:00,34.400,20.400,Open-Meteo Historical Weather API,"Casalecchio di Reno, Bologna, Italy",44.4756,11.2759
2020-07-31T12:00:00+00:00,33.300,20.300,Open-Meteo Historical Weather API,"Casalecchio di Reno, Bologna, Italy",44.4756,11.2759
2020-07-31T13:00:00+00:00,32.800,20.100,Open-Meteo Historical Weather API,"Casalecchio di Reno, Bologna, Italy",44.4756,11.2759
2020-07-31T14:00:00+00:00,32.400,20.100,Open-Meteo Historical Weather API,"Casalecchio di Reno, Bologna, Italy",44.4756,11.2759
2020-07-31T15:00:00+00:00,33.200,19.500,Open-Meteo Historical Weather API,"Casalecchio di Reno, Bologna, Italy",44.4756,11.2759
2020-07-31T16:00:00+00:00,33.300,19.400,Open-Meteo Historical Weather API,"Casalecchio di Reno, Bologna, Italy",44.4756,11.2759
2020-07-31T17:00:00+00:00,33.000,19.400,Open-Meteo Historical Weather API,"Casalecchio di Reno, Bologna, Italy",44.4756,11.2759
2020-07-31T18:00:00+00:00,31.300,20.700,Open-Meteo Historical Weather API,"Casalecchio di Reno, Bologna, Italy",44.4756,11.2759
2020-07-31T19:00:00+00:00,29.600,20.000,Open-Meteo Historical Weather API,"Casalecchio di Reno, Bologna, Italy",44.4756,11.2759
2020-07-31T20:00:00+00:00,28.000,20.100,Open-Meteo Historical Weather API,"Casalecchio di Reno, Bologna, Italy",44.4756,11.2759
2020-07-31T21:00:00+00:00,27.500,19.600,Open-Meteo Historical Weather API,"Casalecchio di Reno, Bologna, Italy",44.4756,11.2759
2020-07-31T22:00:00+00:00,27.100,20.100,Open-Meteo Historical Weather API,"Casalecchio di Reno, Bologna, Italy",44.4756,11.2759
2020-07-31T23:00:00+00:00,26.500,20.700,Open-Meteo Historical Weather API,"Casalecchio di Reno, Bologna, Italy",44.4756,11.2759
2020-08-01T00:00:00+00:00,25.900,20.200,Open-Meteo Historical Weather API,"Casalecchio di Reno, Bologna, Italy",44.4756,11.2759
2020-08-01T01:00:00+00:00,25.600,19.600,Open-Meteo Historical Weather API,"Casalecchio di Reno, Bologna, Italy",44.4756,11.2759
2020-08-01T02:00:00+00:00,25.000,19.100,Open-Meteo Historical Weather API,"Casalecchio di Reno, Bologna, Italy",44.4756,11.2759
2020-08-01T03:00:00+00:00,24.400,18.900,Open-Meteo Historical Weather API,"Casalecchio di Reno, Bologna, Italy",44.4756,11.2759
2020-08-01T04:00:00+00:00,24.300,18.900,Open-Meteo Historical Weather API,"Casalecchio di Reno, Bologna, Italy",44.4756,11.2759
2020-08-01T05:00:00+00:00,25.100,19.100,Open-Meteo Historical Weather API,"Casalecchio di Reno, Bologna, Italy",44.4756,11.2759
2020-08-01T06:00:00+00:00,27.900,19.700,Open-Meteo Historical Weather API,"Casalecchio di Reno, Bologna, Italy",44.4756,11.2759
2020-08-01T07:00:00+00:00,30.500,18.400,Open-Meteo Historical Weather API,"Casalecchio di Reno, Bologna, Italy",44.4756,11.2759
2020-08-01T08:00:00+00:00,31.900,18.600,Open-Meteo Historical Weather API,"Casalecchio di Reno, Bologna, Italy",44.4756,11.2759
2020-08-01T09:00:00+00:00,33.300,18.800,Open-Meteo Historical Weather API,"Casalecchio di Reno, Bologna, Italy",44.4756,11.2759
2020-08-01T10:00:00+00:00,34.500,18.900,Open-Meteo Historical Weather API,"Casalecchio di Reno, Bologna, Italy",44.4756,11.2759
2020-08-01T11:00:00+00:00,35.700,18.900,Open-Meteo Historical Weather API,"Casalecchio di Reno, Bologna, Italy",44.4756,11.2759
2020-08-01T12:00:00+00:00,35.200,19.700,Open-Meteo Historical Weather API,"Casalecchio di Reno, Bologna, Italy",44.4756,11.2759
2020-08-01T13:00:00+00:00,36.000,19.300,Open-Meteo Historical Weather API,"Casalecchio di Reno, Bologna, Italy",44.4756,11.2759
2020-08-01T14:00:00+00:00,36.300,18.900,Open-Meteo Historical Weather API,"Casalecchio di Reno, Bologna, Italy",44.4756,11.2759
2020-08-01T15:00:00+00:00,36.200,18.800,Open-Meteo Historical Weather API,"Casalecchio di Reno, Bologna, Italy",44.4756,11.2759
2020-08-01T16:00:00+00:00,35.500,17.500,Open-Meteo Historical Weather API,"Casalecchio di Reno, Bologna, Italy",44.4756,11.2759
2020-08-01T17:00:00+00:00,34.000,17.600,Open-Meteo Historical Weather API,"Casalecchio di Reno, Bologna, Italy",44.4756,11.2759
2020-08-01T18:00:00+00:00,32.500,22.900,Open-Meteo Historical Weather API,"Casalecchio di Reno, Bologna, Italy",44.4756,11.2759
2020-08-01T19:00:00+00:00,31.700,18.800,Open-Meteo Historical Weather API,"Casalecchio di Reno, Bologna, Italy",44.4756,11.2759
2020-08-01T20:00:00+00:00,30.600,18.500,Open-Meteo Historical Weather API,"Casalecchio di Reno, Bologna, Italy",44.4756,11.2759
2020-08-01T21:00:00+00:00,27.400,19.500,Open-Meteo Historical Weather API,"Casalecchio di Reno, Bologna, Italy",44.4756,11.2759
2020-08-01T22:00:00+00:00,26.400,19.600,Open-Meteo Historical Weather API,"Casalecchio di Reno, Bologna, Italy",44.4756,11.2759
2020-08-01T23:00:00+00:00,25.300,20.000,Open-Meteo Historical Weather API,"Casalecchio di Reno, Bologna, Italy",44.4756,11.2759
2020-08-02T00:00:00+00:00,26.200,18.900,Open-Meteo Historical Weather API,"Casalecchio di Reno, Bologna, Italy",44.4756,11.2759
2020-08-02T01:00:00+00:00,25.000,19.300,Open-Meteo Historical Weather API,"Casalecchio di Reno, Bologna, Italy",44.4756,11.2759
2020-08-02T02:00:00+00:00,22.000,20.300,Open-Meteo Historical Weather API,"Casalecchio di Reno, Bologna, Italy",44.4756,11.2759
2020-08-02T03:00:00+00:00,21.400,19.900,Open-Meteo Historical Weather API,"Casalecchio di Reno, Bologna, Italy",44.4756,11.2759
2020-08-02T04:00:00+00:00,21.900,19.500,Open-Meteo Historical Weather API,"Casalecchio di Reno, Bologna, Italy",44.4756,11.2759
2020-08-02T05:00:00+00:00,22.600,19.700,Open-Meteo Historical Weather API,"Casalecchio di Reno, Bologna, Italy",44.4756,11.2759
2020-08-02T06:00:00+00:00,23.900,20.600,Open-Meteo Historical Weather API,"Casalecchio di Reno, Bologna, Italy",44.4756,11.2759
2020-08-02T07:00:00+00:00,25.000,20.400,Open-Meteo Historical Weather API,"Casalecchio di Reno, Bologna, Italy",44.4756,11.2759
2020-08-02T08:00:00+00:00,26.500,20.800,Open-Meteo Historical Weather API,"Casalecchio di Reno, Bologna, Italy",44.4756,11.2759
2020-08-02T09:00:00+00:00,28.500,20.800,Open-Meteo Historical Weather API,"Casalecchio di Reno, Bologna, Italy",44.4756,11.2759
2020-08-02T10:00:00+00:00,28.400,20.900,Open-Meteo Historical Weather API,"Casalecchio di Reno, Bologna, Italy",44.4756,11.2759
2020-08-02T11:00:00+00:00,28.800,20.400,Open-Meteo Historical Weather API,"Casalecchio di Reno, Bologna, Italy",44.4756,11.2759
2020-08-02T12:00:00+00:00,30.600,19.000,Open-Meteo Historical Weather API,"Casalecchio di Reno, Bologna, Italy",44.4756,11.2759
2020-08-02T13:00:00+00:00,31.500,19.000,Open-Meteo Historical Weather API,"Casalecchio di Reno, Bologna, Italy",44.4756,11.2759
2020-08-02T14:00:00+00:00,32.000,18.900,Open-Meteo Historical Weather API,"Casalecchio di Reno, Bologna, Italy",44.4756,11.2759
2020-08-02T15:00:00+00:00,30.700,18.900,Open-Meteo Historical Weather API,"Casalecchio di Reno, Bologna, Italy",44.4756,11.2759
2020-08-02T16:00:00+00:00,31.100,18.600,Open-Meteo Historical Weather API,"Casalecchio di Reno, Bologna, Italy",44.4756,11.2759
2020-08-02T17:00:00+00:00,30.800,18.500,Open-Meteo Historical Weather API,"Casalecchio di Reno, Bologna, Italy",44.4756,11.2759
2020-08-02T18:00:00+00:00,29.100,19.200,Open-Meteo Historical Weather API,"Casalecchio di Reno, Bologna, Italy",44.4756,11.2759
2020-08-02T19:00:00+00:00,27.400,19.600,Open-Meteo Historical Weather API,"Casalecchio di Reno, Bologna, Italy",44.4756,11.2759
2020-08-02T20:00:00+00:00,26.500,19.900,Open-Meteo Historical Weather API,"Casalecchio di Reno, Bologna, Italy",44.4756,11.2759
2020-08-02T21:00:00+00:00,25.700,20.400,Open-Meteo Historical Weather API,"Casalecchio di Reno, Bologna, Italy",44.4756,11.2759
2020-08-02T22:00:00+00:00,25.100,21.000,Open-Meteo Historical Weather API,"Casalecchio di Reno, Bologna, Italy",44.4756,11.2759
2020-08-02T23:00:00+00:00,24.500,21.500,Open-Meteo Historical Weather API,"Casalecchio di Reno, Bologna, Italy",44.4756,11.2759
2020-08-03T00:00:00+00:00,24.800,21.000,Open-Meteo Historical Weather API,"Casalecchio di Reno, Bologna, Italy",44.4756,11.2759
2020-08-03T01:00:00+00:00,22.500,21.500,Open-Meteo Historical Weather API,"Casalecchio di Reno, Bologna, Italy",44.4756,11.2759
2020-08-03T02:00:00+00:00,21.600,20.500,Open-Meteo Historical Weather API,"Casalecchio di Reno, Bologna, Italy",44.4756,11.2759
2020-08-03T03:00:00+00:00,22.000,20.200,Open-Meteo Historical Weather API,"Casalecchio di Reno, Bologna, Italy",44.4756,11.2759
2020-08-03T04:00:00+00:00,22.300,20.000,Open-Meteo Historical Weather API,"Casalecchio di Reno, Bologna, Italy",44.4756,11.2759
2020-08-03T05:00:00+00:00,22.400,20.000,Open-Meteo Historical Weather API,"Casalecchio di Reno, Bologna, Italy",44.4756,11.2759
2020-08-03T06:00:00+00:00,22.500,20.000,Open-Meteo Historical Weather API,"Casalecchio di Reno, Bologna, Italy",44.4756,11.2759
2020-08-03T07:00:00+00:00,23.600,19.600,Open-Meteo Historical Weather API,"Casalecchio di Reno, Bologna, Italy",44.4756,11.2759
2020-08-03T08:00:00+00:00,24.600,19.600,Open-Meteo Historical Weather API,"Casalecchio di Reno, Bologna, Italy",44.4756,11.2759
2020-08-03T09:00:00+00:00,25.500,19.500,Open-Meteo Historical Weather API,"Casalecchio di Reno, Bologna, Italy",44.4756,11.2759
2020-08-03T10:00:00+00:00,25.100,19.600,Open-Meteo Historical Weather API,"Casalecchio di Reno, Bologna, Italy",44.4756,11.2759
2020-08-03T11:00:00+00:00,24.200,19.600,Open-Meteo Historical Weather API,"Casalecchio di Reno, Bologna, Italy",44.4756,11.2759
2020-08-03T12:00:00+00:00,23.600,19.900,Open-Meteo Historical Weather API,"Casalecchio di Reno, Bologna, Italy",44.4756,11.2759
2020-08-03T13:00:00+00:00,22.100,20.700,Open-Meteo Historical Weather API,"Casalecchio di Reno, Bologna, Italy",44.4756,11.2759
2020-08-03T14:00:00+00:00,22.200,21.000,Open-Meteo Historical Weather API,"Casalecchio di Reno, Bologna, Italy",44.4756,11.2759
2020-08-03T15:00:00+00:00,23.200,21.100,Open-Meteo Historical Weather API,"Casalecchio di Reno, Bologna, Italy",44.4756,11.2759
2020-08-03T16:00:00+00:00,25.600,20.000,Open-Meteo Historical Weather API,"Casalecchio di Reno, Bologna, Italy",44.4756,11.2759
2020-08-03T17:00:00+00:00,25.000,18.500,Open-Meteo Historical Weather API,"Casalecchio di Reno, Bologna, Italy",44.4756,11.2759
2020-08-03T18:00:00+00:00,24.200,17.300,Open-Meteo Historical Weather API,"Casalecchio di Reno, Bologna, Italy",44.4756,11.2759
2020-08-03T19:00:00+00:00,22.600,16.500,Open-Meteo Historical Weather API,"Casalecchio di Reno, Bologna, Italy",44.4756,11.2759
2020-08-03T20:00:00+00:00,20.400,14.900,Open-Meteo Historical Weather API,"Casalecchio di Reno, Bologna, Italy",44.4756,11.2759
2020-08-03T21:00:00+00:00,19.800,14.900,Open-Meteo Historical Weather API,"Casalecchio di Reno, Bologna, Italy",44.4756,11.2759
2020-08-03T22:00:00+00:00,19.400,16.900,Open-Meteo Historical Weather API,"Casalecchio di Reno, Bologna, Italy",44.4756,11.2759
2020-08-03T23:00:00+00:00,19.400,16.500,Open-Meteo Historical Weather API,"Casalecchio di Reno, Bologna, Italy",44.4756,11.2759
2020-08-04T00:00:00+00:00,19.400,15.800,Open-Meteo Historical Weather API,"Casalecchio di Reno, Bologna, Italy",44.4756,11.2759
2020-08-04T01:00:00+00:00,19.600,15.600,Open-Meteo Historical Weather API,"Casalecchio di Reno, Bologna, Italy",44.4756,11.2759
2020-08-04T02:00:00+00:00,19.200,15.100,Open-Meteo Historical Weather API,"Casalecchio di Reno, Bologna, Italy",44.4756,11.2759
2020-08-04T03:00:00+00:00,19.000,14.800,Open-Meteo Historical Weather API,"Casalecchio di Reno, Bologna, Italy",44.4756,11.2759
2020-08-04T04:00:00+00:00,18.100,12.900,Open-Meteo Historical Weather API,"Casalecchio di Reno, Bologna, Italy",44.4756,11.2759
2020-08-04T05:00:00+00:00,18.000,11.200,Open-Meteo Historical Weather API,"Casalecchio di Reno, Bologna, Italy",44.4756,11.2759
2020-08-04T06:00:00+00:00,19.100,11.000,Open-Meteo Historical Weather API,"Casalecchio di Reno, Bologna, Italy",44.4756,11.2759
2020-08-04T07:00:00+00:00,20.100,11.000,Open-Meteo Historical Weather API,"Casalecchio di Reno, Bologna, Italy",44.4756,11.2759
2020-08-04T08:00:00+00:00,20.900,11.200,Open-Meteo Historical Weather API,"Casalecchio di Reno, Bologna, Italy",44.4756,11.2759
2020-08-04T09:00:00+00:00,21.800,12.700,Open-Meteo Historical Weather API,"Casalecchio di Reno, Bologna, Italy",44.4756,11.2759
2020-08-04T10:00:00+00:00,22.500,13.900,Open-Meteo Historical Weather API,"Casalecchio di Reno, Bologna, Italy",44.4756,11.2759
2020-08-04T11:00:00+00:00,21.200,14.800,Open-Meteo Historical Weather API,"Casalecchio di Reno, Bologna, Italy",44.4756,11.2759
2020-08-04T12:00:00+00:00,23.100,12.800,Open-Meteo Historical Weather API,"Casalecchio di Reno, Bologna, Italy",44.4756,11.2759
2020-08-04T13:00:00+00:00,23.200,13.700,Open-Meteo Historical Weather API,"Casalecchio di Reno, Bologna, Italy",44.4756,11.2759
2020-08-04T14:00:00+00:00,22.400,15.100,Open-Meteo Historical Weather API,"Casalecchio di Reno, Bologna, Italy",44.4756,11.2759
2020-08-04T15:00:00+00:00,21.800,15.100,Open-Meteo Historical Weather API,"Casalecchio di Reno, Bologna, Italy",44.4756,11.2759
2020-08-04T16:00:00+00:00,20.700,16.000,Open-Meteo Historical Weather API,"Casalecchio di Reno, Bologna, Italy",44.4756,11.2759
2020-08-04T17:00:00+00:00,20.100,16.400,Open-Meteo Historical Weather API,"Casalecchio di Reno, Bologna, Italy",44.4756,11.2759
2020-08-04T18:00:00+00:00,19.600,16.700,Open-Meteo Historical Weather API,"Casalecchio di Reno, Bologna, Italy",44.4756,11.2759
2020-08-04T19:00:00+00:00,18.600,16.800,Open-Meteo Historical Weather API,"Casalecchio di Reno, Bologna, Italy",44.4756,11.2759
2020-08-04T20:00:00+00:00,18.300,16.500,Open-Meteo Historical Weather API,"Casalecchio di Reno, Bologna, Italy",44.4756,11.2759
2020-08-04T21:00:00+00:00,18.500,17.100,Open-Meteo Historical Weather API,"Casalecchio di Reno, Bologna, Italy",44.4756,11.2759
2020-08-04T22:00:00+00:00,18.200,16.900,Open-Meteo Historical Weather API,"Casalecchio di Reno, Bologna, Italy",44.4756,11.2759
2020-08-04T23:00:00+00:00,18.100,16.700,Open-Meteo Historical Weather API,"Casalecchio di Reno, Bologna, Italy",44.4756,11.2759
2020-08-05T00:00:00+00:00,17.200,16.600,Open-Meteo Historical Weather API,"Casalecchio di Reno, Bologna, Italy",44.4756,11.2759
2020-08-05T01:00:00+00:00,17.800,16.600,Open-Meteo Historical Weather API,"Casalecchio di Reno, Bologna, Italy",44.4756,11.2759
2020-08-05T02:00:00+00:00,16.900,16.100,Open-Meteo Historical Weather API,"Casalecchio di Reno, Bologna, Italy",44.4756,11.2759
2020-08-05T03:00:00+00:00,17.400,16.600,Open-Meteo Historical Weather API,"Casalecchio di Reno, Bologna, Italy",44.4756,11.2759
2020-08-05T04:00:00+00:00,17.500,16.500,Open-Meteo Historical Weather API,"Casalecchio di Reno, Bologna, Italy",44.4756,11.2759
2020-08-05T05:00:00+00:00,18.100,16.300,Open-Meteo Historical Weather API,"Casalecchio di Reno, Bologna, Italy",44.4756,11.2759
2020-08-05T06:00:00+00:00,18.700,16.500,Open-Meteo Historical Weather API,"Casalecchio di Reno, Bologna, Italy",44.4756,11.2759
2020-08-05T07:00:00+00:00,19.600,16.500,Open-Meteo Historical Weather API,"Casalecchio di Reno, Bologna, Italy",44.4756,11.2759
2020-08-05T08:00:00+00:00,21.100,16.400,Open-Meteo Historical Weather API,"Casalecchio di Reno, Bologna, Italy",44.4756,11.2759
2020-08-05T09:00:00+00:00,22.800,15.200,Open-Meteo Historical Weather API,"Casalecchio di Reno, Bologna, Italy",44.4756,11.2759
2020-08-05T10:00:00+00:00,23.200,13.700,Open-Meteo Historical Weather API,"Casalecchio di Reno, Bologna, Italy",44.4756,11.2759
2020-08-05T11:00:00+00:00,23.600,13.400,Open-Meteo Historical Weather API,"Casalecchio di Reno, Bologna, Italy",44.4756,11.2759
2020-08-05T12:00:00+00:00,21.500,17.500,Open-Meteo Historical Weather API,"Casalecchio di Reno, Bologna, Italy",44.4756,11.2759
2020-08-05T13:00:00+00:00,21.100,18.300,Open-Meteo Historical Weather API,"Casalecchio di Reno, Bologna, Italy",44.4756,11.2759
2020-08-05T14:00:00+00:00,21.800,18.000,Open-Meteo Historical Weather API,"Casalecchio di Reno, Bologna, Italy",44.4756,11.2759
2020-08-05T15:00:00+00:00,23.200,15.900,Open-Meteo Historical Weather API,"Casalecchio di Reno, Bologna, Italy",44.4756,11.2759
2020-08-05T16:00:00+00:00,24.200,14.400,Open-Meteo Historical Weather API,"Casalecchio di Reno, Bologna, Italy",44.4756,11.2759
2020-08-05T17:00:00+00:00,23.800,13.800,Open-Meteo Historical Weather API,"Casalecchio di Reno, Bologna, Italy",44.4756,11.2759
2020-08-05T18:00:00+00:00,22.400,14.100,Open-Meteo Historical Weather API,"Casalecchio di Reno, Bologna, Italy",44.4756,11.2759
2020-08-05T19:00:00+00:00,21.000,13.900,Open-Meteo Historical Weather API,"Casalecchio di Reno, Bologna, Italy",44.4756,11.2759
2020-08-05T20:00:00+00:00,20.000,14.600,Open-Meteo Historical Weather API,"Casalecchio di Reno, Bologna, Italy",44.4756,11.2759
2020-08-05T21:00:00+00:00,18.500,15.200,Open-Meteo Historical Weather API,"Casalecchio di Reno, Bologna, Italy",44.4756,11.2759
2020-08-05T22:00:00+00:00,18.300,14.900,Open-Meteo Historical Weather API,"Casalecchio di Reno, Bologna, Italy",44.4756,11.2759
2020-08-05T23:00:00+00:00,17.600,15.000,Open-Meteo Historical Weather API,"Casalecchio di Reno, Bologna, Italy",44.4756,11.2759
2020-08-06T00:00:00+00:00,18.100,15.000,Open-Meteo Historical Weather API,"Casalecchio di Reno, Bologna, Italy",44.4756,11.2759
2020-08-06T01:00:00+00:00,18.200,15.100,Open-Meteo Historical Weather API,"Casalecchio di Reno, Bologna, Italy",44.4756,11.2759
2020-08-06T02:00:00+00:00,18.500,14.900,Open-Meteo Historical Weather API,"Casalecchio di Reno, Bologna, Italy",44.4756,11.2759
2020-08-06T03:00:00+00:00,18.200,14.900,Open-Meteo Historical Weather API,"Casalecchio di Reno, Bologna, Italy",44.4756,11.2759
2020-08-06T04:00:00+00:00,18.000,14.800,Open-Meteo Historical Weather API,"Casalecchio di Reno, Bologna, Italy",44.4756,11.2759
2020-08-06T05:00:00+00:00,18.700,15.100,Open-Meteo Historical Weather API,"Casalecchio di Reno, Bologna, Italy",44.4756,11.2759
2020-08-06T06:00:00+00:00,20.500,15.600,Open-Meteo Historical Weather API,"Casalecchio di Reno, Bologna, Italy",44.4756,11.2759
2020-08-06T07:00:00+00:00,22.100,15.900,Open-Meteo Historical Weather API,"Casalecchio di Reno, Bologna, Italy",44.4756,11.2759
2020-08-06T08:00:00+00:00,23.500,16.200,Open-Meteo Historical Weather API,"Casalecchio di Reno, Bologna, Italy",44.4756,11.2759
2020-08-06T09:00:00+00:00,25.000,16.400,Open-Meteo Historical Weather API,"Casalecchio di Reno, Bologna, Italy",44.4756,11.2759
2020-08-06T10:00:00+00:00,26.800,16.000,Open-Meteo Historical Weather API,"Casalecchio di Reno, Bologna, Italy",44.4756,11.2759
2020-08-06T11:00:00+00:00,27.500,15.600,Open-Meteo Historical Weather API,"Casalecchio di Reno, Bologna, Italy",44.4756,11.2759
2020-08-06T12:00:00+00:00,26.800,16.500,Open-Meteo Historical Weather API,"Casalecchio di Reno, Bologna, Italy",44.4756,11.2759
2020-08-06T13:00:00+00:00,27.600,16.000,Open-Meteo Historical Weather API,"Casalecchio di Reno, Bologna, Italy",44.4756,11.2759
2020-08-06T14:00:00+00:00,27.900,15.800,Open-Meteo Historical Weather API,"Casalecchio di Reno, Bologna, Italy",44.4756,11.2759
2020-08-06T15:00:00+00:00,27.500,16.400,Open-Meteo Historical Weather API,"Casalecchio di Reno, Bologna, Italy",44.4756,11.2759
2020-08-06T16:00:00+00:00,27.400,16.400,Open-Meteo Historical Weather API,"Casalecchio di Reno, Bologna, Italy",44.4756,11.2759
2020-08-06T17:00:00+00:00,26.600,16.400,Open-Meteo Historical Weather API,"Casalecchio di Reno, Bologna, Italy",44.4756,11.2759
2020-08-06T18:00:00+00:00,24.500,17.000,Open-Meteo Historical Weather API,"Casalecchio di Reno, Bologna, Italy",44.4756,11.2759
2020-08-06T19:00:00+00:00,22.900,15.900,Open-Meteo Historical Weather API,"Casalecchio di Reno, Bologna, Italy",44.4756,11.2759
2020-08-06T20:00:00+00:00,21.200,16.100,Open-Meteo Historical Weather API,"Casalecchio di Reno, Bologna, Italy",44.4756,11.2759
2020-08-06T21:00:00+00:00,20.800,16.000,Open-Meteo Historical Weather API,"Casalecchio di Reno, Bologna, Italy",44.4756,11.2759
2020-08-06T22:00:00+00:00,20.300,15.900,Open-Meteo Historical Weather API,"Casalecchio di Reno, Bologna, Italy",44.4756,11.2759
2020-08-06T23:00:00+00:00,20.000,15.800,Open-Meteo Historical Weather API,"Casalecchio di Reno, Bologna, Italy",44.4756,11.2759
2020-08-07T00:00:00+00:00,20.200,16.400,Open-Meteo Historical Weather API,"Casalecchio di Reno, Bologna, Italy",44.4756,11.2759
2020-08-07T01:00:00+00:00,20.800,16.400,Open-Meteo Historical Weather API,"Casalecchio di Reno, Bologna, Italy",44.4756,11.2759
2020-08-07T02:00:00+00:00,20.500,16.200,Open-Meteo Historical Weather API,"Casalecchio di Reno, Bologna, Italy",44.4756,11.2759
2020-08-07T03:00:00+00:00,20.200,16.500,Open-Meteo Historical Weather API,"Casalecchio di Reno, Bologna, Italy",44.4756,11.2759
2020-08-07T04:00:00+00:00,19.900,16.800,Open-Meteo Historical Weather API,"Casalecchio di Reno, Bologna, Italy",44.4756,11.2759
2020-08-07T05:00:00+00:00,20.100,17.100,Open-Meteo Historical Weather API,"Casalecchio di Reno, Bologna, Italy",44.4756,11.2759
2020-08-07T06:00:00+00:00,22.100,17.600,Open-Meteo Historical Weather API,"Casalecchio di Reno, Bologna, Italy",44.4756,11.2759
2020-08-07T07:00:00+00:00,23.800,18.000,Open-Meteo Historical Weather API,"Casalecchio di Reno, Bologna, Italy",44.4756,11.2759
2020-08-07T08:00:00+00:00,25.500,18.000,Open-Meteo Historical Weather API,"Casalecchio di Reno, Bologna, Italy",44.4756,11.2759
2020-08-07T09:00:00+00:00,27.100,17.600,Open-Meteo Historical Weather API,"Casalecchio di Reno, Bologna, Italy",44.4756,11.2759
2020-08-07T10:00:00+00:00,28.100,17.700,Open-Meteo Historical Weather API,"Casalecchio di Reno, Bologna, Italy",44.4756,11.2759
2020-08-07T11:00:00+00:00,29.100,17.400,Open-Meteo Historical Weather API,"Casalecchio di Reno, Bologna, Italy",44.4756,11.2759
2020-08-07T12:00:00+00:00,29.000,17.200,Open-Meteo Historical Weather API,"Casalecchio di Reno, Bologna, Italy",44.4756,11.2759
2020-08-07T13:00:00+00:00,29.600,16.800,Open-Meteo Historical Weather API,"Casalecchio di Reno, Bologna, Italy",44.4756,11.2759
2020-08-07T14:00:00+00:00,29.800,16.700,Open-Meteo Historical Weather API,"Casalecchio di Reno, Bologna, Italy",44.4756,11.2759
2020-08-07T15:00:00+00:00,29.500,16.200,Open-Meteo Historical Weather API,"Casalecchio di Reno, Bologna, Italy",44.4756,11.2759
2020-08-07T16:00:00+00:00,29.500,15.700,Open-Meteo Historical Weather API,"Casalecchio di Reno, Bologna, Italy",44.4756,11.2759
2020-08-07T17:00:00+00:00,29.000,16.500,Open-Meteo Historical Weather API,"Casalecchio di Reno, Bologna, Italy",44.4756,11.2759
2020-08-07T18:00:00+00:00,26.200,18.300,Open-Meteo Historical Weather API,"Casalecchio di Reno, Bologna, Italy",44.4756,11.2759
2020-08-07T19:00:00+00:00,23.900,17.500,Open-Meteo Historical Weather API,"Casalecchio di Reno, Bologna, Italy",44.4756,11.2759
2020-08-07T20:00:00+00:00,23.000,17.400,Open-Meteo Historical Weather API,"Casalecchio di Reno, Bologna, Italy",44.4756,11.2759
2020-08-07T21:00:00+00:00,22.800,17.200,Open-Meteo Historical Weather API,"Casalecchio di Reno, Bologna, Italy",44.4756,11.2759
2020-08-07T22:00:00+00:00,22.000,17.000,Open-Meteo Historical Weather API,"Casalecchio di Reno, Bologna, Italy",44.4756,11.2759
2020-08-07T23:00:00+00:00,21.900,16.800,Open-Meteo Historical Weather API,"Casalecchio di Reno, Bologna, Italy",44.4756,11.2759
2020-08-08T00:00:00+00:00,22.500,16.500,Open-Meteo Historical Weather API,"Casalecchio di Reno, Bologna, Italy",44.4756,11.2759
2020-08-08T01:00:00+00:00,22.300,16.400,Open-Meteo Historical Weather API,"Casalecchio di Reno, Bologna, Italy",44.4756,11.2759
2020-08-08T02:00:00+00:00,22.100,16.200,Open-Meteo Historical Weather API,"Casalecchio di Reno, Bologna, Italy",44.4756,11.2759
2020-08-08T03:00:00+00:00,21.400,16.200,Open-Meteo Historical Weather API,"Casalecchio di Reno, Bologna, Italy",44.4756,11.2759
2020-08-08T04:00:00+00:00,21.300,16.100,Open-Meteo Historical Weather API,"Casalecchio di Reno, Bologna, Italy",44.4756,11.2759
2020-08-08T05:00:00+00:00,21.900,16.400,Open-Meteo Historical Weather API,"Casalecchio di Reno, Bologna, Italy",44.4756,11.2759
2020-08-08T06:00:00+00:00,24.100,17.000,Open-Meteo Historical Weather API,"Casalecchio di Reno, Bologna, Italy",44.4756,11.2759
2020-08-08T07:00:00+00:00,26.200,17.000,Open-Meteo Historical Weather API,"Casalecchio di Reno, Bologna, Italy",44.4756,11.2759
2020-08-08T08:00:00+00:00,28.100,16.600,Open-Meteo Historical Weather API,"Casalecchio di Reno, Bologna, Italy",44.4756,11.2759
2020-08-08T09:00:00+00:00,29.500,16.500,Open-Meteo Historical Weather API,"Casalecchio di Reno, Bologna, Italy",44.4756,11.2759
2020-08-08T10:00:00+00:00,30.800,16.000,Open-Meteo Historical Weather API,"Casalecchio di Reno, Bologna, Italy",44.4756,11.2759
2020-08-08T11:00:00+00:00,31.900,14.600,Open-Meteo Historical Weather API,"Casalecchio di Reno, Bologna, Italy",44.4756,11.2759
2020-08-08T12:00:00+00:00,31.900,14.500,Open-Meteo Historical Weather API,"Casalecchio di Reno, Bologna, Italy",44.4756,11.2759
2020-08-08T13:00:00+00:00,32.300,13.900,Open-Meteo Historical Weather API,"Casalecchio di Reno, Bologna, Italy",44.4756,11.2759
2020-08-08T14:00:00+00:00,32.800,13.600,Open-Meteo Historical Weather API,"Casalecchio di Reno, Bologna, Italy",44.4756,11.2759
2020-08-08T15:00:00+00:00,32.700,13.100,Open-Meteo Historical Weather API,"Casalecchio di Reno, Bologna, Italy",44.4756,11.2759
2020-08-08T16:00:00+00:00,32.200,13.200,Open-Meteo Historical Weather API,"Casalecchio di Reno, Bologna, Italy",44.4756,11.2759
2020-08-08T17:00:00+00:00,31.000,14.300,Open-Meteo Historical Weather API,"Casalecchio di Reno, Bologna, Italy",44.4756,11.2759
2020-08-08T18:00:00+00:00,27.500,17.600,Open-Meteo Historical Weather API,"Casalecchio di Reno, Bologna, Italy",44.4756,11.2759
2020-08-08T19:00:00+00:00,25.500,16.100,Open-Meteo Historical Weather API,"Casalecchio di Reno, Bologna, Italy",44.4756,11.2759
2020-08-08T20:00:00+00:00,24.900,15.100,Open-Meteo Historical Weather API,"Casalecchio di Reno, Bologna, Italy",44.4756,11.2759
2020-08-08T21:00:00+00:00,23.100,15.400,Open-Meteo Historical Weather API,"Casalecchio di Reno, Bologna, Italy",44.4756,11.2759
2020-08-08T22:00:00+00:00,22.400,15.300,Open-Meteo Historical Weather API,"Casalecchio di Reno, Bologna, Italy",44.4756,11.2759
2020-08-08T23:00:00+00:00,22.700,14.900,Open-Meteo Historical Weather API,"Casalecchio di Reno, Bologna, Italy",44.4756,11.2759
2020-08-09T00:00:00+00:00,22.000,14.800,Open-Meteo Historical Weather API,"Casalecchio di Reno, Bologna, Italy",44.4756,11.2759
2020-08-09T01:00:00+00:00,22.100,14.600,Open-Meteo Historical Weather API,"Casalecchio di Reno, Bologna, Italy",44.4756,11.2759
2020-08-09T02:00:00+00:00,21.700,14.600,Open-Meteo Historical Weather API,"Casalecchio di Reno, Bologna, Italy",44.4756,11.2759
2020-08-09T03:00:00+00:00,21.100,14.600,Open-Meteo Historical Weather API,"Casalecchio di Reno, Bologna, Italy",44.4756,11.2759
2020-08-09T04:00:00+00:00,20.600,14.400,Open-Meteo Historical Weather API,"Casalecchio di Reno, Bologna, Italy",44.4756,11.2759
2020-08-09T05:00:00+00:00,21.500,14.600,Open-Meteo Historical Weather API,"Casalecchio di Reno, Bologna, Italy",44.4756,11.2759
2020-08-09T06:00:00+00:00,24.600,15.400,Open-Meteo Historical Weather API,"Casalecchio di Reno, Bologna, Italy",44.4756,11.2759
2020-08-09T07:00:00+00:00,27.000,15.100,Open-Meteo Historical Weather API,"Casalecchio di Reno, Bologna, Italy",44.4756,11.2759
2020-08-09T08:00:00+00:00,29.000,15.300,Open-Meteo Historical Weather API,"Casalecchio di Reno, Bologna, Italy",44.4756,11.2759
2020-08-09T09:00:00+00:00,30.500,15.700,Open-Meteo Historical Weather API,"Casalecchio di Reno, Bologna, Italy",44.4756,11.2759
2020-08-09T10:00:00+00:00,31.600,16.000,Open-Meteo Historical Weather API,"Casalecchio di Reno, Bologna, Italy",44.4756,11.2759
2020-08-09T11:00:00+00:00,32.500,15.600,Open-Meteo Historical Weather API,"Casalecchio di Reno, Bologna, Italy",44.4756,11.2759
2020-08-09T12:00:00+00:00,32.200,15.400,Open-Meteo Historical Weather API,"Casalecchio di Reno, Bologna, Italy",44.4756,11.2759
2020-08-09T13:00:00+00:00,32.800,15.100,Open-Meteo Historical Weather API,"Casalecchio di Reno, Bologna, Italy",44.4756,11.2759
2020-08-09T14:00:00+00:00,33.200,14.600,Open-Meteo Historical Weather API,"Casalecchio di Reno, Bologna, Italy",44.4756,11.2759
2020-08-09T15:00:00+00:00,33.100,14.100,Open-Meteo Historical Weather API,"Casalecchio di Reno, Bologna, Italy",44.4756,11.2759
2020-08-09T16:00:00+00:00,32.800,13.800,Open-Meteo Historical Weather API,"Casalecchio di Reno, Bologna, Italy",44.4756,11.2759
2020-08-09T17:00:00+00:00,31.700,16.200,Open-Meteo Historical Weather API,"Casalecchio di Reno, Bologna, Italy",44.4756,11.2759
2020-08-09T18:00:00+00:00,29.100,17.500,Open-Meteo Historical Weather API,"Casalecchio di Reno, Bologna, Italy",44.4756,11.2759
2020-08-09T19:00:00+00:00,27.800,15.100,Open-Meteo Historical Weather API,"Casalecchio di Reno, Bologna, Italy",44.4756,11.2759
2020-08-09T20:00:00+00:00,25.600,16.500,Open-Meteo Historical Weather API,"Casalecchio di Reno, Bologna, Italy",44.4756,11.2759
2020-08-09T21:00:00+00:00,24.100,17.000,Open-Meteo Historical Weather API,"Casalecchio di Reno, Bologna, Italy",44.4756,11.2759
2020-08-09T22:00:00+00:00,23.400,16.900,Open-Meteo Historical Weather API,"Casalecchio di Reno, Bologna, Italy",44.4756,11.2759
2020-08-09T23:00:00+00:00,23.000,15.900,Open-Meteo Historical Weather API,"Casalecchio di Reno, Bologna, Italy",44.4756,11.2759
2020-08-10T00:00:00+00:00,22.500,14.600,Open-Meteo Historical Weather API,"Casalecchio di Reno, Bologna, Italy",44.4756,11.2759
2020-08-10T01:00:00+00:00,21.300,13.600,Open-Meteo Historical Weather API,"Casalecchio di Reno, Bologna, Italy",44.4756,11.2759
2020-08-10T02:00:00+00:00,21.100,12.900,Open-Meteo Historical Weather API,"Casalecchio di Reno, Bologna, Italy",44.4756,11.2759
2020-08-10T03:00:00+00:00,20.400,12.800,Open-Meteo Historical Weather API,"Casalecchio di Reno, Bologna, Italy",44.4756,11.2759
2020-08-10T04:00:00+00:00,19.500,13.100,Open-Meteo Historical Weather API,"Casalecchio di Reno, Bologna, Italy",44.4756,11.2759
2020-08-10T05:00:00+00:00,20.400,13.600,Open-Meteo Historical Weather API,"Casalecchio di Reno, Bologna, Italy",44.4756,11.2759
2020-08-10T06:00:00+00:00,24.500,14.400,Open-Meteo Historical Weather API,"Casalecchio di Reno, Bologna, Italy",44.4756,11.2759
2020-08-10T07:00:00+00:00,27.600,13.900,Open-Meteo Historical Weather API,"Casalecchio di Reno, Bologna, Italy",44.4756,11.2759
2020-08-10T08:00:00+00:00,29.400,14.800,Open-Meteo Historical Weather API,"Casalecchio di Reno, Bologna, Italy",44.4756,11.2759
2020-08-10T09:00:00+00:00,30.900,15.200,Open-Meteo Historical Weather API,"Casalecchio di Reno, Bologna, Italy",44.4756,11.2759
2020-08-10T10:00:00+00:00,32.400,14.900,Open-Meteo Historical Weather API,"Casalecchio di Reno, Bologna, Italy",44.4756,11.2759
2020-08-10T11:00:00+00:00,33.500,14.100,Open-Meteo Historical Weather API,"Casalecchio di Reno, Bologna, Italy",44.4756,11.2759
2020-08-10T12:00:00+00:00,33.700,14.700,Open-Meteo Historical Weather API,"Casalecchio di Reno, Bologna, Italy",44.4756,11.2759
2020-08-10T13:00:00+00:00,34.500,14.100,Open-Meteo Historical Weather API,"Casalecchio di Reno, Bologna, Italy",44.4756,11.2759
2020-08-10T14:00:00+00:00,34.700,13.900,Open-Meteo Historical Weather API,"Casalecchio di Reno, Bologna, Italy",44.4756,11.2759
2020-08-10T15:00:00+00:00,34.300,14.200,Open-Meteo Historical Weather API,"Casalecchio di Reno, Bologna, Italy",44.4756,11.2759
2020-08-10T16:00:00+00:00,32.800,15.900,Open-Meteo Historical Weather API,"Casalecchio di Reno, Bologna, Italy",44.4756,11.2759
2020-08-10T17:00:00+00:00,31.800,16.500,Open-Meteo Historical Weather API,"Casalecchio di Reno, Bologna, Italy",44.4756,11.2759
2020-08-10T18:00:00+00:00,29.800,17.000,Open-Meteo Historical Weather API,"Casalecchio di Reno, Bologna, Italy",44.4756,11.2759
2020-08-10T19:00:00+00:00,27.800,17.400,Open-Meteo Historical Weather API,"Casalecchio di Reno, Bologna, Italy",44.4756,11.2759
2020-08-10T20:00:00+00:00,26.500,17.900,Open-Meteo Historical Weather API,"Casalecchio di Reno, Bologna, Italy",44.4756,11.2759
2020-08-10T21:00:00+00:00,25.600,18.400,Open-Meteo Historical Weather API,"Casalecchio di Reno, Bologna, Italy",44.4756,11.2759
2020-08-10T22:00:00+00:00,24.800,18.600,Open-Meteo Historical Weather API,"Casalecchio di Reno, Bologna, Italy",44.4756,11.2759
2020-08-10T23:00:00+00:00,23.800,18.400,Open-Meteo Historical Weather API,"Casalecchio di Reno, Bologna, Italy",44.4756,11.2759
2020-08-11T00:00:00+00:00,23.900,15.900,Open-Meteo Historical Weather API,"Casalecchio di Reno, Bologna, Italy",44.4756,11.2759
2020-08-11T01:00:00+00:00,23.600,15.200,Open-Meteo Historical Weather API,"Casalecchio di Reno, Bologna, Italy",44.4756,11.2759
2020-08-11T02:00:00+00:00,23.200,15.000,Open-Meteo Historical Weather API,"Casalecchio di Reno, Bologna, Italy",44.4756,11.2759
2020-08-11T03:00:00+00:00,22.600,15.100,Open-Meteo Historical Weather API,"Casalecchio di Reno, Bologna, Italy",44.4756,11.2759
2020-08-11T04:00:00+00:00,22.000,15.100,Open-Meteo Historical Weather API,"Casalecchio di Reno, Bologna, Italy",44.4756,11.2759
2020-08-11T05:00:00+00:00,22.000,15.600,Open-Meteo Historical Weather API,"Casalecchio di Reno, Bologna, Italy",44.4756,11.2759
2020-08-11T06:00:00+00:00,25.000,16.200,Open-Meteo Historical Weather API,"Casalecchio di Reno, Bologna, Italy",44.4756,11.2759
2020-08-11T07:00:00+00:00,27.900,15.600,Open-Meteo Historical Weather API,"Casalecchio di Reno, Bologna, Italy",44.4756,11.2759
2020-08-11T08:00:00+00:00,29.100,15.800,Open-Meteo Historical Weather API,"Casalecchio di Reno, Bologna, Italy",44.4756,11.2759
2020-08-11T09:00:00+00:00,30.500,16.200,Open-Meteo Historical Weather API,"Casalecchio di Reno, Bologna, Italy",44.4756,11.2759
2020-08-11T10:00:00+00:00,32.000,16.100,Open-Meteo Historical Weather API,"Casalecchio di Reno, Bologna, Italy",44.4756,11.2759
2020-08-11T11:00:00+00:00,33.300,16.100,Open-Meteo Historical Weather API,"Casalecchio di Reno, Bologna, Italy",44.4756,11.2759
2020-08-11T12:00:00+00:00,32.800,16.400,Open-Meteo Historical Weather API,"Casalecchio di Reno, Bologna, Italy",44.4756,11.2759
2020-08-11T13:00:00+00:00,33.300,16.500,Open-Meteo Historical Weather API,"Casalecchio di Reno, Bologna, Italy",44.4756,11.2759
2020-08-11T14:00:00+00:00,33.700,16.400,Open-Meteo Historical Weather API,"Casalecchio di Reno, Bologna, Italy",44.4756,11.2759
2020-08-11T15:00:00+00:00,33.200,16.200,Open-Meteo Historical Weather API,"Casalecchio di Reno, Bologna, Italy",44.4756,11.2759
2020-08-11T16:00:00+00:00,32.200,16.600,Open-Meteo Historical Weather API,"Casalecchio di Reno, Bologna, Italy",44.4756,11.2759
2020-08-11T17:00:00+00:00,30.500,17.200,Open-Meteo Historical Weather API,"Casalecchio di Reno, Bologna, Italy",44.4756,11.2759
2020-08-11T18:00:00+00:00,29.100,18.400,Open-Meteo Historical Weather API,"Casalecchio di Reno, Bologna, Italy",44.4756,11.2759
2020-08-11T19:00:00+00:00,27.800,18.300,Open-Meteo Historical Weather API,"Casalecchio di Reno, Bologna, Italy",44.4756,11.2759
2020-08-11T20:00:00+00:00,26.400,19.100,Open-Meteo Historical Weather API,"Casalecchio di Reno, Bologna, Italy",44.4756,11.2759
2020-08-11T21:00:00+00:00,25.400,19.700,Open-Meteo Historical Weather API,"Casalecchio di Reno, Bologna, Italy",44.4756,11.2759
2020-08-11T22:00:00+00:00,24.500,19.100,Open-Meteo Historical Weather API,"Casalecchio di Reno, Bologna, Italy",44.4756,11.2759
2020-08-11T23:00:00+00:00,23.800,19.100,Open-Meteo Historical Weather API,"Casalecchio di Reno, Bologna, Italy",44.4756,11.2759
2020-08-12T00:00:00+00:00,23.500,19.600,Open-Meteo Historical Weather API,"Casalecchio di Reno, Bologna, Italy",44.4756,11.2759
2020-08-12T01:00:00+00:00,22.800,19.500,Open-Meteo Historical Weather API,"Casalecchio di Reno, Bologna, Italy",44.4756,11.2759
2020-08-12T02:00:00+00:00,22.700,19.200,Open-Meteo Historical Weather API,"Casalecchio di Reno, Bologna, Italy",44.4756,11.2759
2020-08-12T03:00:00+00:00,21.800,18.700,Open-Meteo Historical Weather API,"Casalecchio di Reno, Bologna, Italy",44.4756,11.2759
2020-08-12T04:00:00+00:00,21.800,18.300,Open-Meteo Historical Weather API,"Casalecchio di Reno, Bologna, Italy",44.4756,11.2759
2020-08-12T05:00:00+00:00,22.500,18.400,Open-Meteo Historical Weather API,"Casalecchio di Reno, Bologna, Italy",44.4756,11.2759
2020-08-12T06:00:00+00:00,24.900,19.000,Open-Meteo Historical Weather API,"Casalecchio di Reno, Bologna, Italy",44.4756,11.2759
2020-08-12T07:00:00+00:00,27.600,18.000,Open-Meteo Historical Weather API,"Casalecchio di Reno, Bologna, Italy",44.4756,11.2759
2020-08-12T08:00:00+00:00,29.100,17.300,Open-Meteo Historical Weather API,"Casalecchio di Reno, Bologna, Italy",44.4756,11.2759
2020-08-12T09:00:00+00:00,30.500,17.500,Open-Meteo Historical Weather API,"Casalecchio di Reno, Bologna, Italy",44.4756,11.2759
2020-08-12T10:00:00+00:00,31.700,17.900,Open-Meteo Historical Weather API,"Casalecchio di Reno, Bologna, Italy",44.4756,11.2759
2020-08-12T11:00:00+00:00,32.500,17.600,Open-Meteo Historical Weather API,"Casalecchio di Reno, Bologna, Italy",44.4756,11.2759
2020-08-12T12:00:00+00:00,32.800,17.000,Open-Meteo Historical Weather API,"Casalecchio di Reno, Bologna, Italy",44.4756,11.2759
2020-08-12T13:00:00+00:00,33.300,16.900,Open-Meteo Historical Weather API,"Casalecchio di Reno, Bologna, Italy",44.4756,11.2759
2020-08-12T14:00:00+00:00,33.700,16.400,Open-Meteo Historical Weather API,"Casalecchio di Reno, Bologna, Italy",44.4756,11.2759
2020-08-12T15:00:00+00:00,33.700,15.900,Open-Meteo Historical Weather API,"Casalecchio di Reno, Bologna, Italy",44.4756,11.2759
2020-08-12T16:00:00+00:00,33.500,15.600,Open-Meteo Historical Weather API,"Casalecchio di Reno, Bologna, Italy",44.4756,11.2759
2020-08-12T17:00:00+00:00,31.500,15.900,Open-Meteo Historical Weather API,"Casalecchio di Reno, Bologna, Italy",44.4756,11.2759
2020-08-12T18:00:00+00:00,29.500,15.900,Open-Meteo Historical Weather API,"Casalecchio di Reno, Bologna, Italy",44.4756,11.2759
2020-08-12T19:00:00+00:00,28.000,17.000,Open-Meteo Historical Weather API,"Casalecchio di Reno, Bologna, Italy",44.4756,11.2759
2020-08-12T20:00:00+00:00,26.600,18.400,Open-Meteo Historical Weather API,"Casalecchio di Reno, Bologna, Italy",44.4756,11.2759
2020-08-12T21:00:00+00:00,25.600,19.600,Open-Meteo Historical Weather API,"Casalecchio di Reno, Bologna, Italy",44.4756,11.2759
2020-08-12T22:00:00+00:00,24.900,20.500,Open-Meteo Historical Weather API,"Casalecchio di Reno, Bologna, Italy",44.4756,11.2759
2020-08-12T23:00:00+00:00,24.000,20.800,Open-Meteo Historical Weather API,"Casalecchio di Reno, Bologna, Italy",44.4756,11.2759
2020-08-13T00:00:00+00:00,24.800,20.500,Open-Meteo Historical Weather API,"Casalecchio di Reno, Bologna, Italy",44.4756,11.2759
2020-08-13T01:00:00+00:00,23.600,19.900,Open-Meteo Historical Weather API,"Casalecchio di Reno, Bologna, Italy",44.4756,11.2759
2020-08-13T02:00:00+00:00,23.000,18.500,Open-Meteo Historical Weather API,"Casalecchio di Reno, Bologna, Italy",44.4756,11.2759
2020-08-13T03:00:00+00:00,22.200,17.800,Open-Meteo Historical Weather API,"Casalecchio di Reno, Bologna, Italy",44.4756,11.2759
2020-08-13T04:00:00+00:00,21.800,17.600,Open-Meteo Historical Weather API,"Casalecchio di Reno, Bologna, Italy",44.4756,11.2759
2020-08-13T05:00:00+00:00,22.000,17.500,Open-Meteo Historical Weather API,"Casalecchio di Reno, Bologna, Italy",44.4756,11.2759
2020-08-13T06:00:00+00:00,24.200,17.600,Open-Meteo Historical Weather API,"Casalecchio di Reno, Bologna, Italy",44.4756,11.2759
2020-08-13T07:00:00+00:00,26.200,18.600,Open-Meteo Historical Weather API,"Casalecchio di Reno, Bologna, Italy",44.4756,11.2759
2020-08-13T08:00:00+00:00,27.400,19.200,Open-Meteo Historical Weather API,"Casalecchio di Reno, Bologna, Italy",44.4756,11.2759
2020-08-13T09:00:00+00:00,28.100,19.100,Open-Meteo Historical Weather API,"Casalecchio di Reno, Bologna, Italy",44.4756,11.2759
2020-08-13T10:00:00+00:00,29.900,18.700,Open-Meteo Historical Weather API,"Casalecchio di Reno, Bologna, Italy",44.4756,11.2759
2020-08-13T11:00:00+00:00,32.000,16.700,Open-Meteo Historical Weather API,"Casalecchio di Reno, Bologna, Italy",44.4756,11.2759
2020-08-13T12:00:00+00:00,30.700,19.100,Open-Meteo Historical Weather API,"Casalecchio di Reno, Bologna, Italy",44.4756,11.2759
2020-08-13T13:00:00+00:00,33.000,18.000,Open-Meteo Historical Weather API,"Casalecchio di Reno, Bologna, Italy",44.4756,11.2759
2020-08-13T14:00:00+00:00,33.300,16.500,Open-Meteo Historical Weather API,"Casalecchio di Reno, Bologna, Italy",44.4756,11.2759
2020-08-13T15:00:00+00:00,32.800,17.800,Open-Meteo Historical Weather API,"Casalecchio di Reno, Bologna, Italy",44.4756,11.2759
2020-08-13T16:00:00+00:00,32.000,17.500,Open-Meteo Historical Weather API,"Casalecchio di Reno, Bologna, Italy",44.4756,11.2759
2020-08-13T17:00:00+00:00,31.700,17.000,Open-Meteo Historical Weather API,"Casalecchio di Reno, Bologna, Italy",44.4756,11.2759
2020-08-13T18:00:00+00:00,29.900,17.000,Open-Meteo Historical Weather API,"Casalecchio di Reno, Bologna, Italy",44.4756,11.2759
2020-08-13T19:00:00+00:00,27.800,16.800,Open-Meteo Historical Weather API,"Casalecchio di Reno, Bologna, Italy",44.4756,11.2759
2020-08-13T20:00:00+00:00,25.900,17.500,Open-Meteo Historical Weather API,"Casalecchio di Reno, Bologna, Italy",44.4756,11.2759
2020-08-13T21:00:00+00:00,25.400,17.800,Open-Meteo Historical Weather API,"Casalecchio di Reno, Bologna, Italy",44.4756,11.2759
2020-08-13T22:00:00+00:00,24.800,18.000,Open-Meteo Historical Weather API,"Casalecchio di Reno, Bologna, Italy",44.4756,11.2759
2020-08-13T23:00:00+00:00,23.500,18.000,Open-Meteo Historical Weather API,"Casalecchio di Reno, Bologna, Italy",44.4756,11.2759
2020-08-14T00:00:00+00:00,23.400,13.200,Open-Meteo Historical Weather API,"Casalecchio di Reno, Bologna, Italy",44.4756,11.2759
2020-08-14T01:00:00+00:00,23.800,9.600,Open-Meteo Historical Weather API,"Casalecchio di Reno, Bologna, Italy",44.4756,11.2759
2020-08-14T02:00:00+00:00,24.100,8.100,Open-Meteo Historical Weather API,"Casalecchio di Reno, Bologna, Italy",44.4756,11.2759
2020-08-14T03:00:00+00:00,23.900,8.400,Open-Meteo Historical Weather API,"Casalecchio di Reno, Bologna, Italy",44.4756,11.2759
2020-08-14T04:00:00+00:00,23.000,8.800,Open-Meteo Historical Weather API,"Casalecchio di Reno, Bologna, Italy",44.4756,11.2759
2020-08-14T05:00:00+00:00,22.700,9.600,Open-Meteo Historical Weather API,"Casalecchio di Reno, Bologna, Italy",44.4756,11.2759
2020-08-14T06:00:00+00:00,24.400,11.800,Open-Meteo Historical Weather API,"Casalecchio di Reno, Bologna, Italy",44.4756,11.2759
2020-08-14T07:00:00+00:00,24.600,18.600,Open-Meteo Historical Weather API,"Casalecchio di Reno, Bologna, Italy",44.4756,11.2759
2020-08-14T08:00:00+00:00,26.600,19.100,Open-Meteo Historical Weather API,"Casalecchio di Reno, Bologna, Italy",44.4756,11.2759
2020-08-14T09:00:00+00:00,28.300,19.400,Open-Meteo Historical Weather API,"Casalecchio di Reno, Bologna, Italy",44.4756,11.2759
2020-08-14T10:00:00+00:00,29.800,19.000,Open-Meteo Historical Weather API,"Casalecchio di Reno, Bologna, Italy",44.4756,11.2759
2020-08-14T11:00:00+00:00,30.500,18.500,Open-Meteo Historical Weather API,"Casalecchio di Reno, Bologna, Italy",44.4756,11.2759
2020-08-14T12:00:00+00:00,32.000,16.200,Open-Meteo Historical Weather API,"Casalecchio di Reno, Bologna, Italy",44.4756,11.2759
2020-08-14T13:00:00+00:00,30.900,16.200,Open-Meteo Historical Weather API,"Casalecchio di Reno, Bologna, Italy",44.4756,11.2759
2020-08-14T14:00:00+00:00,29.300,17.500,Open-Meteo Historical Weather API,"Casalecchio di Reno, Bologna, Italy",44.4756,11.2759
2020-08-14T15:00:00+00:00,30.000,17.200,Open-Meteo Historical Weather API,"Casalecchio di Reno, Bologna, Italy",44.4756,11.2759
2020-08-14T16:00:00+00:00,29.600,17.200,Open-Meteo Historical Weather API,"Casalecchio di Reno, Bologna, Italy",44.4756,11.2759
2020-08-14T17:00:00+00:00,29.200,17.300,Open-Meteo Historical Weather API,"Casalecchio di Reno, Bologna, Italy",44.4756,11.2759
2020-08-14T18:00:00+00:00,27.500,18.000,Open-Meteo Historical Weather API,"Casalecchio di Reno, Bologna, Italy",44.4756,11.2759
2020-08-14T19:00:00+00:00,26.100,17.900,Open-Meteo Historical Weather API,"Casalecchio di Reno, Bologna, Italy",44.4756,11.2759
2020-08-14T20:00:00+00:00,24.300,18.100,Open-Meteo Historical Weather API,"Casalecchio di Reno, Bologna, Italy",44.4756,11.2759
2020-08-14T21:00:00+00:00,23.900,17.300,Open-Meteo Historical Weather API,"Casalecchio di Reno, Bologna, Italy",44.4756,11.2759
2020-08-14T22:00:00+00:00,23.300,17.000,Open-Meteo Historical Weather API,"Casalecchio di Reno, Bologna, Italy",44.4756,11.2759
2020-08-14T23:00:00+00:00,22.500,16.800,Open-Meteo Historical Weather API,"Casalecchio di Reno, Bologna, Italy",44.4756,11.2759
2020-08-15T00:00:00+00:00,22.800,20.800,Open-Meteo Historical Weather API,"Casalecchio di Reno, Bologna, Italy",44.4756,11.2759
2020-08-15T01:00:00+00:00,22.000,20.900,Open-Meteo Historical Weather API,"Casalecchio di Reno, Bologna, Italy",44.4756,11.2759
2020-08-15T02:00:00+00:00,22.000,21.000,Open-Meteo Historical Weather API,"Casalecchio di Reno, Bologna, Italy",44.4756,11.2759
2020-08-15T03:00:00+00:00,21.500,21.000,Open-Meteo Historical Weather API,"Casalecchio di Reno, Bologna, Italy",44.4756,11.2759
2020-08-15T04:00:00+00:00,21.100,20.000,Open-Meteo Historical Weather API,"Casalecchio di Reno, Bologna, Italy",44.4756,11.2759
2020-08-15T05:00:00+00:00,21.200,20.000,Open-Meteo Historical Weather API,"Casalecchio di Reno, Bologna, Italy",44.4756,11.2759
2020-08-15T06:00:00+00:00,22.400,20.400,Open-Meteo Historical Weather API,"Casalecchio di Reno, Bologna, Italy",44.4756,11.2759
2020-08-15T07:00:00+00:00,24.200,19.900,Open-Meteo Historical Weather API,"Casalecchio di Reno, Bologna, Italy",44.4756,11.2759
2020-08-15T08:00:00+00:00,26.000,19.600,Open-Meteo Historical Weather API,"Casalecchio di Reno, Bologna, Italy",44.4756,11.2759
2020-08-15T09:00:00+00:00,27.800,19.900,Open-Meteo Historical Weather API,"Casalecchio di Reno, Bologna, Italy",44.4756,11.2759
2020-08-15T10:00:00+00:00,29.200,19.900,Open-Meteo Historical Weather API,"Casalecchio di Reno, Bologna, Italy",44.4756,11.2759
2020-08-15T11:00:00+00:00,30.300,19.700,Open-Meteo Historical Weather API,"Casalecchio di Reno, Bologna, Italy",44.4756,11.2759
2020-08-15T12:00:00+00:00,30.000,18.100,Open-Meteo Historical Weather API,"Casalecchio di Reno, Bologna, Italy",44.4756,11.2759
2020-08-15T13:00:00+00:00,30.600,18.200,Open-Meteo Historical Weather API,"Casalecchio di Reno, Bologna, Italy",44.4756,11.2759
2020-08-15T14:00:00+00:00,31.100,18.200,Open-Meteo Historical Weather API,"Casalecchio di Reno, Bologna, Italy",44.4756,11.2759
2020-08-15T15:00:00+00:00,30.200,18.600,Open-Meteo Historical Weather API,"Casalecchio di Reno, Bologna, Italy",44.4756,11.2759
2020-08-15T16:00:00+00:00,29.000,18.100,Open-Meteo Historical Weather API,"Casalecchio di Reno, Bologna, Italy",44.4756,11.2759
2020-08-15T17:00:00+00:00,28.300,18.800,Open-Meteo Historical Weather API,"Casalecchio di Reno, Bologna, Italy",44.4756,11.2759
2020-08-15T18:00:00+00:00,27.000,19.400,Open-Meteo Historical Weather API,"Casalecchio di Reno, Bologna, Italy",44.4756,11.2759
2020-08-15T19:00:00+00:00,25.800,19.500,Open-Meteo Historical Weather API,"Casalecchio di Reno, Bologna, Italy",44.4756,11.2759
2020-08-15T20:00:00+00:00,25.800,19.100,Open-Meteo Historical Weather API,"Casalecchio di Reno, Bologna, Italy",44.4756,11.2759
2020-08-15T21:00:00+00:00,24.900,19.200,Open-Meteo Historical Weather API,"Casalecchio di Reno, Bologna, Italy",44.4756,11.2759
2020-08-15T22:00:00+00:00,23.900,19.400,Open-Meteo Historical Weather API,"Casalecchio di Reno, Bologna, Italy",44.4756,11.2759
2020-08-15T23:00:00+00:00,23.200,19.300,Open-Meteo Historical Weather API,"Casalecchio di Reno, Bologna, Italy",44.4756,11.2759
2020-08-16T00:00:00+00:00,22.000,18.900,Open-Meteo Historical Weather API,"Casalecchio di Reno, Bologna, Italy",44.4756,11.2759
2020-08-16T01:00:00+00:00,21.700,18.600,Open-Meteo Historical Weather API,"Casalecchio di Reno, Bologna, Italy",44.4756,11.2759
2020-08-16T02:00:00+00:00,21.200,18.500,Open-Meteo Historical Weather API,"Casalecchio di Reno, Bologna, Italy",44.4756,11.2759
2020-08-16T03:00:00+00:00,21.000,18.400,Open-Meteo Historical Weather API,"Casalecchio di Reno, Bologna, Italy",44.4756,11.2759
2020-08-16T04:00:00+00:00,20.500,18.400,Open-Meteo Historical Weather API,"Casalecchio di Reno, Bologna, Italy",44.4756,11.2759
2020-08-16T05:00:00+00:00,20.900,18.400,Open-Meteo Historical Weather API,"Casalecchio di Reno, Bologna, Italy",44.4756,11.2759
2020-08-16T06:00:00+00:00,23.100,18.200,Open-Meteo Historical Weather API,"Casalecchio di Reno, Bologna, Italy",44.4756,11.2759
2020-08-16T07:00:00+00:00,25.500,17.400,Open-Meteo Historical Weather API,"Casalecchio di Reno, Bologna, Italy",44.4756,11.2759
2020-08-16T08:00:00+00:00,27.000,17.500,Open-Meteo Historical Weather API,"Casalecchio di Reno, Bologna, Italy",44.4756,11.2759
2020-08-16T09:00:00+00:00,28.500,17.500,Open-Meteo Historical Weather API,"Casalecchio di Reno, Bologna, Italy",44.4756,11.2759
2020-08-16T10:00:00+00:00,30.000,17.400,Open-Meteo Historical Weather API,"Casalecchio di Reno, Bologna, Italy",44.4756,11.2759
2020-08-16T11:00:00+00:00,31.300,17.400,Open-Meteo Historical Weather API,"Casalecchio di Reno, Bologna, Italy",44.4756,11.2759
2020-08-16T12:00:00+00:00,31.000,17.700,Open-Meteo Historical Weather API,"Casalecchio di Reno, Bologna, Italy",44.4756,11.2759
2020-08-16T13:00:00+00:00,31.900,17.400,Open-Meteo Historical Weather API,"Casalecchio di Reno, Bologna, Italy",44.4756,11.2759
2020-08-16T14:00:00+00:00,31.800,16.500,Open-Meteo Historical Weather API,"Casalecchio di Reno, Bologna, Italy",44.4756,11.2759
2020-08-16T15:00:00+00:00,31.200,16.500,Open-Meteo Historical Weather API,"Casalecchio di Reno, Bologna, Italy",44.4756,11.2759
2020-08-16T16:00:00+00:00,29.500,17.900,Open-Meteo Historical Weather API,"Casalecchio di Reno, Bologna, Italy",44.4756,11.2759
2020-08-16T17:00:00+00:00,29.800,17.400,Open-Meteo Historical Weather API,"Casalecchio di Reno, Bologna, Italy",44.4756,11.2759
2020-08-16T18:00:00+00:00,27.800,17.900,Open-Meteo Historical Weather API,"Casalecchio di Reno, Bologna, Italy",44.4756,11.2759
2020-08-16T19:00:00+00:00,25.900,18.800,Open-Meteo Historical Weather API,"Casalecchio di Reno, Bologna, Italy",44.4756,11.2759
2020-08-16T20:00:00+00:00,24.700,19.000,Open-Meteo Historical Weather API,"Casalecchio di Reno, Bologna, Italy",44.4756,11.2759
2020-08-16T21:00:00+00:00,22.900,19.400,Open-Meteo Historical Weather API,"Casalecchio di Reno, Bologna, Italy",44.4756,11.2759
2020-08-16T22:00:00+00:00,22.500,18.600,Open-Meteo Historical Weather API,"Casalecchio di Reno, Bologna, Italy",44.4756,11.2759
2020-08-16T23:00:00+00:00,22.200,16.500,Open-Meteo Historical Weather API,"Casalecchio di Reno, Bologna, Italy",44.4756,11.2759
2020-08-17T00:00:00+00:00,22.100,13.700,Open-Meteo Historical Weather API,"Casalecchio di Reno, Bologna, Italy",44.4756,11.2759
2020-08-17T01:00:00+00:00,22.000,12.300,Open-Meteo Historical Weather API,"Casalecchio di Reno, Bologna, Italy",44.4756,11.2759
2020-08-17T02:00:00+00:00,22.000,11.600,Open-Meteo Historical Weather API,"Casalecchio di Reno, Bologna, Italy",44.4756,11.2759
2020-08-17T03:00:00+00:00,22.300,11.400,Open-Meteo Historical Weather API,"Casalecchio di Reno, Bologna, Italy",44.4756,11.2759
2020-08-17T04:00:00+00:00,22.400,11.700,Open-Meteo Historical Weather API,"Casalecchio di Reno, Bologna, Italy",44.4756,11.2759
2020-08-17T05:00:00+00:00,21.600,12.100,Open-Meteo Historical Weather API,"Casalecchio di Reno, Bologna, Italy",44.4756,11.2759
2020-08-17T06:00:00+00:00,23.500,12.800,Open-Meteo Historical Weather API,"Casalecchio di Reno, Bologna, Italy",44.4756,11.2759
2020-08-17T07:00:00+00:00,25.000,16.000,Open-Meteo Historical Weather API,"Casalecchio di Reno, Bologna, Italy",44.4756,11.2759
2020-08-17T08:00:00+00:00,26.900,17.000,Open-Meteo Historical Weather API,"Casalecchio di Reno, Bologna, Italy",44.4756,11.2759
2020-08-17T09:00:00+00:00,28.400,17.500,Open-Meteo Historical Weather API,"Casalecchio di Reno, Bologna, Italy",44.4756,11.2759
2020-08-17T10:00:00+00:00,29.600,17.400,Open-Meteo Historical Weather API,"Casalecchio di Reno, Bologna, Italy",44.4756,11.2759
2020-08-17T11:00:00+00:00,30.000,17.100,Open-Meteo Historical Weather API,"Casalecchio di Reno, Bologna, Italy",44.4756,11.2759
2020-08-17T12:00:00+00:00,32.000,12.900,Open-Meteo Historical Weather API,"Casalecchio di Reno, Bologna, Italy",44.4756,11.2759
2020-08-17T13:00:00+00:00,32.500,12.600,Open-Meteo Historical Weather API,"Casalecchio di Reno, Bologna, Italy",44.4756,11.2759
2020-08-17T14:00:00+00:00,30.400,15.700,Open-Meteo Historical Weather API,"Casalecchio di Reno, Bologna, Italy",44.4756,11.2759
2020-08-17T15:00:00+00:00,28.900,16.400,Open-Meteo Historical Weather API,"Casalecchio di Reno, Bologna, Italy",44.4756,11.2759
2020-08-17T16:00:00+00:00,28.500,16.000,Open-Meteo Historical Weather API,"Casalecchio di Reno, Bologna, Italy",44.4756,11.2759
2020-08-17T17:00:00+00:00,27.700,16.400,Open-Meteo Historical Weather API,"Casalecchio di Reno, Bologna, Italy",44.4756,11.2759
2020-08-17T18:00:00+00:00,26.200,18.600,Open-Meteo Historical Weather API,"Casalecchio di Reno, Bologna, Italy",44.4756,11.2759
2020-08-17T19:00:00+00:00,26.100,17.000,Open-Meteo Historical Weather API,"Casalecchio di Reno, Bologna, Italy",44.4756,11.2759
2020-08-17T20:00:00+00:00,24.700,17.400,Open-Meteo Historical Weather API,"Casalecchio di Reno, Bologna, Italy",44.4756,11.2759
2020-08-17T21:00:00+00:00,23.500,17.000,Open-Meteo Historical Weather API,"Casalecchio di Reno, Bologna, Italy",44.4756,11.2759
2020-08-17T22:00:00+00:00,22.900,17.200,Open-Meteo Historical Weather API,"Casalecchio di Reno, Bologna, Italy",44.4756,11.2759
2020-08-17T23:00:00+00:00,22.400,17.800,Open-Meteo Historical Weather API,"Casalecchio di Reno, Bologna, Italy",44.4756,11.2759
2020-08-18T00:00:00+00:00,22.200,17.700,Open-Meteo Historical Weather API,"Casalecchio di Reno, Bologna, Italy",44.4756,11.2759
2020-08-18T01:00:00+00:00,21.600,17.600,Open-Meteo Historical Weather API,"Casalecchio di Reno, Bologna, Italy",44.4756,11.2759
2020-08-18T02:00:00+00:00,21.200,17.600,Open-Meteo Historical Weather API,"Casalecchio di Reno, Bologna, Italy",44.4756,11.2759
2020-08-18T03:00:00+00:00,21.500,17.500,Open-Meteo Historical Weather API,"Casalecchio di Reno, Bologna, Italy",44.4756,11.2759
2020-08-18T04:00:00+00:00,21.200,17.500,Open-Meteo Historical Weather API,"Casalecchio di Reno, Bologna, Italy",44.4756,11.2759
2020-08-18T05:00:00+00:00,21.400,17.800,Open-Meteo Historical Weather API,"Casalecchio di Reno, Bologna, Italy",44.4756,11.2759
2020-08-18T06:00:00+00:00,22.400,17.900,Open-Meteo Historical Weather API,"Casalecchio di Reno, Bologna, Italy",44.4756,11.2759
2020-08-18T07:00:00+00:00,23.400,18.000,Open-Meteo Historical Weather API,"Casalecchio di Reno, Bologna, Italy",44.4756,11.2759
2020-08-18T08:00:00+00:00,25.300,16.900,Open-Meteo Historical Weather API,"Casalecchio di Reno, Bologna, Italy",44.4756,11.2759
2020-08-18T09:00:00+00:00,26.800,15.800,Open-Meteo Historical Weather API,"Casalecchio di Reno, Bologna, Italy",44.4756,11.2759
2020-08-18T10:00:00+00:00,26.900,15.400,Open-Meteo Historical Weather API,"Casalecchio di Reno, Bologna, Italy",44.4756,11.2759
2020-08-18T11:00:00+00:00,24.100,18.000,Open-Meteo Historical Weather API,"Casalecchio di Reno, Bologna, Italy",44.4756,11.2759
2020-08-18T12:00:00+00:00,27.900,13.100,Open-Meteo Historical Weather API,"Casalecchio di Reno, Bologna, Italy",44.4756,11.2759
2020-08-18T13:00:00+00:00,28.300,13.600,Open-Meteo Historical Weather API,"Casalecchio di Reno, Bologna, Italy",44.4756,11.2759
2020-08-18T14:00:00+00:00,28.800,13.900,Open-Meteo Historical Weather API,"Casalecchio di Reno, Bologna, Italy",44.4756,11.2759
2020-08-18T15:00:00+00:00,28.800,13.800,Open-Meteo Historical Weather API,"Casalecchio di Reno, Bologna, Italy",44.4756,11.2759
2020-08-18T16:00:00+00:00,28.600,13.500,Open-Meteo Historical Weather API,"Casalecchio di Reno, Bologna, Italy",44.4756,11.2759
2020-08-18T17:00:00+00:00,28.000,13.900,Open-Meteo Historical Weather API,"Casalecchio di Reno, Bologna, Italy",44.4756,11.2759
2020-08-18T18:00:00+00:00,26.100,15.600,Open-Meteo Historical Weather API,"Casalecchio di Reno, Bologna, Italy",44.4756,11.2759
2020-08-18T19:00:00+00:00,26.600,13.900,Open-Meteo Historical Weather API,"Casalecchio di Reno, Bologna, Italy",44.4756,11.2759
2020-08-18T20:00:00+00:00,25.000,14.200,Open-Meteo Historical Weather API,"Casalecchio di Reno, Bologna, Italy",44.4756,11.2759
2020-08-18T21:00:00+00:00,22.300,15.400,Open-Meteo Historical Weather API,"Casalecchio di Reno, Bologna, Italy",44.4756,11.2759
2020-08-18T22:00:00+00:00,21.500,16.200,Open-Meteo Historical Weather API,"Casalecchio di Reno, Bologna, Italy",44.4756,11.2759
2020-08-18T23:00:00+00:00,21.100,16.800,Open-Meteo Historical Weather API,"Casalecchio di Reno, Bologna, Italy",44.4756,11.2759
2020-08-19T00:00:00+00:00,20.700,19.000,Open-Meteo Historical Weather API,"Casalecchio di Reno, Bologna, Italy",44.4756,11.2759
2020-08-19T01:00:00+00:00,20.900,18.800,Open-Meteo Historical Weather API,"Casalecchio di Reno, Bologna, Italy",44.4756,11.2759
2020-08-19T02:00:00+00:00,20.100,18.500,Open-Meteo Historical Weather API,"Casalecchio di Reno, Bologna, Italy",44.4756,11.2759
2020-08-19T03:00:00+00:00,20.000,18.200,Open-Meteo Historical Weather API,"Casalecchio di Reno, Bologna, Italy",44.4756,11.2759
2020-08-19T04:00:00+00:00,20.000,18.000,Open-Meteo Historical Weather API,"Casalecchio di Reno, Bologna, Italy",44.4756,11.2759
2020-08-19T05:00:00+00:00,20.100,18.100,Open-Meteo Historical Weather API,"Casalecchio di Reno, Bologna, Italy",44.4756,11.2759
2020-08-19T06:00:00+00:00,22.500,18.200,Open-Meteo Historical Weather API,"Casalecchio di Reno, Bologna, Italy",44.4756,11.2759
2020-08-19T07:00:00+00:00,24.400,17.100,Open-Meteo Historical Weather API,"Casalecchio di Reno, Bologna, Italy",44.4756,11.2759
2020-08-19T08:00:00+00:00,25.500,17.100,Open-Meteo Historical Weather API,"Casalecchio di Reno, Bologna, Italy",44.4756,11.2759
2020-08-19T09:00:00+00:00,27.100,17.100,Open-Meteo Historical Weather API,"Casalecchio di Reno, Bologna, Italy",44.4756,11.2759
2020-08-19T10:00:00+00:00,28.600,16.400,Open-Meteo Historical Weather API,"Casalecchio di Reno, Bologna, Italy",44.4756,11.2759
2020-08-19T11:00:00+00:00,29.600,15.200,Open-Meteo Historical Weather API,"Casalecchio di Reno, Bologna, Italy",44.4756,11.2759
2020-08-19T12:00:00+00:00,29.500,14.500,Open-Meteo Historical Weather API,"Casalecchio di Reno, Bologna, Italy",44.4756,11.2759
2020-08-19T13:00:00+00:00,30.500,13.600,Open-Meteo Historical Weather API,"Casalecchio di Reno, Bologna, Italy",44.4756,11.2759
2020-08-19T14:00:00+00:00,30.700,13.100,Open-Meteo Historical Weather API,"Casalecchio di Reno, Bologna, Italy",44.4756,11.2759
2020-08-19T15:00:00+00:00,30.700,12.900,Open-Meteo Historical Weather API,"Casalecchio di Reno, Bologna, Italy",44.4756,11.2759
2020-08-19T16:00:00+00:00,30.500,12.900,Open-Meteo Historical Weather API,"Casalecchio di Reno, Bologna, Italy",44.4756,11.2759
2020-08-19T17:00:00+00:00,29.900,12.900,Open-Meteo Historical Weather API,"Casalecchio di Reno, Bologna, Italy",44.4756,11.2759
2020-08-19T18:00:00+00:00,27.900,14.800,Open-Meteo Historical Weather API,"Casalecchio di Reno, Bologna, Italy",44.4756,11.2759
2020-08-19T19:00:00+00:00,26.000,17.900,Open-Meteo Historical Weather API,"Casalecchio di Reno, Bologna, Italy",44.4756,11.2759
2020-08-19T20:00:00+00:00,24.900,17.400,Open-Meteo Historical Weather API,"Casalecchio di Reno, Bologna, Italy",44.4756,11.2759
2020-08-19T21:00:00+00:00,23.700,17.000,Open-Meteo Historical Weather API,"Casalecchio di Reno, Bologna, Italy",44.4756,11.2759
2020-08-19T22:00:00+00:00,23.000,16.600,Open-Meteo Historical Weather API,"Casalecchio di Reno, Bologna, Italy",44.4756,11.2759
2020-08-19T23:00:00+00:00,22.600,16.000,Open-Meteo Historical Weather API,"Casalecchio di Reno, Bologna, Italy",44.4756,11.2759
2020-08-20T00:00:00+00:00,23.000,14.200,Open-Meteo Historical Weather API,"Casalecchio di Reno, Bologna, Italy",44.4756,11.2759
2020-08-20T01:00:00+00:00,22.500,13.800,Open-Meteo Historical Weather API,"Casalecchio di Reno, Bologna, Italy",44.4756,11.2759
2020-08-20T02:00:00+00:00,21.700,13.600,Open-Meteo Historical Weather API,"Casalecchio di Reno, Bologna, Italy",44.4756,11.2759
2020-08-20T03:00:00+00:00,21.200,13.400,Open-Meteo Historical Weather API,"Casalecchio di Reno, Bologna, Italy",44.4756,11.2759
2020-08-20T04:00:00+00:00,21.800,13.400,Open-Meteo Historical Weather API,"Casalecchio di Reno, Bologna, Italy",44.4756,11.2759
2020-08-20T05:00:00+00:00,21.900,13.600,Open-Meteo Historical Weather API,"Casalecchio di Reno, Bologna, Italy",44.4756,11.2759
2020-08-20T06:00:00+00:00,23.600,13.900,Open-Meteo Historical Weather API,"Casalecchio di Reno, Bologna, Italy",44.4756,11.2759
2020-08-20T07:00:00+00:00,25.600,15.400,Open-Meteo Historical Weather API,"Casalecchio di Reno, Bologna, Italy",44.4756,11.2759
2020-08-20T08:00:00+00:00,27.200,16.000,Open-Meteo Historical Weather API,"Casalecchio di Reno, Bologna, Italy",44.4756,11.2759
2020-08-20T09:00:00+00:00,29.000,15.600,Open-Meteo Historical Weather API,"Casalecchio di Reno, Bologna, Italy",44.4756,11.2759
2020-08-20T10:00:00+00:00,30.600,15.100,Open-Meteo Historical Weather API,"Casalecchio di Reno, Bologna, Italy",44.4756,11.2759
2020-08-20T11:00:00+00:00,31.900,14.600,Open-Meteo Historical Weather API,"Casalecchio di Reno, Bologna, Italy",44.4756,11.2759
2020-08-20T12:00:00+00:00,31.500,15.300,Open-Meteo Historical Weather API,"Casalecchio di Reno, Bologna, Italy",44.4756,11.2759
2020-08-20T13:00:00+00:00,32.600,14.800,Open-Meteo Historical Weather API,"Casalecchio di Reno, Bologna, Italy",44.4756,11.2759
2020-08-20T14:00:00+00:00,32.900,14.400,Open-Meteo Historical Weather API,"Casalecchio di Reno, Bologna, Italy",44.4756,11.2759
2020-08-20T15:00:00+00:00,33.000,14.100,Open-Meteo Historical Weather API,"Casalecchio di Reno, Bologna, Italy",44.4756,11.2759
2020-08-20T16:00:00+00:00,32.500,14.200,Open-Meteo Historical Weather API,"Casalecchio di Reno, Bologna, Italy",44.4756,11.2759
2020-08-20T17:00:00+00:00,29.500,18.000,Open-Meteo Historical Weather API,"Casalecchio di Reno, Bologna, Italy",44.4756,11.2759
2020-08-20T18:00:00+00:00,27.900,18.000,Open-Meteo Historical Weather API,"Casalecchio di Reno, Bologna, Italy",44.4756,11.2759
2020-08-20T19:00:00+00:00,26.800,17.800,Open-Meteo Historical Weather API,"Casalecchio di Reno, Bologna, Italy",44.4756,11.2759
2020-08-20T20:00:00+00:00,25.700,17.800,Open-Meteo Historical Weather API,"Casalecchio di Reno, Bologna, Italy",44.4756,11.2759
2020-08-20T21:00:00+00:00,24.500,17.900,Open-Meteo Historical Weather API,"Casalecchio di Reno, Bologna, Italy",44.4756,11.2759
2020-08-20T22:00:00+00:00,23.500,17.900,Open-Meteo Historical Weather API,"Casalecchio di Reno, Bologna, Italy",44.4756,11.2759
2020-08-20T23:00:00+00:00,22.500,17.200,Open-Meteo Historical Weather API,"Casalecchio di Reno, Bologna, Italy",44.4756,11.2759
2020-08-21T00:00:00+00:00,22.400,15.800,Open-Meteo Historical Weather API,"Casalecchio di Reno, Bologna, Italy",44.4756,11.2759
2020-08-21T01:00:00+00:00,22.000,14.900,Open-Meteo Historical Weather API,"Casalecchio di Reno, Bologna, Italy",44.4756,11.2759
2020-08-21T02:00:00+00:00,21.700,15.200,Open-Meteo Historical Weather API,"Casalecchio di Reno, Bologna, Italy",44.4756,11.2759
2020-08-21T03:00:00+00:00,21.300,15.400,Open-Meteo Historical Weather API,"Casalecchio di Reno, Bologna, Italy",44.4756,11.2759
2020-08-21T04:00:00+00:00,20.800,15.400,Open-Meteo Historical Weather API,"Casalecchio di Reno, Bologna, Italy",44.4756,11.2759
2020-08-21T05:00:00+00:00,20.700,15.400,Open-Meteo Historical Weather API,"Casalecchio di Reno, Bologna, Italy",44.4756,11.2759
2020-08-21T06:00:00+00:00,23.800,15.600,Open-Meteo Historical Weather API,"Casalecchio di Reno, Bologna, Italy",44.4756,11.2759
2020-08-21T07:00:00+00:00,27.200,15.000,Open-Meteo Historical Weather API,"Casalecchio di Reno, Bologna, Italy",44.4756,11.2759
2020-08-21T08:00:00+00:00,29.200,15.500,Open-Meteo Historical Weather API,"Casalecchio di Reno, Bologna, Italy",44.4756,11.2759
2020-08-21T09:00:00+00:00,30.900,15.600,Open-Meteo Historical Weather API,"Casalecchio di Reno, Bologna, Italy",44.4756,11.2759
2020-08-21T10:00:00+00:00,32.500,15.400,Open-Meteo Historical Weather API,"Casalecchio di Reno, Bologna, Italy",44.4756,11.2759
2020-08-21T11:00:00+00:00,33.900,15.200,Open-Meteo Historical Weather API,"Casalecchio di Reno, Bologna, Italy",44.4756,11.2759
2020-08-21T12:00:00+00:00,33.000,15.400,Open-Meteo Historical Weather API,"Casalecchio di Reno, Bologna, Italy",44.4756,11.2759
2020-08-21T13:00:00+00:00,34.200,15.200,Open-Meteo Historical Weather API,"Casalecchio di Reno, Bologna, Italy",44.4756,11.2759
2020-08-21T14:00:00+00:00,34.600,14.900,Open-Meteo Historical Weather API,"Casalecchio di Reno, Bologna, Italy",44.4756,11.2759
2020-08-21T15:00:00+00:00,34.700,14.700,Open-Meteo Historical Weather API,"Casalecchio di Reno, Bologna, Italy",44.4756,11.2759
2020-08-21T16:00:00+00:00,34.100,14.800,Open-Meteo Historical Weather API,"Casalecchio di Reno, Bologna, Italy",44.4756,11.2759
2020-08-21T17:00:00+00:00,31.200,18.300,Open-Meteo Historical Weather API,"Casalecchio di Reno, Bologna, Italy",44.4756,11.2759
2020-08-21T18:00:00+00:00,29.100,18.300,Open-Meteo Historical Weather API,"Casalecchio di Reno, Bologna, Italy",44.4756,11.2759
2020-08-21T19:00:00+00:00,27.900,18.200,Open-Meteo Historical Weather API,"Casalecchio di Reno, Bologna, Italy",44.4756,11.2759
2020-08-21T20:00:00+00:00,26.800,18.400,Open-Meteo Historical Weather API,"Casalecchio di Reno, Bologna, Italy",44.4756,11.2759
2020-08-21T21:00:00+00:00,25.500,18.100,Open-Meteo Historical Weather API,"Casalecchio di Reno, Bologna, Italy",44.4756,11.2759
2020-08-21T22:00:00+00:00,25.000,16.800,Open-Meteo Historical Weather API,"Casalecchio di Reno, Bologna, Italy",44.4756,11.2759
2020-08-21T23:00:00+00:00,25.200,15.600,Open-Meteo Historical Weather API,"Casalecchio di Reno, Bologna, Italy",44.4756,11.2759
2020-08-22T00:00:00+00:00,24.900,15.000,Open-Meteo Historical Weather API,"Casalecchio di Reno, Bologna, Italy",44.4756,11.2759
2020-08-22T01:00:00+00:00,24.800,13.400,Open-Meteo Historical Weather API,"Casalecchio di Reno, Bologna, Italy",44.4756,11.2759
2020-08-22T02:00:00+00:00,24.500,12.200,Open-Meteo Historical Weather API,"Casalecchio di Reno, Bologna, Italy",44.4756,11.2759
2020-08-22T03:00:00+00:00,24.000,11.400,Open-Meteo Historical Weather API,"Casalecchio di Reno, Bologna, Italy",44.4756,11.2759
2020-08-22T04:00:00+00:00,23.600,11.000,Open-Meteo Historical Weather API,"Casalecchio di Reno, Bologna, Italy",44.4756,11.2759
2020-08-22T05:00:00+00:00,23.800,10.900,Open-Meteo Historical Weather API,"Casalecchio di Reno, Bologna, Italy",44.4756,11.2759
2020-08-22T06:00:00+00:00,26.000,11.500,Open-Meteo Historical Weather API,"Casalecchio di Reno, Bologna, Italy",44.4756,11.2759
2020-08-22T07:00:00+00:00,28.600,12.200,Open-Meteo Historical Weather API,"Casalecchio di Reno, Bologna, Italy",44.4756,11.2759
2020-08-22T08:00:00+00:00,30.500,13.100,Open-Meteo Historical Weather API,"Casalecchio di Reno, Bologna, Italy",44.4756,11.2759
2020-08-22T09:00:00+00:00,32.000,14.200,Open-Meteo Historical Weather API,"Casalecchio di Reno, Bologna, Italy",44.4756,11.2759
2020-08-22T10:00:00+00:00,33.500,14.900,Open-Meteo Historical Weather API,"Casalecchio di Reno, Bologna, Italy",44.4756,11.2759
2020-08-22T11:00:00+00:00,34.700,14.600,Open-Meteo Historical Weather API,"Casalecchio di Reno, Bologna, Italy",44.4756,11.2759
2020-08-22T12:00:00+00:00,34.300,15.500,Open-Meteo Historical Weather API,"Casalecchio di Reno, Bologna, Italy",44.4756,11.2759
2020-08-22T13:00:00+00:00,35.500,14.900,Open-Meteo Historical Weather API,"Casalecchio di Reno, Bologna, Italy",44.4756,11.2759
2020-08-22T14:00:00+00:00,36.000,14.200,Open-Meteo Historical Weather API,"Casalecchio di Reno, Bologna, Italy",44.4756,11.2759
2020-08-22T15:00:00+00:00,35.900,14.100,Open-Meteo Historical Weather API,"Casalecchio di Reno, Bologna, Italy",44.4756,11.2759
2020-08-22T16:00:00+00:00,35.100,14.400,Open-Meteo Historical Weather API,"Casalecchio di Reno, Bologna, Italy",44.4756,11.2759
2020-08-22T17:00:00+00:00,34.500,14.800,Open-Meteo Historical Weather API,"Casalecchio di Reno, Bologna, Italy",44.4756,11.2759
2020-08-22T18:00:00+00:00,33.000,14.600,Open-Meteo Historical Weather API,"Casalecchio di Reno, Bologna, Italy",44.4756,11.2759
2020-08-22T19:00:00+00:00,29.600,14.600,Open-Meteo Historical Weather API,"Casalecchio di Reno, Bologna, Italy",44.4756,11.2759
2020-08-22T20:00:00+00:00,28.000,16.100,Open-Meteo Historical Weather API,"Casalecchio di Reno, Bologna, Italy",44.4756,11.2759
2020-08-22T21:00:00+00:00,26.600,17.700,Open-Meteo Historical Weather API,"Casalecchio di Reno, Bologna, Italy",44.4756,11.2759
2020-08-22T22:00:00+00:00,25.900,17.500,Open-Meteo Historical Weather API,"Casalecchio di Reno, Bologna, Italy",44.4756,11.2759
2020-08-22T23:00:00+00:00,25.200,17.700,Open-Meteo Historical Weather API,"Casalecchio di Reno, Bologna, Italy",44.4756,11.2759
2020-08-23T00:00:00+00:00,24.700,18.200,Open-Meteo Historical Weather API,"Casalecchio di Reno, Bologna, Italy",44.4756,11.2759
2020-08-23T01:00:00+00:00,24.100,18.000,Open-Meteo Historical Weather API,"Casalecchio di Reno, Bologna, Italy",44.4756,11.2759
2020-08-23T02:00:00+00:00,23.600,17.600,Open-Meteo Historical Weather API,"Casalecchio di Reno, Bologna, Italy",44.4756,11.2759
2020-08-23T03:00:00+00:00,23.100,17.500,Open-Meteo Historical Weather API,"Casalecchio di Reno, Bologna, Italy",44.4756,11.2759
2020-08-23T04:00:00+00:00,22.500,17.600,Open-Meteo Historical Weather API,"Casalecchio di Reno, Bologna, Italy",44.4756,11.2759
2020-08-23T05:00:00+00:00,22.100,17.800,Open-Meteo Historical Weather API,"Casalecchio di Reno, Bologna, Italy",44.4756,11.2759
2020-08-23T06:00:00+00:00,25.200,17.400,Open-Meteo Historical Weather API,"Casalecchio di Reno, Bologna, Italy",44.4756,11.2759
2020-08-23T07:00:00+00:00,26.500,21.100,Open-Meteo Historical Weather API,"Casalecchio di Reno, Bologna, Italy",44.4756,11.2759
2020-08-23T08:00:00+00:00,28.100,20.200,Open-Meteo Historical Weather API,"Casalecchio di Reno, Bologna, Italy",44.4756,11.2759
2020-08-23T09:00:00+00:00,29.500,19.700,Open-Meteo Historical Weather API,"Casalecchio di Reno, Bologna, Italy",44.4756,11.2759
2020-08-23T10:00:00+00:00,30.900,19.000,Open-Meteo Historical Weather API,"Casalecchio di Reno, Bologna, Italy",44.4756,11.2759
2020-08-23T11:00:00+00:00,31.600,18.400,Open-Meteo Historical Weather API,"Casalecchio di Reno, Bologna, Italy",44.4756,11.2759
2020-08-23T12:00:00+00:00,27.200,21.400,Open-Meteo Historical Weather API,"Casalecchio di Reno, Bologna, Italy",44.4756,11.2759
2020-08-23T13:00:00+00:00,28.800,20.100,Open-Meteo Historical Weather API,"Casalecchio di Reno, Bologna, Italy",44.4756,11.2759
2020-08-23T14:00:00+00:00,29.500,20.200,Open-Meteo Historical Weather API,"Casalecchio di Reno, Bologna, Italy",44.4756,11.2759
2020-08-23T15:00:00+00:00,29.400,20.000,Open-Meteo Historical Weather API,"Casalecchio di Reno, Bologna, Italy",44.4756,11.2759
2020-08-23T16:00:00+00:00,29.500,20.200,Open-Meteo Historical Weather API,"Casalecchio di Reno, Bologna, Italy",44.4756,11.2759
2020-08-23T17:00:00+00:00,28.700,20.000,Open-Meteo Historical Weather API,"Casalecchio di Reno, Bologna, Italy",44.4756,11.2759
2020-08-23T18:00:00+00:00,22.200,20.800,Open-Meteo Historical Weather API,"Casalecchio di Reno, Bologna, Italy",44.4756,11.2759
2020-08-23T19:00:00+00:00,21.800,21.200,Open-Meteo Historical Weather API,"Casalecchio di Reno, Bologna, Italy",44.4756,11.2759
2020-08-23T20:00:00+00:00,21.900,20.400,Open-Meteo Historical Weather API,"Casalecchio di Reno, Bologna, Italy",44.4756,11.2759
2020-08-23T21:00:00+00:00,21.200,20.500,Open-Meteo Historical Weather API,"Casalecchio di Reno, Bologna, Italy",44.4756,11.2759
2020-08-23T22:00:00+00:00,21.000,20.200,Open-Meteo Historical Weather API,"Casalecchio di Reno, Bologna, Italy",44.4756,11.2759
2020-08-23T23:00:00+00:00,21.200,20.400,Open-Meteo Historical Weather API,"Casalecchio di Reno, Bologna, Italy",44.4756,11.2759
2020-08-24T00:00:00+00:00,21.500,20.600,Open-Meteo Historical Weather API,"Casalecchio di Reno, Bologna, Italy",44.4756,11.2759
2020-08-24T01:00:00+00:00,21.600,20.500,Open-Meteo Historical Weather API,"Casalecchio di Reno, Bologna, Italy",44.4756,11.2759
2020-08-24T02:00:00+00:00,21.000,20.600,Open-Meteo Historical Weather API,"Casalecchio di Reno, Bologna, Italy",44.4756,11.2759
2020-08-24T03:00:00+00:00,20.900,20.500,Open-Meteo Historical Weather API,"Casalecchio di Reno, Bologna, Italy",44.4756,11.2759
2020-08-24T04:00:00+00:00,20.900,20.300,Open-Meteo Historical Weather API,"Casalecchio di Reno, Bologna, Italy",44.4756,11.2759
2020-08-24T05:00:00+00:00,20.900,20.300,Open-Meteo Historical Weather API,"Casalecchio di Reno, Bologna, Italy",44.4756,11.2759
2020-08-24T06:00:00+00:00,21.600,20.100,Open-Meteo Historical Weather API,"Casalecchio di Reno, Bologna, Italy",44.4756,11.2759
2020-08-24T07:00:00+00:00,22.700,19.400,Open-Meteo Historical Weather API,"Casalecchio di Reno, Bologna, Italy",44.4756,11.2759
2020-08-24T08:00:00+00:00,24.100,19.000,Open-Meteo Historical Weather API,"Casalecchio di Reno, Bologna, Italy",44.4756,11.2759
2020-08-24T09:00:00+00:00,25.400,18.600,Open-Meteo Historical Weather API,"Casalecchio di Reno, Bologna, Italy",44.4756,11.2759
2020-08-24T10:00:00+00:00,26.600,18.200,Open-Meteo Historical Weather API,"Casalecchio di Reno, Bologna, Italy",44.4756,11.2759
2020-08-24T11:00:00+00:00,27.800,17.800,Open-Meteo Historical Weather API,"Casalecchio di Reno, Bologna, Italy",44.4756,11.2759
2020-08-24T12:00:00+00:00,28.500,18.100,Open-Meteo Historical Weather API,"Casalecchio di Reno, Bologna, Italy",44.4756,11.2759
2020-08-24T13:00:00+00:00,25.100,18.100,Open-Meteo Historical Weather API,"Casalecchio di Reno, Bologna, Italy",44.4756,11.2759
2020-08-24T14:00:00+00:00,24.800,18.200,Open-Meteo Historical Weather API,"Casalecchio di Reno, Bologna, Italy",44.4756,11.2759
2020-08-24T15:00:00+00:00,25.600,18.500,Open-Meteo Historical Weather API,"Casalecchio di Reno, Bologna, Italy",44.4756,11.2759
2020-08-24T16:00:00+00:00,25.800,18.400,Open-Meteo Historical Weather API,"Casalecchio di Reno, Bologna, Italy",44.4756,11.2759
2020-08-24T17:00:00+00:00,25.400,17.900,Open-Meteo Historical Weather API,"Casalecchio di Reno, Bologna, Italy",44.4756,11.2759
2020-08-24T18:00:00+00:00,22.900,17.800,Open-Meteo Historical Weather API,"Casalecchio di Reno, Bologna, Italy",44.4756,11.2759
2020-08-24T19:00:00+00:00,20.500,18.100,Open-Meteo Historical Weather API,"Casalecchio di Reno, Bologna, Italy",44.4756,11.2759
2020-08-24T20:00:00+00:00,20.000,18.500,Open-Meteo Historical Weather API,"Casalecchio di Reno, Bologna, Italy",44.4756,11.2759
2020-08-24T21:00:00+00:00,19.700,18.400,Open-Meteo Historical Weather API,"Casalecchio di Reno, Bologna, Italy",44.4756,11.2759
2020-08-24T22:00:00+00:00,19.300,18.100,Open-Meteo Historical Weather API,"Casalecchio di Reno, Bologna, Italy",44.4756,11.2759
2020-08-24T23:00:00+00:00,19.000,18.000,Open-Meteo Historical Weather API,"Casalecchio di Reno, Bologna, Italy",44.4756,11.2759
2020-08-25T00:00:00+00:00,20.400,18.000,Open-Meteo Historical Weather API,"Casalecchio di Reno, Bologna, Italy",44.4756,11.2759
2020-08-25T01:00:00+00:00,19.900,17.900,Open-Meteo Historical Weather API,"Casalecchio di Reno, Bologna, Italy",44.4756,11.2759
2020-08-25T02:00:00+00:00,19.100,17.800,Open-Meteo Historical Weather API,"Casalecchio di Reno, Bologna, Italy",44.4756,11.2759
2020-08-25T03:00:00+00:00,18.600,17.600,Open-Meteo Historical Weather API,"Casalecchio di Reno, Bologna, Italy",44.4756,11.2759
2020-08-25T04:00:00+00:00,19.000,17.500,Open-Meteo Historical Weather API,"Casalecchio di Reno, Bologna, Italy",44.4756,11.2759
2020-08-25T05:00:00+00:00,19.600,17.600,Open-Meteo Historical Weather API,"Casalecchio di Reno, Bologna, Italy",44.4756,11.2759
2020-08-25T06:00:00+00:00,20.900,17.600,Open-Meteo Historical Weather API,"Casalecchio di Reno, Bologna, Italy",44.4756,11.2759
2020-08-25T07:00:00+00:00,22.600,16.900,Open-Meteo Historical Weather API,"Casalecchio di Reno, Bologna, Italy",44.4756,11.2759
2020-08-25T08:00:00+00:00,24.200,16.800,Open-Meteo Historical Weather API,"Casalecchio di Reno, Bologna, Italy",44.4756,11.2759
2020-08-25T09:00:00+00:00,25.500,16.200,Open-Meteo Historical Weather API,"Casalecchio di Reno, Bologna, Italy",44.4756,11.2759
2020-08-25T10:00:00+00:00,26.700,15.300,Open-Meteo Historical Weather API,"Casalecchio di Reno, Bologna, Italy",44.4756,11.2759
2020-08-25T11:00:00+00:00,27.600,14.800,Open-Meteo Historical Weather API,"Casalecchio di Reno, Bologna, Italy",44.4756,11.2759
2020-08-25T12:00:00+00:00,27.800,13.300,Open-Meteo Historical Weather API,"Casalecchio di Reno, Bologna, Italy",44.4756,11.2759
2020-08-25T13:00:00+00:00,28.500,13.100,Open-Meteo Historical Weather API,"Casalecchio di Reno, Bologna, Italy",44.4756,11.2759
2020-08-25T14:00:00+00:00,28.900,12.900,Open-Meteo Historical Weather API,"Casalecchio di Reno, Bologna, Italy",44.4756,11.2759
2020-08-25T15:00:00+00:00,28.800,13.000,Open-Meteo Historical Weather API,"Casalecchio di Reno, Bologna, Italy",44.4756,11.2759
2020-08-25T16:00:00+00:00,28.500,12.900,Open-Meteo Historical Weather API,"Casalecchio di Reno, Bologna, Italy",44.4756,11.2759
2020-08-25T17:00:00+00:00,27.500,15.100,Open-Meteo Historical Weather API,"Casalecchio di Reno, Bologna, Italy",44.4756,11.2759
2020-08-25T18:00:00+00:00,25.400,14.600,Open-Meteo Historical Weather API,"Casalecchio di Reno, Bologna, Italy",44.4756,11.2759
2020-08-25T19:00:00+00:00,24.500,14.100,Open-Meteo Historical Weather API,"Casalecchio di Reno, Bologna, Italy",44.4756,11.2759
2020-08-25T20:00:00+00:00,23.000,15.200,Open-Meteo Historical Weather API,"Casalecchio di Reno, Bologna, Italy",44.4756,11.2759
2020-08-25T21:00:00+00:00,21.400,15.200,Open-Meteo Historical Weather API,"Casalecchio di Reno, Bologna, Italy",44.4756,11.2759
2020-08-25T22:00:00+00:00,20.500,14.900,Open-Meteo Historical Weather API,"Casalecchio di Reno, Bologna, Italy",44.4756,11.2759
2020-08-25T23:00:00+00:00,20.400,14.600,Open-Meteo Historical Weather API,"Casalecchio di Reno, Bologna, Italy",44.4756,11.2759
2020-08-26T00:00:00+00:00,20.800,14.700,Open-Meteo Historical Weather API,"Casalecchio di Reno, Bologna, Italy",44.4756,11.2759
2020-08-26T01:00:00+00:00,20.800,14.600,Open-Meteo Historical Weather API,"Casalecchio di Reno, Bologna, Italy",44.4756,11.2759
2020-08-26T02:00:00+00:00,20.500,15.100,Open-Meteo Historical Weather API,"Casalecchio di Reno, Bologna, Italy",44.4756,11.2759
2020-08-26T03:00:00+00:00,20.400,15.900,Open-Meteo Historical Weather API,"Casalecchio di Reno, Bologna, Italy",44.4756,11.2759
2020-08-26T04:00:00+00:00,20.400,15.900,Open-Meteo Historical Weather API,"Casalecchio di Reno, Bologna, Italy",44.4756,11.2759
2020-08-26T05:00:00+00:00,20.500,15.800,Open-Meteo Historical Weather API,"Casalecchio di Reno, Bologna, Italy",44.4756,11.2759
2020-08-26T06:00:00+00:00,22.300,16.000,Open-Meteo Historical Weather API,"Casalecchio di Reno, Bologna, Italy",44.4756,11.2759
2020-08-26T07:00:00+00:00,25.200,16.300,Open-Meteo Historical Weather API,"Casalecchio di Reno, Bologna, Italy",44.4756,11.2759
2020-08-26T08:00:00+00:00,27.200,15.300,Open-Meteo Historical Weather API,"Casalecchio di Reno, Bologna, Italy",44.4756,11.2759
2020-08-26T09:00:00+00:00,28.400,15.200,Open-Meteo Historical Weather API,"Casalecchio di Reno, Bologna, Italy",44.4756,11.2759
2020-08-26T10:00:00+00:00,29.400,15.400,Open-Meteo Historical Weather API,"Casalecchio di Reno, Bologna, Italy",44.4756,11.2759
2020-08-26T11:00:00+00:00,30.200,15.100,Open-Meteo Historical Weather API,"Casalecchio di Reno, Bologna, Italy",44.4756,11.2759
2020-08-26T12:00:00+00:00,29.800,16.100,Open-Meteo Historical Weather API,"Casalecchio di Reno, Bologna, Italy",44.4756,11.2759
2020-08-26T13:00:00+00:00,30.600,16.200,Open-Meteo Historical Weather API,"Casalecchio di Reno, Bologna, Italy",44.4756,11.2759
2020-08-26T14:00:00+00:00,31.200,16.100,Open-Meteo Historical Weather API,"Casalecchio di Reno, Bologna, Italy",44.4756,11.2759
2020-08-26T15:00:00+00:00,31.500,16.200,Open-Meteo Historical Weather API,"Casalecchio di Reno, Bologna, Italy",44.4756,11.2759
2020-08-26T16:00:00+00:00,31.500,16.300,Open-Meteo Historical Weather API,"Casalecchio di Reno, Bologna, Italy",44.4756,11.2759
2020-08-26T17:00:00+00:00,31.000,16.000,Open-Meteo Historical Weather API,"Casalecchio di Reno, Bologna, Italy",44.4756,11.2759
2020-08-26T18:00:00+00:00,27.000,17.100,Open-Meteo Historical Weather API,"Casalecchio di Reno, Bologna, Italy",44.4756,11.2759
2020-08-26T19:00:00+00:00,26.000,18.000,Open-Meteo Historical Weather API,"Casalecchio di Reno, Bologna, Italy",44.4756,11.2759
2020-08-26T20:00:00+00:00,24.900,18.000,Open-Meteo Historical Weather API,"Casalecchio di Reno, Bologna, Italy",44.4756,11.2759
2020-08-26T21:00:00+00:00,23.600,17.900,Open-Meteo Historical Weather API,"Casalecchio di Reno, Bologna, Italy",44.4756,11.2759
2020-08-26T22:00:00+00:00,22.900,18.000,Open-Meteo Historical Weather API,"Casalecchio di Reno, Bologna, Italy",44.4756,11.2759
2020-08-26T23:00:00+00:00,22.500,18.100,Open-Meteo Historical Weather API,"Casalecchio di Reno, Bologna, Italy",44.4756,11.2759
2020-08-27T00:00:00+00:00,22.800,18.400,Open-Meteo Historical Weather API,"Casalecchio di Reno, Bologna, Italy",44.4756,11.2759
2020-08-27T01:00:00+00:00,22.700,18.300,Open-Meteo Historical Weather API,"Casalecchio di Reno, Bologna, Italy",44.4756,11.2759
2020-08-27T02:00:00+00:00,22.800,18.600,Open-Meteo Historical Weather API,"Casalecchio di Reno, Bologna, Italy",44.4756,11.2759
2020-08-27T03:00:00+00:00,22.200,18.900,Open-Meteo Historical Weather API,"Casalecchio di Reno, Bologna, Italy",44.4756,11.2759
2020-08-27T04:00:00+00:00,21.600,19.000,Open-Meteo Historical Weather API,"Casalecchio di Reno, Bologna, Italy",44.4756,11.2759
2020-08-27T05:00:00+00:00,21.400,18.800,Open-Meteo Historical Weather API,"Casalecchio di Reno, Bologna, Italy",44.4756,11.2759
2020-08-27T06:00:00+00:00,23.500,18.600,Open-Meteo Historical Weather API,"Casalecchio di Reno, Bologna, Italy",44.4756,11.2759
2020-08-27T07:00:00+00:00,25.500,17.600,Open-Meteo Historical Weather API,"Casalecchio di Reno, Bologna, Italy",44.4756,11.2759
2020-08-27T08:00:00+00:00,26.800,18.200,Open-Meteo Historical Weather API,"Casalecchio di Reno, Bologna, Italy",44.4756,11.2759
2020-08-27T09:00:00+00:00,27.900,18.800,Open-Meteo Historical Weather API,"Casalecchio di Reno, Bologna, Italy",44.4756,11.2759
2020-08-27T10:00:00+00:00,29.200,18.800,Open-Meteo Historical Weather API,"Casalecchio di Reno, Bologna, Italy",44.4756,11.2759
2020-08-27T11:00:00+00:00,30.000,18.400,Open-Meteo Historical Weather API,"Casalecchio di Reno, Bologna, Italy",44.4756,11.2759
2020-08-27T12:00:00+00:00,29.200,17.800,Open-Meteo Historical Weather API,"Casalecchio di Reno, Bologna, Italy",44.4756,11.2759
2020-08-27T13:00:00+00:00,30.400,17.800,Open-Meteo Historical Weather API,"Casalecchio di Reno, Bologna, Italy",44.4756,11.2759
2020-08-27T14:00:00+00:00,31.200,17.500,Open-Meteo Historical Weather API,"Casalecchio di Reno, Bologna, Italy",44.4756,11.2759
2020-08-27T15:00:00+00:00,31.000,17.000,Open-Meteo Historical Weather API,"Casalecchio di Reno, Bologna, Italy",44.4756,11.2759
2020-08-27T16:00:00+00:00,30.100,17.500,Open-Meteo Historical Weather API,"Casalecchio di Reno, Bologna, Italy",44.4756,11.2759
2020-08-27T17:00:00+00:00,29.100,18.000,Open-Meteo Historical Weather API,"Casalecchio di Reno, Bologna, Italy",44.4756,11.2759
2020-08-27T18:00:00+00:00,26.500,20.200,Open-Meteo Historical Weather API,"Casalecchio di Reno, Bologna, Italy",44.4756,11.2759
2020-08-27T19:00:00+00:00,25.200,20.500,Open-Meteo Historical Weather API,"Casalecchio di Reno, Bologna, Italy",44.4756,11.2759
2020-08-27T20:00:00+00:00,24.400,21.000,Open-Meteo Historical Weather API,"Casalecchio di Reno, Bologna, Italy",44.4756,11.2759
2020-08-27T21:00:00+00:00,23.500,20.800,Open-Meteo Historical Weather API,"Casalecchio di Reno, Bologna, Italy",44.4756,11.2759
2020-08-27T22:00:00+00:00,23.000,19.100,Open-Meteo Historical Weather API,"Casalecchio di Reno, Bologna, Italy",44.4756,11.2759
2020-08-27T23:00:00+00:00,22.900,17.500,Open-Meteo Historical Weather API,"Casalecchio di Reno, Bologna, Italy",44.4756,11.2759
2020-08-28T00:00:00+00:00,22.900,16.600,Open-Meteo Historical Weather API,"Casalecchio di Reno, Bologna, Italy",44.4756,11.2759
2020-08-28T01:00:00+00:00,22.700,16.600,Open-Meteo Historical Weather API,"Casalecchio di Reno, Bologna, Italy",44.4756,11.2759
2020-08-28T02:00:00+00:00,22.800,16.400,Open-Meteo Historical Weather API,"Casalecchio di Reno, Bologna, Italy",44.4756,11.2759
2020-08-28T03:00:00+00:00,22.800,16.000,Open-Meteo Historical Weather API,"Casalecchio di Reno, Bologna, Italy",44.4756,11.2759
2020-08-28T04:00:00+00:00,22.600,15.900,Open-Meteo Historical Weather API,"Casalecchio di Reno, Bologna, Italy",44.4756,11.2759
2020-08-28T05:00:00+00:00,21.600,16.600,Open-Meteo Historical Weather API,"Casalecchio di Reno, Bologna, Italy",44.4756,11.2759
2020-08-28T06:00:00+00:00,23.800,16.100,Open-Meteo Historical Weather API,"Casalecchio di Reno, Bologna, Italy",44.4756,11.2759
2020-08-28T07:00:00+00:00,25.500,16.400,Open-Meteo Historical Weather API,"Casalecchio di Reno, Bologna, Italy",44.4756,11.2759
2020-08-28T08:00:00+00:00,27.100,16.600,Open-Meteo Historical Weather API,"Casalecchio di Reno, Bologna, Italy",44.4756,11.2759
2020-08-28T09:00:00+00:00,28.500,16.700,Open-Meteo Historical Weather API,"Casalecchio di Reno, Bologna, Italy",44.4756,11.2759
2020-08-28T10:00:00+00:00,30.400,16.500,Open-Meteo Historical Weather API,"Casalecchio di Reno, Bologna, Italy",44.4756,11.2759
2020-08-28T11:00:00+00:00,31.100,16.800,Open-Meteo Historical Weather API,"Casalecchio di Reno, Bologna, Italy",44.4756,11.2759
2020-08-28T12:00:00+00:00,31.500,15.200,Open-Meteo Historical Weather API,"Casalecchio di Reno, Bologna, Italy",44.4756,11.2759
2020-08-28T13:00:00+00:00,31.600,16.000,Open-Meteo Historical Weather API,"Casalecchio di Reno, Bologna, Italy",44.4756,11.2759
2020-08-28T14:00:00+00:00,31.600,16.200,Open-Meteo Historical Weather API,"Casalecchio di Reno, Bologna, Italy",44.4756,11.2759
2020-08-28T15:00:00+00:00,32.000,16.000,Open-Meteo Historical Weather API,"Casalecchio di Reno, Bologna, Italy",44.4756,11.2759
2020-08-28T16:00:00+00:00,32.000,15.600,Open-Meteo Historical Weather API,"Casalecchio di Reno, Bologna, Italy",44.4756,11.2759
2020-08-28T17:00:00+00:00,30.300,16.200,Open-Meteo Historical Weather API,"Casalecchio di Reno, Bologna, Italy",44.4756,11.2759
2020-08-28T18:00:00+00:00,27.900,15.700,Open-Meteo Historical Weather API,"Casalecchio di Reno, Bologna, Italy",44.4756,11.2759
2020-08-28T19:00:00+00:00,26.400,15.600,Open-Meteo Historical Weather API,"Casalecchio di Reno, Bologna, Italy",44.4756,11.2759
2020-08-28T20:00:00+00:00,25.800,14.900,Open-Meteo Historical Weather API,"Casalecchio di Reno, Bologna, Italy",44.4756,11.2759
2020-08-28T21:00:00+00:00,25.200,14.300,Open-Meteo Historical Weather API,"Casalecchio di Reno, Bologna, Italy",44.4756,11.2759
2020-08-28T22:00:00+00:00,24.400,14.800,Open-Meteo Historical Weather API,"Casalecchio di Reno, Bologna, Italy",44.4756,11.2759
2020-08-28T23:00:00+00:00,24.600,16.500,Open-Meteo Historical Weather API,"Casalecchio di Reno, Bologna, Italy",44.4756,11.2759
2020-08-29T00:00:00+00:00,23.800,17.200,Open-Meteo Historical Weather API,"Casalecchio di Reno, Bologna, Italy",44.4756,11.2759
2020-08-29T01:00:00+00:00,24.000,18.000,Open-Meteo Historical Weather API,"Casalecchio di Reno, Bologna, Italy",44.4756,11.2759
2020-08-29T02:00:00+00:00,23.800,18.100,Open-Meteo Historical Weather API,"Casalecchio di Reno, Bologna, Italy",44.4756,11.2759
2020-08-29T03:00:00+00:00,23.600,18.000,Open-Meteo Historical Weather API,"Casalecchio di Reno, Bologna, Italy",44.4756,11.2759
2020-08-29T04:00:00+00:00,23.700,18.400,Open-Meteo Historical Weather API,"Casalecchio di Reno, Bologna, Italy",44.4756,11.2759
2020-08-29T05:00:00+00:00,24.100,19.000,Open-Meteo Historical Weather API,"Casalecchio di Reno, Bologna, Italy",44.4756,11.2759
2020-08-29T06:00:00+00:00,25.000,19.100,Open-Meteo Historical Weather API,"Casalecchio di Reno, Bologna, Italy",44.4756,11.2759
2020-08-29T07:00:00+00:00,26.300,19.300,Open-Meteo Historical Weather API,"Casalecchio di Reno, Bologna, Italy",44.4756,11.2759
2020-08-29T08:00:00+00:00,26.000,19.400,Open-Meteo Historical Weather API,"Casalecchio di Reno, Bologna, Italy",44.4756,11.2759
2020-08-29T09:00:00+00:00,26.500,19.500,Open-Meteo Historical Weather API,"Casalecchio di Reno, Bologna, Italy",44.4756,11.2759
2020-08-29T10:00:00+00:00,27.500,19.200,Open-Meteo Historical Weather API,"Casalecchio di Reno, Bologna, Italy",44.4756,11.2759
2020-08-29T11:00:00+00:00,29.400,18.800,Open-Meteo Historical Weather API,"Casalecchio di Reno, Bologna, Italy",44.4756,11.2759
2020-08-29T12:00:00+00:00,25.700,20.300,Open-Meteo Historical Weather API,"Casalecchio di Reno, Bologna, Italy",44.4756,11.2759
2020-08-29T13:00:00+00:00,25.900,20.000,Open-Meteo Historical Weather API,"Casalecchio di Reno, Bologna, Italy",44.4756,11.2759
2020-08-29T14:00:00+00:00,26.900,19.400,Open-Meteo Historical Weather API,"Casalecchio di Reno, Bologna, Italy",44.4756,11.2759
2020-08-29T15:00:00+00:00,28.900,19.500,Open-Meteo Historical Weather API,"Casalecchio di Reno, Bologna, Italy",44.4756,11.2759
2020-08-29T16:00:00+00:00,24.800,20.600,Open-Meteo Historical Weather API,"Casalecchio di Reno, Bologna, Italy",44.4756,11.2759
2020-08-29T17:00:00+00:00,22.200,20.600,Open-Meteo Historical Weather API,"Casalecchio di Reno, Bologna, Italy",44.4756,11.2759
2020-08-29T18:00:00+00:00,22.500,21.000,Open-Meteo Historical Weather API,"Casalecchio di Reno, Bologna, Italy",44.4756,11.2759
2020-08-29T19:00:00+00:00,23.500,20.000,Open-Meteo Historical Weather API,"Casalecchio di Reno, Bologna, Italy",44.4756,11.2759
2020-08-29T20:00:00+00:00,23.900,18.400,Open-Meteo Historical Weather API,"Casalecchio di Reno, Bologna, Italy",44.4756,11.2759
2020-08-29T21:00:00+00:00,24.000,18.600,Open-Meteo Historical Weather API,"Casalecchio di Reno, Bologna, Italy",44.4756,11.2759
2020-08-29T22:00:00+00:00,23.000,18.900,Open-Meteo Historical Weather API,"Casalecchio di Reno, Bologna, Italy",44.4756,11.2759
2020-08-29T23:00:00+00:00,24.000,18.900,Open-Meteo Historical Weather API,"Casalecchio di Reno, Bologna, Italy",44.4756,11.2759
2020-08-30T00:00:00+00:00,21.600,20.400,Open-Meteo Historical Weather API,"Casalecchio di Reno, Bologna, Italy",44.4756,11.2759
2020-08-30T01:00:00+00:00,21.500,21.100,Open-Meteo Historical Weather API,"Casalecchio di Reno, Bologna, Italy",44.4756,11.2759
2020-08-30T02:00:00+00:00,21.100,21.100,Open-Meteo Historical Weather API,"Casalecchio di Reno, Bologna, Italy",44.4756,11.2759
2020-08-30T03:00:00+00:00,21.100,21.000,Open-Meteo Historical Weather API,"Casalecchio di Reno, Bologna, Italy",44.4756,11.2759
2020-08-30T04:00:00+00:00,21.500,19.500,Open-Meteo Historical Weather API,"Casalecchio di Reno, Bologna, Italy",44.4756,11.2759
2020-08-30T05:00:00+00:00,20.400,17.400,Open-Meteo Historical Weather API,"Casalecchio di Reno, Bologna, Italy",44.4756,11.2759
2020-08-30T06:00:00+00:00,21.100,17.800,Open-Meteo Historical Weather API,"Casalecchio di Reno, Bologna, Italy",44.4756,11.2759
2020-08-30T07:00:00+00:00,23.600,19.000,Open-Meteo Historical Weather API,"Casalecchio di Reno, Bologna, Italy",44.4756,11.2759
2020-08-30T08:00:00+00:00,25.300,19.000,Open-Meteo Historical Weather API,"Casalecchio di Reno, Bologna, Italy",44.4756,11.2759
2020-08-30T09:00:00+00:00,24.200,19.300,Open-Meteo Historical Weather API,"Casalecchio di Reno, Bologna, Italy",44.4756,11.2759
2020-08-30T10:00:00+00:00,23.500,19.100,Open-Meteo Historical Weather API,"Casalecchio di Reno, Bologna, Italy",44.4756,11.2759
2020-08-30T11:00:00+00:00,24.900,17.700,Open-Meteo Historical Weather API,"Casalecchio di Reno, Bologna, Italy",44.4756,11.2759
2020-08-30T12:00:00+00:00,27.900,12.600,Open-Meteo Historical Weather API,"Casalecchio di Reno, Bologna, Italy",44.4756,11.2759
2020-08-30T13:00:00+00:00,28.400,9.700,Open-Meteo Historical Weather API,"Casalecchio di Reno, Bologna, Italy",44.4756,11.2759
2020-08-30T14:00:00+00:00,28.500,8.100,Open-Meteo Historical Weather API,"Casalecchio di Reno, Bologna, Italy",44.4756,11.2759
2020-08-30T15:00:00+00:00,27.400,10.100,Open-Meteo Historical Weather API,"Casalecchio di Reno, Bologna, Italy",44.4756,11.2759
2020-08-30T16:00:00+00:00,26.200,11.400,Open-Meteo Historical Weather API,"Casalecchio di Reno, Bologna, Italy",44.4756,11.2759
2020-08-30T17:00:00+00:00,25.000,12.400,Open-Meteo Historical Weather API,"Casalecchio di Reno, Bologna, Italy",44.4756,11.2759
2020-08-30T18:00:00+00:00,23.100,12.800,Open-Meteo Historical Weather API,"Casalecchio di Reno, Bologna, Italy",44.4756,11.2759
2020-08-30T19:00:00+00:00,21.700,13.200,Open-Meteo Historical Weather API,"Casalecchio di Reno, Bologna, Italy",44.4756,11.2759
2020-08-30T20:00:00+00:00,21.200,14.300,Open-Meteo Historical Weather API,"Casalecchio di Reno, Bologna, Italy",44.4756,11.2759
2020-08-30T21:00:00+00:00,20.600,14.800,Open-Meteo Historical Weather API,"Casalecchio di Reno, Bologna, Italy",44.4756,11.2759
2020-08-30T22:00:00+00:00,20.100,14.700,Open-Meteo Historical Weather API,"Casalecchio di Reno, Bologna, Italy",44.4756,11.2759
2020-08-30T23:00:00+00:00,20.000,14.700,Open-Meteo Historical Weather API,"Casalecchio di Reno, Bologna, Italy",44.4756,11.2759
2020-08-31T00:00:00+00:00,19.700,13.700,Open-Meteo Historical Weather API,"Casalecchio di Reno, Bologna, Italy",44.4756,11.2759
2020-08-31T01:00:00+00:00,19.400,13.900,Open-Meteo Historical Weather API,"Casalecchio di Reno, Bologna, Italy",44.4756,11.2759
2020-08-31T02:00:00+00:00,19.500,13.900,Open-Meteo Historical Weather API,"Casalecchio di Reno, Bologna, Italy",44.4756,11.2759
2020-08-31T03:00:00+00:00,19.000,13.800,Open-Meteo Historical Weather API,"Casalecchio di Reno, Bologna, Italy",44.4756,11.2759
2020-08-31T04:00:00+00:00,18.500,13.900,Open-Meteo Historical Weather API,"Casalecchio di Reno, Bologna, Italy",44.4756,11.2759
2020-08-31T05:00:00+00:00,18.000,13.900,Open-Meteo Historical Weather API,"Casalecchio di Reno, Bologna, Italy",44.4756,11.2759
2020-08-31T06:00:00+00:00,19.200,14.400,Open-Meteo Historical Weather API,"Casalecchio di Reno, Bologna, Italy",44.4756,11.2759
2020-08-31T07:00:00+00:00,21.200,14.400,Open-Meteo Historical Weather API,"Casalecchio di Reno, Bologna, Italy",44.4756,11.2759
2020-08-31T08:00:00+00:00,21.600,14.300,Open-Meteo Historical Weather API,"Casalecchio di Reno, Bologna, Italy",44.4756,11.2759
2020-08-31T09:00:00+00:00,22.300,13.400,Open-Meteo Historical Weather API,"Casalecchio di Reno, Bologna, Italy",44.4756,11.2759
2020-08-31T10:00:00+00:00,21.900,13.600,Open-Meteo Historical Weather API,"Casalecchio di Reno, Bologna, Italy",44.4756,11.2759
2020-08-31T11:00:00+00:00,20.100,14.200,Open-Meteo Historical Weather API,"Casalecchio di Reno, Bologna, Italy",44.4756,11.2759
2020-08-31T12:00:00+00:00,20.200,15.600,Open-Meteo Historical Weather API,"Casalecchio di Reno, Bologna, Italy",44.4756,11.2759
2020-08-31T13:00:00+00:00,20.200,15.200,Open-Meteo Historical Weather API,"Casalecchio di Reno, Bologna, Italy",44.4756,11.2759
2020-08-31T14:00:00+00:00,19.600,15.400,Open-Meteo Historical Weather API,"Casalecchio di Reno, Bologna, Italy",44.4756,11.2759
2020-08-31T15:00:00+00:00,19.200,16.000,Open-Meteo Historical Weather API,"Casalecchio di Reno, Bologna, Italy",44.4756,11.2759
2020-08-31T16:00:00+00:00,18.900,15.700,Open-Meteo Historical Weather API,"Casalecchio di Reno, Bologna, Italy",44.4756,11.2759
2020-08-31T17:00:00+00:00,18.500,15.800,Open-Meteo Historical Weather API,"Casalecchio di Reno, Bologna, Italy",44.4756,11.2759
2020-08-31T18:00:00+00:00,18.200,15.400,Open-Meteo Historical Weather API,"Casalecchio di Reno, Bologna, Italy",44.4756,11.2759
2020-08-31T19:00:00+00:00,17.000,16.100,Open-Meteo Historical Weather API,"Casalecchio di Reno, Bologna, Italy",44.4756,11.2759
2020-08-31T20:00:00+00:00,17.200,16.100,Open-Meteo Historical Weather API,"Casalecchio di Reno, Bologna, Italy",44.4756,11.2759
2020-08-31T21:00:00+00:00,16.100,15.600,Open-Meteo Historical Weather API,"Casalecchio di Reno, Bologna, Italy",44.4756,11.2759
2020-08-31T22:00:00+00:00,16.000,15.200,Open-Meteo Historical Weather API,"Casalecchio di Reno, Bologna, Italy",44.4756,11.2759
2020-08-31T23:00:00+00:00,15.600,14.300,Open-Meteo Historical Weather API,"Casalecchio di Reno, Bologna, Italy",44.4756,11.2759
2020-09-01T00:00:00+00:00,14.700,11.800,Open-Meteo Historical Weather API,"Casalecchio di Reno, Bologna, Italy",44.4756,11.2759
2020-09-01T01:00:00+00:00,14.600,11.900,Open-Meteo Historical Weather API,"Casalecchio di Reno, Bologna, Italy",44.4756,11.2759
2020-09-01T02:00:00+00:00,13.200,11.500,Open-Meteo Historical Weather API,"Casalecchio di Reno, Bologna, Italy",44.4756,11.2759
2020-09-01T03:00:00+00:00,13.900,11.800,Open-Meteo Historical Weather API,"Casalecchio di Reno, Bologna, Italy",44.4756,11.2759
2020-09-01T04:00:00+00:00,13.900,11.400,Open-Meteo Historical Weather API,"Casalecchio di Reno, Bologna, Italy",44.4756,11.2759
2020-09-01T05:00:00+00:00,14.900,11.100,Open-Meteo Historical Weather API,"Casalecchio di Reno, Bologna, Italy",44.4756,11.2759
2020-09-01T06:00:00+00:00,16.900,11.600,Open-Meteo Historical Weather API,"Casalecchio di Reno, Bologna, Italy",44.4756,11.2759
2020-09-01T07:00:00+00:00,19.200,11.400,Open-Meteo Historical Weather API,"Casalecchio di Reno, Bologna, Italy",44.4756,11.2759
2020-09-01T08:00:00+00:00,21.000,11.600,Open-Meteo Historical Weather API,"Casalecchio di Reno, Bologna, Italy",44.4756,11.2759
2020-09-01T09:00:00+00:00,22.200,11.600,Open-Meteo Historical Weather API,"Casalecchio di Reno, Bologna, Italy",44.4756,11.2759
2020-09-01T10:00:00+00:00,23.400,11.500,Open-Meteo Historical Weather API,"Casalecchio di Reno, Bologna, Italy",44.4756,11.2759
2020-09-01T11:00:00+00:00,24.200,11.100,Open-Meteo Historical Weather API,"Casalecchio di Reno, Bologna, Italy",44.4756,11.2759
2020-09-01T12:00:00+00:00,24.600,11.800,Open-Meteo Historical Weather API,"Casalecchio di Reno, Bologna, Italy",44.4756,11.2759
2020-09-01T13:00:00+00:00,25.500,11.600,Open-Meteo Historical Weather API,"Casalecchio di Reno, Bologna, Italy",44.4756,11.2759
2020-09-01T14:00:00+00:00,25.900,11.400,Open-Meteo Historical Weather API,"Casalecchio di Reno, Bologna, Italy",44.4756,11.2759
2020-09-01T15:00:00+00:00,25.900,11.400,Open-Meteo Historical Weather API,"Casalecchio di Reno, Bologna, Italy",44.4756,11.2759
2020-09-01T16:00:00+00:00,25.200,11.400,Open-Meteo Historical Weather API,"Casalecchio di Reno, Bologna, Italy",44.4756,11.2759
2020-09-01T17:00:00+00:00,23.200,15.400,Open-Meteo Historical Weather API,"Casalecchio di Reno, Bologna, Italy",44.4756,11.2759
2020-09-01T18:00:00+00:00,21.000,12.200,Open-Meteo Historical Weather API,"Casalecchio di Reno, Bologna, Italy",44.4756,11.2759
2020-09-01T19:00:00+00:00,19.600,12.200,Open-Meteo Historical Weather API,"Casalecchio di Reno, Bologna, Italy",44.4756,11.2759
2020-09-01T20:00:00+00:00,19.000,13.100,Open-Meteo Historical Weather API,"Casalecchio di Reno, Bologna, Italy",44.4756,11.2759
2020-09-01T21:00:00+00:00,18.700,13.200,Open-Meteo Historical Weather API,"Casalecchio di Reno, Bologna, Italy",44.4756,11.2759
2020-09-01T22:00:00+00:00,18.400,12.800,Open-Meteo Historical Weather API,"Casalecchio di Reno, Bologna, Italy",44.4756,11.2759
2020-09-01T23:00:00+00:00,18.000,11.900,Open-Meteo Historical Weather API,"Casalecchio di Reno, Bologna, Italy",44.4756,11.2759
2020-09-02T00:00:00+00:00,17.900,11.500,Open-Meteo Historical Weather API,"Casalecchio di Reno, Bologna, Italy",44.4756,11.2759
2020-09-02T01:00:00+00:00,17.500,11.500,Open-Meteo Historical Weather API,"Casalecchio di Reno, Bologna, Italy",44.4756,11.2759
2020-09-02T02:00:00+00:00,17.000,11.600,Open-Meteo Historical Weather API,"Casalecchio di Reno, Bologna, Italy",44.4756,11.2759
2020-09-02T03:00:00+00:00,15.900,11.800,Open-Meteo Historical Weather API,"Casalecchio di Reno, Bologna, Italy",44.4756,11.2759
2020-09-02T04:00:00+00:00,14.400,11.900,Open-Meteo Historical Weather API,"Casalecchio di Reno, Bologna, Italy",44.4756,11.2759
2020-09-02T05:00:00+00:00,14.700,11.600,Open-Meteo Historical Weather API,"Casalecchio di Reno, Bologna, Italy",44.4756,11.2759
2020-09-02T06:00:00+00:00,16.600,12.100,Open-Meteo Historical Weather API,"Casalecchio di Reno, Bologna, Italy",44.4756,11.2759
2020-09-02T07:00:00+00:00,18.800,12.300,Open-Meteo Historical Weather API,"Casalecchio di Reno, Bologna, Italy",44.4756,11.2759
2020-09-02T08:00:00+00:00,20.000,12.400,Open-Meteo Historical Weather API,"Casalecchio di Reno, Bologna, Italy",44.4756,11.2759
2020-09-02T09:00:00+00:00,21.700,12.600,Open-Meteo Historical Weather API,"Casalecchio di Reno, Bologna, Italy",44.4756,11.2759
2020-09-02T10:00:00+00:00,23.400,12.400,Open-Meteo Historical Weather API,"Casalecchio di Reno, Bologna, Italy",44.4756,11.2759
2020-09-02T11:00:00+00:00,24.900,11.800,Open-Meteo Historical Weather API,"Casalecchio di Reno, Bologna, Italy",44.4756,11.2759
2020-09-02T12:00:00+00:00,22.700,15.400,Open-Meteo Historical Weather API,"Casalecchio di Reno, Bologna, Italy",44.4756,11.2759
2020-09-02T13:00:00+00:00,22.000,14.400,Open-Meteo Historical Weather API,"Casalecchio di Reno, Bologna, Italy",44.4756,11.2759
2020-09-02T14:00:00+00:00,22.700,15.900,Open-Meteo Historical Weather API,"Casalecchio di Reno, Bologna, Italy",44.4756,11.2759
2020-09-02T15:00:00+00:00,21.300,16.400,Open-Meteo Historical Weather API,"Casalecchio di Reno, Bologna, Italy",44.4756,11.2759
2020-09-02T16:00:00+00:00,20.500,16.300,Open-Meteo Historical Weather API,"Casalecchio di Reno, Bologna, Italy",44.4756,11.2759
2020-09-02T17:00:00+00:00,20.500,16.200,Open-Meteo Historical Weather API,"Casalecchio di Reno, Bologna, Italy",44.4756,11.2759
2020-09-02T18:00:00+00:00,18.500,16.500,Open-Meteo Historical Weather API,"Casalecchio di Reno, Bologna, Italy",44.4756,11.2759
2020-09-02T19:00:00+00:00,18.800,16.300,Open-Meteo Historical Weather API,"Casalecchio di Reno, Bologna, Italy",44.4756,11.2759
2020-09-02T20:00:00+00:00,19.500,16.100,Open-Meteo Historical Weather API,"Casalecchio di Reno, Bologna, Italy",44.4756,11.2759
2020-09-02T21:00:00+00:00,17.900,15.900,Open-Meteo Historical Weather API,"Casalecchio di Reno, Bologna, Italy",44.4756,11.2759
2020-09-02T22:00:00+00:00,16.500,15.400,Open-Meteo Historical Weather API,"Casalecchio di Reno, Bologna, Italy",44.4756,11.2759
2020-09-02T23:00:00+00:00,16.400,15.400,Open-Meteo Historical Weather API,"Casalecchio di Reno, Bologna, Italy",44.4756,11.2759
2020-09-03T00:00:00+00:00,16.000,15.100,Open-Meteo Historical Weather API,"Casalecchio di Reno, Bologna, Italy",44.4756,11.2759
2020-09-03T01:00:00+00:00,16.100,15.000,Open-Meteo Historical Weather API,"Casalecchio di Reno, Bologna, Italy",44.4756,11.2759
2020-09-03T02:00:00+00:00,15.400,14.700,Open-Meteo Historical Weather API,"Casalecchio di Reno, Bologna, Italy",44.4756,11.2759
2020-09-03T03:00:00+00:00,15.400,14.600,Open-Meteo Historical Weather API,"Casalecchio di Reno, Bologna, Italy",44.4756,11.2759
2020-09-03T04:00:00+00:00,15.000,14.300,Open-Meteo Historical Weather API,"Casalecchio di Reno, Bologna, Italy",44.4756,11.2759
2020-09-03T05:00:00+00:00,15.100,14.200,Open-Meteo Historical Weather API,"Casalecchio di Reno, Bologna, Italy",44.4756,11.2759
2020-09-03T06:00:00+00:00,17.500,14.600,Open-Meteo Historical Weather API,"Casalecchio di Reno, Bologna, Italy",44.4756,11.2759
2020-09-03T07:00:00+00:00,19.100,15.100,Open-Meteo Historical Weather API,"Casalecchio di Reno, Bologna, Italy",44.4756,11.2759
2020-09-03T08:00:00+00:00,21.000,15.300,Open-Meteo Historical Weather API,"Casalecchio di Reno, Bologna, Italy",44.4756,11.2759
2020-09-03T09:00:00+00:00,22.500,14.400,Open-Meteo Historical Weather API,"Casalecchio di Reno, Bologna, Italy",44.4756,11.2759
2020-09-03T10:00:00+00:00,23.600,13.900,Open-Meteo Historical Weather API,"Casalecchio di Reno, Bologna, Italy",44.4756,11.2759
2020-09-03T11:00:00+00:00,24.400,14.000,Open-Meteo Historical Weather API,"Casalecchio di Reno, Bologna, Italy",44.4756,11.2759
2020-09-03T12:00:00+00:00,24.600,14.900,Open-Meteo Historical Weather API,"Casalecchio di Reno, Bologna, Italy",44.4756,11.2759
2020-09-03T13:00:00+00:00,24.900,14.900,Open-Meteo Historical Weather API,"Casalecchio di Reno, Bologna, Italy",44.4756,11.2759
2020-09-03T14:00:00+00:00,24.600,14.500,Open-Meteo Historical Weather API,"Casalecchio di Reno, Bologna, Italy",44.4756,11.2759
2020-09-03T15:00:00+00:00,23.700,15.400,Open-Meteo Historical Weather API,"Casalecchio di Reno, Bologna, Italy",44.4756,11.2759
2020-09-03T16:00:00+00:00,23.400,15.600,Open-Meteo Historical Weather API,"Casalecchio di Reno, Bologna, Italy",44.4756,11.2759
2020-09-03T17:00:00+00:00,22.500,15.900,Open-Meteo Historical Weather API,"Casalecchio di Reno, Bologna, Italy",44.4756,11.2759
2020-09-03T18:00:00+00:00,20.500,15.700,Open-Meteo Historical Weather API,"Casalecchio di Reno, Bologna, Italy",44.4756,11.2759
2020-09-03T19:00:00+00:00,19.400,15.600,Open-Meteo Historical Weather API,"Casalecchio di Reno, Bologna, Italy",44.4756,11.2759
2020-09-03T20:00:00+00:00,18.000,15.400,Open-Meteo Historical Weather API,"Casalecchio di Reno, Bologna, Italy",44.4756,11.2759
2020-09-03T21:00:00+00:00,17.400,15.400,Open-Meteo Historical Weather API,"Casalecchio di Reno, Bologna, Italy",44.4756,11.2759
2020-09-03T22:00:00+00:00,16.200,15.400,Open-Meteo Historical Weather API,"Casalecchio di Reno, Bologna, Italy",44.4756,11.2759
2020-09-03T23:00:00+00:00,15.500,15.000,Open-Meteo Historical Weather API,"Casalecchio di Reno, Bologna, Italy",44.4756,11.2759
2020-09-04T00:00:00+00:00,15.700,14.300,Open-Meteo Historical Weather API,"Casalecchio di Reno, Bologna, Italy",44.4756,11.2759
2020-09-04T01:00:00+00:00,16.800,13.600,Open-Meteo Historical Weather API,"Casalecchio di Reno, Bologna, Italy",44.4756,11.2759
2020-09-04T02:00:00+00:00,17.200,13.200,Open-Meteo Historical Weather API,"Casalecchio di Reno, Bologna, Italy",44.4756,11.2759
2020-09-04T03:00:00+00:00,17.000,13.000,Open-Meteo Historical Weather API,"Casalecchio di Reno, Bologna, Italy",44.4756,11.2759
2020-09-04T04:00:00+00:00,16.500,12.900,Open-Meteo Historical Weather API,"Casalecchio di Reno, Bologna, Italy",44.4756,11.2759
2020-09-04T05:00:00+00:00,16.400,12.900,Open-Meteo Historical Weather API,"Casalecchio di Reno, Bologna, Italy",44.4756,11.2759
2020-09-04T06:00:00+00:00,18.900,13.800,Open-Meteo Historical Weather API,"Casalecchio di Reno, Bologna, Italy",44.4756,11.2759
2020-09-04T07:00:00+00:00,21.800,14.700,Open-Meteo Historical Weather API,"Casalecchio di Reno, Bologna, Italy",44.4756,11.2759
2020-09-04T08:00:00+00:00,23.400,14.600,Open-Meteo Historical Weather API,"Casalecchio di Reno, Bologna, Italy",44.4756,11.2759
2020-09-04T09:00:00+00:00,24.800,13.900,Open-Meteo Historical Weather API,"Casalecchio di Reno, Bologna, Italy",44.4756,11.2759
2020-09-04T10:00:00+00:00,25.900,13.200,Open-Meteo Historical Weather API,"Casalecchio di Reno, Bologna, Italy",44.4756,11.2759
2020-09-04T11:00:00+00:00,26.900,12.700,Open-Meteo Historical Weather API,"Casalecchio di Reno, Bologna, Italy",44.4756,11.2759
2020-09-04T12:00:00+00:00,27.000,13.200,Open-Meteo Historical Weather API,"Casalecchio di Reno, Bologna, Italy",44.4756,11.2759
2020-09-04T13:00:00+00:00,27.800,12.800,Open-Meteo Historical Weather API,"Casalecchio di Reno, Bologna, Italy",44.4756,11.2759
2020-09-04T14:00:00+00:00,28.000,12.400,Open-Meteo Historical Weather API,"Casalecchio di Reno, Bologna, Italy",44.4756,11.2759
2020-09-04T15:00:00+00:00,28.000,11.900,Open-Meteo Historical Weather API,"Casalecchio di Reno, Bologna, Italy",44.4756,11.2759
2020-09-04T16:00:00+00:00,27.500,11.900,Open-Meteo Historical Weather API,"Casalecchio di Reno, Bologna, Italy",44.4756,11.2759
2020-09-04T17:00:00+00:00,25.400,13.600,Open-Meteo Historical Weather API,"Casalecchio di Reno, Bologna, Italy",44.4756,11.2759
2020-09-04T18:00:00+00:00,23.200,12.900,Open-Meteo Historical Weather API,"Casalecchio di Reno, Bologna, Italy",44.4756,11.2759
2020-09-04T19:00:00+00:00,21.900,13.400,Open-Meteo Historical Weather API,"Casalecchio di Reno, Bologna, Italy",44.4756,11.2759
2020-09-04T20:00:00+00:00,20.600,13.800,Open-Meteo Historical Weather API,"Casalecchio di Reno, Bologna, Italy",44.4756,11.2759
2020-09-04T21:00:00+00:00,19.400,14.000,Open-Meteo Historical Weather API,"Casalecchio di Reno, Bologna, Italy",44.4756,11.2759
2020-09-04T22:00:00+00:00,18.000,14.100,Open-Meteo Historical Weather API,"Casalecchio di Reno, Bologna, Italy",44.4756,11.2759
2020-09-04T23:00:00+00:00,17.000,13.900,Open-Meteo Historical Weather API,"Casalecchio di Reno, Bologna, Italy",44.4756,11.2759
2020-09-05T00:00:00+00:00,17.100,13.900,Open-Meteo Historical Weather API,"Casalecchio di Reno, Bologna, Italy",44.4756,11.2759
2020-09-05T01:00:00+00:00,16.900,13.700,Open-Meteo Historical Weather API,"Casalecchio di Reno, Bologna, Italy",44.4756,11.2759
2020-09-05T02:00:00+00:00,16.400,13.600,Open-Meteo Historical Weather API,"Casalecchio di Reno, Bologna, Italy",44.4756,11.2759
2020-09-05T03:00:00+00:00,16.100,13.200,Open-Meteo Historical Weather API,"Casalecchio di Reno, Bologna, Italy",44.4756,11.2759
2020-09-05T04:00:00+00:00,16.200,12.600,Open-Meteo Historical Weather API,"Casalecchio di Reno, Bologna, Italy",44.4756,11.2759
2020-09-05T05:00:00+00:00,16.900,11.600,Open-Meteo Historical Weather API,"Casalecchio di Reno, Bologna, Italy",44.4756,11.2759
2020-09-05T06:00:00+00:00,19.300,12.100,Open-Meteo Historical Weather API,"Casalecchio di Reno, Bologna, Italy",44.4756,11.2759
2020-09-05T07:00:00+00:00,23.000,13.500,Open-Meteo Historical Weather API,"Casalecchio di Reno, Bologna, Italy",44.4756,11.2759
2020-09-05T08:00:00+00:00,25.000,13.200,Open-Meteo Historical Weather API,"Casalecchio di Reno, Bologna, Italy",44.4756,11.2759
2020-09-05T09:00:00+00:00,26.600,13.400,Open-Meteo Historical Weather API,"Casalecchio di Reno, Bologna, Italy",44.4756,11.2759
2020-09-05T10:00:00+00:00,27.800,13.400,Open-Meteo Historical Weather API,"Casalecchio di Reno, Bologna, Italy",44.4756,11.2759
2020-09-05T11:00:00+00:00,28.700,13.200,Open-Meteo Historical Weather API,"Casalecchio di Reno, Bologna, Italy",44.4756,11.2759
2020-09-05T12:00:00+00:00,28.400,14.500,Open-Meteo Historical Weather API,"Casalecchio di Reno, Bologna, Italy",44.4756,11.2759
2020-09-05T13:00:00+00:00,29.000,14.400,Open-Meteo Historical Weather API,"Casalecchio di Reno, Bologna, Italy",44.4756,11.2759
2020-09-05T14:00:00+00:00,29.200,14.300,Open-Meteo Historical Weather API,"Casalecchio di Reno, Bologna, Italy",44.4756,11.2759
2020-09-05T15:00:00+00:00,29.100,14.200,Open-Meteo Historical Weather API,"Casalecchio di Reno, Bologna, Italy",44.4756,11.2759
2020-09-05T16:00:00+00:00,28.900,14.100,Open-Meteo Historical Weather API,"Casalecchio di Reno, Bologna, Italy",44.4756,11.2759
2020-09-05T17:00:00+00:00,26.900,16.200,Open-Meteo Historical Weather API,"Casalecchio di Reno, Bologna, Italy",44.4756,11.2759
2020-09-05T18:00:00+00:00,25.100,14.100,Open-Meteo Historical Weather API,"Casalecchio di Reno, Bologna, Italy",44.4756,11.2759
2020-09-05T19:00:00+00:00,23.500,14.300,Open-Meteo Historical Weather API,"Casalecchio di Reno, Bologna, Italy",44.4756,11.2759
2020-09-05T20:00:00+00:00,22.100,14.600,Open-Meteo Historical Weather API,"Casalecchio di Reno, Bologna, Italy",44.4756,11.2759
2020-09-05T21:00:00+00:00,22.500,15.000,Open-Meteo Historical Weather API,"Casalecchio di Reno, Bologna, Italy",44.4756,11.2759
2020-09-05T22:00:00+00:00,22.100,15.100,Open-Meteo Historical Weather API,"Casalecchio di Reno, Bologna, Italy",44.4756,11.2759
2020-09-05T23:00:00+00:00,21.200,14.800,Open-Meteo Historical Weather API,"Casalecchio di Reno, Bologna, Italy",44.4756,11.2759
2020-09-06T00:00:00+00:00,21.000,14.100,Open-Meteo Historical Weather API,"Casalecchio di Reno, Bologna, Italy",44.4756,11.2759
2020-09-06T01:00:00+00:00,20.200,13.400,Open-Meteo Historical Weather API,"Casalecchio di Reno, Bologna, Italy",44.4756,11.2759
2020-09-06T02:00:00+00:00,19.800,13.100,Open-Meteo Historical Weather API,"Casalecchio di Reno, Bologna, Italy",44.4756,11.2759
2020-09-06T03:00:00+00:00,19.300,12.800,Open-Meteo Historical Weather API,"Casalecchio di Reno, Bologna, Italy",44.4756,11.2759
2020-09-06T04:00:00+00:00,18.600,12.800,Open-Meteo Historical Weather API,"Casalecchio di Reno, Bologna, Italy",44.4756,11.2759
2020-09-06T05:00:00+00:00,18.400,12.600,Open-Meteo Historical Weather API,"Casalecchio di Reno, Bologna, Italy",44.4756,11.2759
2020-09-06T06:00:00+00:00,20.200,12.900,Open-Meteo Historical Weather API,"Casalecchio di Reno, Bologna, Italy",44.4756,11.2759
2020-09-06T07:00:00+00:00,23.500,12.600,Open-Meteo Historical Weather API,"Casalecchio di Reno, Bologna, Italy",44.4756,11.2759
2020-09-06T08:00:00+00:00,25.200,12.100,Open-Meteo Historical Weather API,"Casalecchio di Reno, Bologna, Italy",44.4756,11.2759
2020-09-06T09:00:00+00:00,26.400,12.800,Open-Meteo Historical Weather API,"Casalecchio di Reno, Bologna, Italy",44.4756,11.2759
2020-09-06T10:00:00+00:00,27.400,13.600,Open-Meteo Historical Weather API,"Casalecchio di Reno, Bologna, Italy",44.4756,11.2759
2020-09-06T11:00:00+00:00,28.400,13.800,Open-Meteo Historical Weather API,"Casalecchio di Reno, Bologna, Italy",44.4756,11.2759
2020-09-06T12:00:00+00:00,28.200,12.500,Open-Meteo Historical Weather API,"Casalecchio di Reno, Bologna, Italy",44.4756,11.2759
2020-09-06T13:00:00+00:00,29.000,12.200,Open-Meteo Historical Weather API,"Casalecchio di Reno, Bologna, Italy",44.4756,11.2759
2020-09-06T14:00:00+00:00,29.900,12.100,Open-Meteo Historical Weather API,"Casalecchio di Reno, Bologna, Italy",44.4756,11.2759
2020-09-06T15:00:00+00:00,29.500,11.800,Open-Meteo Historical Weather API,"Casalecchio di Reno, Bologna, Italy",44.4756,11.2759
2020-09-06T16:00:00+00:00,28.700,12.900,Open-Meteo Historical Weather API,"Casalecchio di Reno, Bologna, Italy",44.4756,11.2759
2020-09-06T17:00:00+00:00,26.900,12.800,Open-Meteo Historical Weather API,"Casalecchio di Reno, Bologna, Italy",44.4756,11.2759
2020-09-06T18:00:00+00:00,25.200,12.200,Open-Meteo Historical Weather API,"Casalecchio di Reno, Bologna, Italy",44.4756,11.2759
2020-09-06T19:00:00+00:00,24.500,11.400,Open-Meteo Historical Weather API,"Casalecchio di Reno, Bologna, Italy",44.4756,11.2759
2020-09-06T20:00:00+00:00,23.500,10.600,Open-Meteo Historical Weather API,"Casalecchio di Reno, Bologna, Italy",44.4756,11.2759
2020-09-06T21:00:00+00:00,22.200,10.100,Open-Meteo Historical Weather API,"Casalecchio di Reno, Bologna, Italy",44.4756,11.2759
2020-09-06T22:00:00+00:00,20.900,10.000,Open-Meteo Historical Weather API,"Casalecchio di Reno, Bologna, Italy",44.4756,11.2759
2020-09-06T23:00:00+00:00,20.200,10.400,Open-Meteo Historical Weather API,"Casalecchio di Reno, Bologna, Italy",44.4756,11.2759
2020-09-07T00:00:00+00:00,20.600,11.000,Open-Meteo Historical Weather API,"Casalecchio di Reno, Bologna, Italy",44.4756,11.2759
2020-09-07T01:00:00+00:00,20.400,11.900,Open-Meteo Historical Weather API,"Casalecchio di Reno, Bologna, Italy",44.4756,11.2759
2020-09-07T02:00:00+00:00,19.700,12.400,Open-Meteo Historical Weather API,"Casalecchio di Reno, Bologna, Italy",44.4756,11.2759
2020-09-07T03:00:00+00:00,18.900,12.900,Open-Meteo Historical Weather API,"Casalecchio di Reno, Bologna, Italy",44.4756,11.2759
2020-09-07T04:00:00+00:00,18.400,13.100,Open-Meteo Historical Weather API,"Casalecchio di Reno, Bologna, Italy",44.4756,11.2759
2020-09-07T05:00:00+00:00,18.000,13.000,Open-Meteo Historical Weather API,"Casalecchio di Reno, Bologna, Italy",44.4756,11.2759
2020-09-07T06:00:00+00:00,19.900,12.600,Open-Meteo Historical Weather API,"Casalecchio di Reno, Bologna, Italy",44.4756,11.2759
2020-09-07T07:00:00+00:00,21.900,14.600,Open-Meteo Historical Weather API,"Casalecchio di Reno, Bologna, Italy",44.4756,11.2759
2020-09-07T08:00:00+00:00,23.500,16.300,Open-Meteo Historical Weather API,"Casalecchio di Reno, Bologna, Italy",44.4756,11.2759
2020-09-07T09:00:00+00:00,25.000,16.400,Open-Meteo Historical Weather API,"Casalecchio di Reno, Bologna, Italy",44.4756,11.2759
2020-09-07T10:00:00+00:00,26.100,16.300,Open-Meteo Historical Weather API,"Casalecchio di Reno, Bologna, Italy",44.4756,11.2759
2020-09-07T11:00:00+00:00,27.000,16.000,Open-Meteo Historical Weather API,"Casalecchio di Reno, Bologna, Italy",44.4756,11.2759
2020-09-07T12:00:00+00:00,26.100,16.200,Open-Meteo Historical Weather API,"Casalecchio di Reno, Bologna, Italy",44.4756,11.2759
2020-09-07T13:00:00+00:00,27.000,15.700,Open-Meteo Historical Weather API,"Casalecchio di Reno, Bologna, Italy",44.4756,11.2759
2020-09-07T14:00:00+00:00,27.500,15.300,Open-Meteo Historical Weather API,"Casalecchio di Reno, Bologna, Italy",44.4756,11.2759
2020-09-07T15:00:00+00:00,27.400,15.100,Open-Meteo Historical Weather API,"Casalecchio di Reno, Bologna, Italy",44.4756,11.2759
2020-09-07T16:00:00+00:00,25.700,16.500,Open-Meteo Historical Weather API,"Casalecchio di Reno, Bologna, Italy",44.4756,11.2759
2020-09-07T17:00:00+00:00,24.000,17.400,Open-Meteo Historical Weather API,"Casalecchio di Reno, Bologna, Italy",44.4756,11.2759
2020-09-07T18:00:00+00:00,21.700,19.100,Open-Meteo Historical Weather API,"Casalecchio di Reno, Bologna, Italy",44.4756,11.2759
2020-09-07T19:00:00+00:00,20.700,19.400,Open-Meteo Historical Weather API,"Casalecchio di Reno, Bologna, Italy",44.4756,11.2759
2020-09-07T20:00:00+00:00,19.700,18.900,Open-Meteo Historical Weather API,"Casalecchio di Reno, Bologna, Italy",44.4756,11.2759
2020-09-07T21:00:00+00:00,19.500,18.800,Open-Meteo Historical Weather API,"Casalecchio di Reno, Bologna, Italy",44.4756,11.2759
2020-09-07T22:00:00+00:00,19.500,18.900,Open-Meteo Historical Weather API,"Casalecchio di Reno, Bologna, Italy",44.4756,11.2759
2020-09-07T23:00:00+00:00,19.500,18.800,Open-Meteo Historical Weather API,"Casalecchio di Reno, Bologna, Italy",44.4756,11.2759
2020-09-08T00:00:00+00:00,18.900,18.800,Open-Meteo Historical Weather API,"Casalecchio di Reno, Bologna, Italy",44.4756,11.2759
2020-09-08T01:00:00+00:00,18.900,18.500,Open-Meteo Historical Weather API,"Casalecchio di Reno, Bologna, Italy",44.4756,11.2759
2020-09-08T02:00:00+00:00,19.500,18.900,Open-Meteo Historical Weather API,"Casalecchio di Reno, Bologna, Italy",44.4756,11.2759
2020-09-08T03:00:00+00:00,19.000,18.800,Open-Meteo Historical Weather API,"Casalecchio di Reno, Bologna, Italy",44.4756,11.2759
2020-09-08T04:00:00+00:00,18.900,18.600,Open-Meteo Historical Weather API,"Casalecchio di Reno, Bologna, Italy",44.4756,11.2759
2020-09-08T05:00:00+00:00,18.900,18.600,Open-Meteo Historical Weather API,"Casalecchio di Reno, Bologna, Italy",44.4756,11.2759
2020-09-08T06:00:00+00:00,19.200,18.500,Open-Meteo Historical Weather API,"Casalecchio di Reno, Bologna, Italy",44.4756,11.2759
2020-09-08T07:00:00+00:00,19.900,18.500,Open-Meteo Historical Weather API,"Casalecchio di Reno, Bologna, Italy",44.4756,11.2759
2020-09-08T08:00:00+00:00,21.200,18.100,Open-Meteo Historical Weather API,"Casalecchio di Reno, Bologna, Italy",44.4756,11.2759
2020-09-08T09:00:00+00:00,22.600,17.900,Open-Meteo Historical Weather API,"Casalecchio di Reno, Bologna, Italy",44.4756,11.2759
2020-09-08T10:00:00+00:00,24.000,17.400,Open-Meteo Historical Weather API,"Casalecchio di Reno, Bologna, Italy",44.4756,11.2759
2020-09-08T11:00:00+00:00,25.400,16.100,Open-Meteo Historical Weather API,"Casalecchio di Reno, Bologna, Italy",44.4756,11.2759
2020-09-08T12:00:00+00:00,26.200,14.700,Open-Meteo Historical Weather API,"Casalecchio di Reno, Bologna, Italy",44.4756,11.2759
2020-09-08T13:00:00+00:00,27.400,14.000,Open-Meteo Historical Weather API,"Casalecchio di Reno, Bologna, Italy",44.4756,11.2759
2020-09-08T14:00:00+00:00,27.500,13.600,Open-Meteo Historical Weather API,"Casalecchio di Reno, Bologna, Italy",44.4756,11.2759
2020-09-08T15:00:00+00:00,27.500,13.600,Open-Meteo Historical Weather API,"Casalecchio di Reno, Bologna, Italy",44.4756,11.2759
2020-09-08T16:00:00+00:00,26.500,13.600,Open-Meteo Historical Weather API,"Casalecchio di Reno, Bologna, Italy",44.4756,11.2759
2020-09-08T17:00:00+00:00,25.000,13.100,Open-Meteo Historical Weather API,"Casalecchio di Reno, Bologna, Italy",44.4756,11.2759
2020-09-08T18:00:00+00:00,21.800,13.100,Open-Meteo Historical Weather API,"Casalecchio di Reno, Bologna, Italy",44.4756,11.2759
2020-09-08T19:00:00+00:00,20.400,13.500,Open-Meteo Historical Weather API,"Casalecchio di Reno, Bologna, Italy",44.4756,11.2759
2020-09-08T20:00:00+00:00,19.300,14.700,Open-Meteo Historical Weather API,"Casalecchio di Reno, Bologna, Italy",44.4756,11.2759
2020-09-08T21:00:00+00:00,18.500,15.500,Open-Meteo Historical Weather API,"Casalecchio di Reno, Bologna, Italy",44.4756,11.2759
2020-09-08T22:00:00+00:00,18.200,15.600,Open-Meteo Historical Weather API,"Casalecchio di Reno, Bologna, Italy",44.4756,11.2759
2020-09-08T23:00:00+00:00,17.700,15.400,Open-Meteo Historical Weather API,"Casalecchio di Reno, Bologna, Italy",44.4756,11.2759
2020-09-09T00:00:00+00:00,18.000,15.700,Open-Meteo Historical Weather API,"Casalecchio di Reno, Bologna, Italy",44.4756,11.2759
2020-09-09T01:00:00+00:00,16.900,15.500,Open-Meteo Historical Weather API,"Casalecchio di Reno, Bologna, Italy",44.4756,11.2759
2020-09-09T02:00:00+00:00,16.100,15.200,Open-Meteo Historical Weather API,"Casalecchio di Reno, Bologna, Italy",44.4756,11.2759
2020-09-09T03:00:00+00:00,15.600,14.800,Open-Meteo Historical Weather API,"Casalecchio di Reno, Bologna, Italy",44.4756,11.2759
2020-09-09T04:00:00+00:00,15.600,14.400,Open-Meteo Historical Weather API,"Casalecchio di Reno, Bologna, Italy",44.4756,11.2759
2020-09-09T05:00:00+00:00,15.400,13.900,Open-Meteo Historical Weather API,"Casalecchio di Reno, Bologna, Italy",44.4756,11.2759
2020-09-09T06:00:00+00:00,18.200,14.400,Open-Meteo Historical Weather API,"Casalecchio di Reno, Bologna, Italy",44.4756,11.2759
2020-09-09T07:00:00+00:00,22.100,14.100,Open-Meteo Historical Weather API,"Casalecchio di Reno, Bologna, Italy",44.4756,11.2759
2020-09-09T08:00:00+00:00,23.800,14.100,Open-Meteo Historical Weather API,"Casalecchio di Reno, Bologna, Italy",44.4756,11.2759
2020-09-09T09:00:00+00:00,25.100,13.700,Open-Meteo Historical Weather API,"Casalecchio di Reno, Bologna, Italy",44.4756,11.2759
2020-09-09T10:00:00+00:00,26.300,13.500,Open-Meteo Historical Weather API,"Casalecchio di Reno, Bologna, Italy",44.4756,11.2759
2020-09-09T11:00:00+00:00,27.300,13.600,Open-Meteo Historical Weather API,"Casalecchio di Reno, Bologna, Italy",44.4756,11.2759
2020-09-09T12:00:00+00:00,27.100,13.400,Open-Meteo Historical Weather API,"Casalecchio di Reno, Bologna, Italy",44.4756,11.2759
2020-09-09T13:00:00+00:00,28.100,13.700,Open-Meteo Historical Weather API,"Casalecchio di Reno, Bologna, Italy",44.4756,11.2759
2020-09-09T14:00:00+00:00,28.500,13.900,Open-Meteo Historical Weather API,"Casalecchio di Reno, Bologna, Italy",44.4756,11.2759
2020-09-09T15:00:00+00:00,28.400,13.900,Open-Meteo Historical Weather API,"Casalecchio di Reno, Bologna, Italy",44.4756,11.2759
2020-09-09T16:00:00+00:00,28.000,14.000,Open-Meteo Historical Weather API,"Casalecchio di Reno, Bologna, Italy",44.4756,11.2759
2020-09-09T17:00:00+00:00,26.000,19.000,Open-Meteo Historical Weather API,"Casalecchio di Reno, Bologna, Italy",44.4756,11.2759
2020-09-09T18:00:00+00:00,26.100,14.400,Open-Meteo Historical Weather API,"Casalecchio di Reno, Bologna, Italy",44.4756,11.2759
2020-09-09T19:00:00+00:00,25.200,14.400,Open-Meteo Historical Weather API,"Casalecchio di Reno, Bologna, Italy",44.4756,11.2759
2020-09-09T20:00:00+00:00,22.100,14.700,Open-Meteo Historical Weather API,"Casalecchio di Reno, Bologna, Italy",44.4756,11.2759
2020-09-09T21:00:00+00:00,21.200,14.600,Open-Meteo Historical Weather API,"Casalecchio di Reno, Bologna, Italy",44.4756,11.2759
2020-09-09T22:00:00+00:00,19.400,14.900,Open-Meteo Historical Weather API,"Casalecchio di Reno, Bologna, Italy",44.4756,11.2759
2020-09-09T23:00:00+00:00,19.100,14.900,Open-Meteo Historical Weather API,"Casalecchio di Reno, Bologna, Italy",44.4756,11.2759
2020-09-10T00:00:00+00:00,19.300,14.900,Open-Meteo Historical Weather API,"Casalecchio di Reno, Bologna, Italy",44.4756,11.2759
2020-09-10T01:00:00+00:00,19.500,14.900,Open-Meteo Historical Weather API,"Casalecchio di Reno, Bologna, Italy",44.4756,11.2759
2020-09-10T02:00:00+00:00,19.500,14.700,Open-Meteo Historical Weather API,"Casalecchio di Reno, Bologna, Italy",44.4756,11.2759
2020-09-10T03:00:00+00:00,19.100,14.400,Open-Meteo Historical Weather API,"Casalecchio di Reno, Bologna, Italy",44.4756,11.2759
2020-09-10T04:00:00+00:00,19.000,14.200,Open-Meteo Historical Weather API,"Casalecchio di Reno, Bologna, Italy",44.4756,11.2759
2020-09-10T05:00:00+00:00,18.500,14.200,Open-Meteo Historical Weather API,"Casalecchio di Reno, Bologna, Italy",44.4756,11.2759
2020-09-10T06:00:00+00:00,20.200,14.900,Open-Meteo Historical Weather API,"Casalecchio di Reno, Bologna, Italy",44.4756,11.2759
2020-09-10T07:00:00+00:00,24.000,14.900,Open-Meteo Historical Weather API,"Casalecchio di Reno, Bologna, Italy",44.4756,11.2759
2020-09-10T08:00:00+00:00,25.400,15.100,Open-Meteo Historical Weather API,"Casalecchio di Reno, Bologna, Italy",44.4756,11.2759
2020-09-10T09:00:00+00:00,26.800,15.100,Open-Meteo Historical Weather API,"Casalecchio di Reno, Bologna, Italy",44.4756,11.2759
2020-09-10T10:00:00+00:00,28.000,15.200,Open-Meteo Historical Weather API,"Casalecchio di Reno, Bologna, Italy",44.4756,11.2759
2020-09-10T11:00:00+00:00,29.000,15.300,Open-Meteo Historical Weather API,"Casalecchio di Reno, Bologna, Italy",44.4756,11.2759
2020-09-10T12:00:00+00:00,28.600,16.200,Open-Meteo Historical Weather API,"Casalecchio di Reno, Bologna, Italy",44.4756,11.2759
2020-09-10T13:00:00+00:00,28.500,16.200,Open-Meteo Historical Weather API,"Casalecchio di Reno, Bologna, Italy",44.4756,11.2759
2020-09-10T14:00:00+00:00,29.000,16.000,Open-Meteo Historical Weather API,"Casalecchio di Reno, Bologna, Italy",44.4756,11.2759
2020-09-10T15:00:00+00:00,29.000,15.800,Open-Meteo Historical Weather API,"Casalecchio di Reno, Bologna, Italy",44.4756,11.2759
2020-09-10T16:00:00+00:00,28.100,15.800,Open-Meteo Historical Weather API,"Casalecchio di Reno, Bologna, Italy",44.4756,11.2759
2020-09-10T17:00:00+00:00,26.700,16.500,Open-Meteo Historical Weather API,"Casalecchio di Reno, Bologna, Italy",44.4756,11.2759
2020-09-10T18:00:00+00:00,25.500,16.600,Open-Meteo Historical Weather API,"Casalecchio di Reno, Bologna, Italy",44.4756,11.2759
2020-09-10T19:00:00+00:00,24.900,16.800,Open-Meteo Historical Weather API,"Casalecchio di Reno, Bologna, Italy",44.4756,11.2759
2020-09-10T20:00:00+00:00,23.500,17.000,Open-Meteo Historical Weather API,"Casalecchio di Reno, Bologna, Italy",44.4756,11.2759
2020-09-10T21:00:00+00:00,22.200,17.200,Open-Meteo Historical Weather API,"Casalecchio di Reno, Bologna, Italy",44.4756,11.2759
2020-09-10T22:00:00+00:00,21.200,17.600,Open-Meteo Historical Weather API,"Casalecchio di Reno, Bologna, Italy",44.4756,11.2759
2020-09-10T23:00:00+00:00,20.400,17.800,Open-Meteo Historical Weather API,"Casalecchio di Reno, Bologna, Italy",44.4756,11.2759
2020-09-11T00:00:00+00:00,22.200,17.000,Open-Meteo Historical Weather API,"Casalecchio di Reno, Bologna, Italy",44.4756,11.2759
2020-09-11T01:00:00+00:00,21.800,17.800,Open-Meteo Historical Weather API,"Casalecchio di Reno, Bologna, Italy",44.4756,11.2759
2020-09-11T02:00:00+00:00,21.800,17.500,Open-Meteo Historical Weather API,"Casalecchio di Reno, Bologna, Italy",44.4756,11.2759
2020-09-11T03:00:00+00:00,21.000,17.900,Open-Meteo Historical Weather API,"Casalecchio di Reno, Bologna, Italy",44.4756,11.2759
2020-09-11T04:00:00+00:00,20.700,17.600,Open-Meteo Historical Weather API,"Casalecchio di Reno, Bologna, Italy",44.4756,11.2759
2020-09-11T05:00:00+00:00,20.100,17.600,Open-Meteo Historical Weather API,"Casalecchio di Reno, Bologna, Italy",44.4756,11.2759
2020-09-11T06:00:00+00:00,21.200,17.500,Open-Meteo Historical Weather API,"Casalecchio di Reno, Bologna, Italy",44.4756,11.2759
2020-09-11T07:00:00+00:00,22.800,17.600,Open-Meteo Historical Weather API,"Casalecchio di Reno, Bologna, Italy",44.4756,11.2759
2020-09-11T08:00:00+00:00,24.200,17.800,Open-Meteo Historical Weather API,"Casalecchio di Reno, Bologna, Italy",44.4756,11.2759
2020-09-11T09:00:00+00:00,25.800,17.100,Open-Meteo Historical Weather API,"Casalecchio di Reno, Bologna, Italy",44.4756,11.2759
2020-09-11T10:00:00+00:00,27.400,16.500,Open-Meteo Historical Weather API,"Casalecchio di Reno, Bologna, Italy",44.4756,11.2759
2020-09-11T11:00:00+00:00,28.500,16.100,Open-Meteo Historical Weather API,"Casalecchio di Reno, Bologna, Italy",44.4756,11.2759
2020-09-11T12:00:00+00:00,28.100,16.400,Open-Meteo Historical Weather API,"Casalecchio di Reno, Bologna, Italy",44.4756,11.2759
2020-09-11T13:00:00+00:00,28.500,16.400,Open-Meteo Historical Weather API,"Casalecchio di Reno, Bologna, Italy",44.4756,11.2759
2020-09-11T14:00:00+00:00,28.400,16.400,Open-Meteo Historical Weather API,"Casalecchio di Reno, Bologna, Italy",44.4756,11.2759
2020-09-11T15:00:00+00:00,28.300,16.100,Open-Meteo Historical Weather API,"Casalecchio di Reno, Bologna, Italy",44.4756,11.2759
2020-09-11T16:00:00+00:00,27.900,16.100,Open-Meteo Historical Weather API,"Casalecchio di Reno, Bologna, Italy",44.4756,11.2759
2020-09-11T17:00:00+00:00,26.700,16.400,Open-Meteo Historical Weather API,"Casalecchio di Reno, Bologna, Italy",44.4756,11.2759
2020-09-11T18:00:00+00:00,24.900,14.900,Open-Meteo Historical Weather API,"Casalecchio di Reno, Bologna, Italy",44.4756,11.2759
2020-09-11T19:00:00+00:00,23.500,12.400,Open-Meteo Historical Weather API,"Casalecchio di Reno, Bologna, Italy",44.4756,11.2759
2020-09-11T20:00:00+00:00,22.400,12.500,Open-Meteo Historical Weather API,"Casalecchio di Reno, Bologna, Italy",44.4756,11.2759
2020-09-11T21:00:00+00:00,21.500,12.800,Open-Meteo Historical Weather API,"Casalecchio di Reno, Bologna, Italy",44.4756,11.2759
2020-09-11T22:00:00+00:00,20.600,12.800,Open-Meteo Historical Weather API,"Casalecchio di Reno, Bologna, Italy",44.4756,11.2759
2020-09-11T23:00:00+00:00,20.400,12.300,Open-Meteo Historical Weather API,"Casalecchio di Reno, Bologna, Italy",44.4756,11.2759
2020-09-12T00:00:00+00:00,20.400,12.900,Open-Meteo Historical Weather API,"Casalecchio di Reno, Bologna, Italy",44.4756,11.2759
2020-09-12T01:00:00+00:00,20.000,12.600,Open-Meteo Historical Weather API,"Casalecchio di Reno, Bologna, Italy",44.4756,11.2759
2020-09-12T02:00:00+00:00,20.000,12.600,Open-Meteo Historical Weather API,"Casalecchio di Reno, Bologna, Italy",44.4756,11.2759
2020-09-12T03:00:00+00:00,19.000,12.900,Open-Meteo Historical Weather API,"Casalecchio di Reno, Bologna, Italy",44.4756,11.2759
2020-09-12T04:00:00+00:00,18.600,13.400,Open-Meteo Historical Weather API,"Casalecchio di Reno, Bologna, Italy",44.4756,11.2759
2020-09-12T05:00:00+00:00,18.600,13.800,Open-Meteo Historical Weather API,"Casalecchio di Reno, Bologna, Italy",44.4756,11.2759
2020-09-12T06:00:00+00:00,20.400,14.400,Open-Meteo Historical Weather API,"Casalecchio di Reno, Bologna, Italy",44.4756,11.2759
2020-09-12T07:00:00+00:00,22.800,15.400,Open-Meteo Historical Weather API,"Casalecchio di Reno, Bologna, Italy",44.4756,11.2759
2020-09-12T08:00:00+00:00,24.500,16.100,Open-Meteo Historical Weather API,"Casalecchio di Reno, Bologna, Italy",44.4756,11.2759
2020-09-12T09:00:00+00:00,26.000,15.800,Open-Meteo Historical Weather API,"Casalecchio di Reno, Bologna, Italy",44.4756,11.2759
2020-09-12T10:00:00+00:00,27.400,15.100,Open-Meteo Historical Weather API,"Casalecchio di Reno, Bologna, Italy",44.4756,11.2759
2020-09-12T11:00:00+00:00,28.600,14.200,Open-Meteo Historical Weather API,"Casalecchio di Reno, Bologna, Italy",44.4756,11.2759
2020-09-12T12:00:00+00:00,29.000,13.800,Open-Meteo Historical Weather API,"Casalecchio di Reno, Bologna, Italy",44.4756,11.2759
2020-09-12T13:00:00+00:00,29.800,13.200,Open-Meteo Historical Weather API,"Casalecchio di Reno, Bologna, Italy",44.4756,11.2759
2020-09-12T14:00:00+00:00,29.900,13.100,Open-Meteo Historical Weather API,"Casalecchio di Reno, Bologna, Italy",44.4756,11.2759
2020-09-12T15:00:00+00:00,29.600,12.900,Open-Meteo Historical Weather API,"Casalecchio di Reno, Bologna, Italy",44.4756,11.2759
2020-09-12T16:00:00+00:00,28.900,12.800,Open-Meteo Historical Weather API,"Casalecchio di Reno, Bologna, Italy",44.4756,11.2759
2020-09-12T17:00:00+00:00,27.000,13.400,Open-Meteo Historical Weather API,"Casalecchio di Reno, Bologna, Italy",44.4756,11.2759
2020-09-12T18:00:00+00:00,24.800,13.400,Open-Meteo Historical Weather API,"Casalecchio di Reno, Bologna, Italy",44.4756,11.2759
2020-09-12T19:00:00+00:00,22.500,14.200,Open-Meteo Historical Weather API,"Casalecchio di Reno, Bologna, Italy",44.4756,11.2759
2020-09-12T20:00:00+00:00,22.000,14.600,Open-Meteo Historical Weather API,"Casalecchio di Reno, Bologna, Italy",44.4756,11.2759
2020-09-12T21:00:00+00:00,21.300,14.600,Open-Meteo Historical Weather API,"Casalecchio di Reno, Bologna, Italy",44.4756,11.2759
2020-09-12T22:00:00+00:00,20.800,14.600,Open-Meteo Historical Weather API,"Casalecchio di Reno, Bologna, Italy",44.4756,11.2759
2020-09-12T23:00:00+00:00,20.700,14.400,Open-Meteo Historical Weather API,"Casalecchio di Reno, Bologna, Italy",44.4756,11.2759
2020-09-13T00:00:00+00:00,20.400,14.100,Open-Meteo Historical Weather API,"Casalecchio di Reno, Bologna, Italy",44.4756,11.2759
2020-09-13T01:00:00+00:00,20.500,13.500,Open-Meteo Historical Weather API,"Casalecchio di Reno, Bologna, Italy",44.4756,11.2759
2020-09-13T02:00:00+00:00,20.000,13.100,Open-Meteo Historical Weather API,"Casalecchio di Reno, Bologna, Italy",44.4756,11.2759
2020-09-13T03:00:00+00:00,19.400,12.900,Open-Meteo Historical Weather API,"Casalecchio di Reno, Bologna, Italy",44.4756,11.2759
2020-09-13T04:00:00+00:00,19.000,12.900,Open-Meteo Historical Weather API,"Casalecchio di Reno, Bologna, Italy",44.4756,11.2759
2020-09-13T05:00:00+00:00,18.800,12.800,Open-Meteo Historical Weather API,"Casalecchio di Reno, Bologna, Italy",44.4756,11.2759
2020-09-13T06:00:00+00:00,21.000,13.100,Open-Meteo Historical Weather API,"Casalecchio di Reno, Bologna, Italy",44.4756,11.2759
2020-09-13T07:00:00+00:00,23.600,13.900,Open-Meteo Historical Weather API,"Casalecchio di Reno, Bologna, Italy",44.4756,11.2759
2020-09-13T08:00:00+00:00,25.600,14.900,Open-Meteo Historical Weather API,"Casalecchio di Reno, Bologna, Italy",44.4756,11.2759
2020-09-13T09:00:00+00:00,27.200,15.700,Open-Meteo Historical Weather API,"Casalecchio di Reno, Bologna, Italy",44.4756,11.2759
2020-09-13T10:00:00+00:00,28.200,15.800,Open-Meteo Historical Weather API,"Casalecchio di Reno, Bologna, Italy",44.4756,11.2759
2020-09-13T11:00:00+00:00,29.500,15.900,Open-Meteo Historical Weather API,"Casalecchio di Reno, Bologna, Italy",44.4756,11.2759
2020-09-13T12:00:00+00:00,29.100,16.600,Open-Meteo Historical Weather API,"Casalecchio di Reno, Bologna, Italy",44.4756,11.2759
2020-09-13T13:00:00+00:00,30.200,15.900,Open-Meteo Historical Weather API,"Casalecchio di Reno, Bologna, Italy",44.4756,11.2759
2020-09-13T14:00:00+00:00,30.800,14.600,Open-Meteo Historical Weather API,"Casalecchio di Reno, Bologna, Italy",44.4756,11.2759
2020-09-13T15:00:00+00:00,30.600,12.900,Open-Meteo Historical Weather API,"Casalecchio di Reno, Bologna, Italy",44.4756,11.2759
2020-09-13T16:00:00+00:00,29.500,12.800,Open-Meteo Historical Weather API,"Casalecchio di Reno, Bologna, Italy",44.4756,11.2759
2020-09-13T17:00:00+00:00,27.500,12.900,Open-Meteo Historical Weather API,"Casalecchio di Reno, Bologna, Italy",44.4756,11.2759
2020-09-13T18:00:00+00:00,25.000,13.300,Open-Meteo Historical Weather API,"Casalecchio di Reno, Bologna, Italy",44.4756,11.2759
2020-09-13T19:00:00+00:00,23.500,14.100,Open-Meteo Historical Weather API,"Casalecchio di Reno, Bologna, Italy",44.4756,11.2759
2020-09-13T20:00:00+00:00,22.800,14.500,Open-Meteo Historical Weather API,"Casalecchio di Reno, Bologna, Italy",44.4756,11.2759
2020-09-13T21:00:00+00:00,22.000,14.500,Open-Meteo Historical Weather API,"Casalecchio di Reno, Bologna, Italy",44.4756,11.2759
2020-09-13T22:00:00+00:00,20.900,14.400,Open-Meteo Historical Weather API,"Casalecchio di Reno, Bologna, Italy",44.4756,11.2759
2020-09-13T23:00:00+00:00,20.700,14.100,Open-Meteo Historical Weather API,"Casalecchio di Reno, Bologna, Italy",44.4756,11.2759
2020-09-14T00:00:00+00:00,20.000,13.400,Open-Meteo Historical Weather API,"Casalecchio di Reno, Bologna, Italy",44.4756,11.2759
2020-09-14T01:00:00+00:00,21.000,12.900,Open-Meteo Historical Weather API,"Casalecchio di Reno, Bologna, Italy",44.4756,11.2759
2020-09-14T02:00:00+00:00,20.600,12.800,Open-Meteo Historical Weather API,"Casalecchio di Reno, Bologna, Italy",44.4756,11.2759
2020-09-14T03:00:00+00:00,20.000,12.800,Open-Meteo Historical Weather API,"Casalecchio di Reno, Bologna, Italy",44.4756,11.2759
2020-09-14T04:00:00+00:00,19.600,12.800,Open-Meteo Historical Weather API,"Casalecchio di Reno, Bologna, Italy",44.4756,11.2759
2020-09-14T05:00:00+00:00,19.100,13.100,Open-Meteo Historical Weather API,"Casalecchio di Reno, Bologna, Italy",44.4756,11.2759
2020-09-14T06:00:00+00:00,20.900,13.800,Open-Meteo Historical Weather API,"Casalecchio di Reno, Bologna, Italy",44.4756,11.2759
2020-09-14T07:00:00+00:00,23.300,15.400,Open-Meteo Historical Weather API,"Casalecchio di Reno, Bologna, Italy",44.4756,11.2759
2020-09-14T08:00:00+00:00,25.000,17.000,Open-Meteo Historical Weather API,"Casalecchio di Reno, Bologna, Italy",44.4756,11.2759
2020-09-14T09:00:00+00:00,26.600,16.900,Open-Meteo Historical Weather API,"Casalecchio di Reno, Bologna, Italy",44.4756,11.2759
2020-09-14T10:00:00+00:00,28.000,16.800,Open-Meteo Historical Weather API,"Casalecchio di Reno, Bologna, Italy",44.4756,11.2759
2020-09-14T11:00:00+00:00,29.500,15.900,Open-Meteo Historical Weather API,"Casalecchio di Reno, Bologna, Italy",44.4756,11.2759
2020-09-14T12:00:00+00:00,28.500,16.100,Open-Meteo Historical Weather API,"Casalecchio di Reno, Bologna, Italy",44.4756,11.2759
2020-09-14T13:00:00+00:00,30.000,15.300,Open-Meteo Historical Weather API,"Casalecchio di Reno, Bologna, Italy",44.4756,11.2759
2020-09-14T14:00:00+00:00,30.100,14.400,Open-Meteo Historical Weather API,"Casalecchio di Reno, Bologna, Italy",44.4756,11.2759
2020-09-14T15:00:00+00:00,29.500,14.300,Open-Meteo Historical Weather API,"Casalecchio di Reno, Bologna, Italy",44.4756,11.2759
2020-09-14T16:00:00+00:00,28.500,14.600,Open-Meteo Historical Weather API,"Casalecchio di Reno, Bologna, Italy",44.4756,11.2759
2020-09-14T17:00:00+00:00,26.900,14.500,Open-Meteo Historical Weather API,"Casalecchio di Reno, Bologna, Italy",44.4756,11.2759
2020-09-14T18:00:00+00:00,24.600,14.900,Open-Meteo Historical Weather API,"Casalecchio di Reno, Bologna, Italy",44.4756,11.2759
2020-09-14T19:00:00+00:00,22.900,15.200,Open-Meteo Historical Weather API,"Casalecchio di Reno, Bologna, Italy",44.4756,11.2759
2020-09-14T20:00:00+00:00,21.600,15.300,Open-Meteo Historical Weather API,"Casalecchio di Reno, Bologna, Italy",44.4756,11.2759
2020-09-14T21:00:00+00:00,20.800,15.300,Open-Meteo Historical Weather API,"Casalecchio di Reno, Bologna, Italy",44.4756,11.2759
2020-09-14T22:00:00+00:00,19.800,15.200,Open-Meteo Historical Weather API,"Casalecchio di Reno, Bologna, Italy",44.4756,11.2759
2020-09-14T23:00:00+00:00,19.000,15.100,Open-Meteo Historical Weather API,"Casalecchio di Reno, Bologna, Italy",44.4756,11.2759
2020-09-15T00:00:00+00:00,20.500,13.900,Open-Meteo Historical Weather API,"Casalecchio di Reno, Bologna, Italy",44.4756,11.2759
2020-09-15T01:00:00+00:00,20.900,13.100,Open-Meteo Historical Weather API,"Casalecchio di Reno, Bologna, Italy",44.4756,11.2759
2020-09-15T02:00:00+00:00,20.500,12.600,Open-Meteo Historical Weather API,"Casalecchio di Reno, Bologna, Italy",44.4756,11.2759
2020-09-15T03:00:00+00:00,20.100,12.400,Open-Meteo Historical Weather API,"Casalecchio di Reno, Bologna, Italy",44.4756,11.2759
2020-09-15T04:00:00+00:00,19.800,12.400,Open-Meteo Historical Weather API,"Casalecchio di Reno, Bologna, Italy",44.4756,11.2759
2020-09-15T05:00:00+00:00,19.300,12.600,Open-Meteo Historical Weather API,"Casalecchio di Reno, Bologna, Italy",44.4756,11.2759
2020-09-15T06:00:00+00:00,20.700,13.100,Open-Meteo Historical Weather API,"Casalecchio di Reno, Bologna, Italy",44.4756,11.2759
2020-09-15T07:00:00+00:00,22.900,14.400,Open-Meteo Historical Weather API,"Casalecchio di Reno, Bologna, Italy",44.4756,11.2759
2020-09-15T08:00:00+00:00,24.600,15.700,Open-Meteo Historical Weather API,"Casalecchio di Reno, Bologna, Italy",44.4756,11.2759
2020-09-15T09:00:00+00:00,26.200,15.900,Open-Meteo Historical Weather API,"Casalecchio di Reno, Bologna, Italy",44.4756,11.2759
2020-09-15T10:00:00+00:00,27.600,15.300,Open-Meteo Historical Weather API,"Casalecchio di Reno, Bologna, Italy",44.4756,11.2759
2020-09-15T11:00:00+00:00,28.800,14.600,Open-Meteo Historical Weather API,"Casalecchio di Reno, Bologna, Italy",44.4756,11.2759
2020-09-15T12:00:00+00:00,28.200,14.800,Open-Meteo Historical Weather API,"Casalecchio di Reno, Bologna, Italy",44.4756,11.2759
2020-09-15T13:00:00+00:00,29.200,14.100,Open-Meteo Historical Weather API,"Casalecchio di Reno, Bologna, Italy",44.4756,11.2759
2020-09-15T14:00:00+00:00,29.600,13.600,Open-Meteo Historical Weather API,"Casalecchio di Reno, Bologna, Italy",44.4756,11.2759
2020-09-15T15:00:00+00:00,29.500,13.100,Open-Meteo Historical Weather API,"Casalecchio di Reno, Bologna, Italy",44.4756,11.2759
2020-09-15T16:00:00+00:00,29.100,12.800,Open-Meteo Historical Weather API,"Casalecchio di Reno, Bologna, Italy",44.4756,11.2759
2020-09-15T17:00:00+00:00,27.000,13.800,Open-Meteo Historical Weather API,"Casalecchio di Reno, Bologna, Italy",44.4756,11.2759
2020-09-15T18:00:00+00:00,25.400,14.500,Open-Meteo Historical Weather API,"Casalecchio di Reno, Bologna, Italy",44.4756,11.2759
2020-09-15T19:00:00+00:00,24.000,15.400,Open-Meteo Historical Weather API,"Casalecchio di Reno, Bologna, Italy",44.4756,11.2759
2020-09-15T20:00:00+00:00,22.600,15.600,Open-Meteo Historical Weather API,"Casalecchio di Reno, Bologna, Italy",44.4756,11.2759
2020-09-15T21:00:00+00:00,21.800,15.500,Open-Meteo Historical Weather API,"Casalecchio di Reno, Bologna, Italy",44.4756,11.2759
2020-09-15T22:00:00+00:00,20.500,15.200,Open-Meteo Historical Weather API,"Casalecchio di Reno, Bologna, Italy",44.4756,11.2759
2020-09-15T23:00:00+00:00,19.600,14.900,Open-Meteo Historical Weather API,"Casalecchio di Reno, Bologna, Italy",44.4756,11.2759
2020-09-16T00:00:00+00:00,20.400,14.800,Open-Meteo Historical Weather API,"Casalecchio di Reno, Bologna, Italy",44.4756,11.2759
2020-09-16T01:00:00+00:00,20.500,14.400,Open-Meteo Historical Weather API,"Casalecchio di Reno, Bologna, Italy",44.4756,11.2759
2020-09-16T02:00:00+00:00,20.500,14.300,Open-Meteo Historical Weather API,"Casalecchio di Reno, Bologna, Italy",44.4756,11.2759
2020-09-16T03:00:00+00:00,19.800,14.200,Open-Meteo Historical Weather API,"Casalecchio di Reno, Bologna, Italy",44.4756,11.2759
2020-09-16T04:00:00+00:00,19.100,14.200,Open-Meteo Historical Weather API,"Casalecchio di Reno, Bologna, Italy",44.4756,11.2759
2020-09-16T05:00:00+00:00,19.000,14.000,Open-Meteo Historical Weather API,"Casalecchio di Reno, Bologna, Italy",44.4756,11.2759
2020-09-16T06:00:00+00:00,21.000,13.900,Open-Meteo Historical Weather API,"Casalecchio di Reno, Bologna, Italy",44.4756,11.2759
2020-09-16T07:00:00+00:00,23.500,13.800,Open-Meteo Historical Weather API,"Casalecchio di Reno, Bologna, Italy",44.4756,11.2759
2020-09-16T08:00:00+00:00,25.400,13.900,Open-Meteo Historical Weather API,"Casalecchio di Reno, Bologna, Italy",44.4756,11.2759
2020-09-16T09:00:00+00:00,27.100,13.600,Open-Meteo Historical Weather API,"Casalecchio di Reno, Bologna, Italy",44.4756,11.2759
2020-09-16T10:00:00+00:00,28.500,13.400,Open-Meteo Historical Weather API,"Casalecchio di Reno, Bologna, Italy",44.4756,11.2759
2020-09-16T11:00:00+00:00,29.600,13.200,Open-Meteo Historical Weather API,"Casalecchio di Reno, Bologna, Italy",44.4756,11.2759
2020-09-16T12:00:00+00:00,29.200,14.400,Open-Meteo Historical Weather API,"Casalecchio di Reno, Bologna, Italy",44.4756,11.2759
2020-09-16T13:00:00+00:00,29.500,13.900,Open-Meteo Historical Weather API,"Casalecchio di Reno, Bologna, Italy",44.4756,11.2759
2020-09-16T14:00:00+00:00,29.500,13.400,Open-Meteo Historical Weather API,"Casalecchio di Reno, Bologna, Italy",44.4756,11.2759
2020-09-16T15:00:00+00:00,29.300,12.600,Open-Meteo Historical Weather API,"Casalecchio di Reno, Bologna, Italy",44.4756,11.2759
2020-09-16T16:00:00+00:00,28.300,12.800,Open-Meteo Historical Weather API,"Casalecchio di Reno, Bologna, Italy",44.4756,11.2759
2020-09-16T17:00:00+00:00,26.500,13.600,Open-Meteo Historical Weather API,"Casalecchio di Reno, Bologna, Italy",44.4756,11.2759
2020-09-16T18:00:00+00:00,25.100,14.100,Open-Meteo Historical Weather API,"Casalecchio di Reno, Bologna, Italy",44.4756,11.2759
2020-09-16T19:00:00+00:00,24.400,14.100,Open-Meteo Historical Weather API,"Casalecchio di Reno, Bologna, Italy",44.4756,11.2759
2020-09-16T20:00:00+00:00,23.000,13.900,Open-Meteo Historical Weather API,"Casalecchio di Reno, Bologna, Italy",44.4756,11.2759
2020-09-16T21:00:00+00:00,21.800,13.800,Open-Meteo Historical Weather API,"Casalecchio di Reno, Bologna, Italy",44.4756,11.2759
2020-09-16T22:00:00+00:00,21.200,13.800,Open-Meteo Historical Weather API,"Casalecchio di Reno, Bologna, Italy",44.4756,11.2759
2020-09-16T23:00:00+00:00,20.600,13.800,Open-Meteo Historical Weather API,"Casalecchio di Reno, Bologna, Italy",44.4756,11.2759
2020-09-17T00:00:00+00:00,21.200,13.500,Open-Meteo Historical Weather API,"Casalecchio di Reno, Bologna, Italy",44.4756,11.2759
2020-09-17T01:00:00+00:00,21.000,13.600,Open-Meteo Historical Weather API,"Casalecchio di Reno, Bologna, Italy",44.4756,11.2759
2020-09-17T02:00:00+00:00,21.000,13.600,Open-Meteo Historical Weather API,"Casalecchio di Reno, Bologna, Italy",44.4756,11.2759
2020-09-17T03:00:00+00:00,20.500,14.300,Open-Meteo Historical Weather API,"Casalecchio di Reno, Bologna, Italy",44.4756,11.2759
2020-09-17T04:00:00+00:00,20.200,15.100,Open-Meteo Historical Weather API,"Casalecchio di Reno, Bologna, Italy",44.4756,11.2759
2020-09-17T05:00:00+00:00,19.900,15.200,Open-Meteo Historical Weather API,"Casalecchio di Reno, Bologna, Italy",44.4756,11.2759
2020-09-17T06:00:00+00:00,21.500,15.400,Open-Meteo Historical Weather API,"Casalecchio di Reno, Bologna, Italy",44.4756,11.2759
2020-09-17T07:00:00+00:00,24.100,15.600,Open-Meteo Historical Weather API,"Casalecchio di Reno, Bologna, Italy",44.4756,11.2759
2020-09-17T08:00:00+00:00,25.500,16.000,Open-Meteo Historical Weather API,"Casalecchio di Reno, Bologna, Italy",44.4756,11.2759
2020-09-17T09:00:00+00:00,27.000,16.100,Open-Meteo Historical Weather API,"Casalecchio di Reno, Bologna, Italy",44.4756,11.2759
2020-09-17T10:00:00+00:00,28.800,15.300,Open-Meteo Historical Weather API,"Casalecchio di Reno, Bologna, Italy",44.4756,11.2759
2020-09-17T11:00:00+00:00,29.600,14.900,Open-Meteo Historical Weather API,"Casalecchio di Reno, Bologna, Italy",44.4756,11.2759
2020-09-17T12:00:00+00:00,28.500,12.900,Open-Meteo Historical Weather API,"Casalecchio di Reno, Bologna, Italy",44.4756,11.2759
2020-09-17T13:00:00+00:00,29.400,13.100,Open-Meteo Historical Weather API,"Casalecchio di Reno, Bologna, Italy",44.4756,11.2759
2020-09-17T14:00:00+00:00,29.600,13.100,Open-Meteo Historical Weather API,"Casalecchio di Reno, Bologna, Italy",44.4756,11.2759
2020-09-17T15:00:00+00:00,30.000,12.600,Open-Meteo Historical Weather API,"Casalecchio di Reno, Bologna, Italy",44.4756,11.2759
2020-09-17T16:00:00+00:00,29.600,11.800,Open-Meteo Historical Weather API,"Casalecchio di Reno, Bologna, Italy",44.4756,11.2759
2020-09-17T17:00:00+00:00,28.000,11.600,Open-Meteo Historical Weather API,"Casalecchio di Reno, Bologna, Italy",44.4756,11.2759
2020-09-17T18:00:00+00:00,26.600,11.200,Open-Meteo Historical Weather API,"Casalecchio di Reno, Bologna, Italy",44.4756,11.2759
2020-09-17T19:00:00+00:00,24.600,12.300,Open-Meteo Historical Weather API,"Casalecchio di Reno, Bologna, Italy",44.4756,11.2759
2020-09-17T20:00:00+00:00,23.200,13.200,Open-Meteo Historical Weather API,"Casalecchio di Reno, Bologna, Italy",44.4756,11.2759
2020-09-17T21:00:00+00:00,21.800,14.200,Open-Meteo Historical Weather API,"Casalecchio di Reno, Bologna, Italy",44.4756,11.2759
2020-09-17T22:00:00+00:00,21.100,15.100,Open-Meteo Historical Weather API,"Casalecchio di Reno, Bologna, Italy",44.4756,11.2759
2020-09-17T23:00:00+00:00,20.500,16.000,Open-Meteo Historical Weather API,"Casalecchio di Reno, Bologna, Italy",44.4756,11.2759
2020-09-18T00:00:00+00:00,22.500,15.600,Open-Meteo Historical Weather API,"Casalecchio di Reno, Bologna, Italy",44.4756,11.2759
2020-09-18T01:00:00+00:00,20.600,15.600,Open-Meteo Historical Weather API,"Casalecchio di Reno, Bologna, Italy",44.4756,11.2759
2020-09-18T02:00:00+00:00,19.900,15.500,Open-Meteo Historical Weather API,"Casalecchio di Reno, Bologna, Italy",44.4756,11.2759
2020-09-18T03:00:00+00:00,19.600,15.600,Open-Meteo Historical Weather API,"Casalecchio di Reno, Bologna, Italy",44.4756,11.2759
2020-09-18T04:00:00+00:00,19.100,15.700,Open-Meteo Historical Weather API,"Casalecchio di Reno, Bologna, Italy",44.4756,11.2759
2020-09-18T05:00:00+00:00,18.900,15.800,Open-Meteo Historical Weather API,"Casalecchio di Reno, Bologna, Italy",44.4756,11.2759
2020-09-18T06:00:00+00:00,20.100,16.000,Open-Meteo Historical Weather API,"Casalecchio di Reno, Bologna, Italy",44.4756,11.2759
2020-09-18T07:00:00+00:00,22.800,16.100,Open-Meteo Historical Weather API,"Casalecchio di Reno, Bologna, Italy",44.4756,11.2759
2020-09-18T08:00:00+00:00,24.300,16.200,Open-Meteo Historical Weather API,"Casalecchio di Reno, Bologna, Italy",44.4756,11.2759
2020-09-18T09:00:00+00:00,25.800,15.600,Open-Meteo Historical Weather API,"Casalecchio di Reno, Bologna, Italy",44.4756,11.2759
2020-09-18T10:00:00+00:00,26.900,14.400,Open-Meteo Historical Weather API,"Casalecchio di Reno, Bologna, Italy",44.4756,11.2759
2020-09-18T11:00:00+00:00,27.900,13.300,Open-Meteo Historical Weather API,"Casalecchio di Reno, Bologna, Italy",44.4756,11.2759
2020-09-18T12:00:00+00:00,27.800,15.900,Open-Meteo Historical Weather API,"Casalecchio di Reno, Bologna, Italy",44.4756,11.2759
2020-09-18T13:00:00+00:00,28.400,15.400,Open-Meteo Historical Weather API,"Casalecchio di Reno, Bologna, Italy",44.4756,11.2759
2020-09-18T14:00:00+00:00,28.100,15.100,Open-Meteo Historical Weather API,"Casalecchio di Reno, Bologna, Italy",44.4756,11.2759
2020-09-18T15:00:00+00:00,27.800,14.800,Open-Meteo Historical Weather API,"Casalecchio di Reno, Bologna, Italy",44.4756,11.2759
2020-09-18T16:00:00+00:00,26.900,14.600,Open-Meteo Historical Weather API,"Casalecchio di Reno, Bologna, Italy",44.4756,11.2759
2020-09-18T17:00:00+00:00,25.800,14.200,Open-Meteo Historical Weather API,"Casalecchio di Reno, Bologna, Italy",44.4756,11.2759
2020-09-18T18:00:00+00:00,23.500,14.200,Open-Meteo Historical Weather API,"Casalecchio di Reno, Bologna, Italy",44.4756,11.2759
2020-09-18T19:00:00+00:00,22.000,14.200,Open-Meteo Historical Weather API,"Casalecchio di Reno, Bologna, Italy",44.4756,11.2759
2020-09-18T20:00:00+00:00,21.000,14.200,Open-Meteo Historical Weather API,"Casalecchio di Reno, Bologna, Italy",44.4756,11.2759
2020-09-18T21:00:00+00:00,20.400,13.900,Open-Meteo Historical Weather API,"Casalecchio di Reno, Bologna, Italy",44.4756,11.2759
2020-09-18T22:00:00+00:00,20.000,13.600,Open-Meteo Historical Weather API,"Casalecchio di Reno, Bologna, Italy",44.4756,11.2759
2020-09-18T23:00:00+00:00,19.500,13.800,Open-Meteo Historical Weather API,"Casalecchio di Reno, Bologna, Italy",44.4756,11.2759
2020-09-19T00:00:00+00:00,18.900,14.200,Open-Meteo Historical Weather API,"Casalecchio di Reno, Bologna, Italy",44.4756,11.2759
2020-09-19T01:00:00+00:00,18.500,14.600,Open-Meteo Historical Weather API,"Casalecchio di Reno, Bologna, Italy",44.4756,11.2759
2020-09-19T02:00:00+00:00,18.800,15.100,Open-Meteo Historical Weather API,"Casalecchio di Reno, Bologna, Italy",44.4756,11.2759
2020-09-19T03:00:00+00:00,18.400,15.200,Open-Meteo Historical Weather API,"Casalecchio di Reno, Bologna, Italy",44.4756,11.2759
2020-09-19T04:00:00+00:00,17.600,15.100,Open-Meteo Historical Weather API,"Casalecchio di Reno, Bologna, Italy",44.4756,11.2759
2020-09-19T05:00:00+00:00,17.100,15.100,Open-Meteo Historical Weather API,"Casalecchio di Reno, Bologna, Italy",44.4756,11.2759
2020-09-19T06:00:00+00:00,18.600,15.200,Open-Meteo Historical Weather API,"Casalecchio di Reno, Bologna, Italy",44.4756,11.2759
2020-09-19T07:00:00+00:00,20.600,15.400,Open-Meteo Historical Weather API,"Casalecchio di Reno, Bologna, Italy",44.4756,11.2759
2020-09-19T08:00:00+00:00,22.000,15.200,Open-Meteo Historical Weather API,"Casalecchio di Reno, Bologna, Italy",44.4756,11.2759
2020-09-19T09:00:00+00:00,23.400,14.700,Open-Meteo Historical Weather API,"Casalecchio di Reno, Bologna, Italy",44.4756,11.2759
2020-09-19T10:00:00+00:00,25.200,13.500,Open-Meteo Historical Weather API,"Casalecchio di Reno, Bologna, Italy",44.4756,11.2759
2020-09-19T11:00:00+00:00,26.500,13.200,Open-Meteo Historical Weather API,"Casalecchio di Reno, Bologna, Italy",44.4756,11.2759
2020-09-19T12:00:00+00:00,26.100,13.600,Open-Meteo Historical Weather API,"Casalecchio di Reno, Bologna, Italy",44.4756,11.2759
2020-09-19T13:00:00+00:00,26.800,13.400,Open-Meteo Historical Weather API,"Casalecchio di Reno, Bologna, Italy",44.4756,11.2759
2020-09-19T14:00:00+00:00,27.000,13.100,Open-Meteo Historical Weather API,"Casalecchio di Reno, Bologna, Italy",44.4756,11.2759
2020-09-19T15:00:00+00:00,26.600,12.900,Open-Meteo Historical Weather API,"Casalecchio di Reno, Bologna, Italy",44.4756,11.2759
2020-09-19T16:00:00+00:00,25.800,12.900,Open-Meteo Historical Weather API,"Casalecchio di Reno, Bologna, Italy",44.4756,11.2759
2020-09-19T17:00:00+00:00,24.400,12.900,Open-Meteo Historical Weather API,"Casalecchio di Reno, Bologna, Italy",44.4756,11.2759
2020-09-19T18:00:00+00:00,22.800,12.600,Open-Meteo Historical Weather API,"Casalecchio di Reno, Bologna, Italy",44.4756,11.2759
2020-09-19T19:00:00+00:00,21.500,12.100,Open-Meteo Historical Weather API,"Casalecchio di Reno, Bologna, Italy",44.4756,11.2759
2020-09-19T20:00:00+00:00,20.700,12.100,Open-Meteo Historical Weather API,"Casalecchio di Reno, Bologna, Italy",44.4756,11.2759
2020-09-19T21:00:00+00:00,20.200,12.200,Open-Meteo Historical Weather API,"Casalecchio di Reno, Bologna, Italy",44.4756,11.2759
2020-09-19T22:00:00+00:00,19.400,12.600,Open-Meteo Historical Weather API,"Casalecchio di Reno, Bologna, Italy",44.4756,11.2759
2020-09-19T23:00:00+00:00,18.500,13.000,Open-Meteo Historical Weather API,"Casalecchio di Reno, Bologna, Italy",44.4756,11.2759
2020-09-20T00:00:00+00:00,18.800,12.900,Open-Meteo Historical Weather API,"Casalecchio di Reno, Bologna, Italy",44.4756,11.2759
2020-09-20T01:00:00+00:00,17.600,13.100,Open-Meteo Historical Weather API,"Casalecchio di Reno, Bologna, Italy",44.4756,11.2759
2020-09-20T02:00:00+00:00,17.400,12.900,Open-Meteo Historical Weather API,"Casalecchio di Reno, Bologna, Italy",44.4756,11.2759
2020-09-20T03:00:00+00:00,17.500,12.600,Open-Meteo Historical Weather API,"Casalecchio di Reno, Bologna, Italy",44.4756,11.2759
2020-09-20T04:00:00+00:00,17.100,12.600,Open-Meteo Historical Weather API,"Casalecchio di Reno, Bologna, Italy",44.4756,11.2759
2020-09-20T05:00:00+00:00,16.800,12.700,Open-Meteo Historical Weather API,"Casalecchio di Reno, Bologna, Italy",44.4756,11.2759
2020-09-20T06:00:00+00:00,18.500,12.700,Open-Meteo Historical Weather API,"Casalecchio di Reno, Bologna, Italy",44.4756,11.2759
2020-09-20T07:00:00+00:00,21.600,12.600,Open-Meteo Historical Weather API,"Casalecchio di Reno, Bologna, Italy",44.4756,11.2759
2020-09-20T08:00:00+00:00,23.400,12.100,Open-Meteo Historical Weather API,"Casalecchio di Reno, Bologna, Italy",44.4756,11.2759
2020-09-20T09:00:00+00:00,24.800,11.600,Open-Meteo Historical Weather API,"Casalecchio di Reno, Bologna, Italy",44.4756,11.2759
2020-09-20T10:00:00+00:00,26.400,11.200,Open-Meteo Historical Weather API,"Casalecchio di Reno, Bologna, Italy",44.4756,11.2759
2020-09-20T11:00:00+00:00,27.500,11.400,Open-Meteo Historical Weather API,"Casalecchio di Reno, Bologna, Italy",44.4756,11.2759
2020-09-20T12:00:00+00:00,25.000,15.000,Open-Meteo Historical Weather API,"Casalecchio di Reno, Bologna, Italy",44.4756,11.2759
2020-09-20T13:00:00+00:00,26.700,15.100,Open-Meteo Historical Weather API,"Casalecchio di Reno, Bologna, Italy",44.4756,11.2759
2020-09-20T14:00:00+00:00,26.500,15.200,Open-Meteo Historical Weather API,"Casalecchio di Reno, Bologna, Italy",44.4756,11.2759
2020-09-20T15:00:00+00:00,26.400,15.200,Open-Meteo Historical Weather API,"Casalecchio di Reno, Bologna, Italy",44.4756,11.2759
2020-09-20T16:00:00+00:00,24.000,16.500,Open-Meteo Historical Weather API,"Casalecchio di Reno, Bologna, Italy",44.4756,11.2759
2020-09-20T17:00:00+00:00,22.000,17.900,Open-Meteo Historical Weather API,"Casalecchio di Reno, Bologna, Italy",44.4756,11.2759
2020-09-20T18:00:00+00:00,20.800,18.200,Open-Meteo Historical Weather API,"Casalecchio di Reno, Bologna, Italy",44.4756,11.2759
2020-09-20T19:00:00+00:00,20.800,18.100,Open-Meteo Historical Weather API,"Casalecchio di Reno, Bologna, Italy",44.4756,11.2759
2020-09-20T20:00:00+00:00,20.200,17.900,Open-Meteo Historical Weather API,"Casalecchio di Reno, Bologna, Italy",44.4756,11.2759
2020-09-20T21:00:00+00:00,20.000,17.900,Open-Meteo Historical Weather API,"Casalecchio di Reno, Bologna, Italy",44.4756,11.2759
2020-09-20T22:00:00+00:00,19.500,17.900,Open-Meteo Historical Weather API,"Casalecchio di Reno, Bologna, Italy",44.4756,11.2759
2020-09-20T23:00:00+00:00,18.400,17.800,Open-Meteo Historical Weather API,"Casalecchio di Reno, Bologna, Italy",44.4756,11.2759
2020-09-21T00:00:00+00:00,19.100,18.000,Open-Meteo Historical Weather API,"Casalecchio di Reno, Bologna, Italy",44.4756,11.2759
2020-09-21T01:00:00+00:00,17.600,17.000,Open-Meteo Historical Weather API,"Casalecchio di Reno, Bologna, Italy",44.4756,11.2759
2020-09-21T02:00:00+00:00,17.300,16.700,Open-Meteo Historical Weather API,"Casalecchio di Reno, Bologna, Italy",44.4756,11.2759
2020-09-21T03:00:00+00:00,16.800,16.300,Open-Meteo Historical Weather API,"Casalecchio di Reno, Bologna, Italy",44.4756,11.2759
2020-09-21T04:00:00+00:00,16.100,15.700,Open-Meteo Historical Weather API,"Casalecchio di Reno, Bologna, Italy",44.4756,11.2759
2020-09-21T05:00:00+00:00,16.200,15.600,Open-Meteo Historical Weather API,"Casalecchio di Reno, Bologna, Italy",44.4756,11.2759
2020-09-21T06:00:00+00:00,17.800,16.500,Open-Meteo Historical Weather API,"Casalecchio di Reno, Bologna, Italy",44.4756,11.2759
2020-09-21T07:00:00+00:00,20.000,16.900,Open-Meteo Historical Weather API,"Casalecchio di Reno, Bologna, Italy",44.4756,11.2759
2020-09-21T08:00:00+00:00,21.600,16.500,Open-Meteo Historical Weather API,"Casalecchio di Reno, Bologna, Italy",44.4756,11.2759
2020-09-21T09:00:00+00:00,23.100,16.100,Open-Meteo Historical Weather API,"Casalecchio di Reno, Bologna, Italy",44.4756,11.2759
2020-09-21T10:00:00+00:00,24.600,15.600,Open-Meteo Historical Weather API,"Casalecchio di Reno, Bologna, Italy",44.4756,11.2759
2020-09-21T11:00:00+00:00,26.200,15.200,Open-Meteo Historical Weather API,"Casalecchio di Reno, Bologna, Italy",44.4756,11.2759
2020-09-21T12:00:00+00:00,26.600,15.600,Open-Meteo Historical Weather API,"Casalecchio di Reno, Bologna, Italy",44.4756,11.2759
2020-09-21T13:00:00+00:00,22.600,18.200,Open-Meteo Historical Weather API,"Casalecchio di Reno, Bologna, Italy",44.4756,11.2759
2020-09-21T14:00:00+00:00,22.400,17.600,Open-Meteo Historical Weather API,"Casalecchio di Reno, Bologna, Italy",44.4756,11.2759
2020-09-21T15:00:00+00:00,22.100,17.700,Open-Meteo Historical Weather API,"Casalecchio di Reno, Bologna, Italy",44.4756,11.2759
2020-09-21T16:00:00+00:00,22.400,17.400,Open-Meteo Historical Weather API,"Casalecchio di Reno, Bologna, Italy",44.4756,11.2759
2020-09-21T17:00:00+00:00,22.000,17.500,Open-Meteo Historical Weather API,"Casalecchio di Reno, Bologna, Italy",44.4756,11.2759
2020-09-21T18:00:00+00:00,20.000,18.000,Open-Meteo Historical Weather API,"Casalecchio di Reno, Bologna, Italy",44.4756,11.2759
2020-09-21T19:00:00+00:00,19.100,18.000,Open-Meteo Historical Weather API,"Casalecchio di Reno, Bologna, Italy",44.4756,11.2759
2020-09-21T20:00:00+00:00,19.000,17.900,Open-Meteo Historical Weather API,"Casalecchio di Reno, Bologna, Italy",44.4756,11.2759
2020-09-21T21:00:00+00:00,18.900,17.700,Open-Meteo Historical Weather API,"Casalecchio di Reno, Bologna, Italy",44.4756,11.2759
2020-09-21T22:00:00+00:00,18.600,17.900,Open-Meteo Historical Weather API,"Casalecchio di Reno, Bologna, Italy",44.4756,11.2759
2020-09-21T23:00:00+00:00,17.700,17.100,Open-Meteo Historical Weather API,"Casalecchio di Reno, Bologna, Italy",44.4756,11.2759
2020-09-22T00:00:00+00:00,17.900,17.100,Open-Meteo Historical Weather API,"Casalecchio di Reno, Bologna, Italy",44.4756,11.2759
2020-09-22T01:00:00+00:00,16.900,16.500,Open-Meteo Historical Weather API,"Casalecchio di Reno, Bologna, Italy",44.4756,11.2759
2020-09-22T02:00:00+00:00,17.600,16.800,Open-Meteo Historical Weather API,"Casalecchio di Reno, Bologna, Italy",44.4756,11.2759
2020-09-22T03:00:00+00:00,17.200,16.100,Open-Meteo Historical Weather API,"Casalecchio di Reno, Bologna, Italy",44.4756,11.2759
2020-09-22T04:00:00+00:00,16.800,15.900,Open-Meteo Historical Weather API,"Casalecchio di Reno, Bologna, Italy",44.4756,11.2759
2020-09-22T05:00:00+00:00,17.500,15.800,Open-Meteo Historical Weather API,"Casalecchio di Reno, Bologna, Italy",44.4756,11.2759
2020-09-22T06:00:00+00:00,17.500,16.300,Open-Meteo Historical Weather API,"Casalecchio di Reno, Bologna, Italy",44.4756,11.2759
2020-09-22T07:00:00+00:00,18.600,16.500,Open-Meteo Historical Weather API,"Casalecchio di Reno, Bologna, Italy",44.4756,11.2759
2020-09-22T08:00:00+00:00,19.200,16.500,Open-Meteo Historical Weather API,"Casalecchio di Reno, Bologna, Italy",44.4756,11.2759
2020-09-22T09:00:00+00:00,20.500,16.800,Open-Meteo Historical Weather API,"Casalecchio di Reno, Bologna, Italy",44.4756,11.2759
2020-09-22T10:00:00+00:00,22.100,17.200,Open-Meteo Historical Weather API,"Casalecchio di Reno, Bologna, Italy",44.4756,11.2759
2020-09-22T11:00:00+00:00,22.300,17.500,Open-Meteo Historical Weather API,"Casalecchio di Reno, Bologna, Italy",44.4756,11.2759
2020-09-22T12:00:00+00:00,23.800,15.800,Open-Meteo Historical Weather API,"Casalecchio di Reno, Bologna, Italy",44.4756,11.2759
2020-09-22T13:00:00+00:00,24.900,16.200,Open-Meteo Historical Weather API,"Casalecchio di Reno, Bologna, Italy",44.4756,11.2759
2020-09-22T14:00:00+00:00,25.100,15.800,Open-Meteo Historical Weather API,"Casalecchio di Reno, Bologna, Italy",44.4756,11.2759
2020-09-22T15:00:00+00:00,23.600,17.200,Open-Meteo Historical Weather API,"Casalecchio di Reno, Bologna, Italy",44.4756,11.2759
2020-09-22T16:00:00+00:00,20.300,18.000,Open-Meteo Historical Weather API,"Casalecchio di Reno, Bologna, Italy",44.4756,11.2759
2020-09-22T17:00:00+00:00,19.600,18.400,Open-Meteo Historical Weather API,"Casalecchio di Reno, Bologna, Italy",44.4756,11.2759
2020-09-22T18:00:00+00:00,18.600,18.100,Open-Meteo Historical Weather API,"Casalecchio di Reno, Bologna, Italy",44.4756,11.2759
2020-09-22T19:00:00+00:00,17.900,17.600,Open-Meteo Historical Weather API,"Casalecchio di Reno, Bologna, Italy",44.4756,11.2759
2020-09-22T20:00:00+00:00,17.200,17.000,Open-Meteo Historical Weather API,"Casalecchio di Reno, Bologna, Italy",44.4756,11.2759
2020-09-22T21:00:00+00:00,16.900,16.600,Open-Meteo Historical Weather API,"Casalecchio di Reno, Bologna, Italy",44.4756,11.2759
2020-09-22T22:00:00+00:00,16.900,16.700,Open-Meteo Historical Weather API,"Casalecchio di Reno, Bologna, Italy",44.4756,11.2759
2020-09-22T23:00:00+00:00,17.500,17.500,Open-Meteo Historical Weather API,"Casalecchio di Reno, Bologna, Italy",44.4756,11.2759
2020-09-23T00:00:00+00:00,17.100,16.800,Open-Meteo Historical Weather API,"Casalecchio di Reno, Bologna, Italy",44.4756,11.2759
2020-09-23T01:00:00+00:00,16.100,15.600,Open-Meteo Historical Weather API,"Casalecchio di Reno, Bologna, Italy",44.4756,11.2759
2020-09-23T02:00:00+00:00,15.400,14.800,Open-Meteo Historical Weather API,"Casalecchio di Reno, Bologna, Italy",44.4756,11.2759
2020-09-23T03:00:00+00:00,15.600,14.500,Open-Meteo Historical Weather API,"Casalecchio di Reno, Bologna, Italy",44.4756,11.2759
2020-09-23T04:00:00+00:00,16.200,14.100,Open-Meteo Historical Weather API,"Casalecchio di Reno, Bologna, Italy",44.4756,11.2759
2020-09-23T05:00:00+00:00,16.100,13.900,Open-Meteo Historical Weather API,"Casalecchio di Reno, Bologna, Italy",44.4756,11.2759
2020-09-23T06:00:00+00:00,17.100,14.400,Open-Meteo Historical Weather API,"Casalecchio di Reno, Bologna, Italy",44.4756,11.2759
2020-09-23T07:00:00+00:00,18.800,15.000,Open-Meteo Historical Weather API,"Casalecchio di Reno, Bologna, Italy",44.4756,11.2759
2020-09-23T08:00:00+00:00,20.500,15.200,Open-Meteo Historical Weather API,"Casalecchio di Reno, Bologna, Italy",44.4756,11.2759
2020-09-23T09:00:00+00:00,21.900,15.100,Open-Meteo Historical Weather API,"Casalecchio di Reno, Bologna, Italy",44.4756,11.2759
2020-09-23T10:00:00+00:00,22.700,14.700,Open-Meteo Historical Weather API,"Casalecchio di Reno, Bologna, Italy",44.4756,11.2759
2020-09-23T11:00:00+00:00,23.200,14.600,Open-Meteo Historical Weather API,"Casalecchio di Reno, Bologna, Italy",44.4756,11.2759
2020-09-23T12:00:00+00:00,21.600,15.400,Open-Meteo Historical Weather API,"Casalecchio di Reno, Bologna, Italy",44.4756,11.2759
2020-09-23T13:00:00+00:00,22.900,14.900,Open-Meteo Historical Weather API,"Casalecchio di Reno, Bologna, Italy",44.4756,11.2759
2020-09-23T14:00:00+00:00,23.500,14.300,Open-Meteo Historical Weather API,"Casalecchio di Reno, Bologna, Italy",44.4756,11.2759
2020-09-23T15:00:00+00:00,23.500,13.900,Open-Meteo Historical Weather API,"Casalecchio di Reno, Bologna, Italy",44.4756,11.2759
2020-09-23T16:00:00+00:00,23.100,14.200,Open-Meteo Historical Weather API,"Casalecchio di Reno, Bologna, Italy",44.4756,11.2759
2020-09-23T17:00:00+00:00,21.100,13.900,Open-Meteo Historical Weather API,"Casalecchio di Reno, Bologna, Italy",44.4756,11.2759
2020-09-23T18:00:00+00:00,19.800,14.400,Open-Meteo Historical Weather API,"Casalecchio di Reno, Bologna, Italy",44.4756,11.2759
2020-09-23T19:00:00+00:00,19.300,14.600,Open-Meteo Historical Weather API,"Casalecchio di Reno, Bologna, Italy",44.4756,11.2759
2020-09-23T20:00:00+00:00,19.000,15.000,Open-Meteo Historical Weather API,"Casalecchio di Reno, Bologna, Italy",44.4756,11.2759
2020-09-23T21:00:00+00:00,18.600,15.100,Open-Meteo Historical Weather API,"Casalecchio di Reno, Bologna, Italy",44.4756,11.2759
2020-09-23T22:00:00+00:00,18.300,15.100,Open-Meteo Historical Weather API,"Casalecchio di Reno, Bologna, Italy",44.4756,11.2759
2020-09-23T23:00:00+00:00,18.000,15.000,Open-Meteo Historical Weather API,"Casalecchio di Reno, Bologna, Italy",44.4756,11.2759
2020-09-24T00:00:00+00:00,18.800,15.600,Open-Meteo Historical Weather API,"Casalecchio di Reno, Bologna, Italy",44.4756,11.2759
2020-09-24T01:00:00+00:00,18.500,15.600,Open-Meteo Historical Weather API,"Casalecchio di Reno, Bologna, Italy",44.4756,11.2759
2020-09-24T02:00:00+00:00,18.500,15.400,Open-Meteo Historical Weather API,"Casalecchio di Reno, Bologna, Italy",44.4756,11.2759
2020-09-24T03:00:00+00:00,18.600,15.200,Open-Meteo Historical Weather API,"Casalecchio di Reno, Bologna, Italy",44.4756,11.2759
2020-09-24T04:00:00+00:00,18.200,15.100,Open-Meteo Historical Weather API,"Casalecchio di Reno, Bologna, Italy",44.4756,11.2759
2020-09-24T05:00:00+00:00,18.600,14.900,Open-Meteo Historical Weather API,"Casalecchio di Reno, Bologna, Italy",44.4756,11.2759
2020-09-24T06:00:00+00:00,19.400,15.900,Open-Meteo Historical Weather API,"Casalecchio di Reno, Bologna, Italy",44.4756,11.2759
2020-09-24T07:00:00+00:00,19.800,16.500,Open-Meteo Historical Weather API,"Casalecchio di Reno, Bologna, Italy",44.4756,11.2759
2020-09-24T08:00:00+00:00,21.500,16.500,Open-Meteo Historical Weather API,"Casalecchio di Reno, Bologna, Italy",44.4756,11.2759
2020-09-24T09:00:00+00:00,23.200,16.100,Open-Meteo Historical Weather API,"Casalecchio di Reno, Bologna, Italy",44.4756,11.2759
2020-09-24T10:00:00+00:00,25.100,15.100,Open-Meteo Historical Weather API,"Casalecchio di Reno, Bologna, Italy",44.4756,11.2759
2020-09-24T11:00:00+00:00,25.900,14.900,Open-Meteo Historical Weather API,"Casalecchio di Reno, Bologna, Italy",44.4756,11.2759
2020-09-24T12:00:00+00:00,25.000,14.400,Open-Meteo Historical Weather API,"Casalecchio di Reno, Bologna, Italy",44.4756,11.2759
2020-09-24T13:00:00+00:00,25.600,14.100,Open-Meteo Historical Weather API,"Casalecchio di Reno, Bologna, Italy",44.4756,11.2759
2020-09-24T14:00:00+00:00,25.900,13.600,Open-Meteo Historical Weather API,"Casalecchio di Reno, Bologna, Italy",44.4756,11.2759
2020-09-24T15:00:00+00:00,25.600,13.600,Open-Meteo Historical Weather API,"Casalecchio di Reno, Bologna, Italy",44.4756,11.2759
2020-09-24T16:00:00+00:00,24.700,14.100,Open-Meteo Historical Weather API,"Casalecchio di Reno, Bologna, Italy",44.4756,11.2759
2020-09-24T17:00:00+00:00,22.300,14.400,Open-Meteo Historical Weather API,"Casalecchio di Reno, Bologna, Italy",44.4756,11.2759
2020-09-24T18:00:00+00:00,21.100,14.600,Open-Meteo Historical Weather API,"Casalecchio di Reno, Bologna, Italy",44.4756,11.2759
2020-09-24T19:00:00+00:00,20.900,15.100,Open-Meteo Historical Weather API,"Casalecchio di Reno, Bologna, Italy",44.4756,11.2759
2020-09-24T20:00:00+00:00,20.900,15.800,Open-Meteo Historical Weather API,"Casalecchio di Reno, Bologna, Italy",44.4756,11.2759
2020-09-24T21:00:00+00:00,20.600,16.000,Open-Meteo Historical Weather API,"Casalecchio di Reno, Bologna, Italy",44.4756,11.2759
2020-09-24T22:00:00+00:00,20.300,15.600,Open-Meteo Historical Weather API,"Casalecchio di Reno, Bologna, Italy",44.4756,11.2759
2020-09-24T23:00:00+00:00,19.600,15.400,Open-Meteo Historical Weather API,"Casalecchio di Reno, Bologna, Italy",44.4756,11.2759
2020-09-25T00:00:00+00:00,18.500,17.000,Open-Meteo Historical Weather API,"Casalecchio di Reno, Bologna, Italy",44.4756,11.2759
2020-09-25T01:00:00+00:00,18.800,17.000,Open-Meteo Historical Weather API,"Casalecchio di Reno, Bologna, Italy",44.4756,11.2759
2020-09-25T02:00:00+00:00,19.000,16.400,Open-Meteo Historical Weather API,"Casalecchio di Reno, Bologna, Italy",44.4756,11.2759
2020-09-25T03:00:00+00:00,19.200,15.800,Open-Meteo Historical Weather API,"Casalecchio di Reno, Bologna, Italy",44.4756,11.2759
2020-09-25T04:00:00+00:00,19.200,15.600,Open-Meteo Historical Weather API,"Casalecchio di Reno, Bologna, Italy",44.4756,11.2759
2020-09-25T05:00:00+00:00,19.000,15.200,Open-Meteo Historical Weather API,"Casalecchio di Reno, Bologna, Italy",44.4756,11.2759
2020-09-25T06:00:00+00:00,19.600,15.300,Open-Meteo Historical Weather API,"Casalecchio di Reno, Bologna, Italy",44.4756,11.2759
2020-09-25T07:00:00+00:00,21.000,15.500,Open-Meteo Historical Weather API,"Casalecchio di Reno, Bologna, Italy",44.4756,11.2759
2020-09-25T08:00:00+00:00,21.800,14.900,Open-Meteo Historical Weather API,"Casalecchio di Reno, Bologna, Italy",44.4756,11.2759
2020-09-25T09:00:00+00:00,22.600,13.600,Open-Meteo Historical Weather API,"Casalecchio di Reno, Bologna, Italy",44.4756,11.2759
2020-09-25T10:00:00+00:00,23.500,11.600,Open-Meteo Historical Weather API,"Casalecchio di Reno, Bologna, Italy",44.4756,11.2759
2020-09-25T11:00:00+00:00,22.800,11.000,Open-Meteo Historical Weather API,"Casalecchio di Reno, Bologna, Italy",44.4756,11.2759
2020-09-25T12:00:00+00:00,24.200,8.600,Open-Meteo Historical Weather API,"Casalecchio di Reno, Bologna, Italy",44.4756,11.2759
2020-09-25T13:00:00+00:00,23.500,6.600,Open-Meteo Historical Weather API,"Casalecchio di Reno, Bologna, Italy",44.4756,11.2759
2020-09-25T14:00:00+00:00,21.500,5.900,Open-Meteo Historical Weather API,"Casalecchio di Reno, Bologna, Italy",44.4756,11.2759
2020-09-25T15:00:00+00:00,20.200,6.500,Open-Meteo Historical Weather API,"Casalecchio di Reno, Bologna, Italy",44.4756,11.2759
2020-09-25T16:00:00+00:00,18.600,6.800,Open-Meteo Historical Weather API,"Casalecchio di Reno, Bologna, Italy",44.4756,11.2759
2020-09-25T17:00:00+00:00,17.000,7.400,Open-Meteo Historical Weather API,"Casalecchio di Reno, Bologna, Italy",44.4756,11.2759
2020-09-25T18:00:00+00:00,15.700,7.800,Open-Meteo Historical Weather API,"Casalecchio di Reno, Bologna, Italy",44.4756,11.2759
2020-09-25T19:00:00+00:00,14.800,4.700,Open-Meteo Historical Weather API,"Casalecchio di Reno, Bologna, Italy",44.4756,11.2759
2020-09-25T20:00:00+00:00,14.200,3.300,Open-Meteo Historical Weather API,"Casalecchio di Reno, Bologna, Italy",44.4756,11.2759
2020-09-25T21:00:00+00:00,14.700,0.000,Open-Meteo Historical Weather API,"Casalecchio di Reno, Bologna, Italy",44.4756,11.2759
2020-09-25T22:00:00+00:00,15.000,-1.600,Open-Meteo Historical Weather API,"Casalecchio di Reno, Bologna, Italy",44.4756,11.2759
2020-09-25T23:00:00+00:00,14.900,-0.700,Open-Meteo Historical Weather API,"Casalecchio di Reno, Bologna, Italy",44.4756,11.2759
2020-09-26T00:00:00+00:00,13.400,4.000,Open-Meteo Historical Weather API,"Casalecchio di Reno, Bologna, Italy",44.4756,11.2759
2020-09-26T01:00:00+00:00,14.200,2.200,Open-Meteo Historical Weather API,"Casalecchio di Reno, Bologna, Italy",44.4756,11.2759
2020-09-26T02:00:00+00:00,14.800,1.500,Open-Meteo Historical Weather API,"Casalecchio di Reno, Bologna, Italy",44.4756,11.2759
2020-09-26T03:00:00+00:00,14.700,0.300,Open-Meteo Historical Weather API,"Casalecchio di Reno, Bologna, Italy",44.4756,11.2759
2020-09-26T04:00:00+00:00,14.200,-0.900,Open-Meteo Historical Weather API,"Casalecchio di Reno, Bologna, Italy",44.4756,11.2759
2020-09-26T05:00:00+00:00,14.200,-1.900,Open-Meteo Historical Weather API,"Casalecchio di Reno, Bologna, Italy",44.4756,11.2759
2020-09-26T06:00:00+00:00,14.400,-1.400,Open-Meteo Historical Weather API,"Casalecchio di Reno, Bologna, Italy",44.4756,11.2759
2020-09-26T07:00:00+00:00,15.400,-0.100,Open-Meteo Historical Weather API,"Casalecchio di Reno, Bologna, Italy",44.4756,11.2759
2020-09-26T08:00:00+00:00,16.500,0.100,Open-Meteo Historical Weather API,"Casalecchio di Reno, Bologna, Italy",44.4756,11.2759
2020-09-26T09:00:00+00:00,17.100,0.100,Open-Meteo Historical Weather API,"Casalecchio di Reno, Bologna, Italy",44.4756,11.2759
2020-09-26T10:00:00+00:00,18.800,-0.200,Open-Meteo Historical Weather API,"Casalecchio di Reno, Bologna, Italy",44.4756,11.2759
2020-09-26T11:00:00+00:00,19.800,-0.900,Open-Meteo Historical Weather API,"Casalecchio di Reno, Bologna, Italy",44.4756,11.2759
2020-09-26T12:00:00+00:00,20.800,-2.200,Open-Meteo Historical Weather API,"Casalecchio di Reno, Bologna, Italy",44.4756,11.2759
2020-09-26T13:00:00+00:00,20.900,-4.700,Open-Meteo Historical Weather API,"Casalecchio di Reno, Bologna, Italy",44.4756,11.2759
2020-09-26T14:00:00+00:00,20.600,-4.400,Open-Meteo Historical Weather API,"Casalecchio di Reno, Bologna, Italy",44.4756,11.2759
2020-09-26T15:00:00+00:00,19.900,-4.700,Open-Meteo Historical Weather API,"Casalecchio di Reno, Bologna, Italy",44.4756,11.2759
2020-09-26T16:00:00+00:00,18.800,-3.100,Open-Meteo Historical Weather API,"Casalecchio di Reno, Bologna, Italy",44.4756,11.2759
2020-09-26T17:00:00+00:00,15.900,-3.000,Open-Meteo Historical Weather API,"Casalecchio di Reno, Bologna, Italy",44.4756,11.2759
2020-09-26T18:00:00+00:00,14.900,-2.800,Open-Meteo Historical Weather API,"Casalecchio di Reno, Bologna, Italy",44.4756,11.2759
2020-09-26T19:00:00+00:00,14.600,-2.800,Open-Meteo Historical Weather API,"Casalecchio di Reno, Bologna, Italy",44.4756,11.2759
2020-09-26T20:00:00+00:00,13.900,-3.500,Open-Meteo Historical Weather API,"Casalecchio di Reno, Bologna, Italy",44.4756,11.2759
2020-09-26T21:00:00+00:00,13.600,-4.400,Open-Meteo Historical Weather API,"Casalecchio di Reno, Bologna, Italy",44.4756,11.2759
2020-09-26T22:00:00+00:00,12.400,-4.200,Open-Meteo Historical Weather API,"Casalecchio di Reno, Bologna, Italy",44.4756,11.2759
2020-09-26T23:00:00+00:00,11.400,-2.300,Open-Meteo Historical Weather API,"Casalecchio di Reno, Bologna, Italy",44.4756,11.2759
2020-09-27T00:00:00+00:00,12.900,5.900,Open-Meteo Historical Weather API,"Casalecchio di Reno, Bologna, Italy",44.4756,11.2759
2020-09-27T01:00:00+00:00,12.500,5.700,Open-Meteo Historical Weather API,"Casalecchio di Reno, Bologna, Italy",44.4756,11.2759
2020-09-27T02:00:00+00:00,12.100,6.100,Open-Meteo Historical Weather API,"Casalecchio di Reno, Bologna, Italy",44.4756,11.2759
2020-09-27T03:00:00+00:00,11.200,6.500,Open-Meteo Historical Weather API,"Casalecchio di Reno, Bologna, Italy",44.4756,11.2759
2020-09-27T04:00:00+00:00,10.100,6.800,Open-Meteo Historical Weather API,"Casalecchio di Reno, Bologna, Italy",44.4756,11.2759
2020-09-27T05:00:00+00:00,9.600,6.800,Open-Meteo Historical Weather API,"Casalecchio di Reno, Bologna, Italy",44.4756,11.2759
2020-09-27T06:00:00+00:00,10.500,6.300,Open-Meteo Historical Weather API,"Casalecchio di Reno, Bologna, Italy",44.4756,11.2759
2020-09-27T07:00:00+00:00,12.100,5.000,Open-Meteo Historical Weather API,"Casalecchio di Reno, Bologna, Italy",44.4756,11.2759
2020-09-27T08:00:00+00:00,14.000,5.300,Open-Meteo Historical Weather API,"Casalecchio di Reno, Bologna, Italy",44.4756,11.2759
2020-09-27T09:00:00+00:00,15.100,6.400,Open-Meteo Historical Weather API,"Casalecchio di Reno, Bologna, Italy",44.4756,11.2759
2020-09-27T10:00:00+00:00,15.800,7.200,Open-Meteo Historical Weather API,"Casalecchio di Reno, Bologna, Italy",44.4756,11.2759
2020-09-27T11:00:00+00:00,16.600,6.900,Open-Meteo Historical Weather API,"Casalecchio di Reno, Bologna, Italy",44.4756,11.2759
2020-09-27T12:00:00+00:00,16.900,5.600,Open-Meteo Historical Weather API,"Casalecchio di Reno, Bologna, Italy",44.4756,11.2759
2020-09-27T13:00:00+00:00,16.100,6.800,Open-Meteo Historical Weather API,"Casalecchio di Reno, Bologna, Italy",44.4756,11.2759
2020-09-27T14:00:00+00:00,15.800,6.400,Open-Meteo Historical Weather API,"Casalecchio di Reno, Bologna, Italy",44.4756,11.2759
2020-09-27T15:00:00+00:00,14.400,7.700,Open-Meteo Historical Weather API,"Casalecchio di Reno, Bologna, Italy",44.4756,11.2759
2020-09-27T16:00:00+00:00,12.700,9.800,Open-Meteo Historical Weather API,"Casalecchio di Reno, Bologna, Italy",44.4756,11.2759
2020-09-27T17:00:00+00:00,12.400,10.200,Open-Meteo Historical Weather API,"Casalecchio di Reno, Bologna, Italy",44.4756,11.2759
2020-09-27T18:00:00+00:00,12.100,10.900,Open-Meteo Historical Weather API,"Casalecchio di Reno, Bologna, Italy",44.4756,11.2759
2020-09-27T19:00:00+00:00,12.100,11.400,Open-Meteo Historical Weather API,"Casalecchio di Reno, Bologna, Italy",44.4756,11.2759
2020-09-27T20:00:00+00:00,12.100,11.200,Open-Meteo Historical Weather API,"Casalecchio di Reno, Bologna, Italy",44.4756,11.2759
2020-09-27T21:00:00+00:00,12.100,10.700,Open-Meteo Historical Weather API,"Casalecchio di Reno, Bologna, Italy",44.4756,11.2759
2020-09-27T22:00:00+00:00,11.800,10.600,Open-Meteo Historical Weather API,"Casalecchio di Reno, Bologna, Italy",44.4756,11.2759
2020-09-27T23:00:00+00:00,11.400,10.100,Open-Meteo Historical Weather API,"Casalecchio di Reno, Bologna, Italy",44.4756,11.2759
2020-09-28T00:00:00+00:00,11.900,10.400,Open-Meteo Historical Weather API,"Casalecchio di Reno, Bologna, Italy",44.4756,11.2759
2020-09-28T01:00:00+00:00,11.700,10.100,Open-Meteo Historical Weather API,"Casalecchio di Reno, Bologna, Italy",44.4756,11.2759
2020-09-28T02:00:00+00:00,11.400,9.400,Open-Meteo Historical Weather API,"Casalecchio di Reno, Bologna, Italy",44.4756,11.2759
2020-09-28T03:00:00+00:00,11.500,8.900,Open-Meteo Historical Weather API,"Casalecchio di Reno, Bologna, Italy",44.4756,11.2759
2020-09-28T04:00:00+00:00,11.300,8.100,Open-Meteo Historical Weather API,"Casalecchio di Reno, Bologna, Italy",44.4756,11.2759
2020-09-28T05:00:00+00:00,11.500,7.100,Open-Meteo Historical Weather API,"Casalecchio di Reno, Bologna, Italy",44.4756,11.2759
2020-09-28T06:00:00+00:00,11.400,7.500,Open-Meteo Historical Weather API,"Casalecchio di Reno, Bologna, Italy",44.4756,11.2759
2020-09-28T07:00:00+00:00,13.600,8.500,Open-Meteo Historical Weather API,"Casalecchio di Reno, Bologna, Italy",44.4756,11.2759
2020-09-28T08:00:00+00:00,15.500,7.900,Open-Meteo Historical Weather API,"Casalecchio di Reno, Bologna, Italy",44.4756,11.2759
2020-09-28T09:00:00+00:00,15.900,7.800,Open-Meteo Historical Weather API,"Casalecchio di Reno, Bologna, Italy",44.4756,11.2759
2020-09-28T10:00:00+00:00,17.100,6.900,Open-Meteo Historical Weather API,"Casalecchio di Reno, Bologna, Italy",44.4756,11.2759
2020-09-28T11:00:00+00:00,17.500,6.200,Open-Meteo Historical Weather API,"Casalecchio di Reno, Bologna, Italy",44.4756,11.2759
2020-09-28T12:00:00+00:00,18.200,7.000,Open-Meteo Historical Weather API,"Casalecchio di Reno, Bologna, Italy",44.4756,11.2759
2020-09-28T13:00:00+00:00,18.500,6.300,Open-Meteo Historical Weather API,"Casalecchio di Reno, Bologna, Italy",44.4756,11.2759
2020-09-28T14:00:00+00:00,18.800,5.800,Open-Meteo Historical Weather API,"Casalecchio di Reno, Bologna, Italy",44.4756,11.2759
2020-09-28T15:00:00+00:00,18.800,5.200,Open-Meteo Historical Weather API,"Casalecchio di Reno, Bologna, Italy",44.4756,11.2759
2020-09-28T16:00:00+00:00,17.600,5.700,Open-Meteo Historical Weather API,"Casalecchio di Reno, Bologna, Italy",44.4756,11.2759
2020-09-28T17:00:00+00:00,15.300,5.300,Open-Meteo Historical Weather API,"Casalecchio di Reno, Bologna, Italy",44.4756,11.2759
2020-09-28T18:00:00+00:00,14.600,7.400,Open-Meteo Historical Weather API,"Casalecchio di Reno, Bologna, Italy",44.4756,11.2759
2020-09-28T19:00:00+00:00,14.100,8.400,Open-Meteo Historical Weather API,"Casalecchio di Reno, Bologna, Italy",44.4756,11.2759
2020-09-28T20:00:00+00:00,13.300,8.600,Open-Meteo Historical Weather API,"Casalecchio di Reno, Bologna, Italy",44.4756,11.2759
2020-09-28T21:00:00+00:00,12.400,9.000,Open-Meteo Historical Weather API,"Casalecchio di Reno, Bologna, Italy",44.4756,11.2759
2020-09-28T22:00:00+00:00,12.400,9.200,Open-Meteo Historical Weather API,"Casalecchio di Reno, Bologna, Italy",44.4756,11.2759
2020-09-28T23:00:00+00:00,11.800,9.100,Open-Meteo Historical Weather API,"Casalecchio di Reno, Bologna, Italy",44.4756,11.2759
2020-09-29T00:00:00+00:00,11.900,6.900,Open-Meteo Historical Weather API,"Casalecchio di Reno, Bologna, Italy",44.4756,11.2759
2020-09-29T01:00:00+00:00,11.200,6.600,Open-Meteo Historical Weather API,"Casalecchio di Reno, Bologna, Italy",44.4756,11.2759
2020-09-29T02:00:00+00:00,10.900,6.100,Open-Meteo Historical Weather API,"Casalecchio di Reno, Bologna, Italy",44.4756,11.2759
2020-09-29T03:00:00+00:00,10.900,5.500,Open-Meteo Historical Weather API,"Casalecchio di Reno, Bologna, Italy",44.4756,11.2759
2020-09-29T04:00:00+00:00,10.600,5.200,Open-Meteo Historical Weather API,"Casalecchio di Reno, Bologna, Italy",44.4756,11.2759
2020-09-29T05:00:00+00:00,10.200,4.900,Open-Meteo Historical Weather API,"Casalecchio di Reno, Bologna, Italy",44.4756,11.2759
2020-09-29T06:00:00+00:00,11.100,5.700,Open-Meteo Historical Weather API,"Casalecchio di Reno, Bologna, Italy",44.4756,11.2759
2020-09-29T07:00:00+00:00,14.400,7.700,Open-Meteo Historical Weather API,"Casalecchio di Reno, Bologna, Italy",44.4756,11.2759
2020-09-29T08:00:00+00:00,17.100,6.800,Open-Meteo Historical Weather API,"Casalecchio di Reno, Bologna, Italy",44.4756,11.2759
2020-09-29T09:00:00+00:00,18.300,7.200,Open-Meteo Historical Weather API,"Casalecchio di Reno, Bologna, Italy",44.4756,11.2759
2020-09-29T10:00:00+00:00,19.200,7.600,Open-Meteo Historical Weather API,"Casalecchio di Reno, Bologna, Italy",44.4756,11.2759
2020-09-29T11:00:00+00:00,20.300,7.500,Open-Meteo Historical Weather API,"Casalecchio di Reno, Bologna, Italy",44.4756,11.2759
2020-09-29T12:00:00+00:00,21.200,7.900,Open-Meteo Historical Weather API,"Casalecchio di Reno, Bologna, Italy",44.4756,11.2759
2020-09-29T13:00:00+00:00,21.200,7.800,Open-Meteo Historical Weather API,"Casalecchio di Reno, Bologna, Italy",44.4756,11.2759
2020-09-29T14:00:00+00:00,21.100,7.500,Open-Meteo Historical Weather API,"Casalecchio di Reno, Bologna, Italy",44.4756,11.2759
2020-09-29T15:00:00+00:00,20.800,7.600,Open-Meteo Historical Weather API,"Casalecchio di Reno, Bologna, Italy",44.4756,11.2759
2020-09-29T16:00:00+00:00,19.600,10.400,Open-Meteo Historical Weather API,"Casalecchio di Reno, Bologna, Italy",44.4756,11.2759
2020-09-29T17:00:00+00:00,17.100,8.900,Open-Meteo Historical Weather API,"Casalecchio di Reno, Bologna, Italy",44.4756,11.2759
2020-09-29T18:00:00+00:00,16.900,8.900,Open-Meteo Historical Weather API,"Casalecchio di Reno, Bologna, Italy",44.4756,11.2759
2020-09-29T19:00:00+00:00,15.800,10.100,Open-Meteo Historical Weather API,"Casalecchio di Reno, Bologna, Italy",44.4756,11.2759
2020-09-29T20:00:00+00:00,15.200,11.200,Open-Meteo Historical Weather API,"Casalecchio di Reno, Bologna, Italy",44.4756,11.2759
2020-09-29T21:00:00+00:00,15.100,11.500,Open-Meteo Historical Weather API,"Casalecchio di Reno, Bologna, Italy",44.4756,11.2759
2020-09-29T22:00:00+00:00,15.000,11.100,Open-Meteo Historical Weather API,"Casalecchio di Reno, Bologna, Italy",44.4756,11.2759
2020-09-29T23:00:00+00:00,14.700,10.800,Open-Meteo Historical Weather API,"Casalecchio di Reno, Bologna, Italy",44.4756,11.2759
2020-09-30T00:00:00+00:00,14.600,10.400,Open-Meteo Historical Weather API,"Casalecchio di Reno, Bologna, Italy",44.4756,11.2759
2020-09-30T01:00:00+00:00,13.800,10.700,Open-Meteo Historical Weather API,"Casalecchio di Reno, Bologna, Italy",44.4756,11.2759
2020-09-30T02:00:00+00:00,13.400,10.600,Open-Meteo Historical Weather API,"Casalecchio di Reno, Bologna, Italy",44.4756,11.2759
2020-09-30T03:00:00+00:00,13.100,10.400,Open-Meteo Historical Weather API,"Casalecchio di Reno, Bologna, Italy",44.4756,11.2759
2020-09-30T04:00:00+00:00,12.900,10.200,Open-Meteo Historical Weather API,"Casalecchio di Reno, Bologna, Italy",44.4756,11.2759
2020-09-30T05:00:00+00:00,12.500,9.900,Open-Meteo Historical Weather API,"Casalecchio di Reno, Bologna, Italy",44.4756,11.2759
2020-09-30T06:00:00+00:00,13.100,9.900,Open-Meteo Historical Weather API,"Casalecchio di Reno, Bologna, Italy",44.4756,11.2759
2020-09-30T07:00:00+00:00,16.000,10.200,Open-Meteo Historical Weather API,"Casalecchio di Reno, Bologna, Italy",44.4756,11.2759
2020-09-30T08:00:00+00:00,18.000,9.700,Open-Meteo Historical Weather API,"Casalecchio di Reno, Bologna, Italy",44.4756,11.2759
2020-09-30T09:00:00+00:00,19.500,9.900,Open-Meteo Historical Weather API,"Casalecchio di Reno, Bologna, Italy",44.4756,11.2759
2020-09-30T10:00:00+00:00,20.700,9.800,Open-Meteo Historical Weather API,"Casalecchio di Reno, Bologna, Italy",44.4756,11.2759
2020-09-30T11:00:00+00:00,21.500,10.100,Open-Meteo Historical Weather API,"Casalecchio di Reno, Bologna, Italy",44.4756,11.2759
2020-09-30T12:00:00+00:00,21.600,10.800,Open-Meteo Historical Weather API,"Casalecchio di Reno, Bologna, Italy",44.4756,11.2759
2020-09-30T13:00:00+00:00,21.900,10.600,Open-Meteo Historical Weather API,"Casalecchio di Reno, Bologna, Italy",44.4756,11.2759
2020-09-30T14:00:00+00:00,21.800,10.400,Open-Meteo Historical Weather API,"Casalecchio di Reno, Bologna, Italy",44.4756,11.2759
2020-09-30T15:00:00+00:00,21.200,10.400,Open-Meteo Historical Weather API,"Casalecchio di Reno, Bologna, Italy",44.4756,11.2759
2020-09-30T16:00:00+00:00,20.300,12.400,Open-Meteo Historical Weather API,"Casalecchio di Reno, Bologna, Italy",44.4756,11.2759
2020-09-30T17:00:00+00:00,17.300,11.700,Open-Meteo Historical Weather API,"Casalecchio di Reno, Bologna, Italy",44.4756,11.2759
2020-09-30T18:00:00+00:00,16.800,11.200,Open-Meteo Historical Weather API,"Casalecchio di Reno, Bologna, Italy",44.4756,11.2759
2020-09-30T19:00:00+00:00,15.700,11.600,Open-Meteo Historical Weather API,"Casalecchio di Reno, Bologna, Italy",44.4756,11.2759
2020-09-30T20:00:00+00:00,14.700,11.600,Open-Meteo Historical Weather API,"Casalecchio di Reno, Bologna, Italy",44.4756,11.2759
2020-09-30T21:00:00+00:00,14.700,11.100,Open-Meteo Historical Weather API,"Casalecchio di Reno, Bologna, Italy",44.4756,11.2759
2020-09-30T22:00:00+00:00,14.600,10.900,Open-Meteo Historical Weather API,"Casalecchio di Reno, Bologna, Italy",44.4756,11.2759
2020-09-30T23:00:00+00:00,14.400,10.900,Open-Meteo Historical Weather API,"Casalecchio di Reno, Bologna, Italy",44.4756,11.2759
2020-10-01T00:00:00+00:00,14.900,10.600,Open-Meteo Historical Weather API,"Casalecchio di Reno, Bologna, Italy",44.4756,11.2759
2020-10-01T01:00:00+00:00,15.200,10.400,Open-Meteo Historical Weather API,"Casalecchio di Reno, Bologna, Italy",44.4756,11.2759
2020-10-01T02:00:00+00:00,15.100,10.600,Open-Meteo Historical Weather API,"Casalecchio di Reno, Bologna, Italy",44.4756,11.2759
2020-10-01T03:00:00+00:00,14.800,10.700,Open-Meteo Historical Weather API,"Casalecchio di Reno, Bologna, Italy",44.4756,11.2759
2020-10-01T04:00:00+00:00,14.100,10.600,Open-Meteo Historical Weather API,"Casalecchio di Reno, Bologna, Italy",44.4756,11.2759
2020-10-01T05:00:00+00:00,13.400,10.400,Open-Meteo Historical Weather API,"Casalecchio di Reno, Bologna, Italy",44.4756,11.2759
2020-10-01T06:00:00+00:00,13.900,10.600,Open-Meteo Historical Weather API,"Casalecchio di Reno, Bologna, Italy",44.4756,11.2759
2020-10-01T07:00:00+00:00,16.700,11.600,Open-Meteo Historical Weather API,"Casalecchio di Reno, Bologna, Italy",44.4756,11.2759
2020-10-01T08:00:00+00:00,19.500,11.100,Open-Meteo Historical Weather API,"Casalecchio di Reno, Bologna, Italy",44.4756,11.2759
2020-10-01T09:00:00+00:00,20.800,10.600,Open-Meteo Historical Weather API,"Casalecchio di Reno, Bologna, Italy",44.4756,11.2759
2020-10-01T10:00:00+00:00,22.000,10.400,Open-Meteo Historical Weather API,"Casalecchio di Reno, Bologna, Italy",44.4756,11.2759
2020-10-01T11:00:00+00:00,22.200,10.900,Open-Meteo Historical Weather API,"Casalecchio di Reno, Bologna, Italy",44.4756,11.2759
2020-10-01T12:00:00+00:00,21.800,12.700,Open-Meteo Historical Weather API,"Casalecchio di Reno, Bologna, Italy",44.4756,11.2759
2020-10-01T13:00:00+00:00,22.200,12.600,Open-Meteo Historical Weather API,"Casalecchio di Reno, Bologna, Italy",44.4756,11.2759
2020-10-01T14:00:00+00:00,22.300,12.800,Open-Meteo Historical Weather API,"Casalecchio di Reno, Bologna, Italy",44.4756,11.2759
2020-10-01T15:00:00+00:00,21.400,13.100,Open-Meteo Historical Weather API,"Casalecchio di Reno, Bologna, Italy",44.4756,11.2759
2020-10-01T16:00:00+00:00,20.600,14.100,Open-Meteo Historical Weather API,"Casalecchio di Reno, Bologna, Italy",44.4756,11.2759
2020-10-01T17:00:00+00:00,20.000,13.400,Open-Meteo Historical Weather API,"Casalecchio di Reno, Bologna, Italy",44.4756,11.2759
2020-10-01T18:00:00+00:00,17.900,12.600,Open-Meteo Historical Weather API,"Casalecchio di Reno, Bologna, Italy",44.4756,11.2759
2020-10-01T19:00:00+00:00,17.000,12.800,Open-Meteo Historical Weather API,"Casalecchio di Reno, Bologna, Italy",44.4756,11.2759
2020-10-01T20:00:00+00:00,16.800,13.200,Open-Meteo Historical Weather API,"Casalecchio di Reno, Bologna, Italy",44.4756,11.2759
2020-10-01T21:00:00+00:00,16.800,13.400,Open-Meteo Historical Weather API,"Casalecchio di Reno, Bologna, Italy",44.4756,11.2759
2020-10-01T22:00:00+00:00,16.900,13.500,Open-Meteo Historical Weather API,"Casalecchio di Reno, Bologna, Italy",44.4756,11.2759
2020-10-01T23:00:00+00:00,17.000,13.400,Open-Meteo Historical Weather API,"Casalecchio di Reno, Bologna, Italy",44.4756,11.2759
2020-10-02T00:00:00+00:00,17.500,13.100,Open-Meteo Historical Weather API,"Casalecchio di Reno, Bologna, Italy",44.4756,11.2759
2020-10-02T01:00:00+00:00,17.400,12.600,Open-Meteo Historical Weather API,"Casalecchio di Reno, Bologna, Italy",44.4756,11.2759
2020-10-02T02:00:00+00:00,17.500,13.000,Open-Meteo Historical Weather API,"Casalecchio di Reno, Bologna, Italy",44.4756,11.2759
2020-10-02T03:00:00+00:00,18.000,13.100,Open-Meteo Historical Weather API,"Casalecchio di Reno, Bologna, Italy",44.4756,11.2759
2020-10-02T04:00:00+00:00,18.000,13.400,Open-Meteo Historical Weather API,"Casalecchio di Reno, Bologna, Italy",44.4756,11.2759
2020-10-02T05:00:00+00:00,18.100,13.300,Open-Meteo Historical Weather API,"Casalecchio di Reno, Bologna, Italy",44.4756,11.2759
2020-10-02T06:00:00+00:00,18.500,13.200,Open-Meteo Historical Weather API,"Casalecchio di Reno, Bologna, Italy",44.4756,11.2759
2020-10-02T07:00:00+00:00,19.100,13.500,Open-Meteo Historical Weather API,"Casalecchio di Reno, Bologna, Italy",44.4756,11.2759
2020-10-02T08:00:00+00:00,19.400,13.900,Open-Meteo Historical Weather API,"Casalecchio di Reno, Bologna, Italy",44.4756,11.2759
2020-10-02T09:00:00+00:00,19.800,13.700,Open-Meteo Historical Weather API,"Casalecchio di Reno, Bologna, Italy",44.4756,11.2759
2020-10-02T10:00:00+00:00,21.000,13.600,Open-Meteo Historical Weather API,"Casalecchio di Reno, Bologna, Italy",44.4756,11.2759
2020-10-02T11:00:00+00:00,22.000,13.700,Open-Meteo Historical Weather API,"Casalecchio di Reno, Bologna, Italy",44.4756,11.2759
2020-10-02T12:00:00+00:00,21.500,13.200,Open-Meteo Historical Weather API,"Casalecchio di Reno, Bologna, Italy",44.4756,11.2759
2020-10-02T13:00:00+00:00,21.100,13.400,Open-Meteo Historical Weather API,"Casalecchio di Reno, Bologna, Italy",44.4756,11.2759
2020-10-02T14:00:00+00:00,21.000,13.800,Open-Meteo Historical Weather API,"Casalecchio di Reno, Bologna, Italy",44.4756,11.2759
2020-10-02T15:00:00+00:00,21.200,13.200,Open-Meteo Historical Weather API,"Casalecchio di Reno, Bologna, Italy",44.4756,11.2759
2020-10-02T16:00:00+00:00,21.000,12.800,Open-Meteo Historical Weather API,"Casalecchio di Reno, Bologna, Italy",44.4756,11.2759
2020-10-02T17:00:00+00:00,21.000,12.200,Open-Meteo Historical Weather API,"Casalecchio di Reno, Bologna, Italy",44.4756,11.2759
2020-10-02T18:00:00+00:00,20.800,11.600,Open-Meteo Historical Weather API,"Casalecchio di Reno, Bologna, Italy",44.4756,11.2759
2020-10-02T19:00:00+00:00,20.800,11.600,Open-Meteo Historical Weather API,"Casalecchio di Reno, Bologna, Italy",44.4756,11.2759
2020-10-02T20:00:00+00:00,20.500,11.900,Open-Meteo Historical Weather API,"Casalecchio di Reno, Bologna, Italy",44.4756,11.2759
2020-10-02T21:00:00+00:00,20.000,12.700,Open-Meteo Historical Weather API,"Casalecchio di Reno, Bologna, Italy",44.4756,11.2759
2020-10-02T22:00:00+00:00,19.900,13.200,Open-Meteo Historical Weather API,"Casalecchio di Reno, Bologna, Italy",44.4756,11.2759
2020-10-02T23:00:00+00:00,20.000,13.600,Open-Meteo Historical Weather API,"Casalecchio di Reno, Bologna, Italy",44.4756,11.2759
2020-10-03T00:00:00+00:00,17.000,14.400,Open-Meteo Historical Weather API,"Casalecchio di Reno, Bologna, Italy",44.4756,11.2759
2020-10-03T01:00:00+00:00,17.200,14.600,Open-Meteo Historical Weather API,"Casalecchio di Reno, Bologna, Italy",44.4756,11.2759
2020-10-03T02:00:00+00:00,17.000,14.500,Open-Meteo Historical Weather API,"Casalecchio di Reno, Bologna, Italy",44.4756,11.2759
2020-10-03T03:00:00+00:00,17.000,13.900,Open-Meteo Historical Weather API,"Casalecchio di Reno, Bologna, Italy",44.4756,11.2759
2020-10-03T04:00:00+00:00,17.500,14.000,Open-Meteo Historical Weather API,"Casalecchio di Reno, Bologna, Italy",44.4756,11.2759
2020-10-03T05:00:00+00:00,17.800,13.700,Open-Meteo Historical Weather API,"Casalecchio di Reno, Bologna, Italy",44.4756,11.2759
2020-10-03T06:00:00+00:00,17.900,13.500,Open-Meteo Historical Weather API,"Casalecchio di Reno, Bologna, Italy",44.4756,11.2759
2020-10-03T07:00:00+00:00,19.000,15.100,Open-Meteo Historical Weather API,"Casalecchio di Reno, Bologna, Italy",44.4756,11.2759
2020-10-03T08:00:00+00:00,18.800,16.800,Open-Meteo Historical Weather API,"Casalecchio di Reno, Bologna, Italy",44.4756,11.2759
2020-10-03T09:00:00+00:00,18.100,15.800,Open-Meteo Historical Weather API,"Casalecchio di Reno, Bologna, Italy",44.4756,11.2759
2020-10-03T10:00:00+00:00,17.100,14.900,Open-Meteo Historical Weather API,"Casalecchio di Reno, Bologna, Italy",44.4756,11.2759
2020-10-03T11:00:00+00:00,18.600,12.700,Open-Meteo Historical Weather API,"Casalecchio di Reno, Bologna, Italy",44.4756,11.2759
2020-10-03T12:00:00+00:00,16.900,12.900,Open-Meteo Historical Weather API,"Casalecchio di Reno, Bologna, Italy",44.4756,11.2759
2020-10-03T13:00:00+00:00,18.500,12.200,Open-Meteo Historical Weather API,"Casalecchio di Reno, Bologna, Italy",44.4756,11.2759
2020-10-03T14:00:00+00:00,20.200,9.200,Open-Meteo Historical Weather API,"Casalecchio di Reno, Bologna, Italy",44.4756,11.2759
2020-10-03T15:00:00+00:00,19.400,8.900,Open-Meteo Historical Weather API,"Casalecchio di Reno, Bologna, Italy",44.4756,11.2759
2020-10-03T16:00:00+00:00,18.500,8.400,Open-Meteo Historical Weather API,"Casalecchio di Reno, Bologna, Italy",44.4756,11.2759
2020-10-03T17:00:00+00:00,17.400,7.800,Open-Meteo Historical Weather API,"Casalecchio di Reno, Bologna, Italy",44.4756,11.2759
2020-10-03T18:00:00+00:00,16.500,7.900,Open-Meteo Historical Weather API,"Casalecchio di Reno, Bologna, Italy",44.4756,11.2759
2020-10-03T19:00:00+00:00,16.100,8.200,Open-Meteo Historical Weather API,"Casalecchio di Reno, Bologna, Italy",44.4756,11.2759
2020-10-03T20:00:00+00:00,16.100,8.600,Open-Meteo Historical Weather API,"Casalecchio di Reno, Bologna, Italy",44.4756,11.2759
2020-10-03T21:00:00+00:00,15.800,9.100,Open-Meteo Historical Weather API,"Casalecchio di Reno, Bologna, Italy",44.4756,11.2759
2020-10-03T22:00:00+00:00,15.800,9.100,Open-Meteo Historical Weather API,"Casalecchio di Reno, Bologna, Italy",44.4756,11.2759
2020-10-03T23:00:00+00:00,15.600,9.200,Open-Meteo Historical Weather API,"Casalecchio di Reno, Bologna, Italy",44.4756,11.2759
2020-10-04T00:00:00+00:00,15.200,9.100,Open-Meteo Historical Weather API,"Casalecchio di Reno, Bologna, Italy",44.4756,11.2759
2020-10-04T01:00:00+00:00,15.100,9.200,Open-Meteo Historical Weather API,"Casalecchio di Reno, Bologna, Italy",44.4756,11.2759
2020-10-04T02:00:00+00:00,15.400,9.800,Open-Meteo Historical Weather API,"Casalecchio di Reno, Bologna, Italy",44.4756,11.2759
2020-10-04T03:00:00+00:00,15.200,9.900,Open-Meteo Historical Weather API,"Casalecchio di Reno, Bologna, Italy",44.4756,11.2759
2020-10-04T04:00:00+00:00,15.400,10.100,Open-Meteo Historical Weather API,"Casalecchio di Reno, Bologna, Italy",44.4756,11.2759
2020-10-04T05:00:00+00:00,15.300,9.600,Open-Meteo Historical Weather API,"Casalecchio di Reno, Bologna, Italy",44.4756,11.2759
2020-10-04T06:00:00+00:00,15.600,9.400,Open-Meteo Historical Weather API,"Casalecchio di Reno, Bologna, Italy",44.4756,11.2759
2020-10-04T07:00:00+00:00,16.500,9.900,Open-Meteo Historical Weather API,"Casalecchio di Reno, Bologna, Italy",44.4756,11.2759
2020-10-04T08:00:00+00:00,18.100,10.200,Open-Meteo Historical Weather API,"Casalecchio di Reno, Bologna, Italy",44.4756,11.2759
2020-10-04T09:00:00+00:00,19.100,9.800,Open-Meteo Historical Weather API,"Casalecchio di Reno, Bologna, Italy",44.4756,11.2759
2020-10-04T10:00:00+00:00,20.000,8.700,Open-Meteo Historical Weather API,"Casalecchio di Reno, Bologna, Italy",44.4756,11.2759
2020-10-04T11:00:00+00:00,20.500,8.800,Open-Meteo Historical Weather API,"Casalecchio di Reno, Bologna, Italy",44.4756,11.2759
2020-10-04T12:00:00+00:00,17.800,9.800,Open-Meteo Historical Weather API,"Casalecchio di Reno, Bologna, Italy",44.4756,11.2759
2020-10-04T13:00:00+00:00,18.400,8.900,Open-Meteo Historical Weather API,"Casalecchio di Reno, Bologna, Italy",44.4756,11.2759
2020-10-04T14:00:00+00:00,19.100,8.600,Open-Meteo Historical Weather API,"Casalecchio di Reno, Bologna, Italy",44.4756,11.2759
2020-10-04T15:00:00+00:00,19.600,8.700,Open-Meteo Historical Weather API,"Casalecchio di Reno, Bologna, Italy",44.4756,11.2759
2020-10-04T16:00:00+00:00,18.900,8.600,Open-Meteo Historical Weather API,"Casalecchio di Reno, Bologna, Italy",44.4756,11.2759
2020-10-04T17:00:00+00:00,16.600,10.900,Open-Meteo Historical Weather API,"Casalecchio di Reno, Bologna, Italy",44.4756,11.2759
2020-10-04T18:00:00+00:00,15.600,12.400,Open-Meteo Historical Weather API,"Casalecchio di Reno, Bologna, Italy",44.4756,11.2759
2020-10-04T19:00:00+00:00,15.100,12.400,Open-Meteo Historical Weather API,"Casalecchio di Reno, Bologna, Italy",44.4756,11.2759
2020-10-04T20:00:00+00:00,15.400,12.000,Open-Meteo Historical Weather API,"Casalecchio di Reno, Bologna, Italy",44.4756,11.2759
2020-10-04T21:00:00+00:00,15.100,12.100,Open-Meteo Historical Weather API,"Casalecchio di Reno, Bologna, Italy",44.4756,11.2759
2020-10-04T22:00:00+00:00,14.800,12.700,Open-Meteo Historical Weather API,"Casalecchio di Reno, Bologna, Italy",44.4756,11.2759
2020-10-04T23:00:00+00:00,14.700,12.900,Open-Meteo Historical Weather API,"Casalecchio di Reno, Bologna, Italy",44.4756,11.2759
2020-10-05T00:00:00+00:00,14.900,12.900,Open-Meteo Historical Weather API,"Casalecchio di Reno, Bologna, Italy",44.4756,11.2759
2020-10-05T01:00:00+00:00,14.600,13.100,Open-Meteo Historical Weather API,"Casalecchio di Reno, Bologna, Italy",44.4756,11.2759
2020-10-05T02:00:00+00:00,14.100,12.200,Open-Meteo Historical Weather API,"Casalecchio di Reno, Bologna, Italy",44.4756,11.2759
2020-10-05T03:00:00+00:00,13.400,10.800,Open-Meteo Historical Weather API,"Casalecchio di Reno, Bologna, Italy",44.4756,11.2759
2020-10-05T04:00:00+00:00,13.300,10.800,Open-Meteo Historical Weather API,"Casalecchio di Reno, Bologna, Italy",44.4756,11.2759
2020-10-05T05:00:00+00:00,13.100,10.600,Open-Meteo Historical Weather API,"Casalecchio di Reno, Bologna, Italy",44.4756,11.2759
2020-10-05T06:00:00+00:00,14.100,10.800,Open-Meteo Historical Weather API,"Casalecchio di Reno, Bologna, Italy",44.4756,11.2759
2020-10-05T07:00:00+00:00,16.000,11.100,Open-Meteo Historical Weather API,"Casalecchio di Reno, Bologna, Italy",44.4756,11.2759
2020-10-05T08:00:00+00:00,17.500,11.000,Open-Meteo Historical Weather API,"Casalecchio di Reno, Bologna, Italy",44.4756,11.2759
2020-10-05T09:00:00+00:00,18.800,10.000,Open-Meteo Historical Weather API,"Casalecchio di Reno, Bologna, Italy",44.4756,11.2759
2020-10-05T10:00:00+00:00,20.000,8.800,Open-Meteo Historical Weather API,"Casalecchio di Reno, Bologna, Italy",44.4756,11.2759
2020-10-05T11:00:00+00:00,21.000,7.400,Open-Meteo Historical Weather API,"Casalecchio di Reno, Bologna, Italy",44.4756,11.2759
2020-10-05T12:00:00+00:00,21.000,6.600,Open-Meteo Historical Weather API,"Casalecchio di Reno, Bologna, Italy",44.4756,11.2759
2020-10-05T13:00:00+00:00,21.200,6.700,Open-Meteo Historical Weather API,"Casalecchio di Reno, Bologna, Italy",44.4756,11.2759
2020-10-05T14:00:00+00:00,20.600,7.100,Open-Meteo Historical Weather API,"Casalecchio di Reno, Bologna, Italy",44.4756,11.2759
2020-10-05T15:00:00+00:00,19.600,7.900,Open-Meteo Historical Weather API,"Casalecchio di Reno, Bologna, Italy",44.4756,11.2759
2020-10-05T16:00:00+00:00,18.400,8.100,Open-Meteo Historical Weather API,"Casalecchio di Reno, Bologna, Italy",44.4756,11.2759
2020-10-05T17:00:00+00:00,16.500,7.800,Open-Meteo Historical Weather API,"Casalecchio di Reno, Bologna, Italy",44.4756,11.2759
2020-10-05T18:00:00+00:00,15.600,7.600,Open-Meteo Historical Weather API,"Casalecchio di Reno, Bologna, Italy",44.4756,11.2759
2020-10-05T19:00:00+00:00,14.600,7.800,Open-Meteo Historical Weather API,"Casalecchio di Reno, Bologna, Italy",44.4756,11.2759
2020-10-05T20:00:00+00:00,13.500,8.100,Open-Meteo Historical Weather API,"Casalecchio di Reno, Bologna, Italy",44.4756,11.2759
2020-10-05T21:00:00+00:00,13.100,8.600,Open-Meteo Historical Weather API,"Casalecchio di Reno, Bologna, Italy",44.4756,11.2759
2020-10-05T22:00:00+00:00,13.600,9.200,Open-Meteo Historical Weather API,"Casalecchio di Reno, Bologna, Italy",44.4756,11.2759
2020-10-05T23:00:00+00:00,13.200,9.400,Open-Meteo Historical Weather API,"Casalecchio di Reno, Bologna, Italy",44.4756,11.2759
2020-10-06T00:00:00+00:00,13.200,9.500,Open-Meteo Historical Weather API,"Casalecchio di Reno, Bologna, Italy",44.4756,11.2759
2020-10-06T01:00:00+00:00,13.100,9.400,Open-Meteo Historical Weather API,"Casalecchio di Reno, Bologna, Italy",44.4756,11.2759
2020-10-06T02:00:00+00:00,12.800,9.400,Open-Meteo Historical Weather API,"Casalecchio di Reno, Bologna, Italy",44.4756,11.2759
2020-10-06T03:00:00+00:00,12.600,9.600,Open-Meteo Historical Weather API,"Casalecchio di Reno, Bologna, Italy",44.4756,11.2759
2020-10-06T04:00:00+00:00,12.400,9.600,Open-Meteo Historical Weather API,"Casalecchio di Reno, Bologna, Italy",44.4756,11.2759
2020-10-06T05:00:00+00:00,12.600,9.400,Open-Meteo Historical Weather API,"Casalecchio di Reno, Bologna, Italy",44.4756,11.2759
2020-10-06T06:00:00+00:00,13.900,9.600,Open-Meteo Historical Weather API,"Casalecchio di Reno, Bologna, Italy",44.4756,11.2759
2020-10-06T07:00:00+00:00,16.400,10.300,Open-Meteo Historical Weather API,"Casalecchio di Reno, Bologna, Italy",44.4756,11.2759
2020-10-06T08:00:00+00:00,18.500,10.600,Open-Meteo Historical Weather API,"Casalecchio di Reno, Bologna, Italy",44.4756,11.2759
2020-10-06T09:00:00+00:00,19.900,10.500,Open-Meteo Historical Weather API,"Casalecchio di Reno, Bologna, Italy",44.4756,11.2759
2020-10-06T10:00:00+00:00,21.100,9.300,Open-Meteo Historical Weather API,"Casalecchio di Reno, Bologna, Italy",44.4756,11.2759
2020-10-06T11:00:00+00:00,22.000,8.400,Open-Meteo Historical Weather API,"Casalecchio di Reno, Bologna, Italy",44.4756,11.2759
2020-10-06T12:00:00+00:00,21.900,6.900,Open-Meteo Historical Weather API,"Casalecchio di Reno, Bologna, Italy",44.4756,11.2759
2020-10-06T13:00:00+00:00,21.600,6.700,Open-Meteo Historical Weather API,"Casalecchio di Reno, Bologna, Italy",44.4756,11.2759
2020-10-06T14:00:00+00:00,20.400,7.400,Open-Meteo Historical Weather API,"Casalecchio di Reno, Bologna, Italy",44.4756,11.2759
2020-10-06T15:00:00+00:00,19.500,7.800,Open-Meteo Historical Weather API,"Casalecchio di Reno, Bologna, Italy",44.4756,11.2759
2020-10-06T16:00:00+00:00,18.400,9.400,Open-Meteo Historical Weather API,"Casalecchio di Reno, Bologna, Italy",44.4756,11.2759
2020-10-06T17:00:00+00:00,17.300,10.100,Open-Meteo Historical Weather API,"Casalecchio di Reno, Bologna, Italy",44.4756,11.2759
2020-10-06T18:00:00+00:00,17.000,10.700,Open-Meteo Historical Weather API,"Casalecchio di Reno, Bologna, Italy",44.4756,11.2759
2020-10-06T19:00:00+00:00,16.900,10.900,Open-Meteo Historical Weather API,"Casalecchio di Reno, Bologna, Italy",44.4756,11.2759
2020-10-06T20:00:00+00:00,17.000,11.100,Open-Meteo Historical Weather API,"Casalecchio di Reno, Bologna, Italy",44.4756,11.2759
2020-10-06T21:00:00+00:00,16.700,11.300,Open-Meteo Historical Weather API,"Casalecchio di Reno, Bologna, Italy",44.4756,11.2759
2020-10-06T22:00:00+00:00,16.500,11.700,Open-Meteo Historical Weather API,"Casalecchio di Reno, Bologna, Italy",44.4756,11.2759
2020-10-06T23:00:00+00:00,15.800,11.900,Open-Meteo Historical Weather API,"Casalecchio di Reno, Bologna, Italy",44.4756,11.2759
2020-10-07T00:00:00+00:00,16.600,11.300,Open-Meteo Historical Weather API,"Casalecchio di Reno, Bologna, Italy",44.4756,11.2759
2020-10-07T01:00:00+00:00,15.900,12.700,Open-Meteo Historical Weather API,"Casalecchio di Reno, Bologna, Italy",44.4756,11.2759
2020-10-07T02:00:00+00:00,15.100,13.200,Open-Meteo Historical Weather API,"Casalecchio di Reno, Bologna, Italy",44.4756,11.2759
2020-10-07T03:00:00+00:00,14.400,12.100,Open-Meteo Historical Weather API,"Casalecchio di Reno, Bologna, Italy",44.4756,11.2759
2020-10-07T04:00:00+00:00,14.400,12.100,Open-Meteo Historical Weather API,"Casalecchio di Reno, Bologna, Italy",44.4756,11.2759
2020-10-07T05:00:00+00:00,13.200,12.100,Open-Meteo Historical Weather API,"Casalecchio di Reno, Bologna, Italy",44.4756,11.2759
2020-10-07T06:00:00+00:00,13.600,12.100,Open-Meteo Historical Weather API,"Casalecchio di Reno, Bologna, Italy",44.4756,11.2759
2020-10-07T07:00:00+00:00,14.600,12.500,Open-Meteo Historical Weather API,"Casalecchio di Reno, Bologna, Italy",44.4756,11.2759
2020-10-07T08:00:00+00:00,16.100,12.800,Open-Meteo Historical Weather API,"Casalecchio di Reno, Bologna, Italy",44.4756,11.2759
2020-10-07T09:00:00+00:00,18.100,12.400,Open-Meteo Historical Weather API,"Casalecchio di Reno, Bologna, Italy",44.4756,11.2759
2020-10-07T10:00:00+00:00,18.800,11.500,Open-Meteo Historical Weather API,"Casalecchio di Reno, Bologna, Italy",44.4756,11.2759
2020-10-07T11:00:00+00:00,19.500,11.100,Open-Meteo Historical Weather API,"Casalecchio di Reno, Bologna, Italy",44.4756,11.2759
2020-10-07T12:00:00+00:00,19.800,11.200,Open-Meteo Historical Weather API,"Casalecchio di Reno, Bologna, Italy",44.4756,11.2759
2020-10-07T13:00:00+00:00,20.800,10.600,Open-Meteo Historical Weather API,"Casalecchio di Reno, Bologna, Italy",44.4756,11.2759
2020-10-07T14:00:00+00:00,18.400,12.000,Open-Meteo Historical Weather API,"Casalecchio di Reno, Bologna, Italy",44.4756,11.2759
2020-10-07T15:00:00+00:00,18.500,12.200,Open-Meteo Historical Weather API,"Casalecchio di Reno, Bologna, Italy",44.4756,11.2759
2020-10-07T16:00:00+00:00,17.600,12.400,Open-Meteo Historical Weather API,"Casalecchio di Reno, Bologna, Italy",44.4756,11.2759
2020-10-07T17:00:00+00:00,15.100,12.400,Open-Meteo Historical Weather API,"Casalecchio di Reno, Bologna, Italy",44.4756,11.2759
2020-10-07T18:00:00+00:00,14.400,12.400,Open-Meteo Historical Weather API,"Casalecchio di Reno, Bologna, Italy",44.4756,11.2759
2020-10-07T19:00:00+00:00,13.100,12.100,Open-Meteo Historical Weather API,"Casalecchio di Reno, Bologna, Italy",44.4756,11.2759
2020-10-07T20:00:00+00:00,11.600,11.200,Open-Meteo Historical Weather API,"Casalecchio di Reno, Bologna, Italy",44.4756,11.2759
2020-10-07T21:00:00+00:00,10.700,10.400,Open-Meteo Historical Weather API,"Casalecchio di Reno, Bologna, Italy",44.4756,11.2759
2020-10-07T22:00:00+00:00,10.200,9.800,Open-Meteo Historical Weather API,"Casalecchio di Reno, Bologna, Italy",44.4756,11.2759
2020-10-07T23:00:00+00:00,10.100,9.200,Open-Meteo Historical Weather API,"Casalecchio di Reno, Bologna, Italy",44.4756,11.2759
2020-10-08T00:00:00+00:00,11.900,9.100,Open-Meteo Historical Weather API,"Casalecchio di Reno, Bologna, Italy",44.4756,11.2759
2020-10-08T01:00:00+00:00,11.600,8.300,Open-Meteo Historical Weather API,"Casalecchio di Reno, Bologna, Italy",44.4756,11.2759
2020-10-08T02:00:00+00:00,11.400,7.500,Open-Meteo Historical Weather API,"Casalecchio di Reno, Bologna, Italy",44.4756,11.2759
2020-10-08T03:00:00+00:00,10.600,7.100,Open-Meteo Historical Weather API,"Casalecchio di Reno, Bologna, Italy",44.4756,11.2759
2020-10-08T04:00:00+00:00,10.500,6.800,Open-Meteo Historical Weather API,"Casalecchio di Reno, Bologna, Italy",44.4756,11.2759
2020-10-08T05:00:00+00:00,9.900,6.900,Open-Meteo Historical Weather API,"Casalecchio di Reno, Bologna, Italy",44.4756,11.2759
2020-10-08T06:00:00+00:00,9.900,7.000,Open-Meteo Historical Weather API,"Casalecchio di Reno, Bologna, Italy",44.4756,11.2759
2020-10-08T07:00:00+00:00,14.100,7.800,Open-Meteo Historical Weather API,"Casalecchio di Reno, Bologna, Italy",44.4756,11.2759
2020-10-08T08:00:00+00:00,16.800,7.400,Open-Meteo Historical Weather API,"Casalecchio di Reno, Bologna, Italy",44.4756,11.2759
2020-10-08T09:00:00+00:00,18.000,9.100,Open-Meteo Historical Weather API,"Casalecchio di Reno, Bologna, Italy",44.4756,11.2759
2020-10-08T10:00:00+00:00,19.000,10.100,Open-Meteo Historical Weather API,"Casalecchio di Reno, Bologna, Italy",44.4756,11.2759
2020-10-08T11:00:00+00:00,20.000,9.900,Open-Meteo Historical Weather API,"Casalecchio di Reno, Bologna, Italy",44.4756,11.2759
2020-10-08T12:00:00+00:00,20.300,11.400,Open-Meteo Historical Weather API,"Casalecchio di Reno, Bologna, Italy",44.4756,11.2759
2020-10-08T13:00:00+00:00,20.800,10.900,Open-Meteo Historical Weather API,"Casalecchio di Reno, Bologna, Italy",44.4756,11.2759
2020-10-08T14:00:00+00:00,21.000,10.600,Open-Meteo Historical Weather API,"Casalecchio di Reno, Bologna, Italy",44.4756,11.2759
2020-10-08T15:00:00+00:00,20.600,10.300,Open-Meteo Historical Weather API,"Casalecchio di Reno, Bologna, Italy",44.4756,11.2759
2020-10-08T16:00:00+00:00,19.300,12.600,Open-Meteo Historical Weather API,"Casalecchio di Reno, Bologna, Italy",44.4756,11.2759
2020-10-08T17:00:00+00:00,19.000,9.800,Open-Meteo Historical Weather API,"Casalecchio di Reno, Bologna, Italy",44.4756,11.2759
2020-10-08T18:00:00+00:00,15.000,10.500,Open-Meteo Historical Weather API,"Casalecchio di Reno, Bologna, Italy",44.4756,11.2759
2020-10-08T19:00:00+00:00,14.900,10.900,Open-Meteo Historical Weather API,"Casalecchio di Reno, Bologna, Italy",44.4756,11.2759
2020-10-08T20:00:00+00:00,13.000,11.100,Open-Meteo Historical Weather API,"Casalecchio di Reno, Bologna, Italy",44.4756,11.2759
2020-10-08T21:00:00+00:00,11.900,11.000,Open-Meteo Historical Weather API,"Casalecchio di Reno, Bologna, Italy",44.4756,11.2759
2020-10-08T22:00:00+00:00,11.900,10.400,Open-Meteo Historical Weather API,"Casalecchio di Reno, Bologna, Italy",44.4756,11.2759
2020-10-08T23:00:00+00:00,12.600,9.600,Open-Meteo Historical Weather API,"Casalecchio di Reno, Bologna, Italy",44.4756,11.2759
2020-10-09T00:00:00+00:00,12.600,9.400,Open-Meteo Historical Weather API,"Casalecchio di Reno, Bologna, Italy",44.4756,11.2759
2020-10-09T01:00:00+00:00,12.900,9.400,Open-Meteo Historical Weather API,"Casalecchio di Reno, Bologna, Italy",44.4756,11.2759
2020-10-09T02:00:00+00:00,12.900,9.300,Open-Meteo Historical Weather API,"Casalecchio di Reno, Bologna, Italy",44.4756,11.2759
2020-10-09T03:00:00+00:00,12.700,9.100,Open-Meteo Historical Weather API,"Casalecchio di Reno, Bologna, Italy",44.4756,11.2759
2020-10-09T04:00:00+00:00,12.300,8.800,Open-Meteo Historical Weather API,"Casalecchio di Reno, Bologna, Italy",44.4756,11.2759
2020-10-09T05:00:00+00:00,11.900,8.600,Open-Meteo Historical Weather API,"Casalecchio di Reno, Bologna, Italy",44.4756,11.2759
2020-10-09T06:00:00+00:00,12.400,8.800,Open-Meteo Historical Weather API,"Casalecchio di Reno, Bologna, Italy",44.4756,11.2759
2020-10-09T07:00:00+00:00,14.800,9.600,Open-Meteo Historical Weather API,"Casalecchio di Reno, Bologna, Italy",44.4756,11.2759
2020-10-09T08:00:00+00:00,17.100,9.900,Open-Meteo Historical Weather API,"Casalecchio di Reno, Bologna, Italy",44.4756,11.2759
2020-10-09T09:00:00+00:00,18.600,10.600,Open-Meteo Historical Weather API,"Casalecchio di Reno, Bologna, Italy",44.4756,11.2759
2020-10-09T10:00:00+00:00,19.900,11.100,Open-Meteo Historical Weather API,"Casalecchio di Reno, Bologna, Italy",44.4756,11.2759
2020-10-09T11:00:00+00:00,20.800,10.900,Open-Meteo Historical Weather API,"Casalecchio di Reno, Bologna, Italy",44.4756,11.2759
2020-10-09T12:00:00+00:00,20.100,12.200,Open-Meteo Historical Weather API,"Casalecchio di Reno, Bologna, Italy",44.4756,11.2759
2020-10-09T13:00:00+00:00,20.700,12.000,Open-Meteo Historical Weather API,"Casalecchio di Reno, Bologna, Italy",44.4756,11.2759
2020-10-09T14:00:00+00:00,20.600,11.900,Open-Meteo Historical Weather API,"Casalecchio di Reno, Bologna, Italy",44.4756,11.2759
2020-10-09T15:00:00+00:00,20.200,12.100,Open-Meteo Historical Weather API,"Casalecchio di Reno, Bologna, Italy",44.4756,11.2759
2020-10-09T16:00:00+00:00,18.800,14.200,Open-Meteo Historical Weather API,"Casalecchio di Reno, Bologna, Italy",44.4756,11.2759
2020-10-09T17:00:00+00:00,17.400,13.100,Open-Meteo Historical Weather API,"Casalecchio di Reno, Bologna, Italy",44.4756,11.2759
2020-10-09T18:00:00+00:00,16.200,13.100,Open-Meteo Historical Weather API,"Casalecchio di Reno, Bologna, Italy",44.4756,11.2759
2020-10-09T19:00:00+00:00,15.200,13.100,Open-Meteo Historical Weather API,"Casalecchio di Reno, Bologna, Italy",44.4756,11.2759
2020-10-09T20:00:00+00:00,15.100,12.400,Open-Meteo Historical Weather API,"Casalecchio di Reno, Bologna, Italy",44.4756,11.2759
2020-10-09T21:00:00+00:00,15.100,11.800,Open-Meteo Historical Weather API,"Casalecchio di Reno, Bologna, Italy",44.4756,11.2759
2020-10-09T22:00:00+00:00,14.700,11.300,Open-Meteo Historical Weather API,"Casalecchio di Reno, Bologna, Italy",44.4756,11.2759
2020-10-09T23:00:00+00:00,14.600,10.700,Open-Meteo Historical Weather API,"Casalecchio di Reno, Bologna, Italy",44.4756,11.2759
2020-10-10T00:00:00+00:00,14.100,10.400,Open-Meteo Historical Weather API,"Casalecchio di Reno, Bologna, Italy",44.4756,11.2759
2020-10-10T01:00:00+00:00,13.800,9.900,Open-Meteo Historical Weather API,"Casalecchio di Reno, Bologna, Italy",44.4756,11.2759
2020-10-10T02:00:00+00:00,12.900,9.400,Open-Meteo Historical Weather API,"Casalecchio di Reno, Bologna, Italy",44.4756,11.2759
2020-10-10T03:00:00+00:00,12.400,9.400,Open-Meteo Historical Weather API,"Casalecchio di Reno, Bologna, Italy",44.4756,11.2759
2020-10-10T04:00:00+00:00,12.400,9.400,Open-Meteo Historical Weather API,"Casalecchio di Reno, Bologna, Italy",44.4756,11.2759
2020-10-10T05:00:00+00:00,12.100,9.600,Open-Meteo Historical Weather API,"Casalecchio di Reno, Bologna, Italy",44.4756,11.2759
2020-10-10T06:00:00+00:00,12.500,10.100,Open-Meteo Historical Weather API,"Casalecchio di Reno, Bologna, Italy",44.4756,11.2759
2020-10-10T07:00:00+00:00,15.200,11.000,Open-Meteo Historical Weather API,"Casalecchio di Reno, Bologna, Italy",44.4756,11.2759
2020-10-10T08:00:00+00:00,17.600,11.000,Open-Meteo Historical Weather API,"Casalecchio di Reno, Bologna, Italy",44.4756,11.2759
2020-10-10T09:00:00+00:00,18.800,10.700,Open-Meteo Historical Weather API,"Casalecchio di Reno, Bologna, Italy",44.4756,11.2759
2020-10-10T10:00:00+00:00,19.900,10.800,Open-Meteo Historical Weather API,"Casalecchio di Reno, Bologna, Italy",44.4756,11.2759
2020-10-10T11:00:00+00:00,20.000,10.900,Open-Meteo Historical Weather API,"Casalecchio di Reno, Bologna, Italy",44.4756,11.2759
2020-10-10T12:00:00+00:00,20.200,11.000,Open-Meteo Historical Weather API,"Casalecchio di Reno, Bologna, Italy",44.4756,11.2759
2020-10-10T13:00:00+00:00,20.700,11.100,Open-Meteo Historical Weather API,"Casalecchio di Reno, Bologna, Italy",44.4756,11.2759
2020-10-10T14:00:00+00:00,20.800,11.100,Open-Meteo Historical Weather API,"Casalecchio di Reno, Bologna, Italy",44.4756,11.2759
2020-10-10T15:00:00+00:00,20.400,11.400,Open-Meteo Historical Weather API,"Casalecchio di Reno, Bologna, Italy",44.4756,11.2759
2020-10-10T16:00:00+00:00,19.200,12.000,Open-Meteo Historical Weather API,"Casalecchio di Reno, Bologna, Italy",44.4756,11.2759
2020-10-10T17:00:00+00:00,17.600,12.300,Open-Meteo Historical Weather API,"Casalecchio di Reno, Bologna, Italy",44.4756,11.2759
2020-10-10T18:00:00+00:00,16.100,12.900,Open-Meteo Historical Weather API,"Casalecchio di Reno, Bologna, Italy",44.4756,11.2759
2020-10-10T19:00:00+00:00,16.800,12.700,Open-Meteo Historical Weather API,"Casalecchio di Reno, Bologna, Italy",44.4756,11.2759
2020-10-10T20:00:00+00:00,16.800,12.100,Open-Meteo Historical Weather API,"Casalecchio di Reno, Bologna, Italy",44.4756,11.2759
2020-10-10T21:00:00+00:00,16.900,11.300,Open-Meteo Historical Weather API,"Casalecchio di Reno, Bologna, Italy",44.4756,11.2759
2020-10-10T22:00:00+00:00,15.100,11.300,Open-Meteo Historical Weather API,"Casalecchio di Reno, Bologna, Italy",44.4756,11.2759
2020-10-10T23:00:00+00:00,15.800,11.000,Open-Meteo Historical Weather API,"Casalecchio di Reno, Bologna, Italy",44.4756,11.2759
2020-10-11T00:00:00+00:00,15.600,12.200,Open-Meteo Historical Weather API,"Casalecchio di Reno, Bologna, Italy",44.4756,11.2759
2020-10-11T01:00:00+00:00,15.600,12.000,Open-Meteo Historical Weather API,"Casalecchio di Reno, Bologna, Italy",44.4756,11.2759
2020-10-11T02:00:00+00:00,15.000,12.200,Open-Meteo Historical Weather API,"Casalecchio di Reno, Bologna, Italy",44.4756,11.2759
2020-10-11T03:00:00+00:00,14.700,12.600,Open-Meteo Historical Weather API,"Casalecchio di Reno, Bologna, Italy",44.4756,11.2759
2020-10-11T04:00:00+00:00,13.400,12.100,Open-Meteo Historical Weather API,"Casalecchio di Reno, Bologna, Italy",44.4756,11.2759
2020-10-11T05:00:00+00:00,13.100,12.100,Open-Meteo Historical Weather API,"Casalecchio di Reno, Bologna, Italy",44.4756,11.2759
2020-10-11T06:00:00+00:00,13.400,12.900,Open-Meteo Historical Weather API,"Casalecchio di Reno, Bologna, Italy",44.4756,11.2759
2020-10-11T07:00:00+00:00,14.600,13.400,Open-Meteo Historical Weather API,"Casalecchio di Reno, Bologna, Italy",44.4756,11.2759
2020-10-11T08:00:00+00:00,15.900,13.700,Open-Meteo Historical Weather API,"Casalecchio di Reno, Bologna, Italy",44.4756,11.2759
2020-10-11T09:00:00+00:00,16.400,13.700,Open-Meteo Historical Weather API,"Casalecchio di Reno, Bologna, Italy",44.4756,11.2759
2020-10-11T10:00:00+00:00,15.400,13.600,Open-Meteo Historical Weather API,"Casalecchio di Reno, Bologna, Italy",44.4756,11.2759
2020-10-11T11:00:00+00:00,13.800,13.700,Open-Meteo Historical Weather API,"Casalecchio di Reno, Bologna, Italy",44.4756,11.2759
2020-10-11T12:00:00+00:00,11.500,10.800,Open-Meteo Historical Weather API,"Casalecchio di Reno, Bologna, Italy",44.4756,11.2759
2020-10-11T13:00:00+00:00,11.400,10.600,Open-Meteo Historical Weather API,"Casalecchio di Reno, Bologna, Italy",44.4756,11.2759
2020-10-11T14:00:00+00:00,12.100,10.100,Open-Meteo Historical Weather API,"Casalecchio di Reno, Bologna, Italy",44.4756,11.2759
2020-10-11T15:00:00+00:00,12.000,9.600,Open-Meteo Historical Weather API,"Casalecchio di Reno, Bologna, Italy",44.4756,11.2759
2020-10-11T16:00:00+00:00,11.900,10.100,Open-Meteo Historical Weather API,"Casalecchio di Reno, Bologna, Italy",44.4756,11.2759
2020-10-11T17:00:00+00:00,11.300,10.800,Open-Meteo Historical Weather API,"Casalecchio di Reno, Bologna, Italy",44.4756,11.2759
2020-10-11T18:00:00+00:00,11.100,10.600,Open-Meteo Historical Weather API,"Casalecchio di Reno, Bologna, Italy",44.4756,11.2759
2020-10-11T19:00:00+00:00,10.500,9.500,Open-Meteo Historical Weather API,"Casalecchio di Reno, Bologna, Italy",44.4756,11.2759
2020-10-11T20:00:00+00:00,9.900,8.800,Open-Meteo Historical Weather API,"Casalecchio di Reno, Bologna, Italy",44.4756,11.2759
2020-10-11T21:00:00+00:00,9.400,7.700,Open-Meteo Historical Weather API,"Casalecchio di Reno, Bologna, Italy",44.4756,11.2759
2020-10-11T22:00:00+00:00,9.200,7.200,Open-Meteo Historical Weather API,"Casalecchio di Reno, Bologna, Italy",44.4756,11.2759
2020-10-11T23:00:00+00:00,9.100,7.200,Open-Meteo Historical Weather API,"Casalecchio di Reno, Bologna, Italy",44.4756,11.2759
2020-10-12T00:00:00+00:00,9.100,7.300,Open-Meteo Historical Weather API,"Casalecchio di Reno, Bologna, Italy",44.4756,11.2759
2020-10-12T01:00:00+00:00,9.100,7.900,Open-Meteo Historical Weather API,"Casalecchio di Reno, Bologna, Italy",44.4756,11.2759
2020-10-12T02:00:00+00:00,9.100,8.100,Open-Meteo Historical Weather API,"Casalecchio di Reno, Bologna, Italy",44.4756,11.2759
2020-10-12T03:00:00+00:00,9.200,7.900,Open-Meteo Historical Weather API,"Casalecchio di Reno, Bologna, Italy",44.4756,11.2759
2020-10-12T04:00:00+00:00,9.200,7.800,Open-Meteo Historical Weather API,"Casalecchio di Reno, Bologna, Italy",44.4756,11.2759
2020-10-12T05:00:00+00:00,9.200,7.900,Open-Meteo Historical Weather API,"Casalecchio di Reno, Bologna, Italy",44.4756,11.2759
2020-10-12T06:00:00+00:00,9.100,7.900,Open-Meteo Historical Weather API,"Casalecchio di Reno, Bologna, Italy",44.4756,11.2759
2020-10-12T07:00:00+00:00,9.100,8.000,Open-Meteo Historical Weather API,"Casalecchio di Reno, Bologna, Italy",44.4756,11.2759
2020-10-12T08:00:00+00:00,9.600,8.400,Open-Meteo Historical Weather API,"Casalecchio di Reno, Bologna, Italy",44.4756,11.2759
2020-10-12T09:00:00+00:00,9.800,8.400,Open-Meteo Historical Weather API,"Casalecchio di Reno, Bologna, Italy",44.4756,11.2759
2020-10-12T10:00:00+00:00,9.800,7.800,Open-Meteo Historical Weather API,"Casalecchio di Reno, Bologna, Italy",44.4756,11.2759
2020-10-12T11:00:00+00:00,10.600,8.000,Open-Meteo Historical Weather API,"Casalecchio di Reno, Bologna, Italy",44.4756,11.2759
2020-10-12T12:00:00+00:00,11.400,9.700,Open-Meteo Historical Weather API,"Casalecchio di Reno, Bologna, Italy",44.4756,11.2759
2020-10-12T13:00:00+00:00,12.100,9.200,Open-Meteo Historical Weather API,"Casalecchio di Reno, Bologna, Italy",44.4756,11.2759
2020-10-12T14:00:00+00:00,12.100,8.600,Open-Meteo Historical Weather API,"Casalecchio di Reno, Bologna, Italy",44.4756,11.2759
2020-10-12T15:00:00+00:00,12.900,7.600,Open-Meteo Historical Weather API,"Casalecchio di Reno, Bologna, Italy",44.4756,11.2759
2020-10-12T16:00:00+00:00,11.900,7.500,Open-Meteo Historical Weather API,"Casalecchio di Reno, Bologna, Italy",44.4756,11.2759
2020-10-12T17:00:00+00:00,10.300,6.200,Open-Meteo Historical Weather API,"Casalecchio di Reno, Bologna, Italy",44.4756,11.2759
2020-10-12T18:00:00+00:00,9.300,5.800,Open-Meteo Historical Weather API,"Casalecchio di Reno, Bologna, Italy",44.4756,11.2759
2020-10-12T19:00:00+00:00,9.100,5.800,Open-Meteo Historical Weather API,"Casalecchio di Reno, Bologna, Italy",44.4756,11.2759
2020-10-12T20:00:00+00:00,9.700,5.300,Open-Meteo Historical Weather API,"Casalecchio di Reno, Bologna, Italy",44.4756,11.2759
2020-10-12T21:00:00+00:00,9.900,5.000,Open-Meteo Historical Weather API,"Casalecchio di Reno, Bologna, Italy",44.4756,11.2759
2020-10-12T22:00:00+00:00,9.100,4.900,Open-Meteo Historical Weather API,"Casalecchio di Reno, Bologna, Italy",44.4756,11.2759
2020-10-12T23:00:00+00:00,7.900,5.100,Open-Meteo Historical Weather API,"Casalecchio di Reno, Bologna, Italy",44.4756,11.2759
2020-10-13T00:00:00+00:00,8.900,5.100,Open-Meteo Historical Weather API,"Casalecchio di Reno, Bologna, Italy",44.4756,11.2759
2020-10-13T01:00:00+00:00,8.400,5.000,Open-Meteo Historical Weather API,"Casalecchio di Reno, Bologna, Italy",44.4756,11.2759
2020-10-13T02:00:00+00:00,8.800,4.900,Open-Meteo Historical Weather API,"Casalecchio di Reno, Bologna, Italy",44.4756,11.2759
2020-10-13T03:00:00+00:00,8.100,5.100,Open-Meteo Historical Weather API,"Casalecchio di Reno, Bologna, Italy",44.4756,11.2759
2020-10-13T04:00:00+00:00,6.900,5.300,Open-Meteo Historical Weather API,"Casalecchio di Reno, Bologna, Italy",44.4756,11.2759
2020-10-13T05:00:00+00:00,7.300,5.200,Open-Meteo Historical Weather API,"Casalecchio di Reno, Bologna, Italy",44.4756,11.2759
2020-10-13T06:00:00+00:00,8.500,5.200,Open-Meteo Historical Weather API,"Casalecchio di Reno, Bologna, Italy",44.4756,11.2759
2020-10-13T07:00:00+00:00,10.400,5.500,Open-Meteo Historical Weather API,"Casalecchio di Reno, Bologna, Italy",44.4756,11.2759
2020-10-13T08:00:00+00:00,11.900,6.200,Open-Meteo Historical Weather API,"Casalecchio di Reno, Bologna, Italy",44.4756,11.2759
2020-10-13T09:00:00+00:00,12.800,5.800,Open-Meteo Historical Weather API,"Casalecchio di Reno, Bologna, Italy",44.4756,11.2759
2020-10-13T10:00:00+00:00,14.300,5.800,Open-Meteo Historical Weather API,"Casalecchio di Reno, Bologna, Italy",44.4756,11.2759
2020-10-13T11:00:00+00:00,15.100,5.800,Open-Meteo Historical Weather API,"Casalecchio di Reno, Bologna, Italy",44.4756,11.2759
2020-10-13T12:00:00+00:00,15.900,3.200,Open-Meteo Historical Weather API,"Casalecchio di Reno, Bologna, Italy",44.4756,11.2759
2020-10-13T13:00:00+00:00,16.200,1.200,Open-Meteo Historical Weather API,"Casalecchio di Reno, Bologna, Italy",44.4756,11.2759
2020-10-13T14:00:00+00:00,16.000,0.100,Open-Meteo Historical Weather API,"Casalecchio di Reno, Bologna, Italy",44.4756,11.2759
2020-10-13T15:00:00+00:00,15.400,1.600,Open-Meteo Historical Weather API,"Casalecchio di Reno, Bologna, Italy",44.4756,11.2759
2020-10-13T16:00:00+00:00,13.900,4.400,Open-Meteo Historical Weather API,"Casalecchio di Reno, Bologna, Italy",44.4756,11.2759
2020-10-13T17:00:00+00:00,10.600,1.700,Open-Meteo Historical Weather API,"Casalecchio di Reno, Bologna, Italy",44.4756,11.2759
2020-10-13T18:00:00+00:00,10.300,0.900,Open-Meteo Historical Weather API,"Casalecchio di Reno, Bologna, Italy",44.4756,11.2759
2020-10-13T19:00:00+00:00,8.200,2.200,Open-Meteo Historical Weather API,"Casalecchio di Reno, Bologna, Italy",44.4756,11.2759
2020-10-13T20:00:00+00:00,9.000,3.000,Open-Meteo Historical Weather API,"Casalecchio di Reno, Bologna, Italy",44.4756,11.2759
2020-10-13T21:00:00+00:00,9.300,2.700,Open-Meteo Historical Weather API,"Casalecchio di Reno, Bologna, Italy",44.4756,11.2759
2020-10-13T22:00:00+00:00,9.100,3.200,Open-Meteo Historical Weather API,"Casalecchio di Reno, Bologna, Italy",44.4756,11.2759
2020-10-13T23:00:00+00:00,9.000,3.700,Open-Meteo Historical Weather API,"Casalecchio di Reno, Bologna, Italy",44.4756,11.2759
2020-10-14T00:00:00+00:00,9.800,4.800,Open-Meteo Historical Weather API,"Casalecchio di Reno, Bologna, Italy",44.4756,11.2759
2020-10-14T01:00:00+00:00,10.100,5.300,Open-Meteo Historical Weather API,"Casalecchio di Reno, Bologna, Italy",44.4756,11.2759
2020-10-14T02:00:00+00:00,10.100,5.800,Open-Meteo Historical Weather API,"Casalecchio di Reno, Bologna, Italy",44.4756,11.2759
2020-10-14T03:00:00+00:00,10.000,6.300,Open-Meteo Historical Weather API,"Casalecchio di Reno, Bologna, Italy",44.4756,11.2759
2020-10-14T04:00:00+00:00,10.400,6.700,Open-Meteo Historical Weather API,"Casalecchio di Reno, Bologna, Italy",44.4756,11.2759
2020-10-14T05:00:00+00:00,10.900,7.100,Open-Meteo Historical Weather API,"Casalecchio di Reno, Bologna, Italy",44.4756,11.2759
2020-10-14T06:00:00+00:00,11.400,7.800,Open-Meteo Historical Weather API,"Casalecchio di Reno, Bologna, Italy",44.4756,11.2759
2020-10-14T07:00:00+00:00,12.400,8.900,Open-Meteo Historical Weather API,"Casalecchio di Reno, Bologna, Italy",44.4756,11.2759
2020-10-14T08:00:00+00:00,14.600,8.600,Open-Meteo Historical Weather API,"Casalecchio di Reno, Bologna, Italy",44.4756,11.2759
2020-10-14T09:00:00+00:00,16.000,7.500,Open-Meteo Historical Weather API,"Casalecchio di Reno, Bologna, Italy",44.4756,11.2759
2020-10-14T10:00:00+00:00,17.200,7.200,Open-Meteo Historical Weather API,"Casalecchio di Reno, Bologna, Italy",44.4756,11.2759
2020-10-14T11:00:00+00:00,18.000,7.200,Open-Meteo Historical Weather API,"Casalecchio di Reno, Bologna, Italy",44.4756,11.2759
2020-10-14T12:00:00+00:00,14.800,11.100,Open-Meteo Historical Weather API,"Casalecchio di Reno, Bologna, Italy",44.4756,11.2759
2020-10-14T13:00:00+00:00,15.800,11.400,Open-Meteo Historical Weather API,"Casalecchio di Reno, Bologna, Italy",44.4756,11.2759
2020-10-14T14:00:00+00:00,16.000,11.300,Open-Meteo Historical Weather API,"Casalecchio di Reno, Bologna, Italy",44.4756,11.2759
2020-10-14T15:00:00+00:00,14.600,12.000,Open-Meteo Historical Weather API,"Casalecchio di Reno, Bologna, Italy",44.4756,11.2759
2020-10-14T16:00:00+00:00,13.800,11.800,Open-Meteo Historical Weather API,"Casalecchio di Reno, Bologna, Italy",44.4756,11.2759
2020-10-14T17:00:00+00:00,12.900,11.800,Open-Meteo Historical Weather API,"Casalecchio di Reno, Bologna, Italy",44.4756,11.2759
2020-10-14T18:00:00+00:00,12.600,11.600,Open-Meteo Historical Weather API,"Casalecchio di Reno, Bologna, Italy",44.4756,11.2759
2020-10-14T19:00:00+00:00,12.500,11.600,Open-Meteo Historical Weather API,"Casalecchio di Reno, Bologna, Italy",44.4756,11.2759
2020-10-14T20:00:00+00:00,12.200,11.600,Open-Meteo Historical Weather API,"Casalecchio di Reno, Bologna, Italy",44.4756,11.2759
2020-10-14T21:00:00+00:00,11.700,11.400,Open-Meteo Historical Weather API,"Casalecchio di Reno, Bologna, Italy",44.4756,11.2759
2020-10-14T22:00:00+00:00,11.600,11.400,Open-Meteo Historical Weather API,"Casalecchio di Reno, Bologna, Italy",44.4756,11.2759
2020-10-14T23:00:00+00:00,11.500,10.900,Open-Meteo Historical Weather API,"Casalecchio di Reno, Bologna, Italy",44.4756,11.2759
2020-10-15T00:00:00+00:00,11.400,11.400,Open-Meteo Historical Weather API,"Casalecchio di Reno, Bologna, Italy",44.4756,11.2759
2020-10-15T01:00:00+00:00,11.400,11.100,Open-Meteo Historical Weather API,"Casalecchio di Reno, Bologna, Italy",44.4756,11.2759
2020-10-15T02:00:00+00:00,11.100,10.900,Open-Meteo Historical Weather API,"Casalecchio di Reno, Bologna, Italy",44.4756,11.2759
2020-10-15T03:00:00+00:00,11.100,10.600,Open-Meteo Historical Weather API,"Casalecchio di Reno, Bologna, Italy",44.4756,11.2759
2020-10-15T04:00:00+00:00,10.900,10.300,Open-Meteo Historical Weather API,"Casalecchio di Reno, Bologna, Italy",44.4756,11.2759
2020-10-15T05:00:00+00:00,10.200,9.600,Open-Meteo Historical Weather API,"Casalecchio di Reno, Bologna, Italy",44.4756,11.2759
2020-10-15T06:00:00+00:00,10.100,9.200,Open-Meteo Historical Weather API,"Casalecchio di Reno, Bologna, Italy",44.4756,11.2759
2020-10-15T07:00:00+00:00,10.200,8.900,Open-Meteo Historical Weather API,"Casalecchio di Reno, Bologna, Italy",44.4756,11.2759
2020-10-15T08:00:00+00:00,11.200,9.100,Open-Meteo Historical Weather API,"Casalecchio di Reno, Bologna, Italy",44.4756,11.2759
2020-10-15T09:00:00+00:00,12.400,9.100,Open-Meteo Historical Weather API,"Casalecchio di Reno, Bologna, Italy",44.4756,11.2759
2020-10-15T10:00:00+00:00,12.900,8.900,Open-Meteo Historical Weather API,"Casalecchio di Reno, Bologna, Italy",44.4756,11.2759
2020-10-15T11:00:00+00:00,12.400,8.900,Open-Meteo Historical Weather API,"Casalecchio di Reno, Bologna, Italy",44.4756,11.2759
2020-10-15T12:00:00+00:00,12.600,8.400,Open-Meteo Historical Weather API,"Casalecchio di Reno, Bologna, Italy",44.4756,11.2759
2020-10-15T13:00:00+00:00,12.600,8.200,Open-Meteo Historical Weather API,"Casalecchio di Reno, Bologna, Italy",44.4756,11.2759
2020-10-15T14:00:00+00:00,12.100,8.100,Open-Meteo Historical Weather API,"Casalecchio di Reno, Bologna, Italy",44.4756,11.2759
2020-10-15T15:00:00+00:00,12.800,7.600,Open-Meteo Historical Weather API,"Casalecchio di Reno, Bologna, Italy",44.4756,11.2759
2020-10-15T16:00:00+00:00,11.900,8.600,Open-Meteo Historical Weather API,"Casalecchio di Reno, Bologna, Italy",44.4756,11.2759
2020-10-15T17:00:00+00:00,11.100,8.900,Open-Meteo Historical Weather API,"Casalecchio di Reno, Bologna, Italy",44.4756,11.2759
2020-10-15T18:00:00+00:00,10.900,8.500,Open-Meteo Historical Weather API,"Casalecchio di Reno, Bologna, Italy",44.4756,11.2759
2020-10-15T19:00:00+00:00,10.700,8.400,Open-Meteo Historical Weather API,"Casalecchio di Reno, Bologna, Italy",44.4756,11.2759
2020-10-15T20:00:00+00:00,10.700,8.400,Open-Meteo Historical Weather API,"Casalecchio di Reno, Bologna, Italy",44.4756,11.2759
2020-10-15T21:00:00+00:00,10.500,8.400,Open-Meteo Historical Weather API,"Casalecchio di Reno, Bologna, Italy",44.4756,11.2759
2020-10-15T22:00:00+00:00,10.600,8.600,Open-Meteo Historical Weather API,"Casalecchio di Reno, Bologna, Italy",44.4756,11.2759
2020-10-15T23:00:00+00:00,10.600,8.600,Open-Meteo Historical Weather API,"Casalecchio di Reno, Bologna, Italy",44.4756,11.2759
2020-10-16T00:00:00+00:00,10.800,7.900,Open-Meteo Historical Weather API,"Casalecchio di Reno, Bologna, Italy",44.4756,11.2759
2020-10-16T01:00:00+00:00,10.900,8.200,Open-Meteo Historical Weather API,"Casalecchio di Reno, Bologna, Italy",44.4756,11.2759
2020-10-16T02:00:00+00:00,10.900,8.600,Open-Meteo Historical Weather API,"Casalecchio di Reno, Bologna, Italy",44.4756,11.2759
2020-10-16T03:00:00+00:00,10.500,8.600,Open-Meteo Historical Weather API,"Casalecchio di Reno, Bologna, Italy",44.4756,11.2759
2020-10-16T04:00:00+00:00,9.900,8.100,Open-Meteo Historical Weather API,"Casalecchio di Reno, Bologna, Italy",44.4756,11.2759
2020-10-16T05:00:00+00:00,9.900,8.100,Open-Meteo Historical Weather API,"Casalecchio di Reno, Bologna, Italy",44.4756,11.2759
2020-10-16T06:00:00+00:00,10.100,8.200,Open-Meteo Historical Weather API,"Casalecchio di Reno, Bologna, Italy",44.4756,11.2759
2020-10-16T07:00:00+00:00,10.400,8.600,Open-Meteo Historical Weather API,"Casalecchio di Reno, Bologna, Italy",44.4756,11.2759
2020-10-16T08:00:00+00:00,10.700,8.600,Open-Meteo Historical Weather API,"Casalecchio di Reno, Bologna, Italy",44.4756,11.2759
2020-10-16T09:00:00+00:00,11.200,8.600,Open-Meteo Historical Weather API,"Casalecchio di Reno, Bologna, Italy",44.4756,11.2759
2020-10-16T10:00:00+00:00,12.400,7.500,Open-Meteo Historical Weather API,"Casalecchio di Reno, Bologna, Italy",44.4756,11.2759
2020-10-16T11:00:00+00:00,13.100,7.800,Open-Meteo Historical Weather API,"Casalecchio di Reno, Bologna, Italy",44.4756,11.2759
2020-10-16T12:00:00+00:00,14.200,8.100,Open-Meteo Historical Weather API,"Casalecchio di Reno, Bologna, Italy",44.4756,11.2759
2020-10-16T13:00:00+00:00,14.600,7.700,Open-Meteo Historical Weather API,"Casalecchio di Reno, Bologna, Italy",44.4756,11.2759
2020-10-16T14:00:00+00:00,14.400,7.800,Open-Meteo Historical Weather API,"Casalecchio di Reno, Bologna, Italy",44.4756,11.2759
2020-10-16T15:00:00+00:00,14.200,7.700,Open-Meteo Historical Weather API,"Casalecchio di Reno, Bologna, Italy",44.4756,11.2759
2020-10-16T16:00:00+00:00,12.800,9.400,Open-Meteo Historical Weather API,"Casalecchio di Reno, Bologna, Italy",44.4756,11.2759
2020-10-16T17:00:00+00:00,11.100,7.900,Open-Meteo Historical Weather API,"Casalecchio di Reno, Bologna, Italy",44.4756,11.2759
2020-10-16T18:00:00+00:00,11.100,7.800,Open-Meteo Historical Weather API,"Casalecchio di Reno, Bologna, Italy",44.4756,11.2759
2020-10-16T19:00:00+00:00,10.100,7.700,Open-Meteo Historical Weather API,"Casalecchio di Reno, Bologna, Italy",44.4756,11.2759
2020-10-16T20:00:00+00:00,9.200,7.300,Open-Meteo Historical Weather API,"Casalecchio di Reno, Bologna, Italy",44.4756,11.2759
2020-10-16T21:00:00+00:00,8.800,7.100,Open-Meteo Historical Weather API,"Casalecchio di Reno, Bologna, Italy",44.4756,11.2759
2020-10-16T22:00:00+00:00,8.300,6.800,Open-Meteo Historical Weather API,"Casalecchio di Reno, Bologna, Italy",44.4756,11.2759
2020-10-16T23:00:00+00:00,7.600,6.600,Open-Meteo Historical Weather API,"Casalecchio di Reno, Bologna, Italy",44.4756,11.2759
2020-10-17T00:00:00+00:00,8.700,6.500,Open-Meteo Historical Weather API,"Casalecchio di Reno, Bologna, Italy",44.4756,11.2759
2020-10-17T01:00:00+00:00,8.600,6.200,Open-Meteo Historical Weather API,"Casalecchio di Reno, Bologna, Italy",44.4756,11.2759
2020-10-17T02:00:00+00:00,7.900,6.100,Open-Meteo Historical Weather API,"Casalecchio di Reno, Bologna, Italy",44.4756,11.2759
2020-10-17T03:00:00+00:00,7.700,5.800,Open-Meteo Historical Weather API,"Casalecchio di Reno, Bologna, Italy",44.4756,11.2759
2020-10-17T04:00:00+00:00,7.400,5.600,Open-Meteo Historical Weather API,"Casalecchio di Reno, Bologna, Italy",44.4756,11.2759
2020-10-17T05:00:00+00:00,7.200,5.200,Open-Meteo Historical Weather API,"Casalecchio di Reno, Bologna, Italy",44.4756,11.2759
2020-10-17T06:00:00+00:00,7.100,4.900,Open-Meteo Historical Weather API,"Casalecchio di Reno, Bologna, Italy",44.4756,11.2759
2020-10-17T07:00:00+00:00,9.700,6.100,Open-Meteo Historical Weather API,"Casalecchio di Reno, Bologna, Italy",44.4756,11.2759
2020-10-17T08:00:00+00:00,12.900,7.100,Open-Meteo Historical Weather API,"Casalecchio di Reno, Bologna, Italy",44.4756,11.2759
2020-10-17T09:00:00+00:00,14.600,7.800,Open-Meteo Historical Weather API,"Casalecchio di Reno, Bologna, Italy",44.4756,11.2759
2020-10-17T10:00:00+00:00,15.700,8.400,Open-Meteo Historical Weather API,"Casalecchio di Reno, Bologna, Italy",44.4756,11.2759
2020-10-17T11:00:00+00:00,16.400,8.700,Open-Meteo Historical Weather API,"Casalecchio di Reno, Bologna, Italy",44.4756,11.2759
2020-10-17T12:00:00+00:00,16.500,9.700,Open-Meteo Historical Weather API,"Casalecchio di Reno, Bologna, Italy",44.4756,11.2759
2020-10-17T13:00:00+00:00,16.900,9.700,Open-Meteo Historical Weather API,"Casalecchio di Reno, Bologna, Italy",44.4756,11.2759
2020-10-17T14:00:00+00:00,16.800,9.600,Open-Meteo Historical Weather API,"Casalecchio di Reno, Bologna, Italy",44.4756,11.2759
2020-10-17T15:00:00+00:00,16.400,9.400,Open-Meteo Historical Weather API,"Casalecchio di Reno, Bologna, Italy",44.4756,11.2759
2020-10-17T16:00:00+00:00,15.200,8.900,Open-Meteo Historical Weather API,"Casalecchio di Reno, Bologna, Italy",44.4756,11.2759
2020-10-17T17:00:00+00:00,12.700,9.100,Open-Meteo Historical Weather API,"Casalecchio di Reno, Bologna, Italy",44.4756,11.2759
2020-10-17T18:00:00+00:00,12.600,9.700,Open-Meteo Historical Weather API,"Casalecchio di Reno, Bologna, Italy",44.4756,11.2759
2020-10-17T19:00:00+00:00,11.200,9.800,Open-Meteo Historical Weather API,"Casalecchio di Reno, Bologna, Italy",44.4756,11.2759
2020-10-17T20:00:00+00:00,9.900,8.800,Open-Meteo Historical Weather API,"Casalecchio di Reno, Bologna, Italy",44.4756,11.2759
2020-10-17T21:00:00+00:00,9.800,8.200,Open-Meteo Historical Weather API,"Casalecchio di Reno, Bologna, Italy",44.4756,11.2759
2020-10-17T22:00:00+00:00,9.600,8.000,Open-Meteo Historical Weather API,"Casalecchio di Reno, Bologna, Italy",44.4756,11.2759
2020-10-17T23:00:00+00:00,9.200,7.800,Open-Meteo Historical Weather API,"Casalecchio di Reno, Bologna, Italy",44.4756,11.2759
2020-10-18T00:00:00+00:00,9.100,7.200,Open-Meteo Historical Weather API,"Casalecchio di Reno, Bologna, Italy",44.4756,11.2759
2020-10-18T01:00:00+00:00,8.800,6.900,Open-Meteo Historical Weather API,"Casalecchio di Reno, Bologna, Italy",44.4756,11.2759
2020-10-18T02:00:00+00:00,8.300,6.700,Open-Meteo Historical Weather API,"Casalecchio di Reno, Bologna, Italy",44.4756,11.2759
2020-10-18T03:00:00+00:00,7.800,6.400,Open-Meteo Historical Weather API,"Casalecchio di Reno, Bologna, Italy",44.4756,11.2759
2020-10-18T04:00:00+00:00,7.400,6.200,Open-Meteo Historical Weather API,"Casalecchio di Reno, Bologna, Italy",44.4756,11.2759
2020-10-18T05:00:00+00:00,7.300,5.900,Open-Meteo Historical Weather API,"Casalecchio di Reno, Bologna, Italy",44.4756,11.2759
2020-10-18T06:00:00+00:00,7.400,5.800,Open-Meteo Historical Weather API,"Casalecchio di Reno, Bologna, Italy",44.4756,11.2759
2020-10-18T07:00:00+00:00,10.200,6.700,Open-Meteo Historical Weather API,"Casalecchio di Reno, Bologna, Italy",44.4756,11.2759
2020-10-18T08:00:00+00:00,11.800,7.100,Open-Meteo Historical Weather API,"Casalecchio di Reno, Bologna, Italy",44.4756,11.2759
2020-10-18T09:00:00+00:00,12.900,8.900,Open-Meteo Historical Weather API,"Casalecchio di Reno, Bologna, Italy",44.4756,11.2759
2020-10-18T10:00:00+00:00,14.400,10.400,Open-Meteo Historical Weather API,"Casalecchio di Reno, Bologna, Italy",44.4756,11.2759
2020-10-18T11:00:00+00:00,15.600,10.600,Open-Meteo Historical Weather API,"Casalecchio di Reno, Bologna, Italy",44.4756,11.2759
2020-10-18T12:00:00+00:00,15.100,11.400,Open-Meteo Historical Weather API,"Casalecchio di Reno, Bologna, Italy",44.4756,11.2759
2020-10-18T13:00:00+00:00,16.100,12.000,Open-Meteo Historical Weather API,"Casalecchio di Reno, Bologna, Italy",44.4756,11.2759
2020-10-18T14:00:00+00:00,16.300,12.400,Open-Meteo Historical Weather API,"Casalecchio di Reno, Bologna, Italy",44.4756,11.2759
2020-10-18T15:00:00+00:00,15.800,11.900,Open-Meteo Historical Weather API,"Casalecchio di Reno, Bologna, Italy",44.4756,11.2759
2020-10-18T16:00:00+00:00,14.400,11.600,Open-Meteo Historical Weather API,"Casalecchio di Reno, Bologna, Italy",44.4756,11.2759
2020-10-18T17:00:00+00:00,12.800,11.000,Open-Meteo Historical Weather API,"Casalecchio di Reno, Bologna, Italy",44.4756,11.2759
2020-10-18T18:00:00+00:00,10.900,10.000,Open-Meteo Historical Weather API,"Casalecchio di Reno, Bologna, Italy",44.4756,11.2759
2020-10-18T19:00:00+00:00,10.400,9.800,Open-Meteo Historical Weather API,"Casalecchio di Reno, Bologna, Italy",44.4756,11.2759
2020-10-18T20:00:00+00:00,9.900,9.300,Open-Meteo Historical Weather API,"Casalecchio di Reno, Bologna, Italy",44.4756,11.2759
2020-10-18T21:00:00+00:00,9.400,8.900,Open-Meteo Historical Weather API,"Casalecchio di Reno, Bologna, Italy",44.4756,11.2759
2020-10-18T22:00:00+00:00,8.800,8.400,Open-Meteo Historical Weather API,"Casalecchio di Reno, Bologna, Italy",44.4756,11.2759
2020-10-18T23:00:00+00:00,8.700,8.100,Open-Meteo Historical Weather API,"Casalecchio di Reno, Bologna, Italy",44.4756,11.2759
2020-10-19T00:00:00+00:00,9.100,8.400,Open-Meteo Historical Weather API,"Casalecchio di Reno, Bologna, Italy",44.4756,11.2759
2020-10-19T01:00:00+00:00,9.600,8.300,Open-Meteo Historical Weather API,"Casalecchio di Reno, Bologna, Italy",44.4756,11.2759
2020-10-19T02:00:00+00:00,9.400,7.800,Open-Meteo Historical Weather API,"Casalecchio di Reno, Bologna, Italy",44.4756,11.2759
2020-10-19T03:00:00+00:00,8.600,7.300,Open-Meteo Historical Weather API,"Casalecchio di Reno, Bologna, Italy",44.4756,11.2759
2020-10-19T04:00:00+00:00,8.100,7.100,Open-Meteo Historical Weather API,"Casalecchio di Reno, Bologna, Italy",44.4756,11.2759
2020-10-19T05:00:00+00:00,7.500,6.700,Open-Meteo Historical Weather API,"Casalecchio di Reno, Bologna, Italy",44.4756,11.2759
2020-10-19T06:00:00+00:00,7.600,6.400,Open-Meteo Historical Weather API,"Casalecchio di Reno, Bologna, Italy",44.4756,11.2759
2020-10-19T07:00:00+00:00,10.400,7.400,Open-Meteo Historical Weather API,"Casalecchio di Reno, Bologna, Italy",44.4756,11.2759
2020-10-19T08:00:00+00:00,12.700,8.200,Open-Meteo Historical Weather API,"Casalecchio di Reno, Bologna, Italy",44.4756,11.2759
2020-10-19T09:00:00+00:00,14.100,9.100,Open-Meteo Historical Weather API,"Casalecchio di Reno, Bologna, Italy",44.4756,11.2759
2020-10-19T10:00:00+00:00,15.100,10.400,Open-Meteo Historical Weather API,"Casalecchio di Reno, Bologna, Italy",44.4756,11.2759
2020-10-19T11:00:00+00:00,15.900,10.900,Open-Meteo Historical Weather API,"Casalecchio di Reno, Bologna, Italy",44.4756,11.2759
2020-10-19T12:00:00+00:00,15.900,10.200,Open-Meteo Historical Weather API,"Casalecchio di Reno, Bologna, Italy",44.4756,11.2759
2020-10-19T13:00:00+00:00,16.400,10.100,Open-Meteo Historical Weather API,"Casalecchio di Reno, Bologna, Italy",44.4756,11.2759
2020-10-19T14:00:00+00:00,16.300,10.100,Open-Meteo Historical Weather API,"Casalecchio di Reno, Bologna, Italy",44.4756,11.2759
2020-10-19T15:00:00+00:00,15.800,10.400,Open-Meteo Historical Weather API,"Casalecchio di Reno, Bologna, Italy",44.4756,11.2759
2020-10-19T16:00:00+00:00,15.500,10.100,Open-Meteo Historical Weather API,"Casalecchio di Reno, Bologna, Italy",44.4756,11.2759
2020-10-19T17:00:00+00:00,14.800,10.100,Open-Meteo Historical Weather API,"Casalecchio di Reno, Bologna, Italy",44.4756,11.2759
2020-10-19T18:00:00+00:00,12.400,10.100,Open-Meteo Historical Weather API,"Casalecchio di Reno, Bologna, Italy",44.4756,11.2759
2020-10-19T19:00:00+00:00,11.000,9.600,Open-Meteo Historical Weather API,"Casalecchio di Reno, Bologna, Italy",44.4756,11.2759
2020-10-19T20:00:00+00:00,10.400,9.200,Open-Meteo Historical Weather API,"Casalecchio di Reno, Bologna, Italy",44.4756,11.2759
2020-10-19T21:00:00+00:00,9.600,8.700,Open-Meteo Historical Weather API,"Casalecchio di Reno, Bologna, Italy",44.4756,11.2759
2020-10-19T22:00:00+00:00,8.800,8.100,Open-Meteo Historical Weather API,"Casalecchio di Reno, Bologna, Italy",44.4756,11.2759
2020-10-19T23:00:00+00:00,8.400,7.600,Open-Meteo Historical Weather API,"Casalecchio di Reno, Bologna, Italy",44.4756,11.2759
2020-10-20T00:00:00+00:00,8.600,7.700,Open-Meteo Historical Weather API,"Casalecchio di Reno, Bologna, Italy",44.4756,11.2759
2020-10-20T01:00:00+00:00,8.600,7.400,Open-Meteo Historical Weather API,"Casalecchio di Reno, Bologna, Italy",44.4756,11.2759
2020-10-20T02:00:00+00:00,8.400,7.100,Open-Meteo Historical Weather API,"Casalecchio di Reno, Bologna, Italy",44.4756,11.2759
2020-10-20T03:00:00+00:00,8.200,6.700,Open-Meteo Historical Weather API,"Casalecchio di Reno, Bologna, Italy",44.4756,11.2759
2020-10-20T04:00:00+00:00,8.000,6.200,Open-Meteo Historical Weather API,"Casalecchio di Reno, Bologna, Italy",44.4756,11.2759
2020-10-20T05:00:00+00:00,7.700,5.900,Open-Meteo Historical Weather API,"Casalecchio di Reno, Bologna, Italy",44.4756,11.2759
2020-10-20T06:00:00+00:00,7.800,5.800,Open-Meteo Historical Weather API,"Casalecchio di Reno, Bologna, Italy",44.4756,11.2759
2020-10-20T07:00:00+00:00,10.400,6.800,Open-Meteo Historical Weather API,"Casalecchio di Reno, Bologna, Italy",44.4756,11.2759
2020-10-20T08:00:00+00:00,13.600,8.100,Open-Meteo Historical Weather API,"Casalecchio di Reno, Bologna, Italy",44.4756,11.2759
2020-10-20T09:00:00+00:00,15.400,8.600,Open-Meteo Historical Weather API,"Casalecchio di Reno, Bologna, Italy",44.4756,11.2759
2020-10-20T10:00:00+00:00,16.200,9.900,Open-Meteo Historical Weather API,"Casalecchio di Reno, Bologna, Italy",44.4756,11.2759
2020-10-20T11:00:00+00:00,16.800,10.000,Open-Meteo Historical Weather API,"Casalecchio di Reno, Bologna, Italy",44.4756,11.2759
2020-10-20T12:00:00+00:00,17.000,9.900,Open-Meteo Historical Weather API,"Casalecchio di Reno, Bologna, Italy",44.4756,11.2759
2020-10-20T13:00:00+00:00,17.000,9.400,Open-Meteo Historical Weather API,"Casalecchio di Reno, Bologna, Italy",44.4756,11.2759
2020-10-20T14:00:00+00:00,16.800,8.900,Open-Meteo Historical Weather API,"Casalecchio di Reno, Bologna, Italy",44.4756,11.2759
2020-10-20T15:00:00+00:00,16.500,9.400,Open-Meteo Historical Weather API,"Casalecchio di Reno, Bologna, Italy",44.4756,11.2759
2020-10-20T16:00:00+00:00,15.900,9.100,Open-Meteo Historical Weather API,"Casalecchio di Reno, Bologna, Italy",44.4756,11.2759
2020-10-20T17:00:00+00:00,15.100,9.100,Open-Meteo Historical Weather API,"Casalecchio di Reno, Bologna, Italy",44.4756,11.2759
2020-10-20T18:00:00+00:00,11.500,9.500,Open-Meteo Historical Weather API,"Casalecchio di Reno, Bologna, Italy",44.4756,11.2759
2020-10-20T19:00:00+00:00,11.000,9.400,Open-Meteo Historical Weather API,"Casalecchio di Reno, Bologna, Italy",44.4756,11.2759
2020-10-20T20:00:00+00:00,9.600,8.500,Open-Meteo Historical Weather API,"Casalecchio di Reno, Bologna, Italy",44.4756,11.2759
2020-10-20T21:00:00+00:00,9.200,7.200,Open-Meteo Historical Weather API,"Casalecchio di Reno, Bologna, Italy",44.4756,11.2759
2020-10-20T22:00:00+00:00,9.000,6.600,Open-Meteo Historical Weather API,"Casalecchio di Reno, Bologna, Italy",44.4756,11.2759
2020-10-20T23:00:00+00:00,8.800,6.700,Open-Meteo Historical Weather API,"Casalecchio di Reno, Bologna, Italy",44.4756,11.2759
2020-10-21T00:00:00+00:00,8.800,7.200,Open-Meteo Historical Weather API,"Casalecchio di Reno, Bologna, Italy",44.4756,11.2759
2020-10-21T01:00:00+00:00,8.700,7.200,Open-Meteo Historical Weather API,"Casalecchio di Reno, Bologna, Italy",44.4756,11.2759
2020-10-21T02:00:00+00:00,8.700,7.300,Open-Meteo Historical Weather API,"Casalecchio di Reno, Bologna, Italy",44.4756,11.2759
2020-10-21T03:00:00+00:00,8.800,7.200,Open-Meteo Historical Weather API,"Casalecchio di Reno, Bologna, Italy",44.4756,11.2759
2020-10-21T04:00:00+00:00,8.800,6.900,Open-Meteo Historical Weather API,"Casalecchio di Reno, Bologna, Italy",44.4756,11.2759
2020-10-21T05:00:00+00:00,8.600,6.800,Open-Meteo Historical Weather API,"Casalecchio di Reno, Bologna, Italy",44.4756,11.2759
2020-10-21T06:00:00+00:00,8.600,6.600,Open-Meteo Historical Weather API,"Casalecchio di Reno, Bologna, Italy",44.4756,11.2759
2020-10-21T07:00:00+00:00,10.900,7.600,Open-Meteo Historical Weather API,"Casalecchio di Reno, Bologna, Italy",44.4756,11.2759
2020-10-21T08:00:00+00:00,13.600,8.600,Open-Meteo Historical Weather API,"Casalecchio di Reno, Bologna, Italy",44.4756,11.2759
2020-10-21T09:00:00+00:00,15.900,9.500,Open-Meteo Historical Weather API,"Casalecchio di Reno, Bologna, Italy",44.4756,11.2759
2020-10-21T10:00:00+00:00,17.600,10.100,Open-Meteo Historical Weather API,"Casalecchio di Reno, Bologna, Italy",44.4756,11.2759
2020-10-21T11:00:00+00:00,18.600,10.100,Open-Meteo Historical Weather API,"Casalecchio di Reno, Bologna, Italy",44.4756,11.2759
2020-10-21T12:00:00+00:00,17.700,10.600,Open-Meteo Historical Weather API,"Casalecchio di Reno, Bologna, Italy",44.4756,11.2759
2020-10-21T13:00:00+00:00,18.900,9.900,Open-Meteo Historical Weather API,"Casalecchio di Reno, Bologna, Italy",44.4756,11.2759
2020-10-21T14:00:00+00:00,18.800,9.600,Open-Meteo Historical Weather API,"Casalecchio di Reno, Bologna, Italy",44.4756,11.2759
2020-10-21T15:00:00+00:00,18.000,11.100,Open-Meteo Historical Weather API,"Casalecchio di Reno, Bologna, Italy",44.4756,11.2759
2020-10-21T16:00:00+00:00,15.000,11.600,Open-Meteo Historical Weather API,"Casalecchio di Reno, Bologna, Italy",44.4756,11.2759
2020-10-21T17:00:00+00:00,15.200,11.100,Open-Meteo Historical Weather API,"Casalecchio di Reno, Bologna, Italy",44.4756,11.2759
2020-10-21T18:00:00+00:00,12.400,9.900,Open-Meteo Historical Weather API,"Casalecchio di Reno, Bologna, Italy",44.4756,11.2759
2020-10-21T19:00:00+00:00,12.100,9.200,Open-Meteo Historical Weather API,"Casalecchio di Reno, Bologna, Italy",44.4756,11.2759
2020-10-21T20:00:00+00:00,12.300,9.100,Open-Meteo Historical Weather API,"Casalecchio di Reno, Bologna, Italy",44.4756,11.2759
2020-10-21T21:00:00+00:00,11.700,9.000,Open-Meteo Historical Weather API,"Casalecchio di Reno, Bologna, Italy",44.4756,11.2759
2020-10-21T22:00:00+00:00,10.500,8.600,Open-Meteo Historical Weather API,"Casalecchio di Reno, Bologna, Italy",44.4756,11.2759
2020-10-21T23:00:00+00:00,9.900,8.400,Open-Meteo Historical Weather API,"Casalecchio di Reno, Bologna, Italy",44.4756,11.2759
2020-10-22T00:00:00+00:00,9.900,7.800,Open-Meteo Historical Weather API,"Casalecchio di Reno, Bologna, Italy",44.4756,11.2759
2020-10-22T01:00:00+00:00,9.600,7.700,Open-Meteo Historical Weather API,"Casalecchio di Reno, Bologna, Italy",44.4756,11.2759
2020-10-22T02:00:00+00:00,9.400,7.800,Open-Meteo Historical Weather API,"Casalecchio di Reno, Bologna, Italy",44.4756,11.2759
2020-10-22T03:00:00+00:00,9.400,8.000,Open-Meteo Historical Weather API,"Casalecchio di Reno, Bologna, Italy",44.4756,11.2759
2020-10-22T04:00:00+00:00,9.800,8.200,Open-Meteo Historical Weather API,"Casalecchio di Reno, Bologna, Italy",44.4756,11.2759
2020-10-22T05:00:00+00:00,10.400,8.500,Open-Meteo Historical Weather API,"Casalecchio di Reno, Bologna, Italy",44.4756,11.2759
2020-10-22T06:00:00+00:00,10.600,8.900,Open-Meteo Historical Weather API,"Casalecchio di Reno, Bologna, Italy",44.4756,11.2759
2020-10-22T07:00:00+00:00,12.800,10.000,Open-Meteo Historical Weather API,"Casalecchio di Reno, Bologna, Italy",44.4756,11.2759
2020-10-22T08:00:00+00:00,15.400,11.200,Open-Meteo Historical Weather API,"Casalecchio di Reno, Bologna, Italy",44.4756,11.2759
2020-10-22T09:00:00+00:00,17.400,12.400,Open-Meteo Historical Weather API,"Casalecchio di Reno, Bologna, Italy",44.4756,11.2759
2020-10-22T10:00:00+00:00,19.000,13.000,Open-Meteo Historical Weather API,"Casalecchio di Reno, Bologna, Italy",44.4756,11.2759
2020-10-22T11:00:00+00:00,20.400,12.200,Open-Meteo Historical Weather API,"Casalecchio di Reno, Bologna, Italy",44.4756,11.2759
2020-10-22T12:00:00+00:00,19.200,13.100,Open-Meteo Historical Weather API,"Casalecchio di Reno, Bologna, Italy",44.4756,11.2759
2020-10-22T13:00:00+00:00,19.500,13.500,Open-Meteo Historical Weather API,"Casalecchio di Reno, Bologna, Italy",44.4756,11.2759
2020-10-22T14:00:00+00:00,19.400,13.800,Open-Meteo Historical Weather API,"Casalecchio di Reno, Bologna, Italy",44.4756,11.2759
2020-10-22T15:00:00+00:00,18.800,14.200,Open-Meteo Historical Weather API,"Casalecchio di Reno, Bologna, Italy",44.4756,11.2759
2020-10-22T16:00:00+00:00,16.000,14.200,Open-Meteo Historical Weather API,"Casalecchio di Reno, Bologna, Italy",44.4756,11.2759
2020-10-22T17:00:00+00:00,16.100,13.800,Open-Meteo Historical Weather API,"Casalecchio di Reno, Bologna, Italy",44.4756,11.2759
2020-10-22T18:00:00+00:00,13.100,12.500,Open-Meteo Historical Weather API,"Casalecchio di Reno, Bologna, Italy",44.4756,11.2759
2020-10-22T19:00:00+00:00,13.400,12.600,Open-Meteo Historical Weather API,"Casalecchio di Reno, Bologna, Italy",44.4756,11.2759
2020-10-22T20:00:00+00:00,12.800,11.900,Open-Meteo Historical Weather API,"Casalecchio di Reno, Bologna, Italy",44.4756,11.2759
2020-10-22T21:00:00+00:00,12.000,11.100,Open-Meteo Historical Weather API,"Casalecchio di Reno, Bologna, Italy",44.4756,11.2759
2020-10-22T22:00:00+00:00,11.300,10.400,Open-Meteo Historical Weather API,"Casalecchio di Reno, Bologna, Italy",44.4756,11.2759
2020-10-22T23:00:00+00:00,10.600,9.900,Open-Meteo Historical Weather API,"Casalecchio di Reno, Bologna, Italy",44.4756,11.2759
2020-10-23T00:00:00+00:00,10.600,9.900,Open-Meteo Historical Weather API,"Casalecchio di Reno, Bologna, Italy",44.4756,11.2759
2020-10-23T01:00:00+00:00,10.900,10.300,Open-Meteo Historical Weather API,"Casalecchio di Reno, Bologna, Italy",44.4756,11.2759
2020-10-23T02:00:00+00:00,10.400,9.900,Open-Meteo Historical Weather API,"Casalecchio di Reno, Bologna, Italy",44.4756,11.2759
2020-10-23T03:00:00+00:00,12.200,10.800,Open-Meteo Historical Weather API,"Casalecchio di Reno, Bologna, Italy",44.4756,11.2759
2020-10-23T04:00:00+00:00,12.100,10.900,Open-Meteo Historical Weather API,"Casalecchio di Reno, Bologna, Italy",44.4756,11.2759
2020-10-23T05:00:00+00:00,12.600,11.100,Open-Meteo Historical Weather API,"Casalecchio di Reno, Bologna, Italy",44.4756,11.2759
2020-10-23T06:00:00+00:00,13.000,11.400,Open-Meteo Historical Weather API,"Casalecchio di Reno, Bologna, Italy",44.4756,11.2759
2020-10-23T07:00:00+00:00,14.400,12.200,Open-Meteo Historical Weather API,"Casalecchio di Reno, Bologna, Italy",44.4756,11.2759
2020-10-23T08:00:00+00:00,15.900,13.100,Open-Meteo Historical Weather API,"Casalecchio di Reno, Bologna, Italy",44.4756,11.2759
2020-10-23T09:00:00+00:00,17.300,13.900,Open-Meteo Historical Weather API,"Casalecchio di Reno, Bologna, Italy",44.4756,11.2759
2020-10-23T10:00:00+00:00,17.600,14.600,Open-Meteo Historical Weather API,"Casalecchio di Reno, Bologna, Italy",44.4756,11.2759
2020-10-23T11:00:00+00:00,18.500,14.800,Open-Meteo Historical Weather API,"Casalecchio di Reno, Bologna, Italy",44.4756,11.2759
2020-10-23T12:00:00+00:00,17.000,14.800,Open-Meteo Historical Weather API,"Casalecchio di Reno, Bologna, Italy",44.4756,11.2759
2020-10-23T13:00:00+00:00,17.000,14.800,Open-Meteo Historical Weather API,"Casalecchio di Reno, Bologna, Italy",44.4756,11.2759
2020-10-23T14:00:00+00:00,17.200,14.800,Open-Meteo Historical Weather API,"Casalecchio di Reno, Bologna, Italy",44.4756,11.2759
2020-10-23T15:00:00+00:00,17.500,14.800,Open-Meteo Historical Weather API,"Casalecchio di Reno, Bologna, Italy",44.4756,11.2759
2020-10-23T16:00:00+00:00,17.700,14.300,Open-Meteo Historical Weather API,"Casalecchio di Reno, Bologna, Italy",44.4756,11.2759
2020-10-23T17:00:00+00:00,17.300,14.200,Open-Meteo Historical Weather API,"Casalecchio di Reno, Bologna, Italy",44.4756,11.2759
2020-10-23T18:00:00+00:00,16.600,14.200,Open-Meteo Historical Weather API,"Casalecchio di Reno, Bologna, Italy",44.4756,11.2759
2020-10-23T19:00:00+00:00,15.400,14.100,Open-Meteo Historical Weather API,"Casalecchio di Reno, Bologna, Italy",44.4756,11.2759
2020-10-23T20:00:00+00:00,15.400,14.300,Open-Meteo Historical Weather API,"Casalecchio di Reno, Bologna, Italy",44.4756,11.2759
2020-10-23T21:00:00+00:00,14.500,13.800,Open-Meteo Historical Weather API,"Casalecchio di Reno, Bologna, Italy",44.4756,11.2759
2020-10-23T22:00:00+00:00,15.000,13.900,Open-Meteo Historical Weather API,"Casalecchio di Reno, Bologna, Italy",44.4756,11.2759
2020-10-23T23:00:00+00:00,14.500,13.400,Open-Meteo Historical Weather API,"Casalecchio di Reno, Bologna, Italy",44.4756,11.2759
2020-10-24T00:00:00+00:00,13.600,13.100,Open-Meteo Historical Weather API,"Casalecchio di Reno, Bologna, Italy",44.4756,11.2759
2020-10-24T01:00:00+00:00,13.200,12.900,Open-Meteo Historical Weather API,"Casalecchio di Reno, Bologna, Italy",44.4756,11.2759
2020-10-24T02:00:00+00:00,12.400,12.200,Open-Meteo Historical Weather API,"Casalecchio di Reno, Bologna, Italy",44.4756,11.2759
2020-10-24T03:00:00+00:00,12.200,12.200,Open-Meteo Historical Weather API,"Casalecchio di Reno, Bologna, Italy",44.4756,11.2759
2020-10-24T04:00:00+00:00,12.400,12.400,Open-Meteo Historical Weather API,"Casalecchio di Reno, Bologna, Italy",44.4756,11.2759
2020-10-24T05:00:00+00:00,12.400,12.200,Open-Meteo Historical Weather API,"Casalecchio di Reno, Bologna, Italy",44.4756,11.2759
2020-10-24T06:00:00+00:00,12.200,11.900,Open-Meteo Historical Weather API,"Casalecchio di Reno, Bologna, Italy",44.4756,11.2759
2020-10-24T07:00:00+00:00,13.700,12.900,Open-Meteo Historical Weather API,"Casalecchio di Reno, Bologna, Italy",44.4756,11.2759
2020-10-24T08:00:00+00:00,14.700,13.400,Open-Meteo Historical Weather API,"Casalecchio di Reno, Bologna, Italy",44.4756,11.2759
2020-10-24T09:00:00+00:00,16.500,14.000,Open-Meteo Historical Weather API,"Casalecchio di Reno, Bologna, Italy",44.4756,11.2759
2020-10-24T10:00:00+00:00,17.800,14.600,Open-Meteo Historical Weather API,"Casalecchio di Reno, Bologna, Italy",44.4756,11.2759
2020-10-24T11:00:00+00:00,18.000,14.200,Open-Meteo Historical Weather API,"Casalecchio di Reno, Bologna, Italy",44.4756,11.2759
2020-10-24T12:00:00+00:00,15.100,13.200,Open-Meteo Historical Weather API,"Casalecchio di Reno, Bologna, Italy",44.4756,11.2759
2020-10-24T13:00:00+00:00,14.900,13.200,Open-Meteo Historical Weather API,"Casalecchio di Reno, Bologna, Italy",44.4756,11.2759
2020-10-24T14:00:00+00:00,14.100,13.200,Open-Meteo Historical Weather API,"Casalecchio di Reno, Bologna, Italy",44.4756,11.2759
2020-10-24T15:00:00+00:00,14.200,12.900,Open-Meteo Historical Weather API,"Casalecchio di Reno, Bologna, Italy",44.4756,11.2759
2020-10-24T16:00:00+00:00,13.600,13.100,Open-Meteo Historical Weather API,"Casalecchio di Reno, Bologna, Italy",44.4756,11.2759
2020-10-24T17:00:00+00:00,12.900,12.600,Open-Meteo Historical Weather API,"Casalecchio di Reno, Bologna, Italy",44.4756,11.2759
2020-10-24T18:00:00+00:00,12.600,12.100,Open-Meteo Historical Weather API,"Casalecchio di Reno, Bologna, Italy",44.4756,11.2759
2020-10-24T19:00:00+00:00,12.000,11.600,Open-Meteo Historical Weather API,"Casalecchio di Reno, Bologna, Italy",44.4756,11.2759
2020-10-24T20:00:00+00:00,11.600,11.200,Open-Meteo Historical Weather API,"Casalecchio di Reno, Bologna, Italy",44.4756,11.2759
2020-10-24T21:00:00+00:00,12.200,11.400,Open-Meteo Historical Weather API,"Casalecchio di Reno, Bologna, Italy",44.4756,11.2759
2020-10-24T22:00:00+00:00,12.400,11.400,Open-Meteo Historical Weather API,"Casalecchio di Reno, Bologna, Italy",44.4756,11.2759
2020-10-24T23:00:00+00:00,12.300,11.400,Open-Meteo Historical Weather API,"Casalecchio di Reno, Bologna, Italy",44.4756,11.2759
2020-10-25T00:00:00+00:00,13.400,12.100,Open-Meteo Historical Weather API,"Casalecchio di Reno, Bologna, Italy",44.4756,11.2759
2020-10-25T01:00:00+00:00,13.300,12.100,Open-Meteo Historical Weather API,"Casalecchio di Reno, Bologna, Italy",44.4756,11.2759
2020-10-25T02:00:00+00:00,13.400,12.100,Open-Meteo Historical Weather API,"Casalecchio di Reno, Bologna, Italy",44.4756,11.2759
2020-10-25T03:00:00+00:00,13.400,12.100,Open-Meteo Historical Weather API,"Casalecchio di Reno, Bologna, Italy",44.4756,11.2759
2020-10-25T04:00:00+00:00,13.500,12.100,Open-Meteo Historical Weather API,"Casalecchio di Reno, Bologna, Italy",44.4756,11.2759
2020-10-25T05:00:00+00:00,13.200,11.800,Open-Meteo Historical Weather API,"Casalecchio di Reno, Bologna, Italy",44.4756,11.2759
2020-10-25T06:00:00+00:00,12.800,11.400,Open-Meteo Historical Weather API,"Casalecchio di Reno, Bologna, Italy",44.4756,11.2759
2020-10-25T07:00:00+00:00,13.500,11.900,Open-Meteo Historical Weather API,"Casalecchio di Reno, Bologna, Italy",44.4756,11.2759
2020-10-25T08:00:00+00:00,15.300,12.100,Open-Meteo Historical Weather API,"Casalecchio di Reno, Bologna, Italy",44.4756,11.2759
2020-10-25T09:00:00+00:00,16.700,12.400,Open-Meteo Historical Weather API,"Casalecchio di Reno, Bologna, Italy",44.4756,11.2759
2020-10-25T10:00:00+00:00,18.100,12.700,Open-Meteo Historical Weather API,"Casalecchio di Reno, Bologna, Italy",44.4756,11.2759
2020-10-25T11:00:00+00:00,19.200,12.900,Open-Meteo Historical Weather API,"Casalecchio di Reno, Bologna, Italy",44.4756,11.2759
2020-10-25T12:00:00+00:00,18.800,12.100,Open-Meteo Historical Weather API,"Casalecchio di Reno, Bologna, Italy",44.4756,11.2759
2020-10-25T13:00:00+00:00,19.000,12.400,Open-Meteo Historical Weather API,"Casalecchio di Reno, Bologna, Italy",44.4756,11.2759
2020-10-25T14:00:00+00:00,19.000,12.400,Open-Meteo Historical Weather API,"Casalecchio di Reno, Bologna, Italy",44.4756,11.2759
2020-10-25T15:00:00+00:00,18.400,12.600,Open-Meteo Historical Weather API,"Casalecchio di Reno, Bologna, Italy",44.4756,11.2759
2020-10-25T16:00:00+00:00,17.500,12.600,Open-Meteo Historical Weather API,"Casalecchio di Reno, Bologna, Italy",44.4756,11.2759
2020-10-25T17:00:00+00:00,15.100,11.400,Open-Meteo Historical Weather API,"Casalecchio di Reno, Bologna, Italy",44.4756,11.2759
2020-10-25T18:00:00+00:00,14.700,9.400,Open-Meteo Historical Weather API,"Casalecchio di Reno, Bologna, Italy",44.4756,11.2759
2020-10-25T19:00:00+00:00,14.200,10.100,Open-Meteo Historical Weather API,"Casalecchio di Reno, Bologna, Italy",44.4756,11.2759
2020-10-25T20:00:00+00:00,13.900,10.400,Open-Meteo Historical Weather API,"Casalecchio di Reno, Bologna, Italy",44.4756,11.2759
2020-10-25T21:00:00+00:00,14.100,9.900,Open-Meteo Historical Weather API,"Casalecchio di Reno, Bologna, Italy",44.4756,11.2759
2020-10-25T22:00:00+00:00,14.300,9.600,Open-Meteo Historical Weather API,"Casalecchio di Reno, Bologna, Italy",44.4756,11.2759
2020-10-25T23:00:00+00:00,14.600,9.700,Open-Meteo Historical Weather API,"Casalecchio di Reno, Bologna, Italy",44.4756,11.2759
2020-10-26T00:00:00+00:00,14.800,9.700,Open-Meteo Historical Weather API,"Casalecchio di Reno, Bologna, Italy",44.4756,11.2759
2020-10-26T01:00:00+00:00,14.800,10.600,Open-Meteo Historical Weather API,"Casalecchio di Reno, Bologna, Italy",44.4756,11.2759
2020-10-26T02:00:00+00:00,14.900,11.400,Open-Meteo Historical Weather API,"Casalecchio di Reno, Bologna, Italy",44.4756,11.2759
2020-10-26T03:00:00+00:00,15.900,11.400,Open-Meteo Historical Weather API,"Casalecchio di Reno, Bologna, Italy",44.4756,11.2759
2020-10-26T04:00:00+00:00,15.200,11.400,Open-Meteo Historical Weather API,"Casalecchio di Reno, Bologna, Italy",44.4756,11.2759
2020-10-26T05:00:00+00:00,15.400,11.400,Open-Meteo Historical Weather API,"Casalecchio di Reno, Bologna, Italy",44.4756,11.2759
2020-10-26T06:00:00+00:00,15.800,11.400,Open-Meteo Historical Weather API,"Casalecchio di Reno, Bologna, Italy",44.4756,11.2759
2020-10-26T07:00:00+00:00,16.600,11.700,Open-Meteo Historical Weather API,"Casalecchio di Reno, Bologna, Italy",44.4756,11.2759
2020-10-26T08:00:00+00:00,17.300,11.900,Open-Meteo Historical Weather API,"Casalecchio di Reno, Bologna, Italy",44.4756,11.2759
2020-10-26T09:00:00+00:00,18.600,11.500,Open-Meteo Historical Weather API,"Casalecchio di Reno, Bologna, Italy",44.4756,11.2759
2020-10-26T10:00:00+00:00,19.400,11.900,Open-Meteo Historical Weather API,"Casalecchio di Reno, Bologna, Italy",44.4756,11.2759
2020-10-26T11:00:00+00:00,19.800,12.100,Open-Meteo Historical Weather API,"Casalecchio di Reno, Bologna, Italy",44.4756,11.2759
2020-10-26T12:00:00+00:00,18.600,13.400,Open-Meteo Historical Weather API,"Casalecchio di Reno, Bologna, Italy",44.4756,11.2759
2020-10-26T13:00:00+00:00,20.000,10.800,Open-Meteo Historical Weather API,"Casalecchio di Reno, Bologna, Italy",44.4756,11.2759
2020-10-26T14:00:00+00:00,20.000,9.200,Open-Meteo Historical Weather API,"Casalecchio di Reno, Bologna, Italy",44.4756,11.2759
2020-10-26T15:00:00+00:00,19.000,9.100,Open-Meteo Historical Weather API,"Casalecchio di Reno, Bologna, Italy",44.4756,11.2759
2020-10-26T16:00:00+00:00,17.600,8.400,Open-Meteo Historical Weather API,"Casalecchio di Reno, Bologna, Italy",44.4756,11.2759
2020-10-26T17:00:00+00:00,17.500,8.100,Open-Meteo Historical Weather API,"Casalecchio di Reno, Bologna, Italy",44.4756,11.2759
2020-10-26T18:00:00+00:00,16.400,8.400,Open-Meteo Historical Weather API,"Casalecchio di Reno, Bologna, Italy",44.4756,11.2759
2020-10-26T19:00:00+00:00,15.600,9.100,Open-Meteo Historical Weather API,"Casalecchio di Reno, Bologna, Italy",44.4756,11.2759
2020-10-26T20:00:00+00:00,14.600,10.900,Open-Meteo Historical Weather API,"Casalecchio di Reno, Bologna, Italy",44.4756,11.2759
2020-10-26T21:00:00+00:00,13.900,11.400,Open-Meteo Historical Weather API,"Casalecchio di Reno, Bologna, Italy",44.4756,11.2759
2020-10-26T22:00:00+00:00,13.800,11.800,Open-Meteo Historical Weather API,"Casalecchio di Reno, Bologna, Italy",44.4756,11.2759
2020-10-26T23:00:00+00:00,13.900,12.100,Open-Meteo Historical Weather API,"Casalecchio di Reno, Bologna, Italy",44.4756,11.2759
2020-10-27T00:00:00+00:00,14.200,12.900,Open-Meteo Historical Weather API,"Casalecchio di Reno, Bologna, Italy",44.4756,11.2759
2020-10-27T01:00:00+00:00,13.600,11.200,Open-Meteo Historical Weather API,"Casalecchio di Reno, Bologna, Italy",44.4756,11.2759
2020-10-27T02:00:00+00:00,14.100,10.400,Open-Meteo Historical Weather API,"Casalecchio di Reno, Bologna, Italy",44.4756,11.2759
2020-10-27T03:00:00+00:00,13.900,10.100,Open-Meteo Historical Weather API,"Casalecchio di Reno, Bologna, Italy",44.4756,11.2759
2020-10-27T04:00:00+00:00,13.600,9.200,Open-Meteo Historical Weather API,"Casalecchio di Reno, Bologna, Italy",44.4756,11.2759
2020-10-27T05:00:00+00:00,12.100,8.500,Open-Meteo Historical Weather API,"Casalecchio di Reno, Bologna, Italy",44.4756,11.2759
2020-10-27T06:00:00+00:00,11.800,8.100,Open-Meteo Historical Weather API,"Casalecchio di Reno, Bologna, Italy",44.4756,11.2759
2020-10-27T07:00:00+00:00,12.900,8.900,Open-Meteo Historical Weather API,"Casalecchio di Reno, Bologna, Italy",44.4756,11.2759
2020-10-27T08:00:00+00:00,14.400,9.100,Open-Meteo Historical Weather API,"Casalecchio di Reno, Bologna, Italy",44.4756,11.2759
2020-10-27T09:00:00+00:00,14.200,10.000,Open-Meteo Historical Weather API,"Casalecchio di Reno, Bologna, Italy",44.4756,11.2759
2020-10-27T10:00:00+00:00,14.100,9.600,Open-Meteo Historical Weather API,"Casalecchio di Reno, Bologna, Italy",44.4756,11.2759
2020-10-27T11:00:00+00:00,15.100,9.600,Open-Meteo Historical Weather API,"Casalecchio di Reno, Bologna, Italy",44.4756,11.2759
2020-10-27T12:00:00+00:00,15.100,6.800,Open-Meteo Historical Weather API,"Casalecchio di Reno, Bologna, Italy",44.4756,11.2759
2020-10-27T13:00:00+00:00,15.400,6.200,Open-Meteo Historical Weather API,"Casalecchio di Reno, Bologna, Italy",44.4756,11.2759
2020-10-27T14:00:00+00:00,15.800,6.500,Open-Meteo Historical Weather API,"Casalecchio di Reno, Bologna, Italy",44.4756,11.2759
2020-10-27T15:00:00+00:00,14.800,7.200,Open-Meteo Historical Weather API,"Casalecchio di Reno, Bologna, Italy",44.4756,11.2759
2020-10-27T16:00:00+00:00,11.900,8.400,Open-Meteo Historical Weather API,"Casalecchio di Reno, Bologna, Italy",44.4756,11.2759
2020-10-27T17:00:00+00:00,13.300,6.800,Open-Meteo Historical Weather API,"Casalecchio di Reno, Bologna, Italy",44.4756,11.2759
2020-10-27T18:00:00+00:00,11.000,7.100,Open-Meteo Historical Weather API,"Casalecchio di Reno, Bologna, Italy",44.4756,11.2759
2020-10-27T19:00:00+00:00,10.400,7.400,Open-Meteo Historical Weather API,"Casalecchio di Reno, Bologna, Italy",44.4756,11.2759
2020-10-27T20:00:00+00:00,9.500,7.600,Open-Meteo Historical Weather API,"Casalecchio di Reno, Bologna, Italy",44.4756,11.2759
2020-10-27T21:00:00+00:00,8.800,7.600,Open-Meteo Historical Weather API,"Casalecchio di Reno, Bologna, Italy",44.4756,11.2759
2020-10-27T22:00:00+00:00,8.800,7.100,Open-Meteo Historical Weather API,"Casalecchio di Reno, Bologna, Italy",44.4756,11.2759
2020-10-27T23:00:00+00:00,8.600,6.800,Open-Meteo Historical Weather API,"Casalecchio di Reno, Bologna, Italy",44.4756,11.2759
2020-10-28T00:00:00+00:00,8.900,7.500,Open-Meteo Historical Weather API,"Casalecchio di Reno, Bologna, Italy",44.4756,11.2759
2020-10-28T01:00:00+00:00,8.600,7.200,Open-Meteo Historical Weather API,"Casalecchio di Reno, Bologna, Italy",44.4756,11.2759
2020-10-28T02:00:00+00:00,8.200,6.900,Open-Meteo Historical Weather API,"Casalecchio di Reno, Bologna, Italy",44.4756,11.2759
2020-10-28T03:00:00+00:00,7.600,6.600,Open-Meteo Historical Weather API,"Casalecchio di Reno, Bologna, Italy",44.4756,11.2759
2020-10-28T04:00:00+00:00,7.400,6.100,Open-Meteo Historical Weather API,"Casalecchio di Reno, Bologna, Italy",44.4756,11.2759
2020-10-28T05:00:00+00:00,7.500,5.600,Open-Meteo Historical Weather API,"Casalecchio di Reno, Bologna, Italy",44.4756,11.2759
2020-10-28T06:00:00+00:00,7.700,5.400,Open-Meteo Historical Weather API,"Casalecchio di Reno, Bologna, Italy",44.4756,11.2759
2020-10-28T07:00:00+00:00,9.400,6.000,Open-Meteo Historical Weather API,"Casalecchio di Reno, Bologna, Italy",44.4756,11.2759
2020-10-28T08:00:00+00:00,12.900,7.300,Open-Meteo Historical Weather API,"Casalecchio di Reno, Bologna, Italy",44.4756,11.2759
2020-10-28T09:00:00+00:00,14.200,6.600,Open-Meteo Historical Weather API,"Casalecchio di Reno, Bologna, Italy",44.4756,11.2759
2020-10-28T10:00:00+00:00,14.900,7.200,Open-Meteo Historical Weather API,"Casalecchio di Reno, Bologna, Italy",44.4756,11.2759
2020-10-28T11:00:00+00:00,15.900,7.600,Open-Meteo Historical Weather API,"Casalecchio di Reno, Bologna, Italy",44.4756,11.2759
2020-10-28T12:00:00+00:00,16.200,8.100,Open-Meteo Historical Weather API,"Casalecchio di Reno, Bologna, Italy",44.4756,11.2759
2020-10-28T13:00:00+00:00,16.500,8.000,Open-Meteo Historical Weather API,"Casalecchio di Reno, Bologna, Italy",44.4756,11.2759
2020-10-28T14:00:00+00:00,16.500,7.800,Open-Meteo Historical Weather API,"Casalecchio di Reno, Bologna, Italy",44.4756,11.2759
2020-10-28T15:00:00+00:00,15.600,9.300,Open-Meteo Historical Weather API,"Casalecchio di Reno, Bologna, Italy",44.4756,11.2759
2020-10-28T16:00:00+00:00,14.600,7.900,Open-Meteo Historical Weather API,"Casalecchio di Reno, Bologna, Italy",44.4756,11.2759
2020-10-28T17:00:00+00:00,11.900,7.800,Open-Meteo Historical Weather API,"Casalecchio di Reno, Bologna, Italy",44.4756,11.2759
2020-10-28T18:00:00+00:00,10.800,7.900,Open-Meteo Historical Weather API,"Casalecchio di Reno, Bologna, Italy",44.4756,11.2759
2020-10-28T19:00:00+00:00,10.600,7.700,Open-Meteo Historical Weather API,"Casalecchio di Reno, Bologna, Italy",44.4756,11.2759
2020-10-28T20:00:00+00:00,10.600,8.400,Open-Meteo Historical Weather API,"Casalecchio di Reno, Bologna, Italy",44.4756,11.2759
2020-10-28T21:00:00+00:00,10.600,9.100,Open-Meteo Historical Weather API,"Casalecchio di Reno, Bologna, Italy",44.4756,11.2759
2020-10-28T22:00:00+00:00,10.600,9.300,Open-Meteo Historical Weather API,"Casalecchio di Reno, Bologna, Italy",44.4756,11.2759
2020-10-28T23:00:00+00:00,10.600,9.300,Open-Meteo Historical Weather API,"Casalecchio di Reno, Bologna, Italy",44.4756,11.2759
2020-10-29T00:00:00+00:00,10.700,9.100,Open-Meteo Historical Weather API,"Casalecchio di Reno, Bologna, Italy",44.4756,11.2759
2020-10-29T01:00:00+00:00,10.900,9.100,Open-Meteo Historical Weather API,"Casalecchio di Reno, Bologna, Italy",44.4756,11.2759
2020-10-29T02:00:00+00:00,10.900,9.000,Open-Meteo Historical Weather API,"Casalecchio di Reno, Bologna, Italy",44.4756,11.2759
2020-10-29T03:00:00+00:00,10.400,8.600,Open-Meteo Historical Weather API,"Casalecchio di Reno, Bologna, Italy",44.4756,11.2759
2020-10-29T04:00:00+00:00,9.900,8.100,Open-Meteo Historical Weather API,"Casalecchio di Reno, Bologna, Italy",44.4756,11.2759
2020-10-29T05:00:00+00:00,9.800,7.800,Open-Meteo Historical Weather API,"Casalecchio di Reno, Bologna, Italy",44.4756,11.2759
2020-10-29T06:00:00+00:00,9.600,7.600,Open-Meteo Historical Weather API,"Casalecchio di Reno, Bologna, Italy",44.4756,11.2759
2020-10-29T07:00:00+00:00,11.100,8.600,Open-Meteo Historical Weather API,"Casalecchio di Reno, Bologna, Italy",44.4756,11.2759
2020-10-29T08:00:00+00:00,13.000,9.300,Open-Meteo Historical Weather API,"Casalecchio di Reno, Bologna, Italy",44.4756,11.2759
2020-10-29T09:00:00+00:00,13.700,8.500,Open-Meteo Historical Weather API,"Casalecchio di Reno, Bologna, Italy",44.4756,11.2759
2020-10-29T10:00:00+00:00,15.100,8.200,Open-Meteo Historical Weather API,"Casalecchio di Reno, Bologna, Italy",44.4756,11.2759
2020-10-29T11:00:00+00:00,15.800,8.400,Open-Meteo Historical Weather API,"Casalecchio di Reno, Bologna, Italy",44.4756,11.2759
2020-10-29T12:00:00+00:00,16.500,9.000,Open-Meteo Historical Weather API,"Casalecchio di Reno, Bologna, Italy",44.4756,11.2759
2020-10-29T13:00:00+00:00,17.200,9.400,Open-Meteo Historical Weather API,"Casalecchio di Reno, Bologna, Italy",44.4756,11.2759
2020-10-29T14:00:00+00:00,16.500,8.900,Open-Meteo Historical Weather API,"Casalecchio di Reno, Bologna, Italy",44.4756,11.2759
2020-10-29T15:00:00+00:00,15.900,9.600,Open-Meteo Historical Weather API,"Casalecchio di Reno, Bologna, Italy",44.4756,11.2759
2020-10-29T16:00:00+00:00,13.400,9.400,Open-Meteo Historical Weather API,"Casalecchio di Reno, Bologna, Italy",44.4756,11.2759
2020-10-29T17:00:00+00:00,12.300,9.100,Open-Meteo Historical Weather API,"Casalecchio di Reno, Bologna, Italy",44.4756,11.2759
2020-10-29T18:00:00+00:00,11.200,9.000,Open-Meteo Historical Weather API,"Casalecchio di Reno, Bologna, Italy",44.4756,11.2759
2020-10-29T19:00:00+00:00,10.600,9.100,Open-Meteo Historical Weather API,"Casalecchio di Reno, Bologna, Italy",44.4756,11.2759
2020-10-29T20:00:00+00:00,9.600,8.900,Open-Meteo Historical Weather API,"Casalecchio di Reno, Bologna, Italy",44.4756,11.2759
2020-10-29T21:00:00+00:00,9.600,8.800,Open-Meteo Historical Weather API,"Casalecchio di Reno, Bologna, Italy",44.4756,11.2759
2020-10-29T22:00:00+00:00,10.400,9.500,Open-Meteo Historical Weather API,"Casalecchio di Reno, Bologna, Italy",44.4756,11.2759
2020-10-29T23:00:00+00:00,10.800,10.000,Open-Meteo Historical Weather API,"Casalecchio di Reno, Bologna, Italy",44.4756,11.2759
2020-10-30T00:00:00+00:00,9.900,9.100,Open-Meteo Historical Weather API,"Casalecchio di Reno, Bologna, Italy",44.4756,11.2759
2020-10-30T01:00:00+00:00,10.200,9.200,Open-Meteo Historical Weather API,"Casalecchio di Reno, Bologna, Italy",44.4756,11.2759
2020-10-30T02:00:00+00:00,10.500,9.400,Open-Meteo Historical Weather API,"Casalecchio di Reno, Bologna, Italy",44.4756,11.2759
2020-10-30T03:00:00+00:00,10.600,9.500,Open-Meteo Historical Weather API,"Casalecchio di Reno, Bologna, Italy",44.4756,11.2759
2020-10-30T04:00:00+00:00,10.600,8.900,Open-Meteo Historical Weather API,"Casalecchio di Reno, Bologna, Italy",44.4756,11.2759
2020-10-30T05:00:00+00:00,9.200,7.700,Open-Meteo Historical Weather API,"Casalecchio di Reno, Bologna, Italy",44.4756,11.2759
2020-10-30T06:00:00+00:00,8.900,7.400,Open-Meteo Historical Weather API,"Casalecchio di Reno, Bologna, Italy",44.4756,11.2759
2020-10-30T07:00:00+00:00,10.400,8.400,Open-Meteo Historical Weather API,"Casalecchio di Reno, Bologna, Italy",44.4756,11.2759
2020-10-30T08:00:00+00:00,13.800,9.600,Open-Meteo Historical Weather API,"Casalecchio di Reno, Bologna, Italy",44.4756,11.2759
2020-10-30T09:00:00+00:00,15.000,9.800,Open-Meteo Historical Weather API,"Casalecchio di Reno, Bologna, Italy",44.4756,11.2759
2020-10-30T10:00:00+00:00,16.200,10.300,Open-Meteo Historical Weather API,"Casalecchio di Reno, Bologna, Italy",44.4756,11.2759
2020-10-30T11:00:00+00:00,17.300,10.200,Open-Meteo Historical Weather API,"Casalecchio di Reno, Bologna, Italy",44.4756,11.2759
2020-10-30T12:00:00+00:00,17.000,10.400,Open-Meteo Historical Weather API,"Casalecchio di Reno, Bologna, Italy",44.4756,11.2759
2020-10-30T13:00:00+00:00,17.200,10.400,Open-Meteo Historical Weather API,"Casalecchio di Reno, Bologna, Italy",44.4756,11.2759
2020-10-30T14:00:00+00:00,17.000,10.200,Open-Meteo Historical Weather API,"Casalecchio di Reno, Bologna, Italy",44.4756,11.2759
2020-10-30T15:00:00+00:00,16.400,10.100,Open-Meteo Historical Weather API,"Casalecchio di Reno, Bologna, Italy",44.4756,11.2759
2020-10-30T16:00:00+00:00,14.800,10.100,Open-Meteo Historical Weather API,"Casalecchio di Reno, Bologna, Italy",44.4756,11.2759
2020-10-30T17:00:00+00:00,12.400,9.700,Open-Meteo Historical Weather API,"Casalecchio di Reno, Bologna, Italy",44.4756,11.2759
2020-10-30T18:00:00+00:00,11.900,9.200,Open-Meteo Historical Weather API,"Casalecchio di Reno, Bologna, Italy",44.4756,11.2759
2020-10-30T19:00:00+00:00,11.300,9.000,Open-Meteo Historical Weather API,"Casalecchio di Reno, Bologna, Italy",44.4756,11.2759
2020-10-30T20:00:00+00:00,11.100,9.600,Open-Meteo Historical Weather API,"Casalecchio di Reno, Bologna, Italy",44.4756,11.2759
2020-10-30T21:00:00+00:00,10.300,9.400,Open-Meteo Historical Weather API,"Casalecchio di Reno, Bologna, Italy",44.4756,11.2759
2020-10-30T22:00:00+00:00,10.400,9.600,Open-Meteo Historical Weather API,"Casalecchio di Reno, Bologna, Italy",44.4756,11.2759
2020-10-30T23:00:00+00:00,10.700,9.900,Open-Meteo Historical Weather API,"Casalecchio di Reno, Bologna, Italy",44.4756,11.2759
2020-10-31T00:00:00+00:00,10.600,10.100,Open-Meteo Historical Weather API,"Casalecchio di Reno, Bologna, Italy",44.4756,11.2759
2020-10-31T01:00:00+00:00,10.600,10.100,Open-Meteo Historical Weather API,"Casalecchio di Reno, Bologna, Italy",44.4756,11.2759
2020-10-31T02:00:00+00:00,10.600,10.100,Open-Meteo Historical Weather API,"Casalecchio di Reno, Bologna, Italy",44.4756,11.2759
2020-10-31T03:00:00+00:00,10.800,10.200,Open-Meteo Historical Weather API,"Casalecchio di Reno, Bologna, Italy",44.4756,11.2759
2020-10-31T04:00:00+00:00,10.800,10.100,Open-Meteo Historical Weather API,"Casalecchio di Reno, Bologna, Italy",44.4756,11.2759
2020-10-31T05:00:00+00:00,10.500,9.900,Open-Meteo Historical Weather API,"Casalecchio di Reno, Bologna, Italy",44.4756,11.2759
2020-10-31T06:00:00+00:00,10.100,9.500,Open-Meteo Historical Weather API,"Casalecchio di Reno, Bologna, Italy",44.4756,11.2759
2020-10-31T07:00:00+00:00,11.400,10.000,Open-Meteo Historical Weather API,"Casalecchio di Reno, Bologna, Italy",44.4756,11.2759
2020-10-31T08:00:00+00:00,13.400,10.800,Open-Meteo Historical Weather API,"Casalecchio di Reno, Bologna, Italy",44.4756,11.2759
2020-10-31T09:00:00+00:00,14.600,11.400,Open-Meteo Historical Weather API,"Casalecchio di Reno, Bologna, Italy",44.4756,11.2759
2020-10-31T10:00:00+00:00,16.000,11.900,Open-Meteo Historical Weather API,"Casalecchio di Reno, Bologna, Italy",44.4756,11.2759
2020-10-31T11:00:00+00:00,16.900,12.300,Open-Meteo Historical Weather API,"Casalecchio di Reno, Bologna, Italy",44.4756,11.2759
2020-10-31T12:00:00+00:00,17.400,12.500,Open-Meteo Historical Weather API,"Casalecchio di Reno, Bologna, Italy",44.4756,11.2759
2020-10-31T13:00:00+00:00,17.300,12.400,Open-Meteo Historical Weather API,"Casalecchio di Reno, Bologna, Italy",44.4756,11.2759
2020-10-31T14:00:00+00:00,17.000,12.400,Open-Meteo Historical Weather API,"Casalecchio di Reno, Bologna, Italy",44.4756,11.2759
2020-10-31T15:00:00+00:00,16.300,12.400,Open-Meteo Historical Weather API,"Casalecchio di Reno, Bologna, Italy",44.4756,11.2759
2020-10-31T16:00:00+00:00,15.500,12.100,Open-Meteo Historical Weather API,"Casalecchio di Reno, Bologna, Italy",44.4756,11.2759
2020-10-31T17:00:00+00:00,15.100,12.100,Open-Meteo Historical Weather API,"Casalecchio di Reno, Bologna, Italy",44.4756,11.2759
2020-10-31T18:00:00+00:00,13.100,11.300,Open-Meteo Historical Weather API,"Casalecchio di Reno, Bologna, Italy",44.4756,11.2759
2020-10-31T19:00:00+00:00,11.300,10.400,Open-Meteo Historical Weather API,"Casalecchio di Reno, Bologna, Italy",44.4756,11.2759
2020-10-31T20:00:00+00:00,11.700,10.600,Open-Meteo Historical Weather API,"Casalecchio di Reno, Bologna, Italy",44.4756,11.2759
2020-10-31T21:00:00+00:00,11.600,10.600,Open-Meteo Historical Weather API,"Casalecchio di Reno, Bologna, Italy",44.4756,11.2759
2020-10-31T22:00:00+00:00,11.400,10.100,Open-Meteo Historical Weather API,"Casalecchio di Reno, Bologna, Italy",44.4756,11.2759
2020-10-31T23:00:00+00:00,11.300,10.100,Open-Meteo Historical Weather API,"Casalecchio di Reno, Bologna, Italy",44.4756,11.2759
2020-11-01T00:00:00+00:00,10.900,9.800,Open-Meteo Historical Weather API,"Casalecchio di Reno, Bologna, Italy",44.4756,11.2759
2020-11-01T01:00:00+00:00,10.600,9.800,Open-Meteo Historical Weather API,"Casalecchio di Reno, Bologna, Italy",44.4756,11.2759
2020-11-01T02:00:00+00:00,11.800,10.400,Open-Meteo Historical Weather API,"Casalecchio di Reno, Bologna, Italy",44.4756,11.2759
2020-11-01T03:00:00+00:00,12.500,10.500,Open-Meteo Historical Weather API,"Casalecchio di Reno, Bologna, Italy",44.4756,11.2759
2020-11-01T04:00:00+00:00,12.900,10.400,Open-Meteo Historical Weather API,"Casalecchio di Reno, Bologna, Italy",44.4756,11.2759
2020-11-01T05:00:00+00:00,11.600,10.200,Open-Meteo Historical Weather API,"Casalecchio di Reno, Bologna, Italy",44.4756,11.2759
2020-11-01T06:00:00+00:00,11.600,10.100,Open-Meteo Historical Weather API,"Casalecchio di Reno, Bologna, Italy",44.4756,11.2759
2020-11-01T07:00:00+00:00,13.400,10.400,Open-Meteo Historical Weather API,"Casalecchio di Reno, Bologna, Italy",44.4756,11.2759
2020-11-01T08:00:00+00:00,15.300,10.900,Open-Meteo Historical Weather API,"Casalecchio di Reno, Bologna, Italy",44.4756,11.2759
2020-11-01T09:00:00+00:00,16.200,11.600,Open-Meteo Historical Weather API,"Casalecchio di Reno, Bologna, Italy",44.4756,11.2759
2020-11-01T10:00:00+00:00,16.900,12.200,Open-Meteo Historical Weather API,"Casalecchio di Reno, Bologna, Italy",44.4756,11.2759
2020-11-01T11:00:00+00:00,17.100,12.900,Open-Meteo Historical Weather API,"Casalecchio di Reno, Bologna, Italy",44.4756,11.2759
2020-11-01T12:00:00+00:00,15.900,12.400,Open-Meteo Historical Weather API,"Casalecchio di Reno, Bologna, Italy",44.4756,11.2759
2020-11-01T13:00:00+00:00,15.600,12.400,Open-Meteo Historical Weather API,"Casalecchio di Reno, Bologna, Italy",44.4756,11.2759
2020-11-01T14:00:00+00:00,16.100,12.100,Open-Meteo Historical Weather API,"Casalecchio di Reno, Bologna, Italy",44.4756,11.2759
2020-11-01T15:00:00+00:00,15.400,12.300,Open-Meteo Historical Weather API,"Casalecchio di Reno, Bologna, Italy",44.4756,11.2759
2020-11-01T16:00:00+00:00,14.400,11.900,Open-Meteo Historical Weather API,"Casalecchio di Reno, Bologna, Italy",44.4756,11.2759
2020-11-01T17:00:00+00:00,13.500,11.600,Open-Meteo Historical Weather API,"Casalecchio di Reno, Bologna, Italy",44.4756,11.2759
2020-11-01T18:00:00+00:00,11.600,10.700,Open-Meteo Historical Weather API,"Casalecchio di Reno, Bologna, Italy",44.4756,11.2759
2020-11-01T19:00:00+00:00,10.800,9.900,Open-Meteo Historical Weather API,"Casalecchio di Reno, Bologna, Italy",44.4756,11.2759
2020-11-01T20:00:00+00:00,10.600,9.700,Open-Meteo Historical Weather API,"Casalecchio di Reno, Bologna, Italy",44.4756,11.2759
2020-11-01T21:00:00+00:00,10.900,9.900,Open-Meteo Historical Weather API,"Casalecchio di Reno, Bologna, Italy",44.4756,11.2759
2020-11-01T22:00:00+00:00,11.100,10.000,Open-Meteo Historical Weather API,"Casalecchio di Reno, Bologna, Italy",44.4756,11.2759
2020-11-01T23:00:00+00:00,10.800,9.800,Open-Meteo Historical Weather API,"Casalecchio di Reno, Bologna, Italy",44.4756,11.2759
2020-11-02T00:00:00+00:00,12.100,10.800,Open-Meteo Historical Weather API,"Casalecchio di Reno, Bologna, Italy",44.4756,11.2759
2020-11-02T01:00:00+00:00,11.600,10.400,Open-Meteo Historical Weather API,"Casalecchio di Reno, Bologna, Italy",44.4756,11.2759
2020-11-02T02:00:00+00:00,11.400,10.300,Open-Meteo Historical Weather API,"Casalecchio di Reno, Bologna, Italy",44.4756,11.2759
2020-11-02T03:00:00+00:00,11.600,10.400,Open-Meteo Historical Weather API,"Casalecchio di Reno, Bologna, Italy",44.4756,11.2759
2020-11-02T04:00:00+00:00,11.400,10.200,Open-Meteo Historical Weather API,"Casalecchio di Reno, Bologna, Italy",44.4756,11.2759
2020-11-02T05:00:00+00:00,11.200,9.900,Open-Meteo Historical Weather API,"Casalecchio di Reno, Bologna, Italy",44.4756,11.2759
2020-11-02T06:00:00+00:00,10.700,9.600,Open-Meteo Historical Weather API,"Casalecchio di Reno, Bologna, Italy",44.4756,11.2759
2020-11-02T07:00:00+00:00,12.300,10.600,Open-Meteo Historical Weather API,"Casalecchio di Reno, Bologna, Italy",44.4756,11.2759
2020-11-02T08:00:00+00:00,14.900,11.900,Open-Meteo Historical Weather API,"Casalecchio di Reno, Bologna, Italy",44.4756,11.2759
2020-11-02T09:00:00+00:00,16.200,11.600,Open-Meteo Historical Weather API,"Casalecchio di Reno, Bologna, Italy",44.4756,11.2759
2020-11-02T10:00:00+00:00,17.100,12.000,Open-Meteo Historical Weather API,"Casalecchio di Reno, Bologna, Italy",44.4756,11.2759
2020-11-02T11:00:00+00:00,18.000,12.300,Open-Meteo Historical Weather API,"Casalecchio di Reno, Bologna, Italy",44.4756,11.2759
2020-11-02T12:00:00+00:00,16.500,11.600,Open-Meteo Historical Weather API,"Casalecchio di Reno, Bologna, Italy",44.4756,11.2759
2020-11-02T13:00:00+00:00,16.800,11.600,Open-Meteo Historical Weather API,"Casalecchio di Reno, Bologna, Italy",44.4756,11.2759
2020-11-02T14:00:00+00:00,16.800,11.600,Open-Meteo Historical Weather API,"Casalecchio di Reno, Bologna, Italy",44.4756,11.2759
2020-11-02T15:00:00+00:00,16.300,11.800,Open-Meteo Historical Weather API,"Casalecchio di Reno, Bologna, Italy",44.4756,11.2759
2020-11-02T16:00:00+00:00,14.600,11.700,Open-Meteo Historical Weather API,"Casalecchio di Reno, Bologna, Italy",44.4756,11.2759
2020-11-02T17:00:00+00:00,12.800,11.400,Open-Meteo Historical Weather API,"Casalecchio di Reno, Bologna, Italy",44.4756,11.2759
2020-11-02T18:00:00+00:00,13.100,11.400,Open-Meteo Historical Weather API,"Casalecchio di Reno, Bologna, Italy",44.4756,11.2759
2020-11-02T19:00:00+00:00,12.900,11.600,Open-Meteo Historical Weather API,"Casalecchio di Reno, Bologna, Italy",44.4756,11.2759
2020-11-02T20:00:00+00:00,12.200,11.300,Open-Meteo Historical Weather API,"Casalecchio di Reno, Bologna, Italy",44.4756,11.2759
2020-11-02T21:00:00+00:00,11.000,10.400,Open-Meteo Historical Weather API,"Casalecchio di Reno, Bologna, Italy",44.4756,11.2759
2020-11-02T22:00:00+00:00,11.100,10.300,Open-Meteo Historical Weather API,"Casalecchio di Reno, Bologna, Italy",44.4756,11.2759
2020-11-02T23:00:00+00:00,11.400,10.300,Open-Meteo Historical Weather API,"Casalecchio di Reno, Bologna, Italy",44.4756,11.2759
2020-11-03T00:00:00+00:00,11.200,10.400,Open-Meteo Historical Weather API,"Casalecchio di Reno, Bologna, Italy",44.4756,11.2759
2020-11-03T01:00:00+00:00,12.300,10.800,Open-Meteo Historical Weather API,"Casalecchio di Reno, Bologna, Italy",44.4756,11.2759
2020-11-03T02:00:00+00:00,12.800,10.800,Open-Meteo Historical Weather API,"Casalecchio di Reno, Bologna, Italy",44.4756,11.2759
2020-11-03T03:00:00+00:00,12.900,10.800,Open-Meteo Historical Weather API,"Casalecchio di Reno, Bologna, Italy",44.4756,11.2759
2020-11-03T04:00:00+00:00,12.800,10.900,Open-Meteo Historical Weather API,"Casalecchio di Reno, Bologna, Italy",44.4756,11.2759
2020-11-03T05:00:00+00:00,12.400,11.100,Open-Meteo Historical Weather API,"Casalecchio di Reno, Bologna, Italy",44.4756,11.2759
2020-11-03T06:00:00+00:00,13.400,11.200,Open-Meteo Historical Weather API,"Casalecchio di Reno, Bologna, Italy",44.4756,11.2759
2020-11-03T07:00:00+00:00,13.800,11.600,Open-Meteo Historical Weather API,"Casalecchio di Reno, Bologna, Italy",44.4756,11.2759
2020-11-03T08:00:00+00:00,14.500,11.900,Open-Meteo Historical Weather API,"Casalecchio di Reno, Bologna, Italy",44.4756,11.2759
2020-11-03T09:00:00+00:00,15.200,12.100,Open-Meteo Historical Weather API,"Casalecchio di Reno, Bologna, Italy",44.4756,11.2759
2020-11-03T10:00:00+00:00,16.000,12.200,Open-Meteo Historical Weather API,"Casalecchio di Reno, Bologna, Italy",44.4756,11.2759
2020-11-03T11:00:00+00:00,16.800,12.400,Open-Meteo Historical Weather API,"Casalecchio di Reno, Bologna, Italy",44.4756,11.2759
2020-11-03T12:00:00+00:00,15.100,12.100,Open-Meteo Historical Weather API,"Casalecchio di Reno, Bologna, Italy",44.4756,11.2759
2020-11-03T13:00:00+00:00,14.900,12.400,Open-Meteo Historical Weather API,"Casalecchio di Reno, Bologna, Italy",44.4756,11.2759
2020-11-03T14:00:00+00:00,14.900,12.500,Open-Meteo Historical Weather API,"Casalecchio di Reno, Bologna, Italy",44.4756,11.2759
2020-11-03T15:00:00+00:00,14.600,12.600,Open-Meteo Historical Weather API,"Casalecchio di Reno, Bologna, Italy",44.4756,11.2759
2020-11-03T16:00:00+00:00,13.900,13.200,Open-Meteo Historical Weather API,"Casalecchio di Reno, Bologna, Italy",44.4756,11.2759
2020-11-03T17:00:00+00:00,13.900,12.800,Open-Meteo Historical Weather API,"Casalecchio di Reno, Bologna, Italy",44.4756,11.2759
2020-11-03T18:00:00+00:00,13.900,12.900,Open-Meteo Historical Weather API,"Casalecchio di Reno, Bologna, Italy",44.4756,11.2759
2020-11-03T19:00:00+00:00,13.900,12.900,Open-Meteo Historical Weather API,"Casalecchio di Reno, Bologna, Italy",44.4756,11.2759
2020-11-03T20:00:00+00:00,13.800,12.900,Open-Meteo Historical Weather API,"Casalecchio di Reno, Bologna, Italy",44.4756,11.2759
2020-11-03T21:00:00+00:00,13.600,12.900,Open-Meteo Historical Weather API,"Casalecchio di Reno, Bologna, Italy",44.4756,11.2759
2020-11-03T22:00:00+00:00,13.400,12.900,Open-Meteo Historical Weather API,"Casalecchio di Reno, Bologna, Italy",44.4756,11.2759
2020-11-03T23:00:00+00:00,13.600,12.900,Open-Meteo Historical Weather API,"Casalecchio di Reno, Bologna, Italy",44.4756,11.2759
2020-11-04T00:00:00+00:00,13.500,13.100,Open-Meteo Historical Weather API,"Casalecchio di Reno, Bologna, Italy",44.4756,11.2759
2020-11-04T01:00:00+00:00,13.800,13.100,Open-Meteo Historical Weather API,"Casalecchio di Reno, Bologna, Italy",44.4756,11.2759
2020-11-04T02:00:00+00:00,13.900,13.100,Open-Meteo Historical Weather API,"Casalecchio di Reno, Bologna, Italy",44.4756,11.2759
2020-11-04T03:00:00+00:00,14.000,13.400,Open-Meteo Historical Weather API,"Casalecchio di Reno, Bologna, Italy",44.4756,11.2759
2020-11-04T04:00:00+00:00,14.100,13.100,Open-Meteo Historical Weather API,"Casalecchio di Reno, Bologna, Italy",44.4756,11.2759
2020-11-04T05:00:00+00:00,12.400,12.200,Open-Meteo Historical Weather API,"Casalecchio di Reno, Bologna, Italy",44.4756,11.2759
2020-11-04T06:00:00+00:00,12.400,12.300,Open-Meteo Historical Weather API,"Casalecchio di Reno, Bologna, Italy",44.4756,11.2759
2020-11-04T07:00:00+00:00,13.300,13.100,Open-Meteo Historical Weather API,"Casalecchio di Reno, Bologna, Italy",44.4756,11.2759
2020-11-04T08:00:00+00:00,14.400,13.200,Open-Meteo Historical Weather API,"Casalecchio di Reno, Bologna, Italy",44.4756,11.2759
2020-11-04T09:00:00+00:00,15.400,13.500,Open-Meteo Historical Weather API,"Casalecchio di Reno, Bologna, Italy",44.4756,11.2759
2020-11-04T10:00:00+00:00,16.400,13.500,Open-Meteo Historical Weather API,"Casalecchio di Reno, Bologna, Italy",44.4756,11.2759
2020-11-04T11:00:00+00:00,17.200,13.200,Open-Meteo Historical Weather API,"Casalecchio di Reno, Bologna, Italy",44.4756,11.2759
2020-11-04T12:00:00+00:00,16.100,13.000,Open-Meteo Historical Weather API,"Casalecchio di Reno, Bologna, Italy",44.4756,11.2759
2020-11-04T13:00:00+00:00,16.400,12.800,Open-Meteo Historical Weather API,"Casalecchio di Reno, Bologna, Italy",44.4756,11.2759
2020-11-04T14:00:00+00:00,16.500,12.100,Open-Meteo Historical Weather API,"Casalecchio di Reno, Bologna, Italy",44.4756,11.2759
2020-11-04T15:00:00+00:00,16.000,11.800,Open-Meteo Historical Weather API,"Casalecchio di Reno, Bologna, Italy",44.4756,11.2759
2020-11-04T16:00:00+00:00,14.600,11.900,Open-Meteo Historical Weather API,"Casalecchio di Reno, Bologna, Italy",44.4756,11.2759
2020-11-04T17:00:00+00:00,13.200,11.900,Open-Meteo Historical Weather API,"Casalecchio di Reno, Bologna, Italy",44.4756,11.2759
2020-11-04T18:00:00+00:00,14.100,11.600,Open-Meteo Historical Weather API,"Casalecchio di Reno, Bologna, Italy",44.4756,11.2759
2020-11-04T19:00:00+00:00,12.800,11.600,Open-Meteo Historical Weather API,"Casalecchio di Reno, Bologna, Italy",44.4756,11.2759
2020-11-04T20:00:00+00:00,12.800,11.600,Open-Meteo Historical Weather API,"Casalecchio di Reno, Bologna, Italy",44.4756,11.2759
2020-11-04T21:00:00+00:00,12.400,11.600,Open-Meteo Historical Weather API,"Casalecchio di Reno, Bologna, Italy",44.4756,11.2759
2020-11-04T22:00:00+00:00,12.000,11.300,Open-Meteo Historical Weather API,"Casalecchio di Reno, Bologna, Italy",44.4756,11.2759
2020-11-04T23:00:00+00:00,12.100,11.500,Open-Meteo Historical Weather API,"Casalecchio di Reno, Bologna, Italy",44.4756,11.2759
2020-11-05T00:00:00+00:00,13.600,12.400,Open-Meteo Historical Weather API,"Casalecchio di Reno, Bologna, Italy",44.4756,11.2759
2020-11-05T01:00:00+00:00,14.100,12.600,Open-Meteo Historical Weather API,"Casalecchio di Reno, Bologna, Italy",44.4756,11.2759
2020-11-05T02:00:00+00:00,13.500,12.600,Open-Meteo Historical Weather API,"Casalecchio di Reno, Bologna, Italy",44.4756,11.2759
2020-11-05T03:00:00+00:00,12.500,12.100,Open-Meteo Historical Weather API,"Casalecchio di Reno, Bologna, Italy",44.4756,11.2759
2020-11-05T04:00:00+00:00,12.200,11.800,Open-Meteo Historical Weather API,"Casalecchio di Reno, Bologna, Italy",44.4756,11.2759
2020-11-05T05:00:00+00:00,12.100,11.600,Open-Meteo Historical Weather API,"Casalecchio di Reno, Bologna, Italy",44.4756,11.2759
2020-11-05T06:00:00+00:00,12.000,11.400,Open-Meteo Historical Weather API,"Casalecchio di Reno, Bologna, Italy",44.4756,11.2759
2020-11-05T07:00:00+00:00,12.600,11.200,Open-Meteo Historical Weather API,"Casalecchio di Reno, Bologna, Italy",44.4756,11.2759
2020-11-05T08:00:00+00:00,13.300,11.000,Open-Meteo Historical Weather API,"Casalecchio di Reno, Bologna, Italy",44.4756,11.2759
2020-11-05T09:00:00+00:00,14.200,10.900,Open-Meteo Historical Weather API,"Casalecchio di Reno, Bologna, Italy",44.4756,11.2759
2020-11-05T10:00:00+00:00,15.400,11.200,Open-Meteo Historical Weather API,"Casalecchio di Reno, Bologna, Italy",44.4756,11.2759
2020-11-05T11:00:00+00:00,16.400,11.400,Open-Meteo Historical Weather API,"Casalecchio di Reno, Bologna, Italy",44.4756,11.2759
2020-11-05T12:00:00+00:00,16.600,10.600,Open-Meteo Historical Weather API,"Casalecchio di Reno, Bologna, Italy",44.4756,11.2759
2020-11-05T13:00:00+00:00,16.900,10.100,Open-Meteo Historical Weather API,"Casalecchio di Reno, Bologna, Italy",44.4756,11.2759
2020-11-05T14:00:00+00:00,16.600,10.200,Open-Meteo Historical Weather API,"Casalecchio di Reno, Bologna, Italy",44.4756,11.2759
2020-11-05T15:00:00+00:00,16.100,10.300,Open-Meteo Historical Weather API,"Casalecchio di Reno, Bologna, Italy",44.4756,11.2759
2020-11-05T16:00:00+00:00,15.100,10.000,Open-Meteo Historical Weather API,"Casalecchio di Reno, Bologna, Italy",44.4756,11.2759
2020-11-05T17:00:00+00:00,12.900,9.800,Open-Meteo Historical Weather API,"Casalecchio di Reno, Bologna, Italy",44.4756,11.2759
2020-11-05T18:00:00+00:00,11.900,9.600,Open-Meteo Historical Weather API,"Casalecchio di Reno, Bologna, Italy",44.4756,11.2759
2020-11-05T19:00:00+00:00,11.200,9.500,Open-Meteo Historical Weather API,"Casalecchio di Reno, Bologna, Italy",44.4756,11.2759
2020-11-05T20:00:00+00:00,10.900,9.300,Open-Meteo Historical Weather API,"Casalecchio di Reno, Bologna, Italy",44.4756,11.2759
2020-11-05T21:00:00+00:00,11.100,9.400,Open-Meteo Historical Weather API,"Casalecchio di Reno, Bologna, Italy",44.4756,11.2759
2020-11-05T22:00:00+00:00,10.900,9.200,Open-Meteo Historical Weather API,"Casalecchio di Reno, Bologna, Italy",44.4756,11.2759
2020-11-05T23:00:00+00:00,10.500,9.100,Open-Meteo Historical Weather API,"Casalecchio di Reno, Bologna, Italy",44.4756,11.2759
2020-11-06T00:00:00+00:00,10.300,8.800,Open-Meteo Historical Weather API,"Casalecchio di Reno, Bologna, Italy",44.4756,11.2759
2020-11-06T01:00:00+00:00,10.100,8.600,Open-Meteo Historical Weather API,"Casalecchio di Reno, Bologna, Italy",44.4756,11.2759
2020-11-06T02:00:00+00:00,9.800,8.100,Open-Meteo Historical Weather API,"Casalecchio di Reno, Bologna, Italy",44.4756,11.2759
2020-11-06T03:00:00+00:00,9.400,7.600,Open-Meteo Historical Weather API,"Casalecchio di Reno, Bologna, Italy",44.4756,11.2759
2020-11-06T04:00:00+00:00,9.000,6.900,Open-Meteo Historical Weather API,"Casalecchio di Reno, Bologna, Italy",44.4756,11.2759
2020-11-06T05:00:00+00:00,9.100,6.500,Open-Meteo Historical Weather API,"Casalecchio di Reno, Bologna, Italy",44.4756,11.2759
2020-11-06T06:00:00+00:00,9.400,6.200,Open-Meteo Historical Weather API,"Casalecchio di Reno, Bologna, Italy",44.4756,11.2759
2020-11-06T07:00:00+00:00,10.400,6.400,Open-Meteo Historical Weather API,"Casalecchio di Reno, Bologna, Italy",44.4756,11.2759
2020-11-06T08:00:00+00:00,11.600,6.500,Open-Meteo Historical Weather API,"Casalecchio di Reno, Bologna, Italy",44.4756,11.2759
2020-11-06T09:00:00+00:00,12.900,6.800,Open-Meteo Historical Weather API,"Casalecchio di Reno, Bologna, Italy",44.4756,11.2759
2020-11-06T10:00:00+00:00,13.900,7.400,Open-Meteo Historical Weather API,"Casalecchio di Reno, Bologna, Italy",44.4756,11.2759
2020-11-06T11:00:00+00:00,14.800,8.100,Open-Meteo Historical Weather API,"Casalecchio di Reno, Bologna, Italy",44.4756,11.2759
2020-11-06T12:00:00+00:00,15.500,7.300,Open-Meteo Historical Weather API,"Casalecchio di Reno, Bologna, Italy",44.4756,11.2759
2020-11-06T13:00:00+00:00,15.900,7.300,Open-Meteo Historical Weather API,"Casalecchio di Reno, Bologna, Italy",44.4756,11.2759
2020-11-06T14:00:00+00:00,15.700,7.200,Open-Meteo Historical Weather API,"Casalecchio di Reno, Bologna, Italy",44.4756,11.2759
2020-11-06T15:00:00+00:00,15.000,8.400,Open-Meteo Historical Weather API,"Casalecchio di Reno, Bologna, Italy",44.4756,11.2759
2020-11-06T16:00:00+00:00,14.400,7.100,Open-Meteo Historical Weather API,"Casalecchio di Reno, Bologna, Italy",44.4756,11.2759
2020-11-06T17:00:00+00:00,11.600,7.200,Open-Meteo Historical Weather API,"Casalecchio di Reno, Bologna, Italy",44.4756,11.2759
2020-11-06T18:00:00+00:00,10.900,6.800,Open-Meteo Historical Weather API,"Casalecchio di Reno, Bologna, Italy",44.4756,11.2759
2020-11-06T19:00:00+00:00,10.300,6.700,Open-Meteo Historical Weather API,"Casalecchio di Reno, Bologna, Italy",44.4756,11.2759
2020-11-06T20:00:00+00:00,9.600,6.300,Open-Meteo Historical Weather API,"Casalecchio di Reno, Bologna, Italy",44.4756,11.2759
2020-11-06T21:00:00+00:00,9.100,6.100,Open-Meteo Historical Weather API,"Casalecchio di Reno, Bologna, Italy",44.4756,11.2759
2020-11-06T22:00:00+00:00,9.700,5.800,Open-Meteo Historical Weather API,"Casalecchio di Reno, Bologna, Italy",44.4756,11.2759
2020-11-06T23:00:00+00:00,9.200,5.700,Open-Meteo Historical Weather API,"Casalecchio di Reno, Bologna, Italy",44.4756,11.2759
2020-11-07T00:00:00+00:00,9.100,7.100,Open-Meteo Historical Weather API,"Casalecchio di Reno, Bologna, Italy",44.4756,11.2759
2020-11-07T01:00:00+00:00,8.400,6.800,Open-Meteo Historical Weather API,"Casalecchio di Reno, Bologna, Italy",44.4756,11.2759
2020-11-07T02:00:00+00:00,8.100,6.400,Open-Meteo Historical Weather API,"Casalecchio di Reno, Bologna, Italy",44.4756,11.2759
2020-11-07T03:00:00+00:00,7.800,5.900,Open-Meteo Historical Weather API,"Casalecchio di Reno, Bologna, Italy",44.4756,11.2759
2020-11-07T04:00:00+00:00,7.300,5.500,Open-Meteo Historical Weather API,"Casalecchio di Reno, Bologna, Italy",44.4756,11.2759
2020-11-07T05:00:00+00:00,7.500,5.100,Open-Meteo Historical Weather API,"Casalecchio di Reno, Bologna, Italy",44.4756,11.2759
2020-11-07T06:00:00+00:00,7.700,4.700,Open-Meteo Historical Weather API,"Casalecchio di Reno, Bologna, Italy",44.4756,11.2759
2020-11-07T07:00:00+00:00,9.600,5.100,Open-Meteo Historical Weather API,"Casalecchio di Reno, Bologna, Italy",44.4756,11.2759
2020-11-07T08:00:00+00:00,12.800,6.000,Open-Meteo Historical Weather API,"Casalecchio di Reno, Bologna, Italy",44.4756,11.2759
2020-11-07T09:00:00+00:00,14.600,7.200,Open-Meteo Historical Weather API,"Casalecchio di Reno, Bologna, Italy",44.4756,11.2759
2020-11-07T10:00:00+00:00,15.800,8.800,Open-Meteo Historical Weather API,"Casalecchio di Reno, Bologna, Italy",44.4756,11.2759
2020-11-07T11:00:00+00:00,16.500,9.400,Open-Meteo Historical Weather API,"Casalecchio di Reno, Bologna, Italy",44.4756,11.2759
2020-11-07T12:00:00+00:00,16.900,10.200,Open-Meteo Historical Weather API,"Casalecchio di Reno, Bologna, Italy",44.4756,11.2759
2020-11-07T13:00:00+00:00,17.000,10.400,Open-Meteo Historical Weather API,"Casalecchio di Reno, Bologna, Italy",44.4756,11.2759
2020-11-07T14:00:00+00:00,16.800,10.800,Open-Meteo Historical Weather API,"Casalecchio di Reno, Bologna, Italy",44.4756,11.2759
2020-11-07T15:00:00+00:00,15.800,11.700,Open-Meteo Historical Weather API,"Casalecchio di Reno, Bologna, Italy",44.4756,11.2759
2020-11-07T16:00:00+00:00,13.200,10.200,Open-Meteo Historical Weather API,"Casalecchio di Reno, Bologna, Italy",44.4756,11.2759
2020-11-07T17:00:00+00:00,12.300,9.700,Open-Meteo Historical Weather API,"Casalecchio di Reno, Bologna, Italy",44.4756,11.2759
2020-11-07T18:00:00+00:00,11.200,9.400,Open-Meteo Historical Weather API,"Casalecchio di Reno, Bologna, Italy",44.4756,11.2759
2020-11-07T19:00:00+00:00,9.700,8.900,Open-Meteo Historical Weather API,"Casalecchio di Reno, Bologna, Italy",44.4756,11.2759
2020-11-07T20:00:00+00:00,8.800,8.100,Open-Meteo Historical Weather API,"Casalecchio di Reno, Bologna, Italy",44.4756,11.2759
2020-11-07T21:00:00+00:00,7.900,7.400,Open-Meteo Historical Weather API,"Casalecchio di Reno, Bologna, Italy",44.4756,11.2759
2020-11-07T22:00:00+00:00,7.700,7.000,Open-Meteo Historical Weather API,"Casalecchio di Reno, Bologna, Italy",44.4756,11.2759
2020-11-07T23:00:00+00:00,7.200,6.700,Open-Meteo Historical Weather API,"Casalecchio di Reno, Bologna, Italy",44.4756,11.2759
2020-11-08T00:00:00+00:00,7.900,6.900,Open-Meteo Historical Weather API,"Casalecchio di Reno, Bologna, Italy",44.4756,11.2759
2020-11-08T01:00:00+00:00,7.800,6.700,Open-Meteo Historical Weather API,"Casalecchio di Reno, Bologna, Italy",44.4756,11.2759
2020-11-08T02:00:00+00:00,7.500,6.600,Open-Meteo Historical Weather API,"Casalecchio di Reno, Bologna, Italy",44.4756,11.2759
2020-11-08T03:00:00+00:00,7.100,6.300,Open-Meteo Historical Weather API,"Casalecchio di Reno, Bologna, Italy",44.4756,11.2759
2020-11-08T04:00:00+00:00,6.800,5.900,Open-Meteo Historical Weather API,"Casalecchio di Reno, Bologna, Italy",44.4756,11.2759
2020-11-08T05:00:00+00:00,6.700,5.800,Open-Meteo Historical Weather API,"Casalecchio di Reno, Bologna, Italy",44.4756,11.2759
2020-11-08T06:00:00+00:00,6.400,5.800,Open-Meteo Historical Weather API,"Casalecchio di Reno, Bologna, Italy",44.4756,11.2759
2020-11-08T07:00:00+00:00,8.300,6.900,Open-Meteo Historical Weather API,"Casalecchio di Reno, Bologna, Italy",44.4756,11.2759
2020-11-08T08:00:00+00:00,11.800,8.600,Open-Meteo Historical Weather API,"Casalecchio di Reno, Bologna, Italy",44.4756,11.2759
2020-11-08T09:00:00+00:00,14.000,9.600,Open-Meteo Historical Weather API,"Casalecchio di Reno, Bologna, Italy",44.4756,11.2759
2020-11-08T10:00:00+00:00,15.500,10.200,Open-Meteo Historical Weather API,"Casalecchio di Reno, Bologna, Italy",44.4756,11.2759
2020-11-08T11:00:00+00:00,16.300,10.700,Open-Meteo Historical Weather API,"Casalecchio di Reno, Bologna, Italy",44.4756,11.2759
2020-11-08T12:00:00+00:00,16.700,10.800,Open-Meteo Historical Weather API,"Casalecchio di Reno, Bologna, Italy",44.4756,11.2759
2020-11-08T13:00:00+00:00,16.800,10.600,Open-Meteo Historical Weather API,"Casalecchio di Reno, Bologna, Italy",44.4756,11.2759
2020-11-08T14:00:00+00:00,16.600,10.200,Open-Meteo Historical Weather API,"Casalecchio di Reno, Bologna, Italy",44.4756,11.2759
2020-11-08T15:00:00+00:00,16.100,10.100,Open-Meteo Historical Weather API,"Casalecchio di Reno, Bologna, Italy",44.4756,11.2759
2020-11-08T16:00:00+00:00,14.100,9.800,Open-Meteo Historical Weather API,"Casalecchio di Reno, Bologna, Italy",44.4756,11.2759
2020-11-08T17:00:00+00:00,11.400,9.200,Open-Meteo Historical Weather API,"Casalecchio di Reno, Bologna, Italy",44.4756,11.2759
2020-11-08T18:00:00+00:00,11.400,9.500,Open-Meteo Historical Weather API,"Casalecchio di Reno, Bologna, Italy",44.4756,11.2759
2020-11-08T19:00:00+00:00,10.400,9.200,Open-Meteo Historical Weather API,"Casalecchio di Reno, Bologna, Italy",44.4756,11.2759
2020-11-08T20:00:00+00:00,9.100,8.400,Open-Meteo Historical Weather API,"Casalecchio di Reno, Bologna, Italy",44.4756,11.2759
2020-11-08T21:00:00+00:00,8.600,7.900,Open-Meteo Historical Weather API,"Casalecchio di Reno, Bologna, Italy",44.4756,11.2759
2020-11-08T22:00:00+00:00,8.500,7.700,Open-Meteo Historical Weather API,"Casalecchio di Reno, Bologna, Italy",44.4756,11.2759
2020-11-08T23:00:00+00:00,8.400,7.600,Open-Meteo Historical Weather API,"Casalecchio di Reno, Bologna, Italy",44.4756,11.2759
2020-11-09T00:00:00+00:00,8.400,7.700,Open-Meteo Historical Weather API,"Casalecchio di Reno, Bologna, Italy",44.4756,11.2759
2020-11-09T01:00:00+00:00,8.100,7.500,Open-Meteo Historical Weather API,"Casalecchio di Reno, Bologna, Italy",44.4756,11.2759
2020-11-09T02:00:00+00:00,7.800,7.200,Open-Meteo Historical Weather API,"Casalecchio di Reno, Bologna, Italy",44.4756,11.2759
2020-11-09T03:00:00+00:00,7.600,6.900,Open-Meteo Historical Weather API,"Casalecchio di Reno, Bologna, Italy",44.4756,11.2759
2020-11-09T04:00:00+00:00,7.600,6.900,Open-Meteo Historical Weather API,"Casalecchio di Reno, Bologna, Italy",44.4756,11.2759
2020-11-09T05:00:00+00:00,8.000,7.200,Open-Meteo Historical Weather API,"Casalecchio di Reno, Bologna, Italy",44.4756,11.2759
2020-11-09T06:00:00+00:00,8.400,7.400,Open-Meteo Historical Weather API,"Casalecchio di Reno, Bologna, Italy",44.4756,11.2759
2020-11-09T07:00:00+00:00,9.700,8.200,Open-Meteo Historical Weather API,"Casalecchio di Reno, Bologna, Italy",44.4756,11.2759
2020-11-09T08:00:00+00:00,12.600,9.500,Open-Meteo Historical Weather API,"Casalecchio di Reno, Bologna, Italy",44.4756,11.2759
2020-11-09T09:00:00+00:00,14.100,10.100,Open-Meteo Historical Weather API,"Casalecchio di Reno, Bologna, Italy",44.4756,11.2759
2020-11-09T10:00:00+00:00,15.300,10.600,Open-Meteo Historical Weather API,"Casalecchio di Reno, Bologna, Italy",44.4756,11.2759
2020-11-09T11:00:00+00:00,16.300,10.800,Open-Meteo Historical Weather API,"Casalecchio di Reno, Bologna, Italy",44.4756,11.2759
2020-11-09T12:00:00+00:00,17.200,10.600,Open-Meteo Historical Weather API,"Casalecchio di Reno, Bologna, Italy",44.4756,11.2759
2020-11-09T13:00:00+00:00,17.400,10.800,Open-Meteo Historical Weather API,"Casalecchio di Reno, Bologna, Italy",44.4756,11.2759
2020-11-09T14:00:00+00:00,17.200,10.800,Open-Meteo Historical Weather API,"Casalecchio di Reno, Bologna, Italy",44.4756,11.2759
2020-11-09T15:00:00+00:00,16.800,10.600,Open-Meteo Historical Weather API,"Casalecchio di Reno, Bologna, Italy",44.4756,11.2759
2020-11-09T16:00:00+00:00,15.900,10.600,Open-Meteo Historical Weather API,"Casalecchio di Reno, Bologna, Italy",44.4756,11.2759
2020-11-09T17:00:00+00:00,14.100,10.400,Open-Meteo Historical Weather API,"Casalecchio di Reno, Bologna, Italy",44.4756,11.2759
2020-11-09T18:00:00+00:00,11.600,9.600,Open-Meteo Historical Weather API,"Casalecchio di Reno, Bologna, Italy",44.4756,11.2759
2020-11-09T19:00:00+00:00,10.600,9.100,Open-Meteo Historical Weather API,"Casalecchio di Reno, Bologna, Italy",44.4756,11.2759
2020-11-09T20:00:00+00:00,11.000,9.200,Open-Meteo Historical Weather API,"Casalecchio di Reno, Bologna, Italy",44.4756,11.2759
2020-11-09T21:00:00+00:00,10.600,8.900,Open-Meteo Historical Weather API,"Casalecchio di Reno, Bologna, Italy",44.4756,11.2759
2020-11-09T22:00:00+00:00,9.100,8.100,Open-Meteo Historical Weather API,"Casalecchio di Reno, Bologna, Italy",44.4756,11.2759
2020-11-09T23:00:00+00:00,9.400,8.400,Open-Meteo Historical Weather API,"Casalecchio di Reno, Bologna, Italy",44.4756,11.2759
2020-11-10T00:00:00+00:00,8.900,8.200,Open-Meteo Historical Weather API,"Casalecchio di Reno, Bologna, Italy",44.4756,11.2759
2020-11-10T01:00:00+00:00,8.400,7.700,Open-Meteo Historical Weather API,"Casalecchio di Reno, Bologna, Italy",44.4756,11.2759
2020-11-10T02:00:00+00:00,8.000,7.200,Open-Meteo Historical Weather API,"Casalecchio di Reno, Bologna, Italy",44.4756,11.2759
2020-11-10T03:00:00+00:00,7.800,6.900,Open-Meteo Historical Weather API,"Casalecchio di Reno, Bologna, Italy",44.4756,11.2759
2020-11-10T04:00:00+00:00,7.700,7.000,Open-Meteo Historical Weather API,"Casalecchio di Reno, Bologna, Italy",44.4756,11.2759
2020-11-10T05:00:00+00:00,7.700,7.200,Open-Meteo Historical Weather API,"Casalecchio di Reno, Bologna, Italy",44.4756,11.2759
2020-11-10T06:00:00+00:00,7.600,7.200,Open-Meteo Historical Weather API,"Casalecchio di Reno, Bologna, Italy",44.4756,11.2759
2020-11-10T07:00:00+00:00,8.600,7.800,Open-Meteo Historical Weather API,"Casalecchio di Reno, Bologna, Italy",44.4756,11.2759
2020-11-10T08:00:00+00:00,11.000,9.100,Open-Meteo Historical Weather API,"Casalecchio di Reno, Bologna, Italy",44.4756,11.2759
2020-11-10T09:00:00+00:00,11.900,10.200,Open-Meteo Historical Weather API,"Casalecchio di Reno, Bologna, Italy",44.4756,11.2759
2020-11-10T10:00:00+00:00,12.500,10.800,Open-Meteo Historical Weather API,"Casalecchio di Reno, Bologna, Italy",44.4756,11.2759
2020-11-10T11:00:00+00:00,13.400,11.300,Open-Meteo Historical Weather API,"Casalecchio di Reno, Bologna, Italy",44.4756,11.2759
2020-11-10T12:00:00+00:00,13.700,12.400,Open-Meteo Historical Weather API,"Casalecchio di Reno, Bologna, Italy",44.4756,11.2759
2020-11-10T13:00:00+00:00,14.200,12.600,Open-Meteo Historical Weather API,"Casalecchio di Reno, Bologna, Italy",44.4756,11.2759
2020-11-10T14:00:00+00:00,14.400,12.600,Open-Meteo Historical Weather API,"Casalecchio di Reno, Bologna, Italy",44.4756,11.2759
2020-11-10T15:00:00+00:00,14.100,12.200,Open-Meteo Historical Weather API,"Casalecchio di Reno, Bologna, Italy",44.4756,11.2759
2020-11-10T16:00:00+00:00,12.600,11.900,Open-Meteo Historical Weather API,"Casalecchio di Reno, Bologna, Italy",44.4756,11.2759
2020-11-10T17:00:00+00:00,13.400,11.900,Open-Meteo Historical Weather API,"Casalecchio di Reno, Bologna, Italy",44.4756,11.2759
2020-11-10T18:00:00+00:00,12.400,11.600,Open-Meteo Historical Weather API,"Casalecchio di Reno, Bologna, Italy",44.4756,11.2759
2020-11-10T19:00:00+00:00,11.200,10.900,Open-Meteo Historical Weather API,"Casalecchio di Reno, Bologna, Italy",44.4756,11.2759
2020-11-10T20:00:00+00:00,11.300,11.100,Open-Meteo Historical Weather API,"Casalecchio di Reno, Bologna, Italy",44.4756,11.2759
2020-11-10T21:00:00+00:00,11.100,11.100,Open-Meteo Historical Weather API,"Casalecchio di Reno, Bologna, Italy",44.4756,11.2759
2020-11-10T22:00:00+00:00,11.200,11.200,Open-Meteo Historical Weather API,"Casalecchio di Reno, Bologna, Italy",44.4756,11.2759
2020-11-10T23:00:00+00:00,11.500,11.400,Open-Meteo Historical Weather API,"Casalecchio di Reno, Bologna, Italy",44.4756,11.2759
2020-11-11T00:00:00+00:00,12.200,12.100,Open-Meteo Historical Weather API,"Casalecchio di Reno, Bologna, Italy",44.4756,11.2759
2020-11-11T01:00:00+00:00,11.300,11.300,Open-Meteo Historical Weather API,"Casalecchio di Reno, Bologna, Italy",44.4756,11.2759
2020-11-11T02:00:00+00:00,11.600,11.600,Open-Meteo Historical Weather API,"Casalecchio di Reno, Bologna, Italy",44.4756,11.2759
2020-11-11T03:00:00+00:00,11.100,11.000,Open-Meteo Historical Weather API,"Casalecchio di Reno, Bologna, Italy",44.4756,11.2759
2020-11-11T04:00:00+00:00,10.400,10.400,Open-Meteo Historical Weather API,"Casalecchio di Reno, Bologna, Italy",44.4756,11.2759
2020-11-11T05:00:00+00:00,10.100,9.800,Open-Meteo Historical Weather API,"Casalecchio di Reno, Bologna, Italy",44.4756,11.2759
2020-11-11T06:00:00+00:00,9.800,9.100,Open-Meteo Historical Weather API,"Casalecchio di Reno, Bologna, Italy",44.4756,11.2759
2020-11-11T07:00:00+00:00,9.900,8.500,Open-Meteo Historical Weather API,"Casalecchio di Reno, Bologna, Italy",44.4756,11.2759
2020-11-11T08:00:00+00:00,10.300,8.100,Open-Meteo Historical Weather API,"Casalecchio di Reno, Bologna, Italy",44.4756,11.2759
2020-11-11T09:00:00+00:00,10.900,8.900,Open-Meteo Historical Weather API,"Casalecchio di Reno, Bologna, Italy",44.4756,11.2759
2020-11-11T10:00:00+00:00,11.300,9.000,Open-Meteo Historical Weather API,"Casalecchio di Reno, Bologna, Italy",44.4756,11.2759
2020-11-11T11:00:00+00:00,11.900,9.200,Open-Meteo Historical Weather API,"Casalecchio di Reno, Bologna, Italy",44.4756,11.2759
2020-11-11T12:00:00+00:00,12.400,8.800,Open-Meteo Historical Weather API,"Casalecchio di Reno, Bologna, Italy",44.4756,11.2759
2020-11-11T13:00:00+00:00,13.100,8.800,Open-Meteo Historical Weather API,"Casalecchio di Reno, Bologna, Italy",44.4756,11.2759
2020-11-11T14:00:00+00:00,13.200,8.800,Open-Meteo Historical Weather API,"Casalecchio di Reno, Bologna, Italy",44.4756,11.2759
2020-11-11T15:00:00+00:00,12.600,8.900,Open-Meteo Historical Weather API,"Casalecchio di Reno, Bologna, Italy",44.4756,11.2759
2020-11-11T16:00:00+00:00,11.400,8.900,Open-Meteo Historical Weather API,"Casalecchio di Reno, Bologna, Italy",44.4756,11.2759
2020-11-11T17:00:00+00:00,11.600,9.200,Open-Meteo Historical Weather API,"Casalecchio di Reno, Bologna, Italy",44.4756,11.2759
2020-11-11T18:00:00+00:00,10.800,9.200,Open-Meteo Historical Weather API,"Casalecchio di Reno, Bologna, Italy",44.4756,11.2759
2020-11-11T19:00:00+00:00,10.900,9.800,Open-Meteo Historical Weather API,"Casalecchio di Reno, Bologna, Italy",44.4756,11.2759
2020-11-11T20:00:00+00:00,10.800,9.800,Open-Meteo Historical Weather API,"Casalecchio di Reno, Bologna, Italy",44.4756,11.2759
2020-11-11T21:00:00+00:00,10.200,9.400,Open-Meteo Historical Weather API,"Casalecchio di Reno, Bologna, Italy",44.4756,11.2759
2020-11-11T22:00:00+00:00,9.600,8.900,Open-Meteo Historical Weather API,"Casalecchio di Reno, Bologna, Italy",44.4756,11.2759
2020-11-11T23:00:00+00:00,9.200,8.600,Open-Meteo Historical Weather API,"Casalecchio di Reno, Bologna, Italy",44.4756,11.2759
2020-11-12T00:00:00+00:00,9.600,8.800,Open-Meteo Historical Weather API,"Casalecchio di Reno, Bologna, Italy",44.4756,11.2759
2020-11-12T01:00:00+00:00,8.900,7.900,Open-Meteo Historical Weather API,"Casalecchio di Reno, Bologna, Italy",44.4756,11.2759
2020-11-12T02:00:00+00:00,7.900,7.400,Open-Meteo Historical Weather API,"Casalecchio di Reno, Bologna, Italy",44.4756,11.2759
2020-11-12T03:00:00+00:00,7.400,7.100,Open-Meteo Historical Weather API,"Casalecchio di Reno, Bologna, Italy",44.4756,11.2759
2020-11-12T04:00:00+00:00,7.400,7.100,Open-Meteo Historical Weather API,"Casalecchio di Reno, Bologna, Italy",44.4756,11.2759
2020-11-12T05:00:00+00:00,8.100,7.600,Open-Meteo Historical Weather API,"Casalecchio di Reno, Bologna, Italy",44.4756,11.2759
2020-11-12T06:00:00+00:00,8.900,8.400,Open-Meteo Historical Weather API,"Casalecchio di Reno, Bologna, Italy",44.4756,11.2759
2020-11-12T07:00:00+00:00,9.600,8.600,Open-Meteo Historical Weather API,"Casalecchio di Reno, Bologna, Italy",44.4756,11.2759
2020-11-12T08:00:00+00:00,10.400,9.100,Open-Meteo Historical Weather API,"Casalecchio di Reno, Bologna, Italy",44.4756,11.2759
2020-11-12T09:00:00+00:00,10.900,9.500,Open-Meteo Historical Weather API,"Casalecchio di Reno, Bologna, Italy",44.4756,11.2759
2020-11-12T10:00:00+00:00,11.200,9.800,Open-Meteo Historical Weather API,"Casalecchio di Reno, Bologna, Italy",44.4756,11.2759
2020-11-12T11:00:00+00:00,12.300,10.100,Open-Meteo Historical Weather API,"Casalecchio di Reno, Bologna, Italy",44.4756,11.2759
2020-11-12T12:00:00+00:00,12.800,9.800,Open-Meteo Historical Weather API,"Casalecchio di Reno, Bologna, Italy",44.4756,11.2759
2020-11-12T13:00:00+00:00,12.900,9.900,Open-Meteo Historical Weather API,"Casalecchio di Reno, Bologna, Italy",44.4756,11.2759
2020-11-12T14:00:00+00:00,13.100,9.900,Open-Meteo Historical Weather API,"Casalecchio di Reno, Bologna, Italy",44.4756,11.2759
2020-11-12T15:00:00+00:00,12.800,10.100,Open-Meteo Historical Weather API,"Casalecchio di Reno, Bologna, Italy",44.4756,11.2759
2020-11-12T16:00:00+00:00,11.800,9.600,Open-Meteo Historical Weather API,"Casalecchio di Reno, Bologna, Italy",44.4756,11.2759
2020-11-12T17:00:00+00:00,10.200,9.100,Open-Meteo Historical Weather API,"Casalecchio di Reno, Bologna, Italy",44.4756,11.2759
2020-11-12T18:00:00+00:00,10.100,9.400,Open-Meteo Historical Weather API,"Casalecchio di Reno, Bologna, Italy",44.4756,11.2759
2020-11-12T19:00:00+00:00,10.900,9.900,Open-Meteo Historical Weather API,"Casalecchio di Reno, Bologna, Italy",44.4756,11.2759
2020-11-12T20:00:00+00:00,11.700,9.900,Open-Meteo Historical Weather API,"Casalecchio di Reno, Bologna, Italy",44.4756,11.2759
2020-11-12T21:00:00+00:00,11.000,10.100,Open-Meteo Historical Weather API,"Casalecchio di Reno, Bologna, Italy",44.4756,11.2759
2020-11-12T22:00:00+00:00,10.900,10.100,Open-Meteo Historical Weather API,"Casalecchio di Reno, Bologna, Italy",44.4756,11.2759
2020-11-12T23:00:00+00:00,11.100,10.300,Open-Meteo Historical Weather API,"Casalecchio di Reno, Bologna, Italy",44.4756,11.2759
2020-11-13T00:00:00+00:00,10.500,9.900,Open-Meteo Historical Weather API,"Casalecchio di Reno, Bologna, Italy",44.4756,11.2759
2020-11-13T01:00:00+00:00,11.200,9.900,Open-Meteo Historical Weather API,"Casalecchio di Reno, Bologna, Italy",44.4756,11.2759
2020-11-13T02:00:00+00:00,11.100,10.400,Open-Meteo Historical Weather API,"Casalecchio di Reno, Bologna, Italy",44.4756,11.2759
2020-11-13T03:00:00+00:00,11.400,10.200,Open-Meteo Historical Weather API,"Casalecchio di Reno, Bologna, Italy",44.4756,11.2759
2020-11-13T04:00:00+00:00,11.100,10.200,Open-Meteo Historical Weather API,"Casalecchio di Reno, Bologna, Italy",44.4756,11.2759
2020-11-13T05:00:00+00:00,10.900,10.300,Open-Meteo Historical Weather API,"Casalecchio di Reno, Bologna, Italy",44.4756,11.2759
2020-11-13T06:00:00+00:00,10.800,10.400,Open-Meteo Historical Weather API,"Casalecchio di Reno, Bologna, Italy",44.4756,11.2759
2020-11-13T07:00:00+00:00,11.400,10.600,Open-Meteo Historical Weather API,"Casalecchio di Reno, Bologna, Italy",44.4756,11.2759
2020-11-13T08:00:00+00:00,12.700,10.900,Open-Meteo Historical Weather API,"Casalecchio di Reno, Bologna, Italy",44.4756,11.2759
2020-11-13T09:00:00+00:00,13.900,10.800,Open-Meteo Historical Weather API,"Casalecchio di Reno, Bologna, Italy",44.4756,11.2759
2020-11-13T10:00:00+00:00,14.900,10.900,Open-Meteo Historical Weather API,"Casalecchio di Reno, Bologna, Italy",44.4756,11.2759
2020-11-13T11:00:00+00:00,15.600,10.600,Open-Meteo Historical Weather API,"Casalecchio di Reno, Bologna, Italy",44.4756,11.2759
2020-11-13T12:00:00+00:00,12.600,10.800,Open-Meteo Historical Weather API,"Casalecchio di Reno, Bologna, Italy",44.4756,11.2759
2020-11-13T13:00:00+00:00,12.700,10.600,Open-Meteo Historical Weather API,"Casalecchio di Reno, Bologna, Italy",44.4756,11.2759
2020-11-13T14:00:00+00:00,12.600,10.400,Open-Meteo Historical Weather API,"Casalecchio di Reno, Bologna, Italy",44.4756,11.2759
2020-11-13T15:00:00+00:00,12.400,10.300,Open-Meteo Historical Weather API,"Casalecchio di Reno, Bologna, Italy",44.4756,11.2759
2020-11-13T16:00:00+00:00,11.900,10.600,Open-Meteo Historical Weather API,"Casalecchio di Reno, Bologna, Italy",44.4756,11.2759
2020-11-13T17:00:00+00:00,11.400,10.300,Open-Meteo Historical Weather API,"Casalecchio di Reno, Bologna, Italy",44.4756,11.2759
2020-11-13T18:00:00+00:00,11.000,10.100,Open-Meteo Historical Weather API,"Casalecchio di Reno, Bologna, Italy",44.4756,11.2759
2020-11-13T19:00:00+00:00,10.400,9.900,Open-Meteo Historical Weather API,"Casalecchio di Reno, Bologna, Italy",44.4756,11.2759
2020-11-13T20:00:00+00:00,10.700,10.200,Open-Meteo Historical Weather API,"Casalecchio di Reno, Bologna, Italy",44.4756,11.2759
2020-11-13T21:00:00+00:00,11.100,10.300,Open-Meteo Historical Weather API,"Casalecchio di Reno, Bologna, Italy",44.4756,11.2759
2020-11-13T22:00:00+00:00,11.100,10.400,Open-Meteo Historical Weather API,"Casalecchio di Reno, Bologna, Italy",44.4756,11.2759
2020-11-13T23:00:00+00:00,11.100,10.400,Open-Meteo Historical Weather API,"Casalecchio di Reno, Bologna, Italy",44.4756,11.2759
2020-11-14T00:00:00+00:00,11.100,10.000,Open-Meteo Historical Weather API,"Casalecchio di Reno, Bologna, Italy",44.4756,11.2759
2020-11-14T01:00:00+00:00,11.200,9.900,Open-Meteo Historical Weather API,"Casalecchio di Reno, Bologna, Italy",44.4756,11.2759
2020-11-14T02:00:00+00:00,11.100,9.900,Open-Meteo Historical Weather API,"Casalecchio di Reno, Bologna, Italy",44.4756,11.2759
2020-11-14T03:00:00+00:00,11.100,10.100,Open-Meteo Historical Weather API,"Casalecchio di Reno, Bologna, Italy",44.4756,11.2759
2020-11-14T04:00:00+00:00,11.100,10.100,Open-Meteo Historical Weather API,"Casalecchio di Reno, Bologna, Italy",44.4756,11.2759
2020-11-14T05:00:00+00:00,11.200,10.200,Open-Meteo Historical Weather API,"Casalecchio di Reno, Bologna, Italy",44.4756,11.2759
2020-11-14T06:00:00+00:00,11.200,10.400,Open-Meteo Historical Weather API,"Casalecchio di Reno, Bologna, Italy",44.4756,11.2759
2020-11-14T07:00:00+00:00,11.500,10.500,Open-Meteo Historical Weather API,"Casalecchio di Reno, Bologna, Italy",44.4756,11.2759
2020-11-14T08:00:00+00:00,12.100,10.400,Open-Meteo Historical Weather API,"Casalecchio di Reno, Bologna, Italy",44.4756,11.2759
2020-11-14T09:00:00+00:00,13.100,10.200,Open-Meteo Historical Weather API,"Casalecchio di Reno, Bologna, Italy",44.4756,11.2759
2020-11-14T10:00:00+00:00,13.400,10.200,Open-Meteo Historical Weather API,"Casalecchio di Reno, Bologna, Italy",44.4756,11.2759
2020-11-14T11:00:00+00:00,13.900,10.100,Open-Meteo Historical Weather API,"Casalecchio di Reno, Bologna, Italy",44.4756,11.2759
2020-11-14T12:00:00+00:00,12.200,10.400,Open-Meteo Historical Weather API,"Casalecchio di Reno, Bologna, Italy",44.4756,11.2759
2020-11-14T13:00:00+00:00,12.500,10.100,Open-Meteo Historical Weather API,"Casalecchio di Reno, Bologna, Italy",44.4756,11.2759
2020-11-14T14:00:00+00:00,12.400,10.100,Open-Meteo Historical Weather API,"Casalecchio di Reno, Bologna, Italy",44.4756,11.2759
2020-11-14T15:00:00+00:00,12.100,10.000,Open-Meteo Historical Weather API,"Casalecchio di Reno, Bologna, Italy",44.4756,11.2759
2020-11-14T16:00:00+00:00,11.700,9.900,Open-Meteo Historical Weather API,"Casalecchio di Reno, Bologna, Italy",44.4756,11.2759
2020-11-14T17:00:00+00:00,11.600,9.900,Open-Meteo Historical Weather API,"Casalecchio di Reno, Bologna, Italy",44.4756,11.2759
2020-11-14T18:00:00+00:00,11.300,10.100,Open-Meteo Historical Weather API,"Casalecchio di Reno, Bologna, Italy",44.4756,11.2759
2020-11-14T19:00:00+00:00,11.200,10.200,Open-Meteo Historical Weather API,"Casalecchio di Reno, Bologna, Italy",44.4756,11.2759
2020-11-14T20:00:00+00:00,10.900,10.300,Open-Meteo Historical Weather API,"Casalecchio di Reno, Bologna, Italy",44.4756,11.2759
2020-11-14T21:00:00+00:00,10.900,10.300,Open-Meteo Historical Weather API,"Casalecchio di Reno, Bologna, Italy",44.4756,11.2759
2020-11-14T22:00:00+00:00,10.900,10.100,Open-Meteo Historical Weather API,"Casalecchio di Reno, Bologna, Italy",44.4756,11.2759
2020-11-14T23:00:00+00:00,10.900,10.000,Open-Meteo Historical Weather API,"Casalecchio di Reno, Bologna, Italy",44.4756,11.2759
2020-11-15T00:00:00+00:00,10.900,9.600,Open-Meteo Historical Weather API,"Casalecchio di Reno, Bologna, Italy",44.4756,11.2759
2020-11-15T01:00:00+00:00,10.800,9.400,Open-Meteo Historical Weather API,"Casalecchio di Reno, Bologna, Italy",44.4756,11.2759
2020-11-15T02:00:00+00:00,10.400,9.600,Open-Meteo Historical Weather API,"Casalecchio di Reno, Bologna, Italy",44.4756,11.2759
2020-11-15T03:00:00+00:00,10.400,9.800,Open-Meteo Historical Weather API,"Casalecchio di Reno, Bologna, Italy",44.4756,11.2759
2020-11-15T04:00:00+00:00,10.100,9.800,Open-Meteo Historical Weather API,"Casalecchio di Reno, Bologna, Italy",44.4756,11.2759
2020-11-15T05:00:00+00:00,10.100,9.600,Open-Meteo Historical Weather API,"Casalecchio di Reno, Bologna, Italy",44.4756,11.2759
2020-11-15T06:00:00+00:00,10.200,9.600,Open-Meteo Historical Weather API,"Casalecchio di Reno, Bologna, Italy",44.4756,11.2759
2020-11-15T07:00:00+00:00,10.300,9.800,Open-Meteo Historical Weather API,"Casalecchio di Reno, Bologna, Italy",44.4756,11.2759
2020-11-15T08:00:00+00:00,11.200,9.800,Open-Meteo Historical Weather API,"Casalecchio di Reno, Bologna, Italy",44.4756,11.2759
2020-11-15T09:00:00+00:00,12.100,9.800,Open-Meteo Historical Weather API,"Casalecchio di Reno, Bologna, Italy",44.4756,11.2759
2020-11-15T10:00:00+00:00,12.600,9.800,Open-Meteo Historical Weather API,"Casalecchio di Reno, Bologna, Italy",44.4756,11.2759
2020-11-15T11:00:00+00:00,12.800,9.800,Open-Meteo Historical Weather API,"Casalecchio di Reno, Bologna, Italy",44.4756,11.2759
2020-11-15T12:00:00+00:00,12.400,9.200,Open-Meteo Historical Weather API,"Casalecchio di Reno, Bologna, Italy",44.4756,11.2759
2020-11-15T13:00:00+00:00,13.000,9.400,Open-Meteo Historical Weather API,"Casalecchio di Reno, Bologna, Italy",44.4756,11.2759
2020-11-15T14:00:00+00:00,13.100,9.600,Open-Meteo Historical Weather API,"Casalecchio di Reno, Bologna, Italy",44.4756,11.2759
2020-11-15T15:00:00+00:00,12.800,9.900,Open-Meteo Historical Weather API,"Casalecchio di Reno, Bologna, Italy",44.4756,11.2759
2020-11-15T16:00:00+00:00,12.100,9.400,Open-Meteo Historical Weather API,"Casalecchio di Reno, Bologna, Italy",44.4756,11.2759
2020-11-15T17:00:00+00:00,11.800,9.400,Open-Meteo Historical Weather API,"Casalecchio di Reno, Bologna, Italy",44.4756,11.2759
2020-11-15T18:00:00+00:00,11.600,9.500,Open-Meteo Historical Weather API,"Casalecchio di Reno, Bologna, Italy",44.4756,11.2759
2020-11-15T19:00:00+00:00,10.200,9.200,Open-Meteo Historical Weather API,"Casalecchio di Reno, Bologna, Italy",44.4756,11.2759
2020-11-15T20:00:00+00:00,10.800,9.500,Open-Meteo Historical Weather API,"Casalecchio di Reno, Bologna, Italy",44.4756,11.2759
2020-11-15T21:00:00+00:00,10.300,9.600,Open-Meteo Historical Weather API,"Casalecchio di Reno, Bologna, Italy",44.4756,11.2759
2020-11-15T22:00:00+00:00,10.100,9.600,Open-Meteo Historical Weather API,"Casalecchio di Reno, Bologna, Italy",44.4756,11.2759
2020-11-15T23:00:00+00:00,9.900,9.600,Open-Meteo Historical Weather API,"Casalecchio di Reno, Bologna, Italy",44.4756,11.2759
2020-11-16T00:00:00+00:00,9.800,9.500,Open-Meteo Historical Weather API,"Casalecchio di Reno, Bologna, Italy",44.4756,11.2759
2020-11-16T01:00:00+00:00,9.000,9.000,Open-Meteo Historical Weather API,"Casalecchio di Reno, Bologna, Italy",44.4756,11.2759
2020-11-16T02:00:00+00:00,9.600,9.500,Open-Meteo Historical Weather API,"Casalecchio di Reno, Bologna, Italy",44.4756,11.2759
2020-11-16T03:00:00+00:00,9.900,9.700,Open-Meteo Historical Weather API,"Casalecchio di Reno, Bologna, Italy",44.4756,11.2759
2020-11-16T04:00:00+00:00,10.000,9.900,Open-Meteo Historical Weather API,"Casalecchio di Reno, Bologna, Italy",44.4756,11.2759
2020-11-16T05:00:00+00:00,10.000,9.900,Open-Meteo Historical Weather API,"Casalecchio di Reno, Bologna, Italy",44.4756,11.2759
2020-11-16T06:00:00+00:00,10.100,10.100,Open-Meteo Historical Weather API,"Casalecchio di Reno, Bologna, Italy",44.4756,11.2759
2020-11-16T07:00:00+00:00,10.200,10.100,Open-Meteo Historical Weather API,"Casalecchio di Reno, Bologna, Italy",44.4756,11.2759
2020-11-16T08:00:00+00:00,10.400,10.200,Open-Meteo Historical Weather API,"Casalecchio di Reno, Bologna, Italy",44.4756,11.2759
2020-11-16T09:00:00+00:00,10.600,10.400,Open-Meteo Historical Weather API,"Casalecchio di Reno, Bologna, Italy",44.4756,11.2759
2020-11-16T10:00:00+00:00,10.900,9.900,Open-Meteo Historical Weather API,"Casalecchio di Reno, Bologna, Italy",44.4756,11.2759
2020-11-16T11:00:00+00:00,11.100,10.900,Open-Meteo Historical Weather API,"Casalecchio di Reno, Bologna, Italy",44.4756,11.2759
2020-11-16T12:00:00+00:00,10.700,9.800,Open-Meteo Historical Weather API,"Casalecchio di Reno, Bologna, Italy",44.4756,11.2759
2020-11-16T13:00:00+00:00,11.200,9.600,Open-Meteo Historical Weather API,"Casalecchio di Reno, Bologna, Italy",44.4756,11.2759
2020-11-16T14:00:00+00:00,12.200,9.800,Open-Meteo Historical Weather API,"Casalecchio di Reno, Bologna, Italy",44.4756,11.2759
2020-11-16T15:00:00+00:00,11.600,10.100,Open-Meteo Historical Weather API,"Casalecchio di Reno, Bologna, Italy",44.4756,11.2759
2020-11-16T16:00:00+00:00,11.400,10.200,Open-Meteo Historical Weather API,"Casalecchio di Reno, Bologna, Italy",44.4756,11.2759
2020-11-16T17:00:00+00:00,11.400,10.200,Open-Meteo Historical Weather API,"Casalecchio di Reno, Bologna, Italy",44.4756,11.2759
2020-11-16T18:00:00+00:00,11.100,10.100,Open-Meteo Historical Weather API,"Casalecchio di Reno, Bologna, Italy",44.4756,11.2759
2020-11-16T19:00:00+00:00,10.900,10.100,Open-Meteo Historical Weather API,"Casalecchio di Reno, Bologna, Italy",44.4756,11.2759
2020-11-16T20:00:00+00:00,10.500,9.800,Open-Meteo Historical Weather API,"Casalecchio di Reno, Bologna, Italy",44.4756,11.2759
2020-11-16T21:00:00+00:00,10.700,9.600,Open-Meteo Historical Weather API,"Casalecchio di Reno, Bologna, Italy",44.4756,11.2759
2020-11-16T22:00:00+00:00,9.600,8.900,Open-Meteo Historical Weather API,"Casalecchio di Reno, Bologna, Italy",44.4756,11.2759
2020-11-16T23:00:00+00:00,9.800,9.100,Open-Meteo Historical Weather API,"Casalecchio di Reno, Bologna, Italy",44.4756,11.2759
2020-11-17T00:00:00+00:00,10.600,10.000,Open-Meteo Historical Weather API,"Casalecchio di Reno, Bologna, Italy",44.4756,11.2759
2020-11-17T01:00:00+00:00,10.200,9.600,Open-Meteo Historical Weather API,"Casalecchio di Reno, Bologna, Italy",44.4756,11.2759
2020-11-17T02:00:00+00:00,9.600,9.100,Open-Meteo Historical Weather API,"Casalecchio di Reno, Bologna, Italy",44.4756,11.2759
2020-11-17T03:00:00+00:00,9.500,9.100,Open-Meteo Historical Weather API,"Casalecchio di Reno, Bologna, Italy",44.4756,11.2759
2020-11-17T04:00:00+00:00,8.700,8.500,Open-Meteo Historical Weather API,"Casalecchio di Reno, Bologna, Italy",44.4756,11.2759
2020-11-17T05:00:00+00:00,8.300,8.100,Open-Meteo Historical Weather API,"Casalecchio di Reno, Bologna, Italy",44.4756,11.2759
2020-11-17T06:00:00+00:00,7.900,7.900,Open-Meteo Historical Weather API,"Casalecchio di Reno, Bologna, Italy",44.4756,11.2759
2020-11-17T07:00:00+00:00,8.100,7.700,Open-Meteo Historical Weather API,"Casalecchio di Reno, Bologna, Italy",44.4756,11.2759
2020-11-17T08:00:00+00:00,9.200,8.100,Open-Meteo Historical Weather API,"Casalecchio di Reno, Bologna, Italy",44.4756,11.2759
2020-11-17T09:00:00+00:00,10.300,8.200,Open-Meteo Historical Weather API,"Casalecchio di Reno, Bologna, Italy",44.4756,11.2759
2020-11-17T10:00:00+00:00,11.500,8.100,Open-Meteo Historical Weather API,"Casalecchio di Reno, Bologna, Italy",44.4756,11.2759
2020-11-17T11:00:00+00:00,12.800,7.800,Open-Meteo Historical Weather API,"Casalecchio di Reno, Bologna, Italy",44.4756,11.2759
2020-11-17T12:00:00+00:00,13.800,7.900,Open-Meteo Historical Weather API,"Casalecchio di Reno, Bologna, Italy",44.4756,11.2759
2020-11-17T13:00:00+00:00,14.800,6.500,Open-Meteo Historical Weather API,"Casalecchio di Reno, Bologna, Italy",44.4756,11.2759
2020-11-17T14:00:00+00:00,14.700,6.100,Open-Meteo Historical Weather API,"Casalecchio di Reno, Bologna, Italy",44.4756,11.2759
2020-11-17T15:00:00+00:00,13.400,6.400,Open-Meteo Historical Weather API,"Casalecchio di Reno, Bologna, Italy",44.4756,11.2759
2020-11-17T16:00:00+00:00,10.100,5.800,Open-Meteo Historical Weather API,"Casalecchio di Reno, Bologna, Italy",44.4756,11.2759
2020-11-17T17:00:00+00:00,9.800,5.500,Open-Meteo Historical Weather API,"Casalecchio di Reno, Bologna, Italy",44.4756,11.2759
2020-11-17T18:00:00+00:00,8.600,5.300,Open-Meteo Historical Weather API,"Casalecchio di Reno, Bologna, Italy",44.4756,11.2759
2020-11-17T19:00:00+00:00,7.400,5.300,Open-Meteo Historical Weather API,"Casalecchio di Reno, Bologna, Italy",44.4756,11.2759
2020-11-17T20:00:00+00:00,7.100,5.200,Open-Meteo Historical Weather API,"Casalecchio di Reno, Bologna, Italy",44.4756,11.2759
2020-11-17T21:00:00+00:00,6.800,4.900,Open-Meteo Historical Weather API,"Casalecchio di Reno, Bologna, Italy",44.4756,11.2759
2020-11-17T22:00:00+00:00,6.800,4.800,Open-Meteo Historical Weather API,"Casalecchio di Reno, Bologna, Italy",44.4756,11.2759
2020-11-17T23:00:00+00:00,7.100,5.200,Open-Meteo Historical Weather API,"Casalecchio di Reno, Bologna, Italy",44.4756,11.2759
2020-11-18T00:00:00+00:00,7.700,5.800,Open-Meteo Historical Weather API,"Casalecchio di Reno, Bologna, Italy",44.4756,11.2759
2020-11-18T01:00:00+00:00,7.600,5.800,Open-Meteo Historical Weather API,"Casalecchio di Reno, Bologna, Italy",44.4756,11.2759
2020-11-18T02:00:00+00:00,7.400,5.500,Open-Meteo Historical Weather API,"Casalecchio di Reno, Bologna, Italy",44.4756,11.2759
2020-11-18T03:00:00+00:00,6.900,5.100,Open-Meteo Historical Weather API,"Casalecchio di Reno, Bologna, Italy",44.4756,11.2759
2020-11-18T04:00:00+00:00,6.900,4.800,Open-Meteo Historical Weather API,"Casalecchio di Reno, Bologna, Italy",44.4756,11.2759
2020-11-18T05:00:00+00:00,6.400,4.300,Open-Meteo Historical Weather API,"Casalecchio di Reno, Bologna, Italy",44.4756,11.2759
2020-11-18T06:00:00+00:00,5.900,3.900,Open-Meteo Historical Weather API,"Casalecchio di Reno, Bologna, Italy",44.4756,11.2759
2020-11-18T07:00:00+00:00,7.100,4.500,Open-Meteo Historical Weather API,"Casalecchio di Reno, Bologna, Italy",44.4756,11.2759
2020-11-18T08:00:00+00:00,9.900,6.200,Open-Meteo Historical Weather API,"Casalecchio di Reno, Bologna, Italy",44.4756,11.2759
2020-11-18T09:00:00+00:00,11.900,6.200,Open-Meteo Historical Weather API,"Casalecchio di Reno, Bologna, Italy",44.4756,11.2759
2020-11-18T10:00:00+00:00,13.100,6.700,Open-Meteo Historical Weather API,"Casalecchio di Reno, Bologna, Italy",44.4756,11.2759
2020-11-18T11:00:00+00:00,14.000,6.700,Open-Meteo Historical Weather API,"Casalecchio di Reno, Bologna, Italy",44.4756,11.2759
2020-11-18T12:00:00+00:00,14.100,6.500,Open-Meteo Historical Weather API,"Casalecchio di Reno, Bologna, Italy",44.4756,11.2759
2020-11-18T13:00:00+00:00,14.200,6.700,Open-Meteo Historical Weather API,"Casalecchio di Reno, Bologna, Italy",44.4756,11.2759
2020-11-18T14:00:00+00:00,14.000,6.800,Open-Meteo Historical Weather API,"Casalecchio di Reno, Bologna, Italy",44.4756,11.2759
2020-11-18T15:00:00+00:00,12.600,7.900,Open-Meteo Historical Weather API,"Casalecchio di Reno, Bologna, Italy",44.4756,11.2759
2020-11-18T16:00:00+00:00,12.100,6.700,Open-Meteo Historical Weather API,"Casalecchio di Reno, Bologna, Italy",44.4756,11.2759
2020-11-18T17:00:00+00:00,7.900,5.800,Open-Meteo Historical Weather API,"Casalecchio di Reno, Bologna, Italy",44.4756,11.2759
2020-11-18T18:00:00+00:00,8.000,6.100,Open-Meteo Historical Weather API,"Casalecchio di Reno, Bologna, Italy",44.4756,11.2759
2020-11-18T19:00:00+00:00,6.900,5.600,Open-Meteo Historical Weather API,"Casalecchio di Reno, Bologna, Italy",44.4756,11.2759
2020-11-18T20:00:00+00:00,6.200,5.100,Open-Meteo Historical Weather API,"Casalecchio di Reno, Bologna, Italy",44.4756,11.2759
2020-11-18T21:00:00+00:00,5.300,4.600,Open-Meteo Historical Weather API,"Casalecchio di Reno, Bologna, Italy",44.4756,11.2759
2020-11-18T22:00:00+00:00,4.400,3.800,Open-Meteo Historical Weather API,"Casalecchio di Reno, Bologna, Italy",44.4756,11.2759
2020-11-18T23:00:00+00:00,4.000,3.300,Open-Meteo Historical Weather API,"Casalecchio di Reno, Bologna, Italy",44.4756,11.2759
2020-11-19T00:00:00+00:00,4.200,2.800,Open-Meteo Historical Weather API,"Casalecchio di Reno, Bologna, Italy",44.4756,11.2759
2020-11-19T01:00:00+00:00,4.000,2.000,Open-Meteo Historical Weather API,"Casalecchio di Reno, Bologna, Italy",44.4756,11.2759
2020-11-19T02:00:00+00:00,3.200,1.000,Open-Meteo Historical Weather API,"Casalecchio di Reno, Bologna, Italy",44.4756,11.2759
2020-11-19T03:00:00+00:00,2.500,0.300,Open-Meteo Historical Weather API,"Casalecchio di Reno, Bologna, Italy",44.4756,11.2759
2020-11-19T04:00:00+00:00,2.200,-0.200,Open-Meteo Historical Weather API,"Casalecchio di Reno, Bologna, Italy",44.4756,11.2759
2020-11-19T05:00:00+00:00,2.200,-0.400,Open-Meteo Historical Weather API,"Casalecchio di Reno, Bologna, Italy",44.4756,11.2759
2020-11-19T06:00:00+00:00,2.500,-0.600,Open-Meteo Historical Weather API,"Casalecchio di Reno, Bologna, Italy",44.4756,11.2759
2020-11-19T07:00:00+00:00,4.100,0.100,Open-Meteo Historical Weather API,"Casalecchio di Reno, Bologna, Italy",44.4756,11.2759
2020-11-19T08:00:00+00:00,7.600,1.400,Open-Meteo Historical Weather API,"Casalecchio di Reno, Bologna, Italy",44.4756,11.2759
2020-11-19T09:00:00+00:00,9.900,2.200,Open-Meteo Historical Weather API,"Casalecchio di Reno, Bologna, Italy",44.4756,11.2759
2020-11-19T10:00:00+00:00,11.600,3.500,Open-Meteo Historical Weather API,"Casalecchio di Reno, Bologna, Italy",44.4756,11.2759
2020-11-19T11:00:00+00:00,12.400,4.400,Open-Meteo Historical Weather API,"Casalecchio di Reno, Bologna, Italy",44.4756,11.2759
2020-11-19T12:00:00+00:00,12.300,5.400,Open-Meteo Historical Weather API,"Casalecchio di Reno, Bologna, Italy",44.4756,11.2759
2020-11-19T13:00:00+00:00,12.500,5.700,Open-Meteo Historical Weather API,"Casalecchio di Reno, Bologna, Italy",44.4756,11.2759
2020-11-19T14:00:00+00:00,12.100,5.700,Open-Meteo Historical Weather API,"Casalecchio di Reno, Bologna, Italy",44.4756,11.2759
2020-11-19T15:00:00+00:00,10.400,7.400,Open-Meteo Historical Weather API,"Casalecchio di Reno, Bologna, Italy",44.4756,11.2759
2020-11-19T16:00:00+00:00,8.000,5.500,Open-Meteo Historical Weather API,"Casalecchio di Reno, Bologna, Italy",44.4756,11.2759
2020-11-19T17:00:00+00:00,6.800,5.200,Open-Meteo Historical Weather API,"Casalecchio di Reno, Bologna, Italy",44.4756,11.2759
2020-11-19T18:00:00+00:00,6.900,4.600,Open-Meteo Historical Weather API,"Casalecchio di Reno, Bologna, Italy",44.4756,11.2759
2020-11-19T19:00:00+00:00,5.800,4.100,Open-Meteo Historical Weather API,"Casalecchio di Reno, Bologna, Italy",44.4756,11.2759
2020-11-19T20:00:00+00:00,5.700,3.900,Open-Meteo Historical Weather API,"Casalecchio di Reno, Bologna, Italy",44.4756,11.2759
2020-11-19T21:00:00+00:00,5.100,3.600,Open-Meteo Historical Weather API,"Casalecchio di Reno, Bologna, Italy",44.4756,11.2759
2020-11-19T22:00:00+00:00,5.300,3.900,Open-Meteo Historical Weather API,"Casalecchio di Reno, Bologna, Italy",44.4756,11.2759
2020-11-19T23:00:00+00:00,5.100,4.100,Open-Meteo Historical Weather API,"Casalecchio di Reno, Bologna, Italy",44.4756,11.2759
2020-11-20T00:00:00+00:00,4.900,3.600,Open-Meteo Historical Weather API,"Casalecchio di Reno, Bologna, Italy",44.4756,11.2759
2020-11-20T01:00:00+00:00,6.400,4.200,Open-Meteo Historical Weather API,"Casalecchio di Reno, Bologna, Italy",44.4756,11.2759
2020-11-20T02:00:00+00:00,5.200,3.800,Open-Meteo Historical Weather API,"Casalecchio di Reno, Bologna, Italy",44.4756,11.2759
2020-11-20T03:00:00+00:00,5.400,4.200,Open-Meteo Historical Weather API,"Casalecchio di Reno, Bologna, Italy",44.4756,11.2759
2020-11-20T04:00:00+00:00,5.700,5.200,Open-Meteo Historical Weather API,"Casalecchio di Reno, Bologna, Italy",44.4756,11.2759
2020-11-20T05:00:00+00:00,7.600,6.100,Open-Meteo Historical Weather API,"Casalecchio di Reno, Bologna, Italy",44.4756,11.2759
2020-11-20T06:00:00+00:00,8.500,6.200,Open-Meteo Historical Weather API,"Casalecchio di Reno, Bologna, Italy",44.4756,11.2759
2020-11-20T07:00:00+00:00,8.600,5.800,Open-Meteo Historical Weather API,"Casalecchio di Reno, Bologna, Italy",44.4756,11.2759
2020-11-20T08:00:00+00:00,8.300,6.000,Open-Meteo Historical Weather API,"Casalecchio di Reno, Bologna, Italy",44.4756,11.2759
2020-11-20T09:00:00+00:00,8.600,5.900,Open-Meteo Historical Weather API,"Casalecchio di Reno, Bologna, Italy",44.4756,11.2759
2020-11-20T10:00:00+00:00,9.600,5.600,Open-Meteo Historical Weather API,"Casalecchio di Reno, Bologna, Italy",44.4756,11.2759
2020-11-20T11:00:00+00:00,10.800,6.600,Open-Meteo Historical Weather API,"Casalecchio di Reno, Bologna, Italy",44.4756,11.2759
2020-11-20T12:00:00+00:00,11.600,7.200,Open-Meteo Historical Weather API,"Casalecchio di Reno, Bologna, Italy",44.4756,11.2759
2020-11-20T13:00:00+00:00,10.700,6.700,Open-Meteo Historical Weather API,"Casalecchio di Reno, Bologna, Italy",44.4756,11.2759
2020-11-20T14:00:00+00:00,11.100,6.200,Open-Meteo Historical Weather API,"Casalecchio di Reno, Bologna, Italy",44.4756,11.2759
2020-11-20T15:00:00+00:00,10.400,6.400,Open-Meteo Historical Weather API,"Casalecchio di Reno, Bologna, Italy",44.4756,11.2759
2020-11-20T16:00:00+00:00,8.900,6.200,Open-Meteo Historical Weather API,"Casalecchio di Reno, Bologna, Italy",44.4756,11.2759
2020-11-20T17:00:00+00:00,8.600,5.500,Open-Meteo Historical Weather API,"Casalecchio di Reno, Bologna, Italy",44.4756,11.2759
2020-11-20T18:00:00+00:00,8.600,3.800,Open-Meteo Historical Weather API,"Casalecchio di Reno, Bologna, Italy",44.4756,11.2759
2020-11-20T19:00:00+00:00,9.100,1.900,Open-Meteo Historical Weather API,"Casalecchio di Reno, Bologna, Italy",44.4756,11.2759
2020-11-20T20:00:00+00:00,8.900,1.500,Open-Meteo Historical Weather API,"Casalecchio di Reno, Bologna, Italy",44.4756,11.2759
2020-11-20T21:00:00+00:00,8.500,0.800,Open-Meteo Historical Weather API,"Casalecchio di Reno, Bologna, Italy",44.4756,11.2759
2020-11-20T22:00:00+00:00,8.100,-0.600,Open-Meteo Historical Weather API,"Casalecchio di Reno, Bologna, Italy",44.4756,11.2759
2020-11-20T23:00:00+00:00,7.800,-2.400,Open-Meteo Historical Weather API,"Casalecchio di Reno, Bologna, Italy",44.4756,11.2759
2020-11-21T00:00:00+00:00,8.200,-2.100,Open-Meteo Historical Weather API,"Casalecchio di Reno, Bologna, Italy",44.4756,11.2759
2020-11-21T01:00:00+00:00,7.800,-1.700,Open-Meteo Historical Weather API,"Casalecchio di Reno, Bologna, Italy",44.4756,11.2759
2020-11-21T02:00:00+00:00,7.300,-3.000,Open-Meteo Historical Weather API,"Casalecchio di Reno, Bologna, Italy",44.4756,11.2759
2020-11-21T03:00:00+00:00,7.000,-2.800,Open-Meteo Historical Weather API,"Casalecchio di Reno, Bologna, Italy",44.4756,11.2759
2020-11-21T04:00:00+00:00,6.700,-2.300,Open-Meteo Historical Weather API,"Casalecchio di Reno, Bologna, Italy",44.4756,11.2759
2020-11-21T05:00:00+00:00,6.100,-2.500,Open-Meteo Historical Weather API,"Casalecchio di Reno, Bologna, Italy",44.4756,11.2759
2020-11-21T06:00:00+00:00,5.400,-2.800,Open-Meteo Historical Weather API,"Casalecchio di Reno, Bologna, Italy",44.4756,11.2759
2020-11-21T07:00:00+00:00,5.200,-2.400,Open-Meteo Historical Weather API,"Casalecchio di Reno, Bologna, Italy",44.4756,11.2759
2020-11-21T08:00:00+00:00,6.800,-0.400,Open-Meteo Historical Weather API,"Casalecchio di Reno, Bologna, Italy",44.4756,11.2759
2020-11-21T09:00:00+00:00,8.100,-0.300,Open-Meteo Historical Weather API,"Casalecchio di Reno, Bologna, Italy",44.4756,11.2759
2020-11-21T10:00:00+00:00,8.700,-1.500,Open-Meteo Historical Weather API,"Casalecchio di Reno, Bologna, Italy",44.4756,11.2759
2020-11-21T11:00:00+00:00,8.900,-2.000,Open-Meteo Historical Weather API,"Casalecchio di Reno, Bologna, Italy",44.4756,11.2759
2020-11-21T12:00:00+00:00,9.800,-3.700,Open-Meteo Historical Weather API,"Casalecchio di Reno, Bologna, Italy",44.4756,11.2759
2020-11-21T13:00:00+00:00,9.500,-4.100,Open-Meteo Historical Weather API,"Casalecchio di Reno, Bologna, Italy",44.4756,11.2759
2020-11-21T14:00:00+00:00,9.100,-3.800,Open-Meteo Historical Weather API,"Casalecchio di Reno, Bologna, Italy",44.4756,11.2759
2020-11-21T15:00:00+00:00,8.100,-2.800,Open-Meteo Historical Weather API,"Casalecchio di Reno, Bologna, Italy",44.4756,11.2759
2020-11-21T16:00:00+00:00,6.500,-2.900,Open-Meteo Historical Weather API,"Casalecchio di Reno, Bologna, Italy",44.4756,11.2759
2020-11-21T17:00:00+00:00,5.100,-2.500,Open-Meteo Historical Weather API,"Casalecchio di Reno, Bologna, Italy",44.4756,11.2759
2020-11-21T18:00:00+00:00,4.200,-2.500,Open-Meteo Historical Weather API,"Casalecchio di Reno, Bologna, Italy",44.4756,11.2759
2020-11-21T19:00:00+00:00,3.100,-2.500,Open-Meteo Historical Weather API,"Casalecchio di Reno, Bologna, Italy",44.4756,11.2759
2020-11-21T20:00:00+00:00,2.600,-2.600,Open-Meteo Historical Weather API,"Casalecchio di Reno, Bologna, Italy",44.4756,11.2759
2020-11-21T21:00:00+00:00,2.100,-3.000,Open-Meteo Historical Weather API,"Casalecchio di Reno, Bologna, Italy",44.4756,11.2759
2020-11-21T22:00:00+00:00,1.800,-3.500,Open-Meteo Historical Weather API,"Casalecchio di Reno, Bologna, Italy",44.4756,11.2759
2020-11-21T23:00:00+00:00,1.100,-3.500,Open-Meteo Historical Weather API,"Casalecchio di Reno, Bologna, Italy",44.4756,11.2759
2020-11-22T00:00:00+00:00,1.200,-4.400,Open-Meteo Historical Weather API,"Casalecchio di Reno, Bologna, Italy",44.4756,11.2759
2020-11-22T01:00:00+00:00,1.100,-4.400,Open-Meteo Historical Weather API,"Casalecchio di Reno, Bologna, Italy",44.4756,11.2759
2020-11-22T02:00:00+00:00,0.800,-4.400,Open-Meteo Historical Weather API,"Casalecchio di Reno, Bologna, Italy",44.4756,11.2759
2020-11-22T03:00:00+00:00,0.600,-4.700,Open-Meteo Historical Weather API,"Casalecchio di Reno, Bologna, Italy",44.4756,11.2759
2020-11-22T04:00:00+00:00,0.400,-4.800,Open-Meteo Historical Weather API,"Casalecchio di Reno, Bologna, Italy",44.4756,11.2759
2020-11-22T05:00:00+00:00,0.200,-4.600,Open-Meteo Historical Weather API,"Casalecchio di Reno, Bologna, Italy",44.4756,11.2759
2020-11-22T06:00:00+00:00,-0.100,-4.200,Open-Meteo Historical Weather API,"Casalecchio di Reno, Bologna, Italy",44.4756,11.2759
2020-11-22T07:00:00+00:00,1.600,-3.700,Open-Meteo Historical Weather API,"Casalecchio di Reno, Bologna, Italy",44.4756,11.2759
2020-11-22T08:00:00+00:00,3.700,-2.500,Open-Meteo Historical Weather API,"Casalecchio di Reno, Bologna, Italy",44.4756,11.2759
2020-11-22T09:00:00+00:00,5.400,-2.700,Open-Meteo Historical Weather API,"Casalecchio di Reno, Bologna, Italy",44.4756,11.2759
2020-11-22T10:00:00+00:00,6.700,-2.800,Open-Meteo Historical Weather API,"Casalecchio di Reno, Bologna, Italy",44.4756,11.2759
2020-11-22T11:00:00+00:00,7.400,-2.500,Open-Meteo Historical Weather API,"Casalecchio di Reno, Bologna, Italy",44.4756,11.2759
2020-11-22T12:00:00+00:00,7.400,-3.900,Open-Meteo Historical Weather API,"Casalecchio di Reno, Bologna, Italy",44.4756,11.2759
2020-11-22T13:00:00+00:00,7.800,-5.600,Open-Meteo Historical Weather API,"Casalecchio di Reno, Bologna, Italy",44.4756,11.2759
2020-11-22T14:00:00+00:00,7.700,-6.100,Open-Meteo Historical Weather API,"Casalecchio di Reno, Bologna, Italy",44.4756,11.2759
2020-11-22T15:00:00+00:00,6.100,-1.000,Open-Meteo Historical Weather API,"Casalecchio di Reno, Bologna, Italy",44.4756,11.2759
2020-11-22T16:00:00+00:00,3.100,-4.600,Open-Meteo Historical Weather API,"Casalecchio di Reno, Bologna, Italy",44.4756,11.2759
2020-11-22T17:00:00+00:00,3.300,-5.400,Open-Meteo Historical Weather API,"Casalecchio di Reno, Bologna, Italy",44.4756,11.2759
2020-11-22T18:00:00+00:00,2.700,-5.400,Open-Meteo Historical Weather API,"Casalecchio di Reno, Bologna, Italy",44.4756,11.2759
2020-11-22T19:00:00+00:00,1.100,-5.100,Open-Meteo Historical Weather API,"Casalecchio di Reno, Bologna, Italy",44.4756,11.2759
2020-11-22T20:00:00+00:00,0.000,-4.800,Open-Meteo Historical Weather API,"Casalecchio di Reno, Bologna, Italy",44.4756,11.2759
2020-11-22T21:00:00+00:00,-0.600,-4.900,Open-Meteo Historical Weather API,"Casalecchio di Reno, Bologna, Italy",44.4756,11.2759
2020-11-22T22:00:00+00:00,-1.000,-5.000,Open-Meteo Historical Weather API,"Casalecchio di Reno, Bologna, Italy",44.4756,11.2759
2020-11-22T23:00:00+00:00,-1.500,-5.000,Open-Meteo Historical Weather API,"Casalecchio di Reno, Bologna, Italy",44.4756,11.2759
2020-11-23T00:00:00+00:00,1.200,-4.900,Open-Meteo Historical Weather API,"Casalecchio di Reno, Bologna, Italy",44.4756,11.2759
2020-11-23T01:00:00+00:00,1.400,-3.500,Open-Meteo Historical Weather API,"Casalecchio di Reno, Bologna, Italy",44.4756,11.2759
2020-11-23T02:00:00+00:00,1.300,-2.500,Open-Meteo Historical Weather API,"Casalecchio di Reno, Bologna, Italy",44.4756,11.2759
2020-11-23T03:00:00+00:00,0.900,-2.500,Open-Meteo Historical Weather API,"Casalecchio di Reno, Bologna, Italy",44.4756,11.2759
2020-11-23T04:00:00+00:00,0.300,-2.500,Open-Meteo Historical Weather API,"Casalecchio di Reno, Bologna, Italy",44.4756,11.2759
2020-11-23T05:00:00+00:00,-0.300,-2.700,Open-Meteo Historical Weather API,"Casalecchio di Reno, Bologna, Italy",44.4756,11.2759
2020-11-23T06:00:00+00:00,-0.900,-2.700,Open-Meteo Historical Weather API,"Casalecchio di Reno, Bologna, Italy",44.4756,11.2759
2020-11-23T07:00:00+00:00,0.800,-2.600,Open-Meteo Historical Weather API,"Casalecchio di Reno, Bologna, Italy",44.4756,11.2759
2020-11-23T08:00:00+00:00,4.000,-1.100,Open-Meteo Historical Weather API,"Casalecchio di Reno, Bologna, Italy",44.4756,11.2759
2020-11-23T09:00:00+00:00,6.700,0.200,Open-Meteo Historical Weather API,"Casalecchio di Reno, Bologna, Italy",44.4756,11.2759
2020-11-23T10:00:00+00:00,8.400,0.300,Open-Meteo Historical Weather API,"Casalecchio di Reno, Bologna, Italy",44.4756,11.2759
2020-11-23T11:00:00+00:00,9.300,0.500,Open-Meteo Historical Weather API,"Casalecchio di Reno, Bologna, Italy",44.4756,11.2759
2020-11-23T12:00:00+00:00,8.800,0.600,Open-Meteo Historical Weather API,"Casalecchio di Reno, Bologna, Italy",44.4756,11.2759
2020-11-23T13:00:00+00:00,8.800,-0.200,Open-Meteo Historical Weather API,"Casalecchio di Reno, Bologna, Italy",44.4756,11.2759
2020-11-23T14:00:00+00:00,8.600,-0.400,Open-Meteo Historical Weather API,"Casalecchio di Reno, Bologna, Italy",44.4756,11.2759
2020-11-23T15:00:00+00:00,6.300,2.000,Open-Meteo Historical Weather API,"Casalecchio di Reno, Bologna, Italy",44.4756,11.2759
2020-11-23T16:00:00+00:00,4.700,-0.600,Open-Meteo Historical Weather API,"Casalecchio di Reno, Bologna, Italy",44.4756,11.2759
2020-11-23T17:00:00+00:00,3.000,-0.500,Open-Meteo Historical Weather API,"Casalecchio di Reno, Bologna, Italy",44.4756,11.2759
2020-11-23T18:00:00+00:00,2.300,-0.100,Open-Meteo Historical Weather API,"Casalecchio di Reno, Bologna, Italy",44.4756,11.2759
2020-11-23T19:00:00+00:00,2.000,0.200,Open-Meteo Historical Weather API,"Casalecchio di Reno, Bologna, Italy",44.4756,11.2759
2020-11-23T20:00:00+00:00,1.900,0.100,Open-Meteo Historical Weather API,"Casalecchio di Reno, Bologna, Italy",44.4756,11.2759
2020-11-23T21:00:00+00:00,2.700,0.900,Open-Meteo Historical Weather API,"Casalecchio di Reno, Bologna, Italy",44.4756,11.2759
2020-11-23T22:00:00+00:00,1.900,0.500,Open-Meteo Historical Weather API,"Casalecchio di Reno, Bologna, Italy",44.4756,11.2759
2020-11-23T23:00:00+00:00,1.400,-0.100,Open-Meteo Historical Weather API,"Casalecchio di Reno, Bologna, Italy",44.4756,11.2759
2020-11-24T00:00:00+00:00,2.500,0.200,Open-Meteo Historical Weather API,"Casalecchio di Reno, Bologna, Italy",44.4756,11.2759
2020-11-24T01:00:00+00:00,2.200,-0.700,Open-Meteo Historical Weather API,"Casalecchio di Reno, Bologna, Italy",44.4756,11.2759
2020-11-24T02:00:00+00:00,1.900,-1.600,Open-Meteo Historical Weather API,"Casalecchio di Reno, Bologna, Italy",44.4756,11.2759
2020-11-24T03:00:00+00:00,2.400,-2.000,Open-Meteo Historical Weather API,"Casalecchio di Reno, Bologna, Italy",44.4756,11.2759
2020-11-24T04:00:00+00:00,3.100,-2.100,Open-Meteo Historical Weather API,"Casalecchio di Reno, Bologna, Italy",44.4756,11.2759
2020-11-24T05:00:00+00:00,3.500,-2.200,Open-Meteo Historical Weather API,"Casalecchio di Reno, Bologna, Italy",44.4756,11.2759
2020-11-24T06:00:00+00:00,3.200,-2.000,Open-Meteo Historical Weather API,"Casalecchio di Reno, Bologna, Italy",44.4756,11.2759
2020-11-24T07:00:00+00:00,3.500,-2.000,Open-Meteo Historical Weather API,"Casalecchio di Reno, Bologna, Italy",44.4756,11.2759
2020-11-24T08:00:00+00:00,5.100,-2.200,Open-Meteo Historical Weather API,"Casalecchio di Reno, Bologna, Italy",44.4756,11.2759
2020-11-24T09:00:00+00:00,6.200,-1.900,Open-Meteo Historical Weather API,"Casalecchio di Reno, Bologna, Italy",44.4756,11.2759
2020-11-24T10:00:00+00:00,6.800,-1.300,Open-Meteo Historical Weather API,"Casalecchio di Reno, Bologna, Italy",44.4756,11.2759
2020-11-24T11:00:00+00:00,7.900,-0.800,Open-Meteo Historical Weather API,"Casalecchio di Reno, Bologna, Italy",44.4756,11.2759
2020-11-24T12:00:00+00:00,8.400,1.100,Open-Meteo Historical Weather API,"Casalecchio di Reno, Bologna, Italy",44.4756,11.2759
2020-11-24T13:00:00+00:00,8.700,1.400,Open-Meteo Historical Weather API,"Casalecchio di Reno, Bologna, Italy",44.4756,11.2759
2020-11-24T14:00:00+00:00,8.400,1.700,Open-Meteo Historical Weather API,"Casalecchio di Reno, Bologna, Italy",44.4756,11.2759
2020-11-24T15:00:00+00:00,7.300,3.900,Open-Meteo Historical Weather API,"Casalecchio di Reno, Bologna, Italy",44.4756,11.2759
2020-11-24T16:00:00+00:00,4.200,1.600,Open-Meteo Historical Weather API,"Casalecchio di Reno, Bologna, Italy",44.4756,11.2759
2020-11-24T17:00:00+00:00,4.900,1.500,Open-Meteo Historical Weather API,"Casalecchio di Reno, Bologna, Italy",44.4756,11.2759
2020-11-24T18:00:00+00:00,4.400,1.400,Open-Meteo Historical Weather API,"Casalecchio di Reno, Bologna, Italy",44.4756,11.2759
2020-11-24T19:00:00+00:00,3.900,1.400,Open-Meteo Historical Weather API,"Casalecchio di Reno, Bologna, Italy",44.4756,11.2759
2020-11-24T20:00:00+00:00,3.500,1.400,Open-Meteo Historical Weather API,"Casalecchio di Reno, Bologna, Italy",44.4756,11.2759
2020-11-24T21:00:00+00:00,4.000,1.500,Open-Meteo Historical Weather API,"Casalecchio di Reno, Bologna, Italy",44.4756,11.2759
2020-11-24T22:00:00+00:00,3.800,1.500,Open-Meteo Historical Weather API,"Casalecchio di Reno, Bologna, Italy",44.4756,11.2759
2020-11-24T23:00:00+00:00,3.300,1.400,Open-Meteo Historical Weather API,"Casalecchio di Reno, Bologna, Italy",44.4756,11.2759
2020-11-25T00:00:00+00:00,2.800,1.300,Open-Meteo Historical Weather API,"Casalecchio di Reno, Bologna, Italy",44.4756,11.2759
2020-11-25T01:00:00+00:00,2.200,0.800,Open-Meteo Historical Weather API,"Casalecchio di Reno, Bologna, Italy",44.4756,11.2759
2020-11-25T02:00:00+00:00,1.700,0.400,Open-Meteo Historical Weather API,"Casalecchio di Reno, Bologna, Italy",44.4756,11.2759
2020-11-25T03:00:00+00:00,1.400,0.200,Open-Meteo Historical Weather API,"Casalecchio di Reno, Bologna, Italy",44.4756,11.2759
2020-11-25T04:00:00+00:00,1.100,0.100,Open-Meteo Historical Weather API,"Casalecchio di Reno, Bologna, Italy",44.4756,11.2759
2020-11-25T05:00:00+00:00,0.900,-0.100,Open-Meteo Historical Weather API,"Casalecchio di Reno, Bologna, Italy",44.4756,11.2759
2020-11-25T06:00:00+00:00,0.800,-0.200,Open-Meteo Historical Weather API,"Casalecchio di Reno, Bologna, Italy",44.4756,11.2759
2020-11-25T07:00:00+00:00,1.000,0.200,Open-Meteo Historical Weather API,"Casalecchio di Reno, Bologna, Italy",44.4756,11.2759
2020-11-25T08:00:00+00:00,4.800,2.400,Open-Meteo Historical Weather API,"Casalecchio di Reno, Bologna, Italy",44.4756,11.2759
2020-11-25T09:00:00+00:00,7.500,3.300,Open-Meteo Historical Weather API,"Casalecchio di Reno, Bologna, Italy",44.4756,11.2759
2020-11-25T10:00:00+00:00,8.700,3.800,Open-Meteo Historical Weather API,"Casalecchio di Reno, Bologna, Italy",44.4756,11.2759
2020-11-25T11:00:00+00:00,9.500,4.100,Open-Meteo Historical Weather API,"Casalecchio di Reno, Bologna, Italy",44.4756,11.2759
2020-11-25T12:00:00+00:00,9.800,5.100,Open-Meteo Historical Weather API,"Casalecchio di Reno, Bologna, Italy",44.4756,11.2759
2020-11-25T13:00:00+00:00,9.900,4.700,Open-Meteo Historical Weather API,"Casalecchio di Reno, Bologna, Italy",44.4756,11.2759
2020-11-25T14:00:00+00:00,9.600,4.400,Open-Meteo Historical Weather API,"Casalecchio di Reno, Bologna, Italy",44.4756,11.2759
2020-11-25T15:00:00+00:00,8.300,4.700,Open-Meteo Historical Weather API,"Casalecchio di Reno, Bologna, Italy",44.4756,11.2759
2020-11-25T16:00:00+00:00,8.200,3.900,Open-Meteo Historical Weather API,"Casalecchio di Reno, Bologna, Italy",44.4756,11.2759
2020-11-25T17:00:00+00:00,4.900,2.800,Open-Meteo Historical Weather API,"Casalecchio di Reno, Bologna, Italy",44.4756,11.2759
2020-11-25T18:00:00+00:00,4.500,3.000,Open-Meteo Historical Weather API,"Casalecchio di Reno, Bologna, Italy",44.4756,11.2759
2020-11-25T19:00:00+00:00,3.200,2.500,Open-Meteo Historical Weather API,"Casalecchio di Reno, Bologna, Italy",44.4756,11.2759
2020-11-25T20:00:00+00:00,2.000,1.500,Open-Meteo Historical Weather API,"Casalecchio di Reno, Bologna, Italy",44.4756,11.2759
2020-11-25T21:00:00+00:00,1.600,1.000,Open-Meteo Historical Weather API,"Casalecchio di Reno, Bologna, Italy",44.4756,11.2759
2020-11-25T22:00:00+00:00,1.400,0.600,Open-Meteo Historical Weather API,"Casalecchio di Reno, Bologna, Italy",44.4756,11.2759
2020-11-25T23:00:00+00:00,1.100,0.400,Open-Meteo Historical Weather API,"Casalecchio di Reno, Bologna, Italy",44.4756,11.2759
2020-11-26T00:00:00+00:00,1.100,0.400,Open-Meteo Historical Weather API,"Casalecchio di Reno, Bologna, Italy",44.4756,11.2759
2020-11-26T01:00:00+00:00,0.800,0.100,Open-Meteo Historical Weather API,"Casalecchio di Reno, Bologna, Italy",44.4756,11.2759
2020-11-26T02:00:00+00:00,1.000,0.400,Open-Meteo Historical Weather API,"Casalecchio di Reno, Bologna, Italy",44.4756,11.2759
2020-11-26T03:00:00+00:00,1.800,1.600,Open-Meteo Historical Weather API,"Casalecchio di Reno, Bologna, Italy",44.4756,11.2759
2020-11-26T04:00:00+00:00,1.900,1.800,Open-Meteo Historical Weather API,"Casalecchio di Reno, Bologna, Italy",44.4756,11.2759
2020-11-26T05:00:00+00:00,1.800,1.700,Open-Meteo Historical Weather API,"Casalecchio di Reno, Bologna, Italy",44.4756,11.2759
2020-11-26T06:00:00+00:00,2.200,2.000,Open-Meteo Historical Weather API,"Casalecchio di Reno, Bologna, Italy",44.4756,11.2759
2020-11-26T07:00:00+00:00,2.300,2.200,Open-Meteo Historical Weather API,"Casalecchio di Reno, Bologna, Italy",44.4756,11.2759
2020-11-26T08:00:00+00:00,4.300,3.200,Open-Meteo Historical Weather API,"Casalecchio di Reno, Bologna, Italy",44.4756,11.2759
2020-11-26T09:00:00+00:00,6.400,4.200,Open-Meteo Historical Weather API,"Casalecchio di Reno, Bologna, Italy",44.4756,11.2759
2020-11-26T10:00:00+00:00,7.900,4.900,Open-Meteo Historical Weather API,"Casalecchio di Reno, Bologna, Italy",44.4756,11.2759
2020-11-26T11:00:00+00:00,9.100,5.200,Open-Meteo Historical Weather API,"Casalecchio di Reno, Bologna, Italy",44.4756,11.2759
2020-11-26T12:00:00+00:00,8.400,5.600,Open-Meteo Historical Weather API,"Casalecchio di Reno, Bologna, Italy",44.4756,11.2759
2020-11-26T13:00:00+00:00,8.600,5.700,Open-Meteo Historical Weather API,"Casalecchio di Reno, Bologna, Italy",44.4756,11.2759
2020-11-26T14:00:00+00:00,8.700,5.800,Open-Meteo Historical Weather API,"Casalecchio di Reno, Bologna, Italy",44.4756,11.2759
2020-11-26T15:00:00+00:00,8.400,6.100,Open-Meteo Historical Weather API,"Casalecchio di Reno, Bologna, Italy",44.4756,11.2759
2020-11-26T16:00:00+00:00,6.300,5.400,Open-Meteo Historical Weather API,"Casalecchio di Reno, Bologna, Italy",44.4756,11.2759
2020-11-26T17:00:00+00:00,6.800,5.500,Open-Meteo Historical Weather API,"Casalecchio di Reno, Bologna, Italy",44.4756,11.2759
2020-11-26T18:00:00+00:00,3.800,3.600,Open-Meteo Historical Weather API,"Casalecchio di Reno, Bologna, Italy",44.4756,11.2759
2020-11-26T19:00:00+00:00,3.700,3.300,Open-Meteo Historical Weather API,"Casalecchio di Reno, Bologna, Italy",44.4756,11.2759
2020-11-26T20:00:00+00:00,3.000,2.800,Open-Meteo Historical Weather API,"Casalecchio di Reno, Bologna, Italy",44.4756,11.2759
2020-11-26T21:00:00+00:00,3.000,2.800,Open-Meteo Historical Weather API,"Casalecchio di Reno, Bologna, Italy",44.4756,11.2759
2020-11-26T22:00:00+00:00,3.800,3.800,Open-Meteo Historical Weather API,"Casalecchio di Reno, Bologna, Italy",44.4756,11.2759
2020-11-26T23:00:00+00:00,4.600,3.900,Open-Meteo Historical Weather API,"Casalecchio di Reno, Bologna, Italy",44.4756,11.2759
2020-11-27T00:00:00+00:00,4.600,4.000,Open-Meteo Historical Weather API,"Casalecchio di Reno, Bologna, Italy",44.4756,11.2759
2020-11-27T01:00:00+00:00,4.600,4.200,Open-Meteo Historical Weather API,"Casalecchio di Reno, Bologna, Italy",44.4756,11.2759
2020-11-27T02:00:00+00:00,4.900,4.700,Open-Meteo Historical Weather API,"Casalecchio di Reno, Bologna, Italy",44.4756,11.2759
2020-11-27T03:00:00+00:00,4.900,4.800,Open-Meteo Historical Weather API,"Casalecchio di Reno, Bologna, Italy",44.4756,11.2759
2020-11-27T04:00:00+00:00,4.700,4.700,Open-Meteo Historical Weather API,"Casalecchio di Reno, Bologna, Italy",44.4756,11.2759
2020-11-27T05:00:00+00:00,4.600,4.600,Open-Meteo Historical Weather API,"Casalecchio di Reno, Bologna, Italy",44.4756,11.2759
2020-11-27T06:00:00+00:00,4.600,4.300,Open-Meteo Historical Weather API,"Casalecchio di Reno, Bologna, Italy",44.4756,11.2759
2020-11-27T07:00:00+00:00,4.700,4.100,Open-Meteo Historical Weather API,"Casalecchio di Reno, Bologna, Italy",44.4756,11.2759
2020-11-27T08:00:00+00:00,5.500,4.300,Open-Meteo Historical Weather API,"Casalecchio di Reno, Bologna, Italy",44.4756,11.2759
2020-11-27T09:00:00+00:00,6.100,4.800,Open-Meteo Historical Weather API,"Casalecchio di Reno, Bologna, Italy",44.4756,11.2759
2020-11-27T10:00:00+00:00,6.100,4.900,Open-Meteo Historical Weather API,"Casalecchio di Reno, Bologna, Italy",44.4756,11.2759
2020-11-27T11:00:00+00:00,6.200,5.000,Open-Meteo Historical Weather API,"Casalecchio di Reno, Bologna, Italy",44.4756,11.2759
2020-11-27T12:00:00+00:00,6.400,4.900,Open-Meteo Historical Weather API,"Casalecchio di Reno, Bologna, Italy",44.4756,11.2759
2020-11-27T13:00:00+00:00,6.700,4.800,Open-Meteo Historical Weather API,"Casalecchio di Reno, Bologna, Italy",44.4756,11.2759
2020-11-27T14:00:00+00:00,7.100,4.800,Open-Meteo Historical Weather API,"Casalecchio di Reno, Bologna, Italy",44.4756,11.2759
2020-11-27T15:00:00+00:00,6.800,4.500,Open-Meteo Historical Weather API,"Casalecchio di Reno, Bologna, Italy",44.4756,11.2759
2020-11-27T16:00:00+00:00,5.800,4.200,Open-Meteo Historical Weather API,"Casalecchio di Reno, Bologna, Italy",44.4756,11.2759
2020-11-27T17:00:00+00:00,5.500,4.200,Open-Meteo Historical Weather API,"Casalecchio di Reno, Bologna, Italy",44.4756,11.2759
2020-11-27T18:00:00+00:00,5.300,4.200,Open-Meteo Historical Weather API,"Casalecchio di Reno, Bologna, Italy",44.4756,11.2759
2020-11-27T19:00:00+00:00,5.600,4.200,Open-Meteo Historical Weather API,"Casalecchio di Reno, Bologna, Italy",44.4756,11.2759
2020-11-27T20:00:00+00:00,5.400,4.200,Open-Meteo Historical Weather API,"Casalecchio di Reno, Bologna, Italy",44.4756,11.2759
2020-11-27T21:00:00+00:00,5.300,4.200,Open-Meteo Historical Weather API,"Casalecchio di Reno, Bologna, Italy",44.4756,11.2759
2020-11-27T22:00:00+00:00,5.200,4.200,Open-Meteo Historical Weather API,"Casalecchio di Reno, Bologna, Italy",44.4756,11.2759
2020-11-27T23:00:00+00:00,5.200,4.300,Open-Meteo Historical Weather API,"Casalecchio di Reno, Bologna, Italy",44.4756,11.2759
2020-11-28T00:00:00+00:00,5.200,4.600,Open-Meteo Historical Weather API,"Casalecchio di Reno, Bologna, Italy",44.4756,11.2759
2020-11-28T01:00:00+00:00,5.200,4.400,Open-Meteo Historical Weather API,"Casalecchio di Reno, Bologna, Italy",44.4756,11.2759
2020-11-28T02:00:00+00:00,5.300,4.400,Open-Meteo Historical Weather API,"Casalecchio di Reno, Bologna, Italy",44.4756,11.2759
2020-11-28T03:00:00+00:00,5.500,4.600,Open-Meteo Historical Weather API,"Casalecchio di Reno, Bologna, Italy",44.4756,11.2759
2020-11-28T04:00:00+00:00,5.800,4.600,Open-Meteo Historical Weather API,"Casalecchio di Reno, Bologna, Italy",44.4756,11.2759
2020-11-28T05:00:00+00:00,5.800,4.700,Open-Meteo Historical Weather API,"Casalecchio di Reno, Bologna, Italy",44.4756,11.2759
2020-11-28T06:00:00+00:00,5.800,4.800,Open-Meteo Historical Weather API,"Casalecchio di Reno, Bologna, Italy",44.4756,11.2759
2020-11-28T07:00:00+00:00,5.700,4.900,Open-Meteo Historical Weather API,"Casalecchio di Reno, Bologna, Italy",44.4756,11.2759
2020-11-28T08:00:00+00:00,6.100,5.000,Open-Meteo Historical Weather API,"Casalecchio di Reno, Bologna, Italy",44.4756,11.2759
2020-11-28T09:00:00+00:00,6.400,5.200,Open-Meteo Historical Weather API,"Casalecchio di Reno, Bologna, Italy",44.4756,11.2759
2020-11-28T10:00:00+00:00,6.800,5.400,Open-Meteo Historical Weather API,"Casalecchio di Reno, Bologna, Italy",44.4756,11.2759
2020-11-28T11:00:00+00:00,7.200,5.700,Open-Meteo Historical Weather API,"Casalecchio di Reno, Bologna, Italy",44.4756,11.2759
2020-11-28T12:00:00+00:00,6.500,4.200,Open-Meteo Historical Weather API,"Casalecchio di Reno, Bologna, Italy",44.4756,11.2759
2020-11-28T13:00:00+00:00,6.600,4.400,Open-Meteo Historical Weather API,"Casalecchio di Reno, Bologna, Italy",44.4756,11.2759
2020-11-28T14:00:00+00:00,6.700,4.600,Open-Meteo Historical Weather API,"Casalecchio di Reno, Bologna, Italy",44.4756,11.2759
2020-11-28T15:00:00+00:00,6.700,4.800,Open-Meteo Historical Weather API,"Casalecchio di Reno, Bologna, Italy",44.4756,11.2759
2020-11-28T16:00:00+00:00,6.500,4.800,Open-Meteo Historical Weather API,"Casalecchio di Reno, Bologna, Italy",44.4756,11.2759
2020-11-28T17:00:00+00:00,6.300,5.100,Open-Meteo Historical Weather API,"Casalecchio di Reno, Bologna, Italy",44.4756,11.2759
2020-11-28T18:00:00+00:00,6.200,5.200,Open-Meteo Historical Weather API,"Casalecchio di Reno, Bologna, Italy",44.4756,11.2759
2020-11-28T19:00:00+00:00,6.200,5.400,Open-Meteo Historical Weather API,"Casalecchio di Reno, Bologna, Italy",44.4756,11.2759
2020-11-28T20:00:00+00:00,6.200,5.700,Open-Meteo Historical Weather API,"Casalecchio di Reno, Bologna, Italy",44.4756,11.2759
2020-11-28T21:00:00+00:00,6.400,5.700,Open-Meteo Historical Weather API,"Casalecchio di Reno, Bologna, Italy",44.4756,11.2759
2020-11-28T22:00:00+00:00,6.400,5.800,Open-Meteo Historical Weather API,"Casalecchio di Reno, Bologna, Italy",44.4756,11.2759
2020-11-28T23:00:00+00:00,6.500,5.800,Open-Meteo Historical Weather API,"Casalecchio di Reno, Bologna, Italy",44.4756,11.2759
2020-11-29T00:00:00+00:00,6.600,5.900,Open-Meteo Historical Weather API,"Casalecchio di Reno, Bologna, Italy",44.4756,11.2759
2020-11-29T01:00:00+00:00,7.100,6.300,Open-Meteo Historical Weather API,"Casalecchio di Reno, Bologna, Italy",44.4756,11.2759
2020-11-29T02:00:00+00:00,7.100,6.300,Open-Meteo Historical Weather API,"Casalecchio di Reno, Bologna, Italy",44.4756,11.2759
2020-11-29T03:00:00+00:00,7.100,6.400,Open-Meteo Historical Weather API,"Casalecchio di Reno, Bologna, Italy",44.4756,11.2759
2020-11-29T04:00:00+00:00,6.900,6.400,Open-Meteo Historical Weather API,"Casalecchio di Reno, Bologna, Italy",44.4756,11.2759
2020-11-29T05:00:00+00:00,6.800,6.200,Open-Meteo Historical Weather API,"Casalecchio di Reno, Bologna, Italy",44.4756,11.2759
2020-11-29T06:00:00+00:00,6.800,6.200,Open-Meteo Historical Weather API,"Casalecchio di Reno, Bologna, Italy",44.4756,11.2759
2020-11-29T07:00:00+00:00,6.800,6.100,Open-Meteo Historical Weather API,"Casalecchio di Reno, Bologna, Italy",44.4756,11.2759
2020-11-29T08:00:00+00:00,6.800,6.200,Open-Meteo Historical Weather API,"Casalecchio di Reno, Bologna, Italy",44.4756,11.2759
2020-11-29T09:00:00+00:00,6.800,6.200,Open-Meteo Historical Weather API,"Casalecchio di Reno, Bologna, Italy",44.4756,11.2759
2020-11-29T10:00:00+00:00,6.900,6.200,Open-Meteo Historical Weather API,"Casalecchio di Reno, Bologna, Italy",44.4756,11.2759
2020-11-29T11:00:00+00:00,7.100,5.800,Open-Meteo Historical Weather API,"Casalecchio di Reno, Bologna, Italy",44.4756,11.2759
2020-11-29T12:00:00+00:00,6.600,5.700,Open-Meteo Historical Weather API,"Casalecchio di Reno, Bologna, Italy",44.4756,11.2759
2020-11-29T13:00:00+00:00,7.100,5.700,Open-Meteo Historical Weather API,"Casalecchio di Reno, Bologna, Italy",44.4756,11.2759
2020-11-29T14:00:00+00:00,7.400,5.700,Open-Meteo Historical Weather API,"Casalecchio di Reno, Bologna, Italy",44.4756,11.2759
2020-11-29T15:00:00+00:00,7.500,5.700,Open-Meteo Historical Weather API,"Casalecchio di Reno, Bologna, Italy",44.4756,11.2759
2020-11-29T16:00:00+00:00,6.800,5.800,Open-Meteo Historical Weather API,"Casalecchio di Reno, Bologna, Italy",44.4756,11.2759
2020-11-29T17:00:00+00:00,6.200,5.500,Open-Meteo Historical Weather API,"Casalecchio di Reno, Bologna, Italy",44.4756,11.2759
2020-11-29T18:00:00+00:00,5.900,5.300,Open-Meteo Historical Weather API,"Casalecchio di Reno, Bologna, Italy",44.4756,11.2759
2020-11-29T19:00:00+00:00,4.600,4.100,Open-Meteo Historical Weather API,"Casalecchio di Reno, Bologna, Italy",44.4756,11.2759
2020-11-29T20:00:00+00:00,4.400,3.600,Open-Meteo Historical Weather API,"Casalecchio di Reno, Bologna, Italy",44.4756,11.2759
2020-11-29T21:00:00+00:00,4.300,3.200,Open-Meteo Historical Weather API,"Casalecchio di Reno, Bologna, Italy",44.4756,11.2759
2020-11-29T22:00:00+00:00,4.200,3.100,Open-Meteo Historical Weather API,"Casalecchio di Reno, Bologna, Italy",44.4756,11.2759
2020-11-29T23:00:00+00:00,3.400,2.600,Open-Meteo Historical Weather API,"Casalecchio di Reno, Bologna, Italy",44.4756,11.2759
2020-11-30T00:00:00+00:00,3.300,2.000,Open-Meteo Historical Weather API,"Casalecchio di Reno, Bologna, Italy",44.4756,11.2759
2020-11-30T01:00:00+00:00,2.500,1.200,Open-Meteo Historical Weather API,"Casalecchio di Reno, Bologna, Italy",44.4756,11.2759
2020-11-30T02:00:00+00:00,2.000,0.800,Open-Meteo Historical Weather API,"Casalecchio di Reno, Bologna, Italy",44.4756,11.2759
2020-11-30T03:00:00+00:00,1.600,0.400,Open-Meteo Historical Weather API,"Casalecchio di Reno, Bologna, Italy",44.4756,11.2759
2020-11-30T04:00:00+00:00,1.500,0.200,Open-Meteo Historical Weather API,"Casalecchio di Reno, Bologna, Italy",44.4756,11.2759
2020-11-30T05:00:00+00:00,1.200,-0.200,Open-Meteo Historical Weather API,"Casalecchio di Reno, Bologna, Italy",44.4756,11.2759
2020-11-30T06:00:00+00:00,0.800,-0.800,Open-Meteo Historical Weather API,"Casalecchio di Reno, Bologna, Italy",44.4756,11.2759
2020-11-30T07:00:00+00:00,1.200,-0.500,Open-Meteo Historical Weather API,"Casalecchio di Reno, Bologna, Italy",44.4756,11.2759
2020-11-30T08:00:00+00:00,3.500,0.700,Open-Meteo Historical Weather API,"Casalecchio di Reno, Bologna, Italy",44.4756,11.2759
2020-11-30T09:00:00+00:00,4.900,1.500,Open-Meteo Historical Weather API,"Casalecchio di Reno, Bologna, Italy",44.4756,11.2759
2020-11-30T10:00:00+00:00,6.000,2.000,Open-Meteo Historical Weather API,"Casalecchio di Reno, Bologna, Italy",44.4756,11.2759
2020-11-30T11:00:00+00:00,6.800,2.500,Open-Meteo Historical Weather API,"Casalecchio di Reno, Bologna, Italy",44.4756,11.2759
2020-11-30T12:00:00+00:00,7.200,3.200,Open-Meteo Historical Weather API,"Casalecchio di Reno, Bologna, Italy",44.4756,11.2759
2020-11-30T13:00:00+00:00,7.700,3.200,Open-Meteo Historical Weather API,"Casalecchio di Reno, Bologna, Italy",44.4756,11.2759
2020-11-30T14:00:00+00:00,7.600,3.200,Open-Meteo Historical Weather API,"Casalecchio di Reno, Bologna, Italy",44.4756,11.2759
2020-11-30T15:00:00+00:00,5.900,4.000,Open-Meteo Historical Weather API,"Casalecchio di Reno, Bologna, Italy",44.4756,11.2759
2020-11-30T16:00:00+00:00,3.200,2.100,Open-Meteo Historical Weather API,"Casalecchio di Reno, Bologna, Italy",44.4756,11.2759
2020-11-30T17:00:00+00:00,3.900,2.500,Open-Meteo Historical Weather API,"Casalecchio di Reno, Bologna, Italy",44.4756,11.2759
2020-11-30T18:00:00+00:00,4.100,2.700,Open-Meteo Historical Weather API,"Casalecchio di Reno, Bologna, Italy",44.4756,11.2759
2020-11-30T19:00:00+00:00,3.500,2.200,Open-Meteo Historical Weather API,"Casalecchio di Reno, Bologna, Italy",44.4756,11.2759
2020-11-30T20:00:00+00:00,3.100,2.000,Open-Meteo Historical Weather API,"Casalecchio di Reno, Bologna, Italy",44.4756,11.2759
2020-11-30T21:00:00+00:00,2.400,1.400,Open-Meteo Historical Weather API,"Casalecchio di Reno, Bologna, Italy",44.4756,11.2759
2020-11-30T22:00:00+00:00,1.900,0.900,Open-Meteo Historical Weather API,"Casalecchio di Reno, Bologna, Italy",44.4756,11.2759
2020-11-30T23:00:00+00:00,1.500,0.400,Open-Meteo Historical Weather API,"Casalecchio di Reno, Bologna, Italy",44.4756,11.2759
2020-12-01T00:00:00+00:00,3.200,1.500,Open-Meteo Historical Weather API,"Casalecchio di Reno, Bologna, Italy",44.4756,11.2759
2020-12-01T01:00:00+00:00,2.900,1.300,Open-Meteo Historical Weather API,"Casalecchio di Reno, Bologna, Italy",44.4756,11.2759
2020-12-01T02:00:00+00:00,1.600,0.400,Open-Meteo Historical Weather API,"Casalecchio di Reno, Bologna, Italy",44.4756,11.2759
2020-12-01T03:00:00+00:00,0.900,-0.200,Open-Meteo Historical Weather API,"Casalecchio di Reno, Bologna, Italy",44.4756,11.2759
2020-12-01T04:00:00+00:00,0.000,-0.900,Open-Meteo Historical Weather API,"Casalecchio di Reno, Bologna, Italy",44.4756,11.2759
2020-12-01T05:00:00+00:00,-0.200,-1.200,Open-Meteo Historical Weather API,"Casalecchio di Reno, Bologna, Italy",44.4756,11.2759
2020-12-01T06:00:00+00:00,-0.100,-1.100,Open-Meteo Historical Weather API,"Casalecchio di Reno, Bologna, Italy",44.4756,11.2759
2020-12-01T07:00:00+00:00,0.600,-0.600,Open-Meteo Historical Weather API,"Casalecchio di Reno, Bologna, Italy",44.4756,11.2759
2020-12-01T08:00:00+00:00,3.100,0.600,Open-Meteo Historical Weather API,"Casalecchio di Reno, Bologna, Italy",44.4756,11.2759
2020-12-01T09:00:00+00:00,4.400,0.600,Open-Meteo Historical Weather API,"Casalecchio di Reno, Bologna, Italy",44.4756,11.2759
2020-12-01T10:00:00+00:00,4.400,0.700,Open-Meteo Historical Weather API,"Casalecchio di Reno, Bologna, Italy",44.4756,11.2759
2020-12-01T11:00:00+00:00,5.000,1.200,Open-Meteo Historical Weather API,"Casalecchio di Reno, Bologna, Italy",44.4756,11.2759
2020-12-01T12:00:00+00:00,4.200,0.700,Open-Meteo Historical Weather API,"Casalecchio di Reno, Bologna, Italy",44.4756,11.2759
2020-12-01T13:00:00+00:00,4.000,1.100,Open-Meteo Historical Weather API,"Casalecchio di Reno, Bologna, Italy",44.4756,11.2759
2020-12-01T14:00:00+00:00,3.800,1.700,Open-Meteo Historical Weather API,"Casalecchio di Reno, Bologna, Italy",44.4756,11.2759
2020-12-01T15:00:00+00:00,3.900,2.300,Open-Meteo Historical Weather API,"Casalecchio di Reno, Bologna, Italy",44.4756,11.2759
2020-12-01T16:00:00+00:00,3.800,2.800,Open-Meteo Historical Weather API,"Casalecchio di Reno, Bologna, Italy",44.4756,11.2759
2020-12-01T17:00:00+00:00,3.900,2.800,Open-Meteo Historical Weather API,"Casalecchio di Reno, Bologna, Italy",44.4756,11.2759
2020-12-01T18:00:00+00:00,4.200,3.200,Open-Meteo Historical Weather API,"Casalecchio di Reno, Bologna, Italy",44.4756,11.2759
2020-12-01T19:00:00+00:00,4.600,3.800,Open-Meteo Historical Weather API,"Casalecchio di Reno, Bologna, Italy",44.4756,11.2759
2020-12-01T20:00:00+00:00,5.100,4.200,Open-Meteo Historical Weather API,"Casalecchio di Reno, Bologna, Italy",44.4756,11.2759
2020-12-01T21:00:00+00:00,5.200,4.700,Open-Meteo Historical Weather API,"Casalecchio di Reno, Bologna, Italy",44.4756,11.2759
2020-12-01T22:00:00+00:00,5.900,5.400,Open-Meteo Historical Weather API,"Casalecchio di Reno, Bologna, Italy",44.4756,11.2759
2020-12-01T23:00:00+00:00,6.300,6.000,Open-Meteo Historical Weather API,"Casalecchio di Reno, Bologna, Italy",44.4756,11.2759
2020-12-02T00:00:00+00:00,5.200,4.800,Open-Meteo Historical Weather API,"Casalecchio di Reno, Bologna, Italy",44.4756,11.2759
2020-12-02T01:00:00+00:00,5.200,4.300,Open-Meteo Historical Weather API,"Casalecchio di Reno, Bologna, Italy",44.4756,11.2759
2020-12-02T02:00:00+00:00,5.200,4.300,Open-Meteo Historical Weather API,"Casalecchio di Reno, Bologna, Italy",44.4756,11.2759
2020-12-02T03:00:00+00:00,5.200,4.000,Open-Meteo Historical Weather API,"Casalecchio di Reno, Bologna, Italy",44.4756,11.2759
2020-12-02T04:00:00+00:00,3.800,3.500,Open-Meteo Historical Weather API,"Casalecchio di Reno, Bologna, Italy",44.4756,11.2759
2020-12-02T05:00:00+00:00,1.500,1.300,Open-Meteo Historical Weather API,"Casalecchio di Reno, Bologna, Italy",44.4756,11.2759
2020-12-02T06:00:00+00:00,0.900,0.600,Open-Meteo Historical Weather API,"Casalecchio di Reno, Bologna, Italy",44.4756,11.2759
2020-12-02T07:00:00+00:00,0.600,0.200,Open-Meteo Historical Weather API,"Casalecchio di Reno, Bologna, Italy",44.4756,11.2759
2020-12-02T08:00:00+00:00,0.900,-0.100,Open-Meteo Historical Weather API,"Casalecchio di Reno, Bologna, Italy",44.4756,11.2759
2020-12-02T09:00:00+00:00,1.200,-0.200,Open-Meteo Historical Weather API,"Casalecchio di Reno, Bologna, Italy",44.4756,11.2759
2020-12-02T10:00:00+00:00,1.800,-0.100,Open-Meteo Historical Weather API,"Casalecchio di Reno, Bologna, Italy",44.4756,11.2759
2020-12-02T11:00:00+00:00,2.200,0.200,Open-Meteo Historical Weather API,"Casalecchio di Reno, Bologna, Italy",44.4756,11.2759
2020-12-02T12:00:00+00:00,0.800,-0.400,Open-Meteo Historical Weather API,"Casalecchio di Reno, Bologna, Italy",44.4756,11.2759
2020-12-02T13:00:00+00:00,1.400,-0.300,Open-Meteo Historical Weather API,"Casalecchio di Reno, Bologna, Italy",44.4756,11.2759
2020-12-02T14:00:00+00:00,1.800,-0.200,Open-Meteo Historical Weather API,"Casalecchio di Reno, Bologna, Italy",44.4756,11.2759
2020-12-02T15:00:00+00:00,2.000,0.100,Open-Meteo Historical Weather API,"Casalecchio di Reno, Bologna, Italy",44.4756,11.2759
2020-12-02T16:00:00+00:00,1.800,0.500,Open-Meteo Historical Weather API,"Casalecchio di Reno, Bologna, Italy",44.4756,11.2759
2020-12-02T17:00:00+00:00,1.800,0.700,Open-Meteo Historical Weather API,"Casalecchio di Reno, Bologna, Italy",44.4756,11.2759
2020-12-02T18:00:00+00:00,1.500,0.900,Open-Meteo Historical Weather API,"Casalecchio di Reno, Bologna, Italy",44.4756,11.2759
2020-12-02T19:00:00+00:00,1.500,0.900,Open-Meteo Historical Weather API,"Casalecchio di Reno, Bologna, Italy",44.4756,11.2759
2020-12-02T20:00:00+00:00,1.500,0.900,Open-Meteo Historical Weather API,"Casalecchio di Reno, Bologna, Italy",44.4756,11.2759
2020-12-02T21:00:00+00:00,1.200,0.900,Open-Meteo Historical Weather API,"Casalecchio di Reno, Bologna, Italy",44.4756,11.2759
2020-12-02T22:00:00+00:00,1.100,0.900,Open-Meteo Historical Weather API,"Casalecchio di Reno, Bologna, Italy",44.4756,11.2759
2020-12-02T23:00:00+00:00,1.200,0.900,Open-Meteo Historical Weather API,"Casalecchio di Reno, Bologna, Italy",44.4756,11.2759
2020-12-03T00:00:00+00:00,1.000,0.900,Open-Meteo Historical Weather API,"Casalecchio di Reno, Bologna, Italy",44.4756,11.2759
2020-12-03T01:00:00+00:00,1.300,1.000,Open-Meteo Historical Weather API,"Casalecchio di Reno, Bologna, Italy",44.4756,11.2759
2020-12-03T02:00:00+00:00,1.600,1.100,Open-Meteo Historical Weather API,"Casalecchio di Reno, Bologna, Italy",44.4756,11.2759
2020-12-03T03:00:00+00:00,1.900,1.100,Open-Meteo Historical Weather API,"Casalecchio di Reno, Bologna, Italy",44.4756,11.2759
2020-12-03T04:00:00+00:00,2.100,1.200,Open-Meteo Historical Weather API,"Casalecchio di Reno, Bologna, Italy",44.4756,11.2759
2020-12-03T05:00:00+00:00,2.500,1.100,Open-Meteo Historical Weather API,"Casalecchio di Reno, Bologna, Italy",44.4756,11.2759
2020-12-03T06:00:00+00:00,2.200,1.000,Open-Meteo Historical Weather API,"Casalecchio di Reno, Bologna, Italy",44.4756,11.2759
2020-12-03T07:00:00+00:00,2.600,1.100,Open-Meteo Historical Weather API,"Casalecchio di Reno, Bologna, Italy",44.4756,11.2759
2020-12-03T08:00:00+00:00,3.500,1.900,Open-Meteo Historical Weather API,"Casalecchio di Reno, Bologna, Italy",44.4756,11.2759
2020-12-03T09:00:00+00:00,4.700,2.200,Open-Meteo Historical Weather API,"Casalecchio di Reno, Bologna, Italy",44.4756,11.2759
2020-12-03T10:00:00+00:00,5.600,2.300,Open-Meteo Historical Weather API,"Casalecchio di Reno, Bologna, Italy",44.4756,11.2759
2020-12-03T11:00:00+00:00,5.800,2.400,Open-Meteo Historical Weather API,"Casalecchio di Reno, Bologna, Italy",44.4756,11.2759
2020-12-03T12:00:00+00:00,5.900,2.300,Open-Meteo Historical Weather API,"Casalecchio di Reno, Bologna, Italy",44.4756,11.2759
2020-12-03T13:00:00+00:00,6.300,2.300,Open-Meteo Historical Weather API,"Casalecchio di Reno, Bologna, Italy",44.4756,11.2759
2020-12-03T14:00:00+00:00,6.300,2.500,Open-Meteo Historical Weather API,"Casalecchio di Reno, Bologna, Italy",44.4756,11.2759
2020-12-03T15:00:00+00:00,5.300,2.800,Open-Meteo Historical Weather API,"Casalecchio di Reno, Bologna, Italy",44.4756,11.2759
2020-12-03T16:00:00+00:00,4.000,2.600,Open-Meteo Historical Weather API,"Casalecchio di Reno, Bologna, Italy",44.4756,11.2759
2020-12-03T17:00:00+00:00,4.000,2.700,Open-Meteo Historical Weather API,"Casalecchio di Reno, Bologna, Italy",44.4756,11.2759
2020-12-03T18:00:00+00:00,3.500,2.700,Open-Meteo Historical Weather API,"Casalecchio di Reno, Bologna, Italy",44.4756,11.2759
2020-12-03T19:00:00+00:00,3.800,2.700,Open-Meteo Historical Weather API,"Casalecchio di Reno, Bologna, Italy",44.4756,11.2759
2020-12-03T20:00:00+00:00,0.800,0.300,Open-Meteo Historical Weather API,"Casalecchio di Reno, Bologna, Italy",44.4756,11.2759
2020-12-03T21:00:00+00:00,1.200,0.700,Open-Meteo Historical Weather API,"Casalecchio di Reno, Bologna, Italy",44.4756,11.2759
2020-12-03T22:00:00+00:00,1.100,0.600,Open-Meteo Historical Weather API,"Casalecchio di Reno, Bologna, Italy",44.4756,11.2759
2020-12-03T23:00:00+00:00,0.900,0.200,Open-Meteo Historical Weather API,"Casalecchio di Reno, Bologna, Italy",44.4756,11.2759
2020-12-04T00:00:00+00:00,0.600,0.100,Open-Meteo Historical Weather API,"Casalecchio di Reno, Bologna, Italy",44.4756,11.2759
2020-12-04T01:00:00+00:00,1.800,1.300,Open-Meteo Historical Weather API,"Casalecchio di Reno, Bologna, Italy",44.4756,11.2759
2020-12-04T02:00:00+00:00,2.300,1.800,Open-Meteo Historical Weather API,"Casalecchio di Reno, Bologna, Italy",44.4756,11.2759
2020-12-04T03:00:00+00:00,1.600,1.100,Open-Meteo Historical Weather API,"Casalecchio di Reno, Bologna, Italy",44.4756,11.2759
2020-12-04T04:00:00+00:00,2.000,1.100,Open-Meteo Historical Weather API,"Casalecchio di Reno, Bologna, Italy",44.4756,11.2759
2020-12-04T05:00:00+00:00,2.200,1.100,Open-Meteo Historical Weather API,"Casalecchio di Reno, Bologna, Italy",44.4756,11.2759
2020-12-04T06:00:00+00:00,2.500,1.300,Open-Meteo Historical Weather API,"Casalecchio di Reno, Bologna, Italy",44.4756,11.2759
2020-12-04T07:00:00+00:00,2.800,1.400,Open-Meteo Historical Weather API,"Casalecchio di Reno, Bologna, Italy",44.4756,11.2759
2020-12-04T08:00:00+00:00,3.300,1.600,Open-Meteo Historical Weather API,"Casalecchio di Reno, Bologna, Italy",44.4756,11.2759
2020-12-04T09:00:00+00:00,4.400,2.200,Open-Meteo Historical Weather API,"Casalecchio di Reno, Bologna, Italy",44.4756,11.2759
2020-12-04T10:00:00+00:00,6.200,3.000,Open-Meteo Historical Weather API,"Casalecchio di Reno, Bologna, Italy",44.4756,11.2759
2020-12-04T11:00:00+00:00,8.000,4.100,Open-Meteo Historical Weather API,"Casalecchio di Reno, Bologna, Italy",44.4756,11.2759
2020-12-04T12:00:00+00:00,7.800,4.400,Open-Meteo Historical Weather API,"Casalecchio di Reno, Bologna, Italy",44.4756,11.2759
2020-12-04T13:00:00+00:00,8.900,5.400,Open-Meteo Historical Weather API,"Casalecchio di Reno, Bologna, Italy",44.4756,11.2759
2020-12-04T14:00:00+00:00,9.700,5.900,Open-Meteo Historical Weather API,"Casalecchio di Reno, Bologna, Italy",44.4756,11.2759
2020-12-04T15:00:00+00:00,9.000,6.300,Open-Meteo Historical Weather API,"Casalecchio di Reno, Bologna, Italy",44.4756,11.2759
2020-12-04T16:00:00+00:00,8.600,6.200,Open-Meteo Historical Weather API,"Casalecchio di Reno, Bologna, Italy",44.4756,11.2759
2020-12-04T17:00:00+00:00,7.800,5.800,Open-Meteo Historical Weather API,"Casalecchio di Reno, Bologna, Italy",44.4756,11.2759
2020-12-04T18:00:00+00:00,7.800,6.000,Open-Meteo Historical Weather API,"Casalecchio di Reno, Bologna, Italy",44.4756,11.2759
2020-12-04T19:00:00+00:00,8.000,6.200,Open-Meteo Historical Weather API,"Casalecchio di Reno, Bologna, Italy",44.4756,11.2759
2020-12-04T20:00:00+00:00,8.800,6.800,Open-Meteo Historical Weather API,"Casalecchio di Reno, Bologna, Italy",44.4756,11.2759
2020-12-04T21:00:00+00:00,9.100,7.100,Open-Meteo Historical Weather API,"Casalecchio di Reno, Bologna, Italy",44.4756,11.2759
2020-12-04T22:00:00+00:00,9.500,7.400,Open-Meteo Historical Weather API,"Casalecchio di Reno, Bologna, Italy",44.4756,11.2759
2020-12-04T23:00:00+00:00,9.900,7.800,Open-Meteo Historical Weather API,"Casalecchio di Reno, Bologna, Italy",44.4756,11.2759
2020-12-05T00:00:00+00:00,9.300,7.400,Open-Meteo Historical Weather API,"Casalecchio di Reno, Bologna, Italy",44.4756,11.2759
2020-12-05T01:00:00+00:00,9.800,8.100,Open-Meteo Historical Weather API,"Casalecchio di Reno, Bologna, Italy",44.4756,11.2759
2020-12-05T02:00:00+00:00,9.400,7.900,Open-Meteo Historical Weather API,"Casalecchio di Reno, Bologna, Italy",44.4756,11.2759
2020-12-05T03:00:00+00:00,9.100,7.800,Open-Meteo Historical Weather API,"Casalecchio di Reno, Bologna, Italy",44.4756,11.2759
2020-12-05T04:00:00+00:00,9.200,8.100,Open-Meteo Historical Weather API,"Casalecchio di Reno, Bologna, Italy",44.4756,11.2759
2020-12-05T05:00:00+00:00,8.800,7.900,Open-Meteo Historical Weather API,"Casalecchio di Reno, Bologna, Italy",44.4756,11.2759
2020-12-05T06:00:00+00:00,8.500,7.800,Open-Meteo Historical Weather API,"Casalecchio di Reno, Bologna, Italy",44.4756,11.2759
2020-12-05T07:00:00+00:00,8.700,7.800,Open-Meteo Historical Weather API,"Casalecchio di Reno, Bologna, Italy",44.4756,11.2759
2020-12-05T08:00:00+00:00,8.300,6.600,Open-Meteo Historical Weather API,"Casalecchio di Reno, Bologna, Italy",44.4756,11.2759
2020-12-05T09:00:00+00:00,8.100,6.200,Open-Meteo Historical Weather API,"Casalecchio di Reno, Bologna, Italy",44.4756,11.2759
2020-12-05T10:00:00+00:00,7.800,6.100,Open-Meteo Historical Weather API,"Casalecchio di Reno, Bologna, Italy",44.4756,11.2759
2020-12-05T11:00:00+00:00,7.800,6.100,Open-Meteo Historical Weather API,"Casalecchio di Reno, Bologna, Italy",44.4756,11.2759
2020-12-05T12:00:00+00:00,6.200,5.600,Open-Meteo Historical Weather API,"Casalecchio di Reno, Bologna, Italy",44.4756,11.2759
2020-12-05T13:00:00+00:00,7.000,6.000,Open-Meteo Historical Weather API,"Casalecchio di Reno, Bologna, Italy",44.4756,11.2759
2020-12-05T14:00:00+00:00,6.800,6.200,Open-Meteo Historical Weather API,"Casalecchio di Reno, Bologna, Italy",44.4756,11.2759
2020-12-05T15:00:00+00:00,6.200,5.400,Open-Meteo Historical Weather API,"Casalecchio di Reno, Bologna, Italy",44.4756,11.2759
2020-12-05T16:00:00+00:00,5.300,5.200,Open-Meteo Historical Weather API,"Casalecchio di Reno, Bologna, Italy",44.4756,11.2759
2020-12-05T17:00:00+00:00,6.600,5.800,Open-Meteo Historical Weather API,"Casalecchio di Reno, Bologna, Italy",44.4756,11.2759
2020-12-05T18:00:00+00:00,8.800,7.400,Open-Meteo Historical Weather API,"Casalecchio di Reno, Bologna, Italy",44.4756,11.2759
2020-12-05T19:00:00+00:00,9.900,8.700,Open-Meteo Historical Weather API,"Casalecchio di Reno, Bologna, Italy",44.4756,11.2759
2020-12-05T20:00:00+00:00,10.100,9.100,Open-Meteo Historical Weather API,"Casalecchio di Reno, Bologna, Italy",44.4756,11.2759
2020-12-05T21:00:00+00:00,11.100,9.300,Open-Meteo Historical Weather API,"Casalecchio di Reno, Bologna, Italy",44.4756,11.2759
2020-12-05T22:00:00+00:00,11.100,9.400,Open-Meteo Historical Weather API,"Casalecchio di Reno, Bologna, Italy",44.4756,11.2759
2020-12-05T23:00:00+00:00,11.200,9.400,Open-Meteo Historical Weather API,"Casalecchio di Reno, Bologna, Italy",44.4756,11.2759
2020-12-06T00:00:00+00:00,11.400,8.800,Open-Meteo Historical Weather API,"Casalecchio di Reno, Bologna, Italy",44.4756,11.2759
2020-12-06T01:00:00+00:00,11.100,8.900,Open-Meteo Historical Weather API,"Casalecchio di Reno, Bologna, Italy",44.4756,11.2759
2020-12-06T02:00:00+00:00,10.900,8.900,Open-Meteo Historical Weather API,"Casalecchio di Reno, Bologna, Italy",44.4756,11.2759
2020-12-06T03:00:00+00:00,10.800,8.900,Open-Meteo Historical Weather API,"Casalecchio di Reno, Bologna, Italy",44.4756,11.2759
2020-12-06T04:00:00+00:00,10.100,8.800,Open-Meteo Historical Weather API,"Casalecchio di Reno, Bologna, Italy",44.4756,11.2759
2020-12-06T05:00:00+00:00,9.700,8.400,Open-Meteo Historical Weather API,"Casalecchio di Reno, Bologna, Italy",44.4756,11.2759
2020-12-06T06:00:00+00:00,8.400,7.600,Open-Meteo Historical Weather API,"Casalecchio di Reno, Bologna, Italy",44.4756,11.2759
2020-12-06T07:00:00+00:00,8.500,7.200,Open-Meteo Historical Weather API,"Casalecchio di Reno, Bologna, Italy",44.4756,11.2759
2020-12-06T08:00:00+00:00,9.100,7.400,Open-Meteo Historical Weather API,"Casalecchio di Reno, Bologna, Italy",44.4756,11.2759
2020-12-06T09:00:00+00:00,9.400,8.100,Open-Meteo Historical Weather API,"Casalecchio di Reno, Bologna, Italy",44.4756,11.2759
2020-12-06T10:00:00+00:00,7.500,7.200,Open-Meteo Historical Weather API,"Casalecchio di Reno, Bologna, Italy",44.4756,11.2759
2020-12-06T11:00:00+00:00,6.200,5.700,Open-Meteo Historical Weather API,"Casalecchio di Reno, Bologna, Italy",44.4756,11.2759
2020-12-06T12:00:00+00:00,6.200,4.900,Open-Meteo Historical Weather API,"Casalecchio di Reno, Bologna, Italy",44.4756,11.2759
2020-12-06T13:00:00+00:00,5.900,4.900,Open-Meteo Historical Weather API,"Casalecchio di Reno, Bologna, Italy",44.4756,11.2759
2020-12-06T14:00:00+00:00,5.600,4.300,Open-Meteo Historical Weather API,"Casalecchio di Reno, Bologna, Italy",44.4756,11.2759
2020-12-06T15:00:00+00:00,5.400,4.300,Open-Meteo Historical Weather API,"Casalecchio di Reno, Bologna, Italy",44.4756,11.2759
2020-12-06T16:00:00+00:00,5.700,4.500,Open-Meteo Historical Weather API,"Casalecchio di Reno, Bologna, Italy",44.4756,11.2759
2020-12-06T17:00:00+00:00,6.100,4.800,Open-Meteo Historical Weather API,"Casalecchio di Reno, Bologna, Italy",44.4756,11.2759
2020-12-06T18:00:00+00:00,6.200,4.800,Open-Meteo Historical Weather API,"Casalecchio di Reno, Bologna, Italy",44.4756,11.2759
2020-12-06T19:00:00+00:00,6.600,4.800,Open-Meteo Historical Weather API,"Casalecchio di Reno, Bologna, Italy",44.4756,11.2759
2020-12-06T20:00:00+00:00,5.500,4.100,Open-Meteo Historical Weather API,"Casalecchio di Reno, Bologna, Italy",44.4756,11.2759
2020-12-06T21:00:00+00:00,5.600,3.500,Open-Meteo Historical Weather API,"Casalecchio di Reno, Bologna, Italy",44.4756,11.2759
2020-12-06T22:00:00+00:00,4.900,3.000,Open-Meteo Historical Weather API,"Casalecchio di Reno, Bologna, Italy",44.4756,11.2759
2020-12-06T23:00:00+00:00,5.400,3.700,Open-Meteo Historical Weather API,"Casalecchio di Reno, Bologna, Italy",44.4756,11.2759
2020-12-07T00:00:00+00:00,5.500,3.200,Open-Meteo Historical Weather API,"Casalecchio di Reno, Bologna, Italy",44.4756,11.2759
2020-12-07T01:00:00+00:00,6.200,3.700,Open-Meteo Historical Weather API,"Casalecchio di Reno, Bologna, Italy",44.4756,11.2759
2020-12-07T02:00:00+00:00,6.800,4.200,Open-Meteo Historical Weather API,"Casalecchio di Reno, Bologna, Italy",44.4756,11.2759
2020-12-07T03:00:00+00:00,6.800,4.400,Open-Meteo Historical Weather API,"Casalecchio di Reno, Bologna, Italy",44.4756,11.2759
2020-12-07T04:00:00+00:00,6.500,4.400,Open-Meteo Historical Weather API,"Casalecchio di Reno, Bologna, Italy",44.4756,11.2759
2020-12-07T05:00:00+00:00,6.100,4.200,Open-Meteo Historical Weather API,"Casalecchio di Reno, Bologna, Italy",44.4756,11.2759
2020-12-07T06:00:00+00:00,6.100,4.200,Open-Meteo Historical Weather API,"Casalecchio di Reno, Bologna, Italy",44.4756,11.2759
2020-12-07T07:00:00+00:00,6.000,3.700,Open-Meteo Historical Weather API,"Casalecchio di Reno, Bologna, Italy",44.4756,11.2759
2020-12-07T08:00:00+00:00,6.900,4.200,Open-Meteo Historical Weather API,"Casalecchio di Reno, Bologna, Italy",44.4756,11.2759
2020-12-07T09:00:00+00:00,8.300,5.000,Open-Meteo Historical Weather API,"Casalecchio di Reno, Bologna, Italy",44.4756,11.2759
2020-12-07T10:00:00+00:00,9.200,4.100,Open-Meteo Historical Weather API,"Casalecchio di Reno, Bologna, Italy",44.4756,11.2759
2020-12-07T11:00:00+00:00,9.600,3.500,Open-Meteo Historical Weather API,"Casalecchio di Reno, Bologna, Italy",44.4756,11.2759
2020-12-07T12:00:00+00:00,8.100,4.900,Open-Meteo Historical Weather API,"Casalecchio di Reno, Bologna, Italy",44.4756,11.2759
2020-12-07T13:00:00+00:00,9.400,4.100,Open-Meteo Historical Weather API,"Casalecchio di Reno, Bologna, Italy",44.4756,11.2759
2020-12-07T14:00:00+00:00,9.100,3.300,Open-Meteo Historical Weather API,"Casalecchio di Reno, Bologna, Italy",44.4756,11.2759
2020-12-07T15:00:00+00:00,7.900,2.200,Open-Meteo Historical Weather API,"Casalecchio di Reno, Bologna, Italy",44.4756,11.2759
2020-12-07T16:00:00+00:00,6.400,1.600,Open-Meteo Historical Weather API,"Casalecchio di Reno, Bologna, Italy",44.4756,11.2759
2020-12-07T17:00:00+00:00,4.600,1.300,Open-Meteo Historical Weather API,"Casalecchio di Reno, Bologna, Italy",44.4756,11.2759
2020-12-07T18:00:00+00:00,4.400,1.400,Open-Meteo Historical Weather API,"Casalecchio di Reno, Bologna, Italy",44.4756,11.2759
2020-12-07T19:00:00+00:00,3.700,1.500,Open-Meteo Historical Weather API,"Casalecchio di Reno, Bologna, Italy",44.4756,11.2759
2020-12-07T20:00:00+00:00,2.800,1.100,Open-Meteo Historical Weather API,"Casalecchio di Reno, Bologna, Italy",44.4756,11.2759
2020-12-07T21:00:00+00:00,2.700,1.400,Open-Meteo Historical Weather API,"Casalecchio di Reno, Bologna, Italy",44.4756,11.2759
2020-12-07T22:00:00+00:00,4.700,2.400,Open-Meteo Historical Weather API,"Casalecchio di Reno, Bologna, Italy",44.4756,11.2759
2020-12-07T23:00:00+00:00,5.200,3.000,Open-Meteo Historical Weather API,"Casalecchio di Reno, Bologna, Italy",44.4756,11.2759
2020-12-08T00:00:00+00:00,5.300,2.700,Open-Meteo Historical Weather API,"Casalecchio di Reno, Bologna, Italy",44.4756,11.2759
2020-12-08T01:00:00+00:00,5.100,3.500,Open-Meteo Historical Weather API,"Casalecchio di Reno, Bologna, Italy",44.4756,11.2759
2020-12-08T02:00:00+00:00,5.300,4.000,Open-Meteo Historical Weather API,"Casalecchio di Reno, Bologna, Italy",44.4756,11.2759
2020-12-08T03:00:00+00:00,5.700,4.400,Open-Meteo Historical Weather API,"Casalecchio di Reno, Bologna, Italy",44.4756,11.2759
2020-12-08T04:00:00+00:00,6.200,4.700,Open-Meteo Historical Weather API,"Casalecchio di Reno, Bologna, Italy",44.4756,11.2759
2020-12-08T05:00:00+00:00,6.700,4.900,Open-Meteo Historical Weather API,"Casalecchio di Reno, Bologna, Italy",44.4756,11.2759
2020-12-08T06:00:00+00:00,6.800,5.000,Open-Meteo Historical Weather API,"Casalecchio di Reno, Bologna, Italy",44.4756,11.2759
2020-12-08T07:00:00+00:00,7.100,5.200,Open-Meteo Historical Weather API,"Casalecchio di Reno, Bologna, Italy",44.4756,11.2759
2020-12-08T08:00:00+00:00,7.100,5.700,Open-Meteo Historical Weather API,"Casalecchio di Reno, Bologna, Italy",44.4756,11.2759
2020-12-08T09:00:00+00:00,6.800,5.800,Open-Meteo Historical Weather API,"Casalecchio di Reno, Bologna, Italy",44.4756,11.2759
2020-12-08T10:00:00+00:00,6.200,5.400,Open-Meteo Historical Weather API,"Casalecchio di Reno, Bologna, Italy",44.4756,11.2759
2020-12-08T11:00:00+00:00,7.000,6.000,Open-Meteo Historical Weather API,"Casalecchio di Reno, Bologna, Italy",44.4756,11.2759
2020-12-08T12:00:00+00:00,5.800,4.800,Open-Meteo Historical Weather API,"Casalecchio di Reno, Bologna, Italy",44.4756,11.2759
2020-12-08T13:00:00+00:00,6.400,5.100,Open-Meteo Historical Weather API,"Casalecchio di Reno, Bologna, Italy",44.4756,11.2759
2020-12-08T14:00:00+00:00,6.700,5.200,Open-Meteo Historical Weather API,"Casalecchio di Reno, Bologna, Italy",44.4756,11.2759
2020-12-08T15:00:00+00:00,6.300,5.000,Open-Meteo Historical Weather API,"Casalecchio di Reno, Bologna, Italy",44.4756,11.2759
2020-12-08T16:00:00+00:00,5.800,4.800,Open-Meteo Historical Weather API,"Casalecchio di Reno, Bologna, Italy",44.4756,11.2759
2020-12-08T17:00:00+00:00,5.900,4.600,Open-Meteo Historical Weather API,"Casalecchio di Reno, Bologna, Italy",44.4756,11.2759
2020-12-08T18:00:00+00:00,5.700,4.600,Open-Meteo Historical Weather API,"Casalecchio di Reno, Bologna, Italy",44.4756,11.2759
2020-12-08T19:00:00+00:00,5.300,4.500,Open-Meteo Historical Weather API,"Casalecchio di Reno, Bologna, Italy",44.4756,11.2759
2020-12-08T20:00:00+00:00,5.700,4.600,Open-Meteo Historical Weather API,"Casalecchio di Reno, Bologna, Italy",44.4756,11.2759
2020-12-08T21:00:00+00:00,5.800,4.800,Open-Meteo Historical Weather API,"Casalecchio di Reno, Bologna, Italy",44.4756,11.2759
2020-12-08T22:00:00+00:00,5.800,4.700,Open-Meteo Historical Weather API,"Casalecchio di Reno, Bologna, Italy",44.4756,11.2759
2020-12-08T23:00:00+00:00,5.800,4.800,Open-Meteo Historical Weather API,"Casalecchio di Reno, Bologna, Italy",44.4756,11.2759
2020-12-09T00:00:00+00:00,5.400,4.700,Open-Meteo Historical Weather API,"Casalecchio di Reno, Bologna, Italy",44.4756,11.2759
2020-12-09T01:00:00+00:00,5.700,5.200,Open-Meteo Historical Weather API,"Casalecchio di Reno, Bologna, Italy",44.4756,11.2759
2020-12-09T02:00:00+00:00,5.600,5.300,Open-Meteo Historical Weather API,"Casalecchio di Reno, Bologna, Italy",44.4756,11.2759
2020-12-09T03:00:00+00:00,5.700,5.200,Open-Meteo Historical Weather API,"Casalecchio di Reno, Bologna, Italy",44.4756,11.2759
2020-12-09T04:00:00+00:00,5.700,5.100,Open-Meteo Historical Weather API,"Casalecchio di Reno, Bologna, Italy",44.4756,11.2759
2020-12-09T05:00:00+00:00,5.300,4.600,Open-Meteo Historical Weather API,"Casalecchio di Reno, Bologna, Italy",44.4756,11.2759
2020-12-09T06:00:00+00:00,4.700,3.700,Open-Meteo Historical Weather API,"Casalecchio di Reno, Bologna, Italy",44.4756,11.2759
2020-12-09T07:00:00+00:00,4.300,3.500,Open-Meteo Historical Weather API,"Casalecchio di Reno, Bologna, Italy",44.4756,11.2759
2020-12-09T08:00:00+00:00,4.900,3.500,Open-Meteo Historical Weather API,"Casalecchio di Reno, Bologna, Italy",44.4756,11.2759
2020-12-09T09:00:00+00:00,5.600,3.800,Open-Meteo Historical Weather API,"Casalecchio di Reno, Bologna, Italy",44.4756,11.2759
2020-12-09T10:00:00+00:00,6.100,4.400,Open-Meteo Historical Weather API,"Casalecchio di Reno, Bologna, Italy",44.4756,11.2759
2020-12-09T11:00:00+00:00,6.800,4.600,Open-Meteo Historical Weather API,"Casalecchio di Reno, Bologna, Italy",44.4756,11.2759
2020-12-09T12:00:00+00:00,6.100,4.600,Open-Meteo Historical Weather API,"Casalecchio di Reno, Bologna, Italy",44.4756,11.2759
2020-12-09T13:00:00+00:00,6.700,4.700,Open-Meteo Historical Weather API,"Casalecchio di Reno, Bologna, Italy",44.4756,11.2759
2020-12-09T14:00:00+00:00,6.700,4.600,Open-Meteo Historical Weather API,"Casalecchio di Reno, Bologna, Italy",44.4756,11.2759
2020-12-09T15:00:00+00:00,6.600,4.700,Open-Meteo Historical Weather API,"Casalecchio di Reno, Bologna, Italy",44.4756,11.2759
2020-12-09T16:00:00+00:00,6.300,4.800,Open-Meteo Historical Weather API,"Casalecchio di Reno, Bologna, Italy",44.4756,11.2759
2020-12-09T17:00:00+00:00,6.000,4.700,Open-Meteo Historical Weather API,"Casalecchio di Reno, Bologna, Italy",44.4756,11.2759
2020-12-09T18:00:00+00:00,6.100,4.900,Open-Meteo Historical Weather API,"Casalecchio di Reno, Bologna, Italy",44.4756,11.2759
2020-12-09T19:00:00+00:00,5.900,5.100,Open-Meteo Historical Weather API,"Casalecchio di Reno, Bologna, Italy",44.4756,11.2759
2020-12-09T20:00:00+00:00,6.100,4.900,Open-Meteo Historical Weather API,"Casalecchio di Reno, Bologna, Italy",44.4756,11.2759
2020-12-09T21:00:00+00:00,5.800,4.900,Open-Meteo Historical Weather API,"Casalecchio di Reno, Bologna, Italy",44.4756,11.2759
2020-12-09T22:00:00+00:00,5.400,4.400,Open-Meteo Historical Weather API,"Casalecchio di Reno, Bologna, Italy",44.4756,11.2759
2020-12-09T23:00:00+00:00,4.800,4.000,Open-Meteo Historical Weather API,"Casalecchio di Reno, Bologna, Italy",44.4756,11.2759
2020-12-10T00:00:00+00:00,4.700,4.300,Open-Meteo Historical Weather API,"Casalecchio di Reno, Bologna, Italy",44.4756,11.2759
2020-12-10T01:00:00+00:00,5.100,4.600,Open-Meteo Historical Weather API,"Casalecchio di Reno, Bologna, Italy",44.4756,11.2759
2020-12-10T02:00:00+00:00,5.200,4.700,Open-Meteo Historical Weather API,"Casalecchio di Reno, Bologna, Italy",44.4756,11.2759
2020-12-10T03:00:00+00:00,5.300,4.700,Open-Meteo Historical Weather API,"Casalecchio di Reno, Bologna, Italy",44.4756,11.2759
2020-12-10T04:00:00+00:00,4.800,4.200,Open-Meteo Historical Weather API,"Casalecchio di Reno, Bologna, Italy",44.4756,11.2759
2020-12-10T05:00:00+00:00,4.700,3.900,Open-Meteo Historical Weather API,"Casalecchio di Reno, Bologna, Italy",44.4756,11.2759
2020-12-10T06:00:00+00:00,5.200,4.300,Open-Meteo Historical Weather API,"Casalecchio di Reno, Bologna, Italy",44.4756,11.2759
2020-12-10T07:00:00+00:00,5.300,4.400,Open-Meteo Historical Weather API,"Casalecchio di Reno, Bologna, Italy",44.4756,11.2759
2020-12-10T08:00:00+00:00,5.700,4.600,Open-Meteo Historical Weather API,"Casalecchio di Reno, Bologna, Italy",44.4756,11.2759
2020-12-10T09:00:00+00:00,6.100,4.700,Open-Meteo Historical Weather API,"Casalecchio di Reno, Bologna, Italy",44.4756,11.2759
2020-12-10T10:00:00+00:00,6.400,4.700,Open-Meteo Historical Weather API,"Casalecchio di Reno, Bologna, Italy",44.4756,11.2759
2020-12-10T11:00:00+00:00,6.900,4.600,Open-Meteo Historical Weather API,"Casalecchio di Reno, Bologna, Italy",44.4756,11.2759
2020-12-10T12:00:00+00:00,6.600,5.000,Open-Meteo Historical Weather API,"Casalecchio di Reno, Bologna, Italy",44.4756,11.2759
2020-12-10T13:00:00+00:00,6.800,4.900,Open-Meteo Historical Weather API,"Casalecchio di Reno, Bologna, Italy",44.4756,11.2759
2020-12-10T14:00:00+00:00,7.100,5.000,Open-Meteo Historical Weather API,"Casalecchio di Reno, Bologna, Italy",44.4756,11.2759
2020-12-10T15:00:00+00:00,6.100,5.300,Open-Meteo Historical Weather API,"Casalecchio di Reno, Bologna, Italy",44.4756,11.2759
2020-12-10T16:00:00+00:00,5.900,5.200,Open-Meteo Historical Weather API,"Casalecchio di Reno, Bologna, Italy",44.4756,11.2759
2020-12-10T17:00:00+00:00,5.800,5.400,Open-Meteo Historical Weather API,"Casalecchio di Reno, Bologna, Italy",44.4756,11.2759
2020-12-10T18:00:00+00:00,5.300,5.200,Open-Meteo Historical Weather API,"Casalecchio di Reno, Bologna, Italy",44.4756,11.2759
2020-12-10T19:00:00+00:00,5.400,5.200,Open-Meteo Historical Weather API,"Casalecchio di Reno, Bologna, Italy",44.4756,11.2759
2020-12-10T20:00:00+00:00,5.200,5.000,Open-Meteo Historical Weather API,"Casalecchio di Reno, Bologna, Italy",44.4756,11.2759
2020-12-10T21:00:00+00:00,5.500,5.200,Open-Meteo Historical Weather API,"Casalecchio di Reno, Bologna, Italy",44.4756,11.2759
2020-12-10T22:00:00+00:00,5.800,5.300,Open-Meteo Historical Weather API,"Casalecchio di Reno, Bologna, Italy",44.4756,11.2759
2020-12-10T23:00:00+00:00,5.800,5.300,Open-Meteo Historical Weather API,"Casalecchio di Reno, Bologna, Italy",44.4756,11.2759
2020-12-11T00:00:00+00:00,6.300,5.700,Open-Meteo Historical Weather API,"Casalecchio di Reno, Bologna, Italy",44.4756,11.2759
2020-12-11T01:00:00+00:00,6.400,5.800,Open-Meteo Historical Weather API,"Casalecchio di Reno, Bologna, Italy",44.4756,11.2759
2020-12-11T02:00:00+00:00,6.400,5.800,Open-Meteo Historical Weather API,"Casalecchio di Reno, Bologna, Italy",44.4756,11.2759
2020-12-11T03:00:00+00:00,6.200,5.800,Open-Meteo Historical Weather API,"Casalecchio di Reno, Bologna, Italy",44.4756,11.2759
2020-12-11T04:00:00+00:00,3.500,3.500,Open-Meteo Historical Weather API,"Casalecchio di Reno, Bologna, Italy",44.4756,11.2759
2020-12-11T05:00:00+00:00,5.100,4.800,Open-Meteo Historical Weather API,"Casalecchio di Reno, Bologna, Italy",44.4756,11.2759
2020-12-11T06:00:00+00:00,5.800,5.500,Open-Meteo Historical Weather API,"Casalecchio di Reno, Bologna, Italy",44.4756,11.2759
2020-12-11T07:00:00+00:00,5.500,5.400,Open-Meteo Historical Weather API,"Casalecchio di Reno, Bologna, Italy",44.4756,11.2759
2020-12-11T08:00:00+00:00,6.100,5.500,Open-Meteo Historical Weather API,"Casalecchio di Reno, Bologna, Italy",44.4756,11.2759
2020-12-11T09:00:00+00:00,6.800,5.800,Open-Meteo Historical Weather API,"Casalecchio di Reno, Bologna, Italy",44.4756,11.2759
2020-12-11T10:00:00+00:00,7.500,5.700,Open-Meteo Historical Weather API,"Casalecchio di Reno, Bologna, Italy",44.4756,11.2759
2020-12-11T11:00:00+00:00,7.800,5.700,Open-Meteo Historical Weather API,"Casalecchio di Reno, Bologna, Italy",44.4756,11.2759
2020-12-11T12:00:00+00:00,7.400,5.700,Open-Meteo Historical Weather API,"Casalecchio di Reno, Bologna, Italy",44.4756,11.2759
2020-12-11T13:00:00+00:00,7.700,5.500,Open-Meteo Historical Weather API,"Casalecchio di Reno, Bologna, Italy",44.4756,11.2759
2020-12-11T14:00:00+00:00,7.700,5.200,Open-Meteo Historical Weather API,"Casalecchio di Reno, Bologna, Italy",44.4756,11.2759
2020-12-11T15:00:00+00:00,6.800,5.500,Open-Meteo Historical Weather API,"Casalecchio di Reno, Bologna, Italy",44.4756,11.2759
2020-12-11T16:00:00+00:00,5.100,4.200,Open-Meteo Historical Weather API,"Casalecchio di Reno, Bologna, Italy",44.4756,11.2759
2020-12-11T17:00:00+00:00,4.700,4.000,Open-Meteo Historical Weather API,"Casalecchio di Reno, Bologna, Italy",44.4756,11.2759
2020-12-11T18:00:00+00:00,4.000,3.500,Open-Meteo Historical Weather API,"Casalecchio di Reno, Bologna, Italy",44.4756,11.2759
2020-12-11T19:00:00+00:00,4.200,3.700,Open-Meteo Historical Weather API,"Casalecchio di Reno, Bologna, Italy",44.4756,11.2759
2020-12-11T20:00:00+00:00,4.100,3.600,Open-Meteo Historical Weather API,"Casalecchio di Reno, Bologna, Italy",44.4756,11.2759
2020-12-11T21:00:00+00:00,4.200,3.800,Open-Meteo Historical Weather API,"Casalecchio di Reno, Bologna, Italy",44.4756,11.2759
2020-12-11T22:00:00+00:00,4.400,3.900,Open-Meteo Historical Weather API,"Casalecchio di Reno, Bologna, Italy",44.4756,11.2759
2020-12-11T23:00:00+00:00,4.600,4.000,Open-Meteo Historical Weather API,"Casalecchio di Reno, Bologna, Italy",44.4756,11.2759
2020-12-12T00:00:00+00:00,4.700,4.300,Open-Meteo Historical Weather API,"Casalecchio di Reno, Bologna, Italy",44.4756,11.2759
2020-12-12T01:00:00+00:00,4.800,4.400,Open-Meteo Historical Weather API,"Casalecchio di Reno, Bologna, Italy",44.4756,11.2759
2020-12-12T02:00:00+00:00,4.900,4.500,Open-Meteo Historical Weather API,"Casalecchio di Reno, Bologna, Italy",44.4756,11.2759
2020-12-12T03:00:00+00:00,4.900,4.600,Open-Meteo Historical Weather API,"Casalecchio di Reno, Bologna, Italy",44.4756,11.2759
2020-12-12T04:00:00+00:00,4.600,4.300,Open-Meteo Historical Weather API,"Casalecchio di Reno, Bologna, Italy",44.4756,11.2759
2020-12-12T05:00:00+00:00,4.400,4.100,Open-Meteo Historical Weather API,"Casalecchio di Reno, Bologna, Italy",44.4756,11.2759
2020-12-12T06:00:00+00:00,2.800,2.800,Open-Meteo Historical Weather API,"Casalecchio di Reno, Bologna, Italy",44.4756,11.2759
2020-12-12T07:00:00+00:00,3.200,3.200,Open-Meteo Historical Weather API,"Casalecchio di Reno, Bologna, Italy",44.4756,11.2759
2020-12-12T08:00:00+00:00,4.400,4.200,Open-Meteo Historical Weather API,"Casalecchio di Reno, Bologna, Italy",44.4756,11.2759
2020-12-12T09:00:00+00:00,5.100,4.400,Open-Meteo Historical Weather API,"Casalecchio di Reno, Bologna, Italy",44.4756,11.2759
2020-12-12T10:00:00+00:00,5.500,4.700,Open-Meteo Historical Weather API,"Casalecchio di Reno, Bologna, Italy",44.4756,11.2759
2020-12-12T11:00:00+00:00,5.900,4.900,Open-Meteo Historical Weather API,"Casalecchio di Reno, Bologna, Italy",44.4756,11.2759
2020-12-12T12:00:00+00:00,5.400,4.800,Open-Meteo Historical Weather API,"Casalecchio di Reno, Bologna, Italy",44.4756,11.2759
2020-12-12T13:00:00+00:00,5.600,4.900,Open-Meteo Historical Weather API,"Casalecchio di Reno, Bologna, Italy",44.4756,11.2759
2020-12-12T14:00:00+00:00,5.800,5.100,Open-Meteo Historical Weather API,"Casalecchio di Reno, Bologna, Italy",44.4756,11.2759
2020-12-12T15:00:00+00:00,6.100,4.900,Open-Meteo Historical Weather API,"Casalecchio di Reno, Bologna, Italy",44.4756,11.2759
2020-12-12T16:00:00+00:00,5.200,4.800,Open-Meteo Historical Weather API,"Casalecchio di Reno, Bologna, Italy",44.4756,11.2759
2020-12-12T17:00:00+00:00,4.900,4.400,Open-Meteo Historical Weather API,"Casalecchio di Reno, Bologna, Italy",44.4756,11.2759
2020-12-12T18:00:00+00:00,4.700,3.800,Open-Meteo Historical Weather API,"Casalecchio di Reno, Bologna, Italy",44.4756,11.2759
2020-12-12T19:00:00+00:00,4.800,4.000,Open-Meteo Historical Weather API,"Casalecchio di Reno, Bologna, Italy",44.4756,11.2759
2020-12-12T20:00:00+00:00,5.200,4.600,Open-Meteo Historical Weather API,"Casalecchio di Reno, Bologna, Italy",44.4756,11.2759
2020-12-12T21:00:00+00:00,5.200,4.700,Open-Meteo Historical Weather API,"Casalecchio di Reno, Bologna, Italy",44.4756,11.2759
2020-12-12T22:00:00+00:00,5.100,4.600,Open-Meteo Historical Weather API,"Casalecchio di Reno, Bologna, Italy",44.4756,11.2759
2020-12-12T23:00:00+00:00,5.200,4.400,Open-Meteo Historical Weather API,"Casalecchio di Reno, Bologna, Italy",44.4756,11.2759
2020-12-13T00:00:00+00:00,5.000,4.300,Open-Meteo Historical Weather API,"Casalecchio di Reno, Bologna, Italy",44.4756,11.2759
2020-12-13T01:00:00+00:00,4.700,4.000,Open-Meteo Historical Weather API,"Casalecchio di Reno, Bologna, Italy",44.4756,11.2759
2020-12-13T02:00:00+00:00,4.400,3.500,Open-Meteo Historical Weather API,"Casalecchio di Reno, Bologna, Italy",44.4756,11.2759
2020-12-13T03:00:00+00:00,3.500,2.600,Open-Meteo Historical Weather API,"Casalecchio di Reno, Bologna, Italy",44.4756,11.2759
2020-12-13T04:00:00+00:00,2.700,1.800,Open-Meteo Historical Weather API,"Casalecchio di Reno, Bologna, Italy",44.4756,11.2759
2020-12-13T05:00:00+00:00,3.000,1.900,Open-Meteo Historical Weather API,"Casalecchio di Reno, Bologna, Italy",44.4756,11.2759
2020-12-13T06:00:00+00:00,2.500,1.500,Open-Meteo Historical Weather API,"Casalecchio di Reno, Bologna, Italy",44.4756,11.2759
2020-12-13T07:00:00+00:00,2.100,1.100,Open-Meteo Historical Weather API,"Casalecchio di Reno, Bologna, Italy",44.4756,11.2759
2020-12-13T08:00:00+00:00,4.400,2.900,Open-Meteo Historical Weather API,"Casalecchio di Reno, Bologna, Italy",44.4756,11.2759
2020-12-13T09:00:00+00:00,6.600,4.300,Open-Meteo Historical Weather API,"Casalecchio di Reno, Bologna, Italy",44.4756,11.2759
2020-12-13T10:00:00+00:00,7.700,4.600,Open-Meteo Historical Weather API,"Casalecchio di Reno, Bologna, Italy",44.4756,11.2759
2020-12-13T11:00:00+00:00,8.300,4.600,Open-Meteo Historical Weather API,"Casalecchio di Reno, Bologna, Italy",44.4756,11.2759
2020-12-13T12:00:00+00:00,8.900,4.600,Open-Meteo Historical Weather API,"Casalecchio di Reno, Bologna, Italy",44.4756,11.2759
2020-12-13T13:00:00+00:00,9.100,4.600,Open-Meteo Historical Weather API,"Casalecchio di Reno, Bologna, Italy",44.4756,11.2759
2020-12-13T14:00:00+00:00,8.900,4.500,Open-Meteo Historical Weather API,"Casalecchio di Reno, Bologna, Italy",44.4756,11.2759
2020-12-13T15:00:00+00:00,6.500,4.800,Open-Meteo Historical Weather API,"Casalecchio di Reno, Bologna, Italy",44.4756,11.2759
2020-12-13T16:00:00+00:00,4.300,3.000,Open-Meteo Historical Weather API,"Casalecchio di Reno, Bologna, Italy",44.4756,11.2759
2020-12-13T17:00:00+00:00,4.600,3.200,Open-Meteo Historical Weather API,"Casalecchio di Reno, Bologna, Italy",44.4756,11.2759
2020-12-13T18:00:00+00:00,2.800,2.000,Open-Meteo Historical Weather API,"Casalecchio di Reno, Bologna, Italy",44.4756,11.2759
2020-12-13T19:00:00+00:00,1.700,1.100,Open-Meteo Historical Weather API,"Casalecchio di Reno, Bologna, Italy",44.4756,11.2759
2020-12-13T20:00:00+00:00,1.600,0.600,Open-Meteo Historical Weather API,"Casalecchio di Reno, Bologna, Italy",44.4756,11.2759
2020-12-13T21:00:00+00:00,2.700,0.600,Open-Meteo Historical Weather API,"Casalecchio di Reno, Bologna, Italy",44.4756,11.2759
2020-12-13T22:00:00+00:00,2.200,0.100,Open-Meteo Historical Weather API,"Casalecchio di Reno, Bologna, Italy",44.4756,11.2759
2020-12-13T23:00:00+00:00,1.800,-0.100,Open-Meteo Historical Weather API,"Casalecchio di Reno, Bologna, Italy",44.4756,11.2759
2020-12-14T00:00:00+00:00,0.900,-0.300,Open-Meteo Historical Weather API,"Casalecchio di Reno, Bologna, Italy",44.4756,11.2759
2020-12-14T01:00:00+00:00,0.600,-0.600,Open-Meteo Historical Weather API,"Casalecchio di Reno, Bologna, Italy",44.4756,11.2759
2020-12-14T02:00:00+00:00,0.800,-0.600,Open-Meteo Historical Weather API,"Casalecchio di Reno, Bologna, Italy",44.4756,11.2759
2020-12-14T03:00:00+00:00,0.900,-0.800,Open-Meteo Historical Weather API,"Casalecchio di Reno, Bologna, Italy",44.4756,11.2759
2020-12-14T04:00:00+00:00,0.400,-1.000,Open-Meteo Historical Weather API,"Casalecchio di Reno, Bologna, Italy",44.4756,11.2759
2020-12-14T05:00:00+00:00,0.500,-1.500,Open-Meteo Historical Weather API,"Casalecchio di Reno, Bologna, Italy",44.4756,11.2759
2020-12-14T06:00:00+00:00,0.100,-1.700,Open-Meteo Historical Weather API,"Casalecchio di Reno, Bologna, Italy",44.4756,11.2759
2020-12-14T07:00:00+00:00,-0.100,-1.900,Open-Meteo Historical Weather API,"Casalecchio di Reno, Bologna, Italy",44.4756,11.2759
2020-12-14T08:00:00+00:00,2.700,-0.300,Open-Meteo Historical Weather API,"Casalecchio di Reno, Bologna, Italy",44.4756,11.2759
2020-12-14T09:00:00+00:00,4.200,0.300,Open-Meteo Historical Weather API,"Casalecchio di Reno, Bologna, Italy",44.4756,11.2759
2020-12-14T10:00:00+00:00,5.300,1.200,Open-Meteo Historical Weather API,"Casalecchio di Reno, Bologna, Italy",44.4756,11.2759
2020-12-14T11:00:00+00:00,5.800,2.300,Open-Meteo Historical Weather API,"Casalecchio di Reno, Bologna, Italy",44.4756,11.2759
2020-12-14T12:00:00+00:00,7.600,3.500,Open-Meteo Historical Weather API,"Casalecchio di Reno, Bologna, Italy",44.4756,11.2759
2020-12-14T13:00:00+00:00,7.300,4.200,Open-Meteo Historical Weather API,"Casalecchio di Reno, Bologna, Italy",44.4756,11.2759
2020-12-14T14:00:00+00:00,7.300,4.600,Open-Meteo Historical Weather API,"Casalecchio di Reno, Bologna, Italy",44.4756,11.2759
2020-12-14T15:00:00+00:00,5.600,4.300,Open-Meteo Historical Weather API,"Casalecchio di Reno, Bologna, Italy",44.4756,11.2759
2020-12-14T16:00:00+00:00,3.700,3.000,Open-Meteo Historical Weather API,"Casalecchio di Reno, Bologna, Italy",44.4756,11.2759
2020-12-14T17:00:00+00:00,2.500,2.100,Open-Meteo Historical Weather API,"Casalecchio di Reno, Bologna, Italy",44.4756,11.2759
2020-12-14T18:00:00+00:00,1.900,1.500,Open-Meteo Historical Weather API,"Casalecchio di Reno, Bologna, Italy",44.4756,11.2759
2020-12-14T19:00:00+00:00,2.200,1.400,Open-Meteo Historical Weather API,"Casalecchio di Reno, Bologna, Italy",44.4756,11.2759
2020-12-14T20:00:00+00:00,1.900,1.000,Open-Meteo Historical Weather API,"Casalecchio di Reno, Bologna, Italy",44.4756,11.2759
2020-12-14T21:00:00+00:00,1.200,0.400,Open-Meteo Historical Weather API,"Casalecchio di Reno, Bologna, Italy",44.4756,11.2759
2020-12-14T22:00:00+00:00,0.600,0.100,Open-Meteo Historical Weather API,"Casalecchio di Reno, Bologna, Italy",44.4756,11.2759
2020-12-14T23:00:00+00:00,0.300,-0.300,Open-Meteo Historical Weather API,"Casalecchio di Reno, Bologna, Italy",44.4756,11.2759
2020-12-15T00:00:00+00:00,1.100,0.100,Open-Meteo Historical Weather API,"Casalecchio di Reno, Bologna, Italy",44.4756,11.2759
2020-12-15T01:00:00+00:00,0.900,-0.100,Open-Meteo Historical Weather API,"Casalecchio di Reno, Bologna, Italy",44.4756,11.2759
2020-12-15T02:00:00+00:00,0.800,-0.200,Open-Meteo Historical Weather API,"Casalecchio di Reno, Bologna, Italy",44.4756,11.2759
2020-12-15T03:00:00+00:00,1.200,0.200,Open-Meteo Historical Weather API,"Casalecchio di Reno, Bologna, Italy",44.4756,11.2759
2020-12-15T04:00:00+00:00,2.000,0.800,Open-Meteo Historical Weather API,"Casalecchio di Reno, Bologna, Italy",44.4756,11.2759
2020-12-15T05:00:00+00:00,2.700,0.800,Open-Meteo Historical Weather API,"Casalecchio di Reno, Bologna, Italy",44.4756,11.2759
2020-12-15T06:00:00+00:00,2.500,1.000,Open-Meteo Historical Weather API,"Casalecchio di Reno, Bologna, Italy",44.4756,11.2759
2020-12-15T07:00:00+00:00,3.200,1.400,Open-Meteo Historical Weather API,"Casalecchio di Reno, Bologna, Italy",44.4756,11.2759
2020-12-15T08:00:00+00:00,4.000,1.900,Open-Meteo Historical Weather API,"Casalecchio di Reno, Bologna, Italy",44.4756,11.2759
2020-12-15T09:00:00+00:00,5.200,2.700,Open-Meteo Historical Weather API,"Casalecchio di Reno, Bologna, Italy",44.4756,11.2759
2020-12-15T10:00:00+00:00,6.500,3.000,Open-Meteo Historical Weather API,"Casalecchio di Reno, Bologna, Italy",44.4756,11.2759
2020-12-15T11:00:00+00:00,7.700,3.500,Open-Meteo Historical Weather API,"Casalecchio di Reno, Bologna, Italy",44.4756,11.2759
2020-12-15T12:00:00+00:00,8.500,3.500,Open-Meteo Historical Weather API,"Casalecchio di Reno, Bologna, Italy",44.4756,11.2759
2020-12-15T13:00:00+00:00,8.700,4.300,Open-Meteo Historical Weather API,"Casalecchio di Reno, Bologna, Italy",44.4756,11.2759
2020-12-15T14:00:00+00:00,8.200,4.600,Open-Meteo Historical Weather API,"Casalecchio di Reno, Bologna, Italy",44.4756,11.2759
2020-12-15T15:00:00+00:00,6.600,5.000,Open-Meteo Historical Weather API,"Casalecchio di Reno, Bologna, Italy",44.4756,11.2759
2020-12-15T16:00:00+00:00,6.800,4.700,Open-Meteo Historical Weather API,"Casalecchio di Reno, Bologna, Italy",44.4756,11.2759
2020-12-15T17:00:00+00:00,6.600,4.500,Open-Meteo Historical Weather API,"Casalecchio di Reno, Bologna, Italy",44.4756,11.2759
2020-12-15T18:00:00+00:00,4.100,3.100,Open-Meteo Historical Weather API,"Casalecchio di Reno, Bologna, Italy",44.4756,11.2759
2020-12-15T19:00:00+00:00,4.300,3.200,Open-Meteo Historical Weather API,"Casalecchio di Reno, Bologna, Italy",44.4756,11.2759
2020-12-15T20:00:00+00:00,4.400,3.500,Open-Meteo Historical Weather API,"Casalecchio di Reno, Bologna, Italy",44.4756,11.2759
2020-12-15T21:00:00+00:00,3.000,2.100,Open-Meteo Historical Weather API,"Casalecchio di Reno, Bologna, Italy",44.4756,11.2759
2020-12-15T22:00:00+00:00,2.000,1.000,Open-Meteo Historical Weather API,"Casalecchio di Reno, Bologna, Italy",44.4756,11.2759
2020-12-15T23:00:00+00:00,1.900,0.900,Open-Meteo Historical Weather API,"Casalecchio di Reno, Bologna, Italy",44.4756,11.2759
2020-12-16T00:00:00+00:00,2.400,1.000,Open-Meteo Historical Weather API,"Casalecchio di Reno, Bologna, Italy",44.4756,11.2759
2020-12-16T01:00:00+00:00,2.200,0.900,Open-Meteo Historical Weather API,"Casalecchio di Reno, Bologna, Italy",44.4756,11.2759
2020-12-16T02:00:00+00:00,2.600,1.200,Open-Meteo Historical Weather API,"Casalecchio di Reno, Bologna, Italy",44.4756,11.2759
2020-12-16T03:00:00+00:00,2.100,0.900,Open-Meteo Historical Weather API,"Casalecchio di Reno, Bologna, Italy",44.4756,11.2759
2020-12-16T04:00:00+00:00,2.300,1.100,Open-Meteo Historical Weather API,"Casalecchio di Reno, Bologna, Italy",44.4756,11.2759
2020-12-16T05:00:00+00:00,3.000,1.500,Open-Meteo Historical Weather API,"Casalecchio di Reno, Bologna, Italy",44.4756,11.2759
2020-12-16T06:00:00+00:00,3.400,2.000,Open-Meteo Historical Weather API,"Casalecchio di Reno, Bologna, Italy",44.4756,11.2759
2020-12-16T07:00:00+00:00,3.000,1.400,Open-Meteo Historical Weather API,"Casalecchio di Reno, Bologna, Italy",44.4756,11.2759
2020-12-16T08:00:00+00:00,4.900,2.600,Open-Meteo Historical Weather API,"Casalecchio di Reno, Bologna, Italy",44.4756,11.2759
2020-12-16T09:00:00+00:00,6.800,3.600,Open-Meteo Historical Weather API,"Casalecchio di Reno, Bologna, Italy",44.4756,11.2759
2020-12-16T10:00:00+00:00,7.800,4.200,Open-Meteo Historical Weather API,"Casalecchio di Reno, Bologna, Italy",44.4756,11.2759
2020-12-16T11:00:00+00:00,8.600,4.000,Open-Meteo Historical Weather API,"Casalecchio di Reno, Bologna, Italy",44.4756,11.2759
2020-12-16T12:00:00+00:00,8.900,5.200,Open-Meteo Historical Weather API,"Casalecchio di Reno, Bologna, Italy",44.4756,11.2759
2020-12-16T13:00:00+00:00,8.900,5.200,Open-Meteo Historical Weather API,"Casalecchio di Reno, Bologna, Italy",44.4756,11.2759
2020-12-16T14:00:00+00:00,9.100,5.500,Open-Meteo Historical Weather API,"Casalecchio di Reno, Bologna, Italy",44.4756,11.2759
2020-12-16T15:00:00+00:00,8.800,5.400,Open-Meteo Historical Weather API,"Casalecchio di Reno, Bologna, Italy",44.4756,11.2759
2020-12-16T16:00:00+00:00,7.900,5.400,Open-Meteo Historical Weather API,"Casalecchio di Reno, Bologna, Italy",44.4756,11.2759
2020-12-16T17:00:00+00:00,6.200,4.400,Open-Meteo Historical Weather API,"Casalecchio di Reno, Bologna, Italy",44.4756,11.2759
2020-12-16T18:00:00+00:00,5.300,3.500,Open-Meteo Historical Weather API,"Casalecchio di Reno, Bologna, Italy",44.4756,11.2759
2020-12-16T19:00:00+00:00,5.100,3.300,Open-Meteo Historical Weather API,"Casalecchio di Reno, Bologna, Italy",44.4756,11.2759
2020-12-16T20:00:00+00:00,4.800,3.300,Open-Meteo Historical Weather API,"Casalecchio di Reno, Bologna, Italy",44.4756,11.2759
2020-12-16T21:00:00+00:00,5.300,3.500,Open-Meteo Historical Weather API,"Casalecchio di Reno, Bologna, Italy",44.4756,11.2759
2020-12-16T22:00:00+00:00,6.800,3.900,Open-Meteo Historical Weather API,"Casalecchio di Reno, Bologna, Italy",44.4756,11.2759
2020-12-16T23:00:00+00:00,6.700,4.100,Open-Meteo Historical Weather API,"Casalecchio di Reno, Bologna, Italy",44.4756,11.2759
2020-12-17T00:00:00+00:00,6.100,4.800,Open-Meteo Historical Weather API,"Casalecchio di Reno, Bologna, Italy",44.4756,11.2759
2020-12-17T01:00:00+00:00,6.400,5.400,Open-Meteo Historical Weather API,"Casalecchio di Reno, Bologna, Italy",44.4756,11.2759
2020-12-17T02:00:00+00:00,6.100,5.000,Open-Meteo Historical Weather API,"Casalecchio di Reno, Bologna, Italy",44.4756,11.2759
2020-12-17T03:00:00+00:00,5.300,4.600,Open-Meteo Historical Weather API,"Casalecchio di Reno, Bologna, Italy",44.4756,11.2759
2020-12-17T04:00:00+00:00,5.300,4.400,Open-Meteo Historical Weather API,"Casalecchio di Reno, Bologna, Italy",44.4756,11.2759
2020-12-17T05:00:00+00:00,4.700,4.100,Open-Meteo Historical Weather API,"Casalecchio di Reno, Bologna, Italy",44.4756,11.2759
2020-12-17T06:00:00+00:00,4.700,4.100,Open-Meteo Historical Weather API,"Casalecchio di Reno, Bologna, Italy",44.4756,11.2759
2020-12-17T07:00:00+00:00,5.200,4.600,Open-Meteo Historical Weather API,"Casalecchio di Reno, Bologna, Italy",44.4756,11.2759
2020-12-17T08:00:00+00:00,6.600,5.300,Open-Meteo Historical Weather API,"Casalecchio di Reno, Bologna, Italy",44.4756,11.2759
2020-12-17T09:00:00+00:00,7.000,5.700,Open-Meteo Historical Weather API,"Casalecchio di Reno, Bologna, Italy",44.4756,11.2759
2020-12-17T10:00:00+00:00,7.500,6.100,Open-Meteo Historical Weather API,"Casalecchio di Reno, Bologna, Italy",44.4756,11.2759
2020-12-17T11:00:00+00:00,7.800,6.400,Open-Meteo Historical Weather API,"Casalecchio di Reno, Bologna, Italy",44.4756,11.2759
2020-12-17T12:00:00+00:00,8.300,6.400,Open-Meteo Historical Weather API,"Casalecchio di Reno, Bologna, Italy",44.4756,11.2759
2020-12-17T13:00:00+00:00,8.600,6.400,Open-Meteo Historical Weather API,"Casalecchio di Reno, Bologna, Italy",44.4756,11.2759
2020-12-17T14:00:00+00:00,8.400,6.400,Open-Meteo Historical Weather API,"Casalecchio di Reno, Bologna, Italy",44.4756,11.2759
2020-12-17T15:00:00+00:00,7.800,6.900,Open-Meteo Historical Weather API,"Casalecchio di Reno, Bologna, Italy",44.4756,11.2759
2020-12-17T16:00:00+00:00,7.700,6.600,Open-Meteo Historical Weather API,"Casalecchio di Reno, Bologna, Italy",44.4756,11.2759
2020-12-17T17:00:00+00:00,7.800,6.400,Open-Meteo Historical Weather API,"Casalecchio di Reno, Bologna, Italy",44.4756,11.2759
2020-12-17T18:00:00+00:00,6.100,5.600,Open-Meteo Historical Weather API,"Casalecchio di Reno, Bologna, Italy",44.4756,11.2759
2020-12-17T19:00:00+00:00,7.100,6.400,Open-Meteo Historical Weather API,"Casalecchio di Reno, Bologna, Italy",44.4756,11.2759
2020-12-17T20:00:00+00:00,7.200,6.500,Open-Meteo Historical Weather API,"Casalecchio di Reno, Bologna, Italy",44.4756,11.2759
2020-12-17T21:00:00+00:00,7.000,6.300,Open-Meteo Historical Weather API,"Casalecchio di Reno, Bologna, Italy",44.4756,11.2759
2020-12-17T22:00:00+00:00,6.900,6.400,Open-Meteo Historical Weather API,"Casalecchio di Reno, Bologna, Italy",44.4756,11.2759
2020-12-17T23:00:00+00:00,6.800,6.600,Open-Meteo Historical Weather API,"Casalecchio di Reno, Bologna, Italy",44.4756,11.2759
2020-12-18T00:00:00+00:00,7.200,6.800,Open-Meteo Historical Weather API,"Casalecchio di Reno, Bologna, Italy",44.4756,11.2759
2020-12-18T01:00:00+00:00,7.300,7.200,Open-Meteo Historical Weather API,"Casalecchio di Reno, Bologna, Italy",44.4756,11.2759
2020-12-18T02:00:00+00:00,7.300,7.100,Open-Meteo Historical Weather API,"Casalecchio di Reno, Bologna, Italy",44.4756,11.2759
2020-12-18T03:00:00+00:00,7.400,7.100,Open-Meteo Historical Weather API,"Casalecchio di Reno, Bologna, Italy",44.4756,11.2759
2020-12-18T04:00:00+00:00,7.200,6.900,Open-Meteo Historical Weather API,"Casalecchio di Reno, Bologna, Italy",44.4756,11.2759
2020-12-18T05:00:00+00:00,7.200,6.900,Open-Meteo Historical Weather API,"Casalecchio di Reno, Bologna, Italy",44.4756,11.2759
2020-12-18T06:00:00+00:00,7.100,6.800,Open-Meteo Historical Weather API,"Casalecchio di Reno, Bologna, Italy",44.4756,11.2759
2020-12-18T07:00:00+00:00,7.100,6.900,Open-Meteo Historical Weather API,"Casalecchio di Reno, Bologna, Italy",44.4756,11.2759
2020-12-18T08:00:00+00:00,7.600,7.100,Open-Meteo Historical Weather API,"Casalecchio di Reno, Bologna, Italy",44.4756,11.2759
2020-12-18T09:00:00+00:00,8.100,7.400,Open-Meteo Historical Weather API,"Casalecchio di Reno, Bologna, Italy",44.4756,11.2759
2020-12-18T10:00:00+00:00,8.600,7.600,Open-Meteo Historical Weather API,"Casalecchio di Reno, Bologna, Italy",44.4756,11.2759
2020-12-18T11:00:00+00:00,8.600,7.400,Open-Meteo Historical Weather API,"Casalecchio di Reno, Bologna, Italy",44.4756,11.2759
2020-12-18T12:00:00+00:00,8.400,7.600,Open-Meteo Historical Weather API,"Casalecchio di Reno, Bologna, Italy",44.4756,11.2759
2020-12-18T13:00:00+00:00,8.400,7.700,Open-Meteo Historical Weather API,"Casalecchio di Reno, Bologna, Italy",44.4756,11.2759
2020-12-18T14:00:00+00:00,8.600,7.600,Open-Meteo Historical Weather API,"Casalecchio di Reno, Bologna, Italy",44.4756,11.2759
2020-12-18T15:00:00+00:00,8.400,7.700,Open-Meteo Historical Weather API,"Casalecchio di Reno, Bologna, Italy",44.4756,11.2759
2020-12-18T16:00:00+00:00,7.200,6.900,Open-Meteo Historical Weather API,"Casalecchio di Reno, Bologna, Italy",44.4756,11.2759
2020-12-18T17:00:00+00:00,6.800,6.800,Open-Meteo Historical Weather API,"Casalecchio di Reno, Bologna, Italy",44.4756,11.2759
2020-12-18T18:00:00+00:00,6.200,6.200,Open-Meteo Historical Weather API,"Casalecchio di Reno, Bologna, Italy",44.4756,11.2759
2020-12-18T19:00:00+00:00,5.700,5.700,Open-Meteo Historical Weather API,"Casalecchio di Reno, Bologna, Italy",44.4756,11.2759
2020-12-18T20:00:00+00:00,5.800,5.800,Open-Meteo Historical Weather API,"Casalecchio di Reno, Bologna, Italy",44.4756,11.2759
2020-12-18T21:00:00+00:00,6.200,6.100,Open-Meteo Historical Weather API,"Casalecchio di Reno, Bologna, Italy",44.4756,11.2759
2020-12-18T22:00:00+00:00,6.200,6.200,Open-Meteo Historical Weather API,"Casalecchio di Reno, Bologna, Italy",44.4756,11.2759
2020-12-18T23:00:00+00:00,6.400,6.300,Open-Meteo Historical Weather API,"Casalecchio di Reno, Bologna, Italy",44.4756,11.2759
2020-12-19T00:00:00+00:00,7.300,7.100,Open-Meteo Historical Weather API,"Casalecchio di Reno, Bologna, Italy",44.4756,11.2759
2020-12-19T01:00:00+00:00,7.100,6.900,Open-Meteo Historical Weather API,"Casalecchio di Reno, Bologna, Italy",44.4756,11.2759
2020-12-19T02:00:00+00:00,6.500,6.400,Open-Meteo Historical Weather API,"Casalecchio di Reno, Bologna, Italy",44.4756,11.2759
2020-12-19T03:00:00+00:00,6.600,6.400,Open-Meteo Historical Weather API,"Casalecchio di Reno, Bologna, Italy",44.4756,11.2759
2020-12-19T04:00:00+00:00,6.100,5.900,Open-Meteo Historical Weather API,"Casalecchio di Reno, Bologna, Italy",44.4756,11.2759
2020-12-19T05:00:00+00:00,5.300,5.200,Open-Meteo Historical Weather API,"Casalecchio di Reno, Bologna, Italy",44.4756,11.2759
2020-12-19T06:00:00+00:00,5.200,5.100,Open-Meteo Historical Weather API,"Casalecchio di Reno, Bologna, Italy",44.4756,11.2759
2020-12-19T07:00:00+00:00,4.600,4.400,Open-Meteo Historical Weather API,"Casalecchio di Reno, Bologna, Italy",44.4756,11.2759
2020-12-19T08:00:00+00:00,5.900,5.300,Open-Meteo Historical Weather API,"Casalecchio di Reno, Bologna, Italy",44.4756,11.2759
2020-12-19T09:00:00+00:00,6.900,5.900,Open-Meteo Historical Weather API,"Casalecchio di Reno, Bologna, Italy",44.4756,11.2759
2020-12-19T10:00:00+00:00,7.200,6.300,Open-Meteo Historical Weather API,"Casalecchio di Reno, Bologna, Italy",44.4756,11.2759
2020-12-19T11:00:00+00:00,7.400,6.700,Open-Meteo Historical Weather API,"Casalecchio di Reno, Bologna, Italy",44.4756,11.2759
2020-12-19T12:00:00+00:00,8.100,7.200,Open-Meteo Historical Weather API,"Casalecchio di Reno, Bologna, Italy",44.4756,11.2759
2020-12-19T13:00:00+00:00,8.100,7.200,Open-Meteo Historical Weather API,"Casalecchio di Reno, Bologna, Italy",44.4756,11.2759
2020-12-19T14:00:00+00:00,7.900,7.200,Open-Meteo Historical Weather API,"Casalecchio di Reno, Bologna, Italy",44.4756,11.2759
2020-12-19T15:00:00+00:00,7.800,7.100,Open-Meteo Historical Weather API,"Casalecchio di Reno, Bologna, Italy",44.4756,11.2759
2020-12-19T16:00:00+00:00,7.600,7.200,Open-Meteo Historical Weather API,"Casalecchio di Reno, Bologna, Italy",44.4756,11.2759
2020-12-19T17:00:00+00:00,7.300,7.200,Open-Meteo Historical Weather API,"Casalecchio di Reno, Bologna, Italy",44.4756,11.2759
2020-12-19T18:00:00+00:00,7.200,7.100,Open-Meteo Historical Weather API,"Casalecchio di Reno, Bologna, Italy",44.4756,11.2759
2020-12-19T19:00:00+00:00,7.200,7.100,Open-Meteo Historical Weather API,"Casalecchio di Reno, Bologna, Italy",44.4756,11.2759
2020-12-19T20:00:00+00:00,7.000,6.800,Open-Meteo Historical Weather API,"Casalecchio di Reno, Bologna, Italy",44.4756,11.2759
2020-12-19T21:00:00+00:00,6.900,6.700,Open-Meteo Historical Weather API,"Casalecchio di Reno, Bologna, Italy",44.4756,11.2759
2020-12-19T22:00:00+00:00,6.800,6.600,Open-Meteo Historical Weather API,"Casalecchio di Reno, Bologna, Italy",44.4756,11.2759
2020-12-19T23:00:00+00:00,6.700,6.400,Open-Meteo Historical Weather API,"Casalecchio di Reno, Bologna, Italy",44.4756,11.2759
2020-12-20T00:00:00+00:00,6.900,6.300,Open-Meteo Historical Weather API,"Casalecchio di Reno, Bologna, Italy",44.4756,11.2759
2020-12-20T01:00:00+00:00,7.100,6.300,Open-Meteo Historical Weather API,"Casalecchio di Reno, Bologna, Italy",44.4756,11.2759
2020-12-20T02:00:00+00:00,6.900,6.300,Open-Meteo Historical Weather API,"Casalecchio di Reno, Bologna, Italy",44.4756,11.2759
2020-12-20T03:00:00+00:00,6.800,6.200,Open-Meteo Historical Weather API,"Casalecchio di Reno, Bologna, Italy",44.4756,11.2759
2020-12-20T04:00:00+00:00,6.300,6.100,Open-Meteo Historical Weather API,"Casalecchio di Reno, Bologna, Italy",44.4756,11.2759
2020-12-20T05:00:00+00:00,6.600,6.200,Open-Meteo Historical Weather API,"Casalecchio di Reno, Bologna, Italy",44.4756,11.2759
2020-12-20T06:00:00+00:00,6.300,6.100,Open-Meteo Historical Weather API,"Casalecchio di Reno, Bologna, Italy",44.4756,11.2759
2020-12-20T07:00:00+00:00,6.400,6.100,Open-Meteo Historical Weather API,"Casalecchio di Reno, Bologna, Italy",44.4756,11.2759
2020-12-20T08:00:00+00:00,6.500,6.200,Open-Meteo Historical Weather API,"Casalecchio di Reno, Bologna, Italy",44.4756,11.2759
2020-12-20T09:00:00+00:00,6.600,6.300,Open-Meteo Historical Weather API,"Casalecchio di Reno, Bologna, Italy",44.4756,11.2759
2020-12-20T10:00:00+00:00,6.900,6.600,Open-Meteo Historical Weather API,"Casalecchio di Reno, Bologna, Italy",44.4756,11.2759
2020-12-20T11:00:00+00:00,7.300,6.800,Open-Meteo Historical Weather API,"Casalecchio di Reno, Bologna, Italy",44.4756,11.2759
2020-12-20T12:00:00+00:00,7.900,6.600,Open-Meteo Historical Weather API,"Casalecchio di Reno, Bologna, Italy",44.4756,11.2759
2020-12-20T13:00:00+00:00,8.300,6.600,Open-Meteo Historical Weather API,"Casalecchio di Reno, Bologna, Italy",44.4756,11.2759
2020-12-20T14:00:00+00:00,8.100,6.700,Open-Meteo Historical Weather API,"Casalecchio di Reno, Bologna, Italy",44.4756,11.2759
2020-12-20T15:00:00+00:00,8.100,6.700,Open-Meteo Historical Weather API,"Casalecchio di Reno, Bologna, Italy",44.4756,11.2759
2020-12-20T16:00:00+00:00,7.400,6.700,Open-Meteo Historical Weather API,"Casalecchio di Reno, Bologna, Italy",44.4756,11.2759
2020-12-20T17:00:00+00:00,7.200,6.700,Open-Meteo Historical Weather API,"Casalecchio di Reno, Bologna, Italy",44.4756,11.2759
2020-12-20T18:00:00+00:00,7.200,6.800,Open-Meteo Historical Weather API,"Casalecchio di Reno, Bologna, Italy",44.4756,11.2759
2020-12-20T19:00:00+00:00,7.100,6.800,Open-Meteo Historical Weather API,"Casalecchio di Reno, Bologna, Italy",44.4756,11.2759
2020-12-20T20:00:00+00:00,7.000,6.800,Open-Meteo Historical Weather API,"Casalecchio di Reno, Bologna, Italy",44.4756,11.2759
2020-12-20T21:00:00+00:00,7.100,6.700,Open-Meteo Historical Weather API,"Casalecchio di Reno, Bologna, Italy",44.4756,11.2759
2020-12-20T22:00:00+00:00,7.200,6.700,Open-Meteo Historical Weather API,"Casalecchio di Reno, Bologna, Italy",44.4756,11.2759
2020-12-20T23:00:00+00:00,7.200,6.700,Open-Meteo Historical Weather API,"Casalecchio di Reno, Bologna, Italy",44.4756,11.2759
2020-12-21T00:00:00+00:00,7.700,7.000,Open-Meteo Historical Weather API,"Casalecchio di Reno, Bologna, Italy",44.4756,11.2759
2020-12-21T01:00:00+00:00,7.800,7.000,Open-Meteo Historical Weather API,"Casalecchio di Reno, Bologna, Italy",44.4756,11.2759
2020-12-21T02:00:00+00:00,7.700,7.200,Open-Meteo Historical Weather API,"Casalecchio di Reno, Bologna, Italy",44.4756,11.2759
2020-12-21T03:00:00+00:00,7.400,7.100,Open-Meteo Historical Weather API,"Casalecchio di Reno, Bologna, Italy",44.4756,11.2759
2020-12-21T04:00:00+00:00,7.500,7.100,Open-Meteo Historical Weather API,"Casalecchio di Reno, Bologna, Italy",44.4756,11.2759
2020-12-21T05:00:00+00:00,7.100,6.800,Open-Meteo Historical Weather API,"Casalecchio di Reno, Bologna, Italy",44.4756,11.2759
2020-12-21T06:00:00+00:00,7.100,6.400,Open-Meteo Historical Weather API,"Casalecchio di Reno, Bologna, Italy",44.4756,11.2759
2020-12-21T07:00:00+00:00,7.100,6.100,Open-Meteo Historical Weather API,"Casalecchio di Reno, Bologna, Italy",44.4756,11.2759
2020-12-21T08:00:00+00:00,7.400,5.800,Open-Meteo Historical Weather API,"Casalecchio di Reno, Bologna, Italy",44.4756,11.2759
2020-12-21T09:00:00+00:00,8.100,6.100,Open-Meteo Historical Weather API,"Casalecchio di Reno, Bologna, Italy",44.4756,11.2759
2020-12-21T10:00:00+00:00,9.100,6.600,Open-Meteo Historical Weather API,"Casalecchio di Reno, Bologna, Italy",44.4756,11.2759
2020-12-21T11:00:00+00:00,9.400,6.900,Open-Meteo Historical Weather API,"Casalecchio di Reno, Bologna, Italy",44.4756,11.2759
2020-12-21T12:00:00+00:00,8.900,6.800,Open-Meteo Historical Weather API,"Casalecchio di Reno, Bologna, Italy",44.4756,11.2759
2020-12-21T13:00:00+00:00,9.100,7.100,Open-Meteo Historical Weather API,"Casalecchio di Reno, Bologna, Italy",44.4756,11.2759
2020-12-21T14:00:00+00:00,9.000,6.800,Open-Meteo Historical Weather API,"Casalecchio di Reno, Bologna, Italy",44.4756,11.2759
2020-12-21T15:00:00+00:00,8.400,6.700,Open-Meteo Historical Weather API,"Casalecchio di Reno, Bologna, Italy",44.4756,11.2759
2020-12-21T16:00:00+00:00,7.800,6.700,Open-Meteo Historical Weather API,"Casalecchio di Reno, Bologna, Italy",44.4756,11.2759
2020-12-21T17:00:00+00:00,7.600,6.800,Open-Meteo Historical Weather API,"Casalecchio di Reno, Bologna, Italy",44.4756,11.2759
2020-12-21T18:00:00+00:00,7.400,6.600,Open-Meteo Historical Weather API,"Casalecchio di Reno, Bologna, Italy",44.4756,11.2759
2020-12-21T19:00:00+00:00,6.900,6.600,Open-Meteo Historical Weather API,"Casalecchio di Reno, Bologna, Italy",44.4756,11.2759
2020-12-21T20:00:00+00:00,6.300,6.200,Open-Meteo Historical Weather API,"Casalecchio di Reno, Bologna, Italy",44.4756,11.2759
2020-12-21T21:00:00+00:00,5.700,5.700,Open-Meteo Historical Weather API,"Casalecchio di Reno, Bologna, Italy",44.4756,11.2759
2020-12-21T22:00:00+00:00,4.500,4.500,Open-Meteo Historical Weather API,"Casalecchio di Reno, Bologna, Italy",44.4756,11.2759
2020-12-21T23:00:00+00:00,5.300,5.300,Open-Meteo Historical Weather API,"Casalecchio di Reno, Bologna, Italy",44.4756,11.2759
2020-12-22T00:00:00+00:00,5.600,5.600,Open-Meteo Historical Weather API,"Casalecchio di Reno, Bologna, Italy",44.4756,11.2759
2020-12-22T01:00:00+00:00,6.100,6.000,Open-Meteo Historical Weather API,"Casalecchio di Reno, Bologna, Italy",44.4756,11.2759
2020-12-22T02:00:00+00:00,6.200,5.500,Open-Meteo Historical Weather API,"Casalecchio di Reno, Bologna, Italy",44.4756,11.2759
2020-12-22T03:00:00+00:00,5.200,4.800,Open-Meteo Historical Weather API,"Casalecchio di Reno, Bologna, Italy",44.4756,11.2759
2020-12-22T04:00:00+00:00,6.200,5.600,Open-Meteo Historical Weather API,"Casalecchio di Reno, Bologna, Italy",44.4756,11.2759
2020-12-22T05:00:00+00:00,6.400,5.700,Open-Meteo Historical Weather API,"Casalecchio di Reno, Bologna, Italy",44.4756,11.2759
2020-12-22T06:00:00+00:00,6.300,5.400,Open-Meteo Historical Weather API,"Casalecchio di Reno, Bologna, Italy",44.4756,11.2759
2020-12-22T07:00:00+00:00,5.900,5.100,Open-Meteo Historical Weather API,"Casalecchio di Reno, Bologna, Italy",44.4756,11.2759
2020-12-22T08:00:00+00:00,7.700,6.000,Open-Meteo Historical Weather API,"Casalecchio di Reno, Bologna, Italy",44.4756,11.2759
2020-12-22T09:00:00+00:00,8.900,7.100,Open-Meteo Historical Weather API,"Casalecchio di Reno, Bologna, Italy",44.4756,11.2759
2020-12-22T10:00:00+00:00,9.700,7.800,Open-Meteo Historical Weather API,"Casalecchio di Reno, Bologna, Italy",44.4756,11.2759
2020-12-22T11:00:00+00:00,10.100,8.100,Open-Meteo Historical Weather API,"Casalecchio di Reno, Bologna, Italy",44.4756,11.2759
2020-12-22T12:00:00+00:00,11.500,9.100,Open-Meteo Historical Weather API,"Casalecchio di Reno, Bologna, Italy",44.4756,11.2759
2020-12-22T13:00:00+00:00,10.900,8.900,Open-Meteo Historical Weather API,"Casalecchio di Reno, Bologna, Italy",44.4756,11.2759
2020-12-22T14:00:00+00:00,10.800,8.900,Open-Meteo Historical Weather API,"Casalecchio di Reno, Bologna, Italy",44.4756,11.2759
2020-12-22T15:00:00+00:00,9.600,8.800,Open-Meteo Historical Weather API,"Casalecchio di Reno, Bologna, Italy",44.4756,11.2759
2020-12-22T16:00:00+00:00,7.600,7.500,Open-Meteo Historical Weather API,"Casalecchio di Reno, Bologna, Italy",44.4756,11.2759
2020-12-22T17:00:00+00:00,8.200,8.000,Open-Meteo Historical Weather API,"Casalecchio di Reno, Bologna, Italy",44.4756,11.2759
2020-12-22T18:00:00+00:00,8.400,8.100,Open-Meteo Historical Weather API,"Casalecchio di Reno, Bologna, Italy",44.4756,11.2759
2020-12-22T19:00:00+00:00,8.400,8.100,Open-Meteo Historical Weather API,"Casalecchio di Reno, Bologna, Italy",44.4756,11.2759
2020-12-22T20:00:00+00:00,8.600,8.000,Open-Meteo Historical Weather API,"Casalecchio di Reno, Bologna, Italy",44.4756,11.2759
2020-12-22T21:00:00+00:00,8.500,7.900,Open-Meteo Historical Weather API,"Casalecchio di Reno, Bologna, Italy",44.4756,11.2759
2020-12-22T22:00:00+00:00,8.200,7.800,Open-Meteo Historical Weather API,"Casalecchio di Reno, Bologna, Italy",44.4756,11.2759
2020-12-22T23:00:00+00:00,7.800,7.700,Open-Meteo Historical Weather API,"Casalecchio di Reno, Bologna, Italy",44.4756,11.2759
2020-12-23T00:00:00+00:00,6.800,6.600,Open-Meteo Historical Weather API,"Casalecchio di Reno, Bologna, Italy",44.4756,11.2759
2020-12-23T01:00:00+00:00,6.800,6.300,Open-Meteo Historical Weather API,"Casalecchio di Reno, Bologna, Italy",44.4756,11.2759
2020-12-23T02:00:00+00:00,7.400,6.600,Open-Meteo Historical Weather API,"Casalecchio di Reno, Bologna, Italy",44.4756,11.2759
2020-12-23T03:00:00+00:00,7.200,6.200,Open-Meteo Historical Weather API,"Casalecchio di Reno, Bologna, Italy",44.4756,11.2759
2020-12-23T04:00:00+00:00,8.400,7.000,Open-Meteo Historical Weather API,"Casalecchio di Reno, Bologna, Italy",44.4756,11.2759
2020-12-23T05:00:00+00:00,7.800,6.800,Open-Meteo Historical Weather API,"Casalecchio di Reno, Bologna, Italy",44.4756,11.2759
2020-12-23T06:00:00+00:00,6.700,6.100,Open-Meteo Historical Weather API,"Casalecchio di Reno, Bologna, Italy",44.4756,11.2759
2020-12-23T07:00:00+00:00,8.500,7.200,Open-Meteo Historical Weather API,"Casalecchio di Reno, Bologna, Italy",44.4756,11.2759
2020-12-23T08:00:00+00:00,8.900,7.700,Open-Meteo Historical Weather API,"Casalecchio di Reno, Bologna, Italy",44.4756,11.2759
2020-12-23T09:00:00+00:00,10.400,8.200,Open-Meteo Historical Weather API,"Casalecchio di Reno, Bologna, Italy",44.4756,11.2759
2020-12-23T10:00:00+00:00,10.800,8.700,Open-Meteo Historical Weather API,"Casalecchio di Reno, Bologna, Italy",44.4756,11.2759
2020-12-23T11:00:00+00:00,11.000,9.000,Open-Meteo Historical Weather API,"Casalecchio di Reno, Bologna, Italy",44.4756,11.2759
2020-12-23T12:00:00+00:00,10.400,8.800,Open-Meteo Historical Weather API,"Casalecchio di Reno, Bologna, Italy",44.4756,11.2759
2020-12-23T13:00:00+00:00,10.400,8.600,Open-Meteo Historical Weather API,"Casalecchio di Reno, Bologna, Italy",44.4756,11.2759
2020-12-23T14:00:00+00:00,10.600,8.600,Open-Meteo Historical Weather API,"Casalecchio di Reno, Bologna, Italy",44.4756,11.2759
2020-12-23T15:00:00+00:00,9.500,8.400,Open-Meteo Historical Weather API,"Casalecchio di Reno, Bologna, Italy",44.4756,11.2759
2020-12-23T16:00:00+00:00,7.400,7.400,Open-Meteo Historical Weather API,"Casalecchio di Reno, Bologna, Italy",44.4756,11.2759
2020-12-23T17:00:00+00:00,8.200,8.100,Open-Meteo Historical Weather API,"Casalecchio di Reno, Bologna, Italy",44.4756,11.2759
2020-12-23T18:00:00+00:00,8.300,7.700,Open-Meteo Historical Weather API,"Casalecchio di Reno, Bologna, Italy",44.4756,11.2759
2020-12-23T19:00:00+00:00,8.400,7.700,Open-Meteo Historical Weather API,"Casalecchio di Reno, Bologna, Italy",44.4756,11.2759
2020-12-23T20:00:00+00:00,8.200,7.900,Open-Meteo Historical Weather API,"Casalecchio di Reno, Bologna, Italy",44.4756,11.2759
2020-12-23T21:00:00+00:00,7.900,7.700,Open-Meteo Historical Weather API,"Casalecchio di Reno, Bologna, Italy",44.4756,11.2759
2020-12-23T22:00:00+00:00,8.900,7.700,Open-Meteo Historical Weather API,"Casalecchio di Reno, Bologna, Italy",44.4756,11.2759
2020-12-23T23:00:00+00:00,8.600,7.400,Open-Meteo Historical Weather API,"Casalecchio di Reno, Bologna, Italy",44.4756,11.2759
2020-12-24T00:00:00+00:00,8.200,7.400,Open-Meteo Historical Weather API,"Casalecchio di Reno, Bologna, Italy",44.4756,11.2759
2020-12-24T01:00:00+00:00,7.800,7.200,Open-Meteo Historical Weather API,"Casalecchio di Reno, Bologna, Italy",44.4756,11.2759
2020-12-24T02:00:00+00:00,8.200,7.300,Open-Meteo Historical Weather API,"Casalecchio di Reno, Bologna, Italy",44.4756,11.2759
2020-12-24T03:00:00+00:00,7.400,6.400,Open-Meteo Historical Weather API,"Casalecchio di Reno, Bologna, Italy",44.4756,11.2759
2020-12-24T04:00:00+00:00,10.600,8.000,Open-Meteo Historical Weather API,"Casalecchio di Reno, Bologna, Italy",44.4756,11.2759
2020-12-24T05:00:00+00:00,11.900,7.800,Open-Meteo Historical Weather API,"Casalecchio di Reno, Bologna, Italy",44.4756,11.2759
2020-12-24T06:00:00+00:00,11.700,7.300,Open-Meteo Historical Weather API,"Casalecchio di Reno, Bologna, Italy",44.4756,11.2759
2020-12-24T07:00:00+00:00,11.600,7.600,Open-Meteo Historical Weather API,"Casalecchio di Reno, Bologna, Italy",44.4756,11.2759
2020-12-24T08:00:00+00:00,13.600,8.400,Open-Meteo Historical Weather API,"Casalecchio di Reno, Bologna, Italy",44.4756,11.2759
2020-12-24T09:00:00+00:00,14.200,8.800,Open-Meteo Historical Weather API,"Casalecchio di Reno, Bologna, Italy",44.4756,11.2759
2020-12-24T10:00:00+00:00,15.100,9.200,Open-Meteo Historical Weather API,"Casalecchio di Reno, Bologna, Italy",44.4756,11.2759
2020-12-24T11:00:00+00:00,15.400,9.200,Open-Meteo Historical Weather API,"Casalecchio di Reno, Bologna, Italy",44.4756,11.2759
2020-12-24T12:00:00+00:00,15.100,9.100,Open-Meteo Historical Weather API,"Casalecchio di Reno, Bologna, Italy",44.4756,11.2759
2020-12-24T13:00:00+00:00,14.000,9.900,Open-Meteo Historical Weather API,"Casalecchio di Reno, Bologna, Italy",44.4756,11.2759
2020-12-24T14:00:00+00:00,11.800,9.900,Open-Meteo Historical Weather API,"Casalecchio di Reno, Bologna, Italy",44.4756,11.2759
2020-12-24T15:00:00+00:00,10.800,9.400,Open-Meteo Historical Weather API,"Casalecchio di Reno, Bologna, Italy",44.4756,11.2759
2020-12-24T16:00:00+00:00,8.900,8.200,Open-Meteo Historical Weather API,"Casalecchio di Reno, Bologna, Italy",44.4756,11.2759
2020-12-24T17:00:00+00:00,7.200,6.900,Open-Meteo Historical Weather API,"Casalecchio di Reno, Bologna, Italy",44.4756,11.2759
2020-12-24T18:00:00+00:00,6.900,6.300,Open-Meteo Historical Weather API,"Casalecchio di Reno, Bologna, Italy",44.4756,11.2759
2020-12-24T19:00:00+00:00,7.300,6.400,Open-Meteo Historical Weather API,"Casalecchio di Reno, Bologna, Italy",44.4756,11.2759
2020-12-24T20:00:00+00:00,9.400,7.100,Open-Meteo Historical Weather API,"Casalecchio di Reno, Bologna, Italy",44.4756,11.2759
2020-12-24T21:00:00+00:00,8.900,7.100,Open-Meteo Historical Weather API,"Casalecchio di Reno, Bologna, Italy",44.4756,11.2759
2020-12-24T22:00:00+00:00,8.900,6.800,Open-Meteo Historical Weather API,"Casalecchio di Reno, Bologna, Italy",44.4756,11.2759
2020-12-24T23:00:00+00:00,7.800,6.200,Open-Meteo Historical Weather API,"Casalecchio di Reno, Bologna, Italy",44.4756,11.2759
2020-12-25T00:00:00+00:00,8.900,6.400,Open-Meteo Historical Weather API,"Casalecchio di Reno, Bologna, Italy",44.4756,11.2759
2020-12-25T01:00:00+00:00,8.600,6.200,Open-Meteo Historical Weather API,"Casalecchio di Reno, Bologna, Italy",44.4756,11.2759
2020-12-25T02:00:00+00:00,6.400,5.400,Open-Meteo Historical Weather API,"Casalecchio di Reno, Bologna, Italy",44.4756,11.2759
2020-12-25T03:00:00+00:00,5.600,5.200,Open-Meteo Historical Weather API,"Casalecchio di Reno, Bologna, Italy",44.4756,11.2759
2020-12-25T04:00:00+00:00,6.200,5.900,Open-Meteo Historical Weather API,"Casalecchio di Reno, Bologna, Italy",44.4756,11.2759
2020-12-25T05:00:00+00:00,5.800,5.800,Open-Meteo Historical Weather API,"Casalecchio di Reno, Bologna, Italy",44.4756,11.2759
2020-12-25T06:00:00+00:00,6.100,6.000,Open-Meteo Historical Weather API,"Casalecchio di Reno, Bologna, Italy",44.4756,11.2759
2020-12-25T07:00:00+00:00,6.100,6.000,Open-Meteo Historical Weather API,"Casalecchio di Reno, Bologna, Italy",44.4756,11.2759
2020-12-25T08:00:00+00:00,6.500,6.300,Open-Meteo Historical Weather API,"Casalecchio di Reno, Bologna, Italy",44.4756,11.2759
2020-12-25T09:00:00+00:00,7.400,6.700,Open-Meteo Historical Weather API,"Casalecchio di Reno, Bologna, Italy",44.4756,11.2759
2020-12-25T10:00:00+00:00,7.700,6.800,Open-Meteo Historical Weather API,"Casalecchio di Reno, Bologna, Italy",44.4756,11.2759
2020-12-25T11:00:00+00:00,7.800,7.200,Open-Meteo Historical Weather API,"Casalecchio di Reno, Bologna, Italy",44.4756,11.2759
2020-12-25T12:00:00+00:00,10.900,7.300,Open-Meteo Historical Weather API,"Casalecchio di Reno, Bologna, Italy",44.4756,11.2759
2020-12-25T13:00:00+00:00,11.900,5.800,Open-Meteo Historical Weather API,"Casalecchio di Reno, Bologna, Italy",44.4756,11.2759
2020-12-25T14:00:00+00:00,11.700,4.900,Open-Meteo Historical Weather API,"Casalecchio di Reno, Bologna, Italy",44.4756,11.2759
2020-12-25T15:00:00+00:00,9.100,6.500,Open-Meteo Historical Weather API,"Casalecchio di Reno, Bologna, Italy",44.4756,11.2759
2020-12-25T16:00:00+00:00,6.400,6.300,Open-Meteo Historical Weather API,"Casalecchio di Reno, Bologna, Italy",44.4756,11.2759
2020-12-25T17:00:00+00:00,6.100,5.600,Open-Meteo Historical Weather API,"Casalecchio di Reno, Bologna, Italy",44.4756,11.2759
2020-12-25T18:00:00+00:00,5.900,5.300,Open-Meteo Historical Weather API,"Casalecchio di Reno, Bologna, Italy",44.4756,11.2759
2020-12-25T19:00:00+00:00,5.700,4.900,Open-Meteo Historical Weather API,"Casalecchio di Reno, Bologna, Italy",44.4756,11.2759
2020-12-25T20:00:00+00:00,5.500,4.800,Open-Meteo Historical Weather API,"Casalecchio di Reno, Bologna, Italy",44.4756,11.2759
2020-12-25T21:00:00+00:00,5.300,4.800,Open-Meteo Historical Weather API,"Casalecchio di Reno, Bologna, Italy",44.4756,11.2759
2020-12-25T22:00:00+00:00,5.600,5.000,Open-Meteo Historical Weather API,"Casalecchio di Reno, Bologna, Italy",44.4756,11.2759
2020-12-25T23:00:00+00:00,5.800,5.400,Open-Meteo Historical Weather API,"Casalecchio di Reno, Bologna, Italy",44.4756,11.2759
2020-12-26T00:00:00+00:00,6.000,4.300,Open-Meteo Historical Weather API,"Casalecchio di Reno, Bologna, Italy",44.4756,11.2759
2020-12-26T01:00:00+00:00,5.900,4.500,Open-Meteo Historical Weather API,"Casalecchio di Reno, Bologna, Italy",44.4756,11.2759
2020-12-26T02:00:00+00:00,5.900,4.300,Open-Meteo Historical Weather API,"Casalecchio di Reno, Bologna, Italy",44.4756,11.2759
2020-12-26T03:00:00+00:00,5.800,4.100,Open-Meteo Historical Weather API,"Casalecchio di Reno, Bologna, Italy",44.4756,11.2759
2020-12-26T04:00:00+00:00,5.400,4.100,Open-Meteo Historical Weather API,"Casalecchio di Reno, Bologna, Italy",44.4756,11.2759
2020-12-26T05:00:00+00:00,5.400,3.500,Open-Meteo Historical Weather API,"Casalecchio di Reno, Bologna, Italy",44.4756,11.2759
2020-12-26T06:00:00+00:00,5.400,3.200,Open-Meteo Historical Weather API,"Casalecchio di Reno, Bologna, Italy",44.4756,11.2759
2020-12-26T07:00:00+00:00,5.500,2.200,Open-Meteo Historical Weather API,"Casalecchio di Reno, Bologna, Italy",44.4756,11.2759
2020-12-26T08:00:00+00:00,5.700,1.500,Open-Meteo Historical Weather API,"Casalecchio di Reno, Bologna, Italy",44.4756,11.2759
2020-12-26T09:00:00+00:00,6.200,0.800,Open-Meteo Historical Weather API,"Casalecchio di Reno, Bologna, Italy",44.4756,11.2759
2020-12-26T10:00:00+00:00,6.800,0.400,Open-Meteo Historical Weather API,"Casalecchio di Reno, Bologna, Italy",44.4756,11.2759
2020-12-26T11:00:00+00:00,7.100,-0.100,Open-Meteo Historical Weather API,"Casalecchio di Reno, Bologna, Italy",44.4756,11.2759
2020-12-26T12:00:00+00:00,6.800,1.500,Open-Meteo Historical Weather API,"Casalecchio di Reno, Bologna, Italy",44.4756,11.2759
2020-12-26T13:00:00+00:00,7.500,0.600,Open-Meteo Historical Weather API,"Casalecchio di Reno, Bologna, Italy",44.4756,11.2759
2020-12-26T14:00:00+00:00,7.500,-0.100,Open-Meteo Historical Weather API,"Casalecchio di Reno, Bologna, Italy",44.4756,11.2759
2020-12-26T15:00:00+00:00,6.800,-0.100,Open-Meteo Historical Weather API,"Casalecchio di Reno, Bologna, Italy",44.4756,11.2759
2020-12-26T16:00:00+00:00,5.200,-1.000,Open-Meteo Historical Weather API,"Casalecchio di Reno, Bologna, Italy",44.4756,11.2759
2020-12-26T17:00:00+00:00,4.200,-1.900,Open-Meteo Historical Weather API,"Casalecchio di Reno, Bologna, Italy",44.4756,11.2759
2020-12-26T18:00:00+00:00,2.500,-1.900,Open-Meteo Historical Weather API,"Casalecchio di Reno, Bologna, Italy",44.4756,11.2759
2020-12-26T19:00:00+00:00,1.800,-2.000,Open-Meteo Historical Weather API,"Casalecchio di Reno, Bologna, Italy",44.4756,11.2759
2020-12-26T20:00:00+00:00,1.500,-2.000,Open-Meteo Historical Weather API,"Casalecchio di Reno, Bologna, Italy",44.4756,11.2759
2020-12-26T21:00:00+00:00,1.000,-2.200,Open-Meteo Historical Weather API,"Casalecchio di Reno, Bologna, Italy",44.4756,11.2759
2020-12-26T22:00:00+00:00,0.600,-2.900,Open-Meteo Historical Weather API,"Casalecchio di Reno, Bologna, Italy",44.4756,11.2759
2020-12-26T23:00:00+00:00,-0.200,-3.400,Open-Meteo Historical Weather API,"Casalecchio di Reno, Bologna, Italy",44.4756,11.2759
2020-12-27T00:00:00+00:00,0.700,-2.500,Open-Meteo Historical Weather API,"Casalecchio di Reno, Bologna, Italy",44.4756,11.2759
2020-12-27T01:00:00+00:00,0.200,-2.800,Open-Meteo Historical Weather API,"Casalecchio di Reno, Bologna, Italy",44.4756,11.2759
2020-12-27T02:00:00+00:00,-0.400,-3.000,Open-Meteo Historical Weather API,"Casalecchio di Reno, Bologna, Italy",44.4756,11.2759
2020-12-27T03:00:00+00:00,-0.700,-3.300,Open-Meteo Historical Weather API,"Casalecchio di Reno, Bologna, Italy",44.4756,11.2759
2020-12-27T04:00:00+00:00,-1.100,-3.700,Open-Meteo Historical Weather API,"Casalecchio di Reno, Bologna, Italy",44.4756,11.2759
2020-12-27T05:00:00+00:00,-1.200,-4.100,Open-Meteo Historical Weather API,"Casalecchio di Reno, Bologna, Italy",44.4756,11.2759
2020-12-27T06:00:00+00:00,-1.600,-4.300,Open-Meteo Historical Weather API,"Casalecchio di Reno, Bologna, Italy",44.4756,11.2759
2020-12-27T07:00:00+00:00,-1.200,-4.300,Open-Meteo Historical Weather API,"Casalecchio di Reno, Bologna, Italy",44.4756,11.2759
2020-12-27T08:00:00+00:00,0.100,-3.600,Open-Meteo Historical Weather API,"Casalecchio di Reno, Bologna, Italy",44.4756,11.2759
2020-12-27T09:00:00+00:00,1.700,-2.800,Open-Meteo Historical Weather API,"Casalecchio di Reno, Bologna, Italy",44.4756,11.2759
2020-12-27T10:00:00+00:00,2.500,-2.600,Open-Meteo Historical Weather API,"Casalecchio di Reno, Bologna, Italy",44.4756,11.2759
2020-12-27T11:00:00+00:00,3.200,-2.000,Open-Meteo Historical Weather API,"Casalecchio di Reno, Bologna, Italy",44.4756,11.2759
2020-12-27T12:00:00+00:00,3.700,-2.400,Open-Meteo Historical Weather API,"Casalecchio di Reno, Bologna, Italy",44.4756,11.2759
2020-12-27T13:00:00+00:00,4.200,-2.400,Open-Meteo Historical Weather API,"Casalecchio di Reno, Bologna, Italy",44.4756,11.2759
2020-12-27T14:00:00+00:00,3.800,-2.300,Open-Meteo Historical Weather API,"Casalecchio di Reno, Bologna, Italy",44.4756,11.2759
2020-12-27T15:00:00+00:00,2.200,-0.800,Open-Meteo Historical Weather API,"Casalecchio di Reno, Bologna, Italy",44.4756,11.2759
2020-12-27T16:00:00+00:00,0.100,-2.800,Open-Meteo Historical Weather API,"Casalecchio di Reno, Bologna, Italy",44.4756,11.2759
2020-12-27T17:00:00+00:00,-1.000,-3.500,Open-Meteo Historical Weather API,"Casalecchio di Reno, Bologna, Italy",44.4756,11.2759
2020-12-27T18:00:00+00:00,-1.400,-3.200,Open-Meteo Historical Weather API,"Casalecchio di Reno, Bologna, Italy",44.4756,11.2759
2020-12-27T19:00:00+00:00,-1.000,-3.800,Open-Meteo Historical Weather API,"Casalecchio di Reno, Bologna, Italy",44.4756,11.2759
2020-12-27T20:00:00+00:00,-1.000,-4.800,Open-Meteo Historical Weather API,"Casalecchio di Reno, Bologna, Italy",44.4756,11.2759
2020-12-27T21:00:00+00:00,0.000,-3.900,Open-Meteo Historical Weather API,"Casalecchio di Reno, Bologna, Italy",44.4756,11.2759
2020-12-27T22:00:00+00:00,2.500,-2.800,Open-Meteo Historical Weather API,"Casalecchio di Reno, Bologna, Italy",44.4756,11.2759
2020-12-27T23:00:00+00:00,4.000,-2.000,Open-Meteo Historical Weather API,"Casalecchio di Reno, Bologna, Italy",44.4756,11.2759
2020-12-28T00:00:00+00:00,4.000,-1.500,Open-Meteo Historical Weather API,"Casalecchio di Reno, Bologna, Italy",44.4756,11.2759
2020-12-28T01:00:00+00:00,4.800,-0.300,Open-Meteo Historical Weather API,"Casalecchio di Reno, Bologna, Italy",44.4756,11.2759
2020-12-28T02:00:00+00:00,4.500,-0.200,Open-Meteo Historical Weather API,"Casalecchio di Reno, Bologna, Italy",44.4756,11.2759
2020-12-28T03:00:00+00:00,3.800,0.600,Open-Meteo Historical Weather API,"Casalecchio di Reno, Bologna, Italy",44.4756,11.2759
2020-12-28T04:00:00+00:00,4.100,1.400,Open-Meteo Historical Weather API,"Casalecchio di Reno, Bologna, Italy",44.4756,11.2759
2020-12-28T05:00:00+00:00,3.500,1.700,Open-Meteo Historical Weather API,"Casalecchio di Reno, Bologna, Italy",44.4756,11.2759
2020-12-28T06:00:00+00:00,4.300,2.300,Open-Meteo Historical Weather API,"Casalecchio di Reno, Bologna, Italy",44.4756,11.2759
2020-12-28T07:00:00+00:00,4.800,3.000,Open-Meteo Historical Weather API,"Casalecchio di Reno, Bologna, Italy",44.4756,11.2759
2020-12-28T08:00:00+00:00,6.100,4.000,Open-Meteo Historical Weather API,"Casalecchio di Reno, Bologna, Italy",44.4756,11.2759
2020-12-28T09:00:00+00:00,7.000,4.800,Open-Meteo Historical Weather API,"Casalecchio di Reno, Bologna, Italy",44.4756,11.2759
2020-12-28T10:00:00+00:00,8.000,5.300,Open-Meteo Historical Weather API,"Casalecchio di Reno, Bologna, Italy",44.4756,11.2759
2020-12-28T11:00:00+00:00,9.400,6.100,Open-Meteo Historical Weather API,"Casalecchio di Reno, Bologna, Italy",44.4756,11.2759
2020-12-28T12:00:00+00:00,6.800,5.300,Open-Meteo Historical Weather API,"Casalecchio di Reno, Bologna, Italy",44.4756,11.2759
2020-12-28T13:00:00+00:00,1.500,0.400,Open-Meteo Historical Weather API,"Casalecchio di Reno, Bologna, Italy",44.4756,11.2759
2020-12-28T14:00:00+00:00,1.100,0.000,Open-Meteo Historical Weather API,"Casalecchio di Reno, Bologna, Italy",44.4756,11.2759
2020-12-28T15:00:00+00:00,1.600,-0.100,Open-Meteo Historical Weather API,"Casalecchio di Reno, Bologna, Italy",44.4756,11.2759
2020-12-28T16:00:00+00:00,1.000,-0.600,Open-Meteo Historical Weather API,"Casalecchio di Reno, Bologna, Italy",44.4756,11.2759
2020-12-28T17:00:00+00:00,0.900,-0.800,Open-Meteo Historical Weather API,"Casalecchio di Reno, Bologna, Italy",44.4756,11.2759
2020-12-28T18:00:00+00:00,1.000,-0.900,Open-Meteo Historical Weather API,"Casalecchio di Reno, Bologna, Italy",44.4756,11.2759
2020-12-28T19:00:00+00:00,0.900,-0.500,Open-Meteo Historical Weather API,"Casalecchio di Reno, Bologna, Italy",44.4756,11.2759
2020-12-28T20:00:00+00:00,1.500,-0.800,Open-Meteo Historical Weather API,"Casalecchio di Reno, Bologna, Italy",44.4756,11.2759
2020-12-28T21:00:00+00:00,-0.200,-1.800,Open-Meteo Historical Weather API,"Casalecchio di Reno, Bologna, Italy",44.4756,11.2759
2020-12-28T22:00:00+00:00,1.600,-0.600,Open-Meteo Historical Weather API,"Casalecchio di Reno, Bologna, Italy",44.4756,11.2759
2020-12-28T23:00:00+00:00,1.500,-1.100,Open-Meteo Historical Weather API,"Casalecchio di Reno, Bologna, Italy",44.4756,11.2759
2020-12-29T00:00:00+00:00,2.200,-0.400,Open-Meteo Historical Weather API,"Casalecchio di Reno, Bologna, Italy",44.4756,11.2759
2020-12-29T01:00:00+00:00,4.800,2.200,Open-Meteo Historical Weather API,"Casalecchio di Reno, Bologna, Italy",44.4756,11.2759
2020-12-29T02:00:00+00:00,3.100,1.400,Open-Meteo Historical Weather API,"Casalecchio di Reno, Bologna, Italy",44.4756,11.2759
2020-12-29T03:00:00+00:00,7.200,4.000,Open-Meteo Historical Weather API,"Casalecchio di Reno, Bologna, Italy",44.4756,11.2759
2020-12-29T04:00:00+00:00,7.300,4.200,Open-Meteo Historical Weather API,"Casalecchio di Reno, Bologna, Italy",44.4756,11.2759
2020-12-29T05:00:00+00:00,7.300,4.300,Open-Meteo Historical Weather API,"Casalecchio di Reno, Bologna, Italy",44.4756,11.2759
2020-12-29T06:00:00+00:00,7.800,4.000,Open-Meteo Historical Weather API,"Casalecchio di Reno, Bologna, Italy",44.4756,11.2759
2020-12-29T07:00:00+00:00,7.800,4.000,Open-Meteo Historical Weather API,"Casalecchio di Reno, Bologna, Italy",44.4756,11.2759
2020-12-29T08:00:00+00:00,7.900,4.200,Open-Meteo Historical Weather API,"Casalecchio di Reno, Bologna, Italy",44.4756,11.2759
2020-12-29T09:00:00+00:00,8.600,4.600,Open-Meteo Historical Weather API,"Casalecchio di Reno, Bologna, Italy",44.4756,11.2759
2020-12-29T10:00:00+00:00,9.500,5.100,Open-Meteo Historical Weather API,"Casalecchio di Reno, Bologna, Italy",44.4756,11.2759
2020-12-29T11:00:00+00:00,9.900,5.600,Open-Meteo Historical Weather API,"Casalecchio di Reno, Bologna, Italy",44.4756,11.2759
2020-12-29T12:00:00+00:00,9.900,4.700,Open-Meteo Historical Weather API,"Casalecchio di Reno, Bologna, Italy",44.4756,11.2759
2020-12-29T13:00:00+00:00,10.400,4.700,Open-Meteo Historical Weather API,"Casalecchio di Reno, Bologna, Italy",44.4756,11.2759
2020-12-29T14:00:00+00:00,10.200,3.800,Open-Meteo Historical Weather API,"Casalecchio di Reno, Bologna, Italy",44.4756,11.2759
2020-12-29T15:00:00+00:00,9.200,3.700,Open-Meteo Historical Weather API,"Casalecchio di Reno, Bologna, Italy",44.4756,11.2759
2020-12-29T16:00:00+00:00,7.700,3.500,Open-Meteo Historical Weather API,"Casalecchio di Reno, Bologna, Italy",44.4756,11.2759
2020-12-29T17:00:00+00:00,6.000,3.500,Open-Meteo Historical Weather API,"Casalecchio di Reno, Bologna, Italy",44.4756,11.2759
2020-12-29T18:00:00+00:00,4.900,3.400,Open-Meteo Historical Weather API,"Casalecchio di Reno, Bologna, Italy",44.4756,11.2759
2020-12-29T19:00:00+00:00,4.400,3.200,Open-Meteo Historical Weather API,"Casalecchio di Reno, Bologna, Italy",44.4756,11.2759
2020-12-29T20:00:00+00:00,2.800,2.200,Open-Meteo Historical Weather API,"Casalecchio di Reno, Bologna, Italy",44.4756,11.2759
2020-12-29T21:00:00+00:00,2.000,1.200,Open-Meteo Historical Weather API,"Casalecchio di Reno, Bologna, Italy",44.4756,11.2759
2020-12-29T22:00:00+00:00,2.600,1.100,Open-Meteo Historical Weather API,"Casalecchio di Reno, Bologna, Italy",44.4756,11.2759
2020-12-29T23:00:00+00:00,2.700,1.500,Open-Meteo Historical Weather API,"Casalecchio di Reno, Bologna, Italy",44.4756,11.2759
2020-12-30T00:00:00+00:00,2.500,1.800,Open-Meteo Historical Weather API,"Casalecchio di Reno, Bologna, Italy",44.4756,11.2759
2020-12-30T01:00:00+00:00,2.500,1.900,Open-Meteo Historical Weather API,"Casalecchio di Reno, Bologna, Italy",44.4756,11.2759
2020-12-30T02:00:00+00:00,1.400,0.900,Open-Meteo Historical Weather API,"Casalecchio di Reno, Bologna, Italy",44.4756,11.2759
2020-12-30T03:00:00+00:00,0.600,0.100,Open-Meteo Historical Weather API,"Casalecchio di Reno, Bologna, Italy",44.4756,11.2759
2020-12-30T04:00:00+00:00,0.800,0.100,Open-Meteo Historical Weather API,"Casalecchio di Reno, Bologna, Italy",44.4756,11.2759
2020-12-30T05:00:00+00:00,0.200,-0.600,Open-Meteo Historical Weather API,"Casalecchio di Reno, Bologna, Italy",44.4756,11.2759
2020-12-30T06:00:00+00:00,-0.200,-0.700,Open-Meteo Historical Weather API,"Casalecchio di Reno, Bologna, Italy",44.4756,11.2759
2020-12-30T07:00:00+00:00,0.300,-0.100,Open-Meteo Historical Weather API,"Casalecchio di Reno, Bologna, Italy",44.4756,11.2759
2020-12-30T08:00:00+00:00,1.300,0.300,Open-Meteo Historical Weather API,"Casalecchio di Reno, Bologna, Italy",44.4756,11.2759
2020-12-30T09:00:00+00:00,2.500,1.000,Open-Meteo Historical Weather API,"Casalecchio di Reno, Bologna, Italy",44.4756,11.2759
2020-12-30T10:00:00+00:00,3.300,1.600,Open-Meteo Historical Weather API,"Casalecchio di Reno, Bologna, Italy",44.4756,11.2759
2020-12-30T11:00:00+00:00,4.400,2.200,Open-Meteo Historical Weather API,"Casalecchio di Reno, Bologna, Italy",44.4756,11.2759
2020-12-30T12:00:00+00:00,3.900,2.000,Open-Meteo Historical Weather API,"Casalecchio di Reno, Bologna, Italy",44.4756,11.2759
2020-12-30T13:00:00+00:00,3.500,2.000,Open-Meteo Historical Weather API,"Casalecchio di Reno, Bologna, Italy",44.4756,11.2759
2020-12-30T14:00:00+00:00,2.800,2.300,Open-Meteo Historical Weather API,"Casalecchio di Reno, Bologna, Italy",44.4756,11.2759
2020-12-30T15:00:00+00:00,2.500,2.000,Open-Meteo Historical Weather API,"Casalecchio di Reno, Bologna, Italy",44.4756,11.2759
2020-12-30T16:00:00+00:00,2.400,1.900,Open-Meteo Historical Weather API,"Casalecchio di Reno, Bologna, Italy",44.4756,11.2759
2020-12-30T17:00:00+00:00,2.200,1.600,Open-Meteo Historical Weather API,"Casalecchio di Reno, Bologna, Italy",44.4756,11.2759
2020-12-30T18:00:00+00:00,2.500,1.600,Open-Meteo Historical Weather API,"Casalecchio di Reno, Bologna, Italy",44.4756,11.2759
2020-12-30T19:00:00+00:00,2.200,1.500,Open-Meteo Historical Weather API,"Casalecchio di Reno, Bologna, Italy",44.4756,11.2759
2020-12-30T20:00:00+00:00,2.200,1.400,Open-Meteo Historical Weather API,"Casalecchio di Reno, Bologna, Italy",44.4756,11.2759
2020-12-30T21:00:00+00:00,1.900,1.100,Open-Meteo Historical Weather API,"Casalecchio di Reno, Bologna, Italy",44.4756,11.2759
2020-12-30T22:00:00+00:00,1.000,0.300,Open-Meteo Historical Weather API,"Casalecchio di Reno, Bologna, Italy",44.4756,11.2759
2020-12-30T23:00:00+00:00,1.400,0.600,Open-Meteo Historical Weather API,"Casalecchio di Reno, Bologna, Italy",44.4756,11.2759
2020-12-31T00:00:00+00:00,1.900,0.900,Open-Meteo Historical Weather API,"Casalecchio di Reno, Bologna, Italy",44.4756,11.2759
2020-12-31T01:00:00+00:00,2.100,0.900,Open-Meteo Historical Weather API,"Casalecchio di Reno, Bologna, Italy",44.4756,11.2759
2020-12-31T02:00:00+00:00,1.500,0.300,Open-Meteo Historical Weather API,"Casalecchio di Reno, Bologna, Italy",44.4756,11.2759
2020-12-31T03:00:00+00:00,0.900,-0.200,Open-Meteo Historical Weather API,"Casalecchio di Reno, Bologna, Italy",44.4756,11.2759
2020-12-31T04:00:00+00:00,0.700,-0.400,Open-Meteo Historical Weather API,"Casalecchio di Reno, Bologna, Italy",44.4756,11.2759
2020-12-31T05:00:00+00:00,-0.100,-1.100,Open-Meteo Historical Weather API,"Casalecchio di Reno, Bologna, Italy",44.4756,11.2759
2020-12-31T06:00:00+00:00,0.400,-0.800,Open-Meteo Historical Weather API,"Casalecchio di Reno, Bologna, Italy",44.4756,11.2759
2020-12-31T07:00:00+00:00,0.200,-1.100,Open-Meteo Historical Weather API,"Casalecchio di Reno, Bologna, Italy",44.4756,11.2759
2020-12-31T08:00:00+00:00,1.800,0.200,Open-Meteo Historical Weather API,"Casalecchio di Reno, Bologna, Italy",44.4756,11.2759
2020-12-31T09:00:00+00:00,4.000,2.100,Open-Meteo Historical Weather API,"Casalecchio di Reno, Bologna, Italy",44.4756,11.2759
2020-12-31T10:00:00+00:00,5.600,2.900,Open-Meteo Historical Weather API,"Casalecchio di Reno, Bologna, Italy",44.4756,11.2759
2020-12-31T11:00:00+00:00,6.300,4.000,Open-Meteo Historical Weather API,"Casalecchio di Reno, Bologna, Italy",44.4756,11.2759
2020-12-31T12:00:00+00:00,7.800,4.100,Open-Meteo Historical Weather API,"Casalecchio di Reno, Bologna, Italy",44.4756,11.2759
2020-12-31T13:00:00+00:00,8.400,4.600,Open-Meteo Historical Weather API,"Casalecchio di Reno, Bologna, Italy",44.4756,11.2759
2020-12-31T14:00:00+00:00,8.100,4.600,Open-Meteo Historical Weather API,"Casalecchio di Reno, Bologna, Italy",44.4756,11.2759
2020-12-31T15:00:00+00:00,6.600,4.400,Open-Meteo Historical Weather API,"Casalecchio di Reno, Bologna, Italy",44.4756,11.2759
2020-12-31T16:00:00+00:00,3.200,2.100,Open-Meteo Historical Weather API,"Casalecchio di Reno, Bologna, Italy",44.4756,11.2759
2020-12-31T17:00:00+00:00,4.800,2.200,Open-Meteo Historical Weather API,"Casalecchio di Reno, Bologna, Italy",44.4756,11.2759
2020-12-31T18:00:00+00:00,5.100,2.200,Open-Meteo Historical Weather API,"Casalecchio di Reno, Bologna, Italy",44.4756,11.2759
2020-12-31T19:00:00+00:00,5.000,2.800,Open-Meteo Historical Weather API,"Casalecchio di Reno, Bologna, Italy",44.4756,11.2759
2020-12-31T20:00:00+00:00,5.400,3.300,Open-Meteo Historical Weather API,"Casalecchio di Reno, Bologna, Italy",44.4756,11.2759
2020-12-31T21:00:00+00:00,4.900,3.000,Open-Meteo Historical Weather API,"Casalecchio di Reno, Bologna, Italy",44.4756,11.2759
2020-12-31T22:00:00+00:00,4.000,2.700,Open-Meteo Historical Weather API,"Casalecchio di Reno, Bologna, Italy",44.4756,11.2759
2020-12-31T23:00:00+00:00,2.000,1.400,Open-Meteo Historical Weather API,"Casalecchio di Reno, Bologna, Italy",44.4756,11.2759
2021-01-01T00:00:00+00:00,5.000,3.500,Open-Meteo Historical Weather API,"Casalecchio di Reno, Bologna, Italy",44.4756,11.2759
2021-01-01T01:00:00+00:00,4.800,3.500,Open-Meteo Historical Weather API,"Casalecchio di Reno, Bologna, Italy",44.4756,11.2759
2021-01-01T02:00:00+00:00,6.200,3.200,Open-Meteo Historical Weather API,"Casalecchio di Reno, Bologna, Italy",44.4756,11.2759
2021-01-01T03:00:00+00:00,5.700,3.100,Open-Meteo Historical Weather API,"Casalecchio di Reno, Bologna, Italy",44.4756,11.2759
2021-01-01T04:00:00+00:00,5.000,3.100,Open-Meteo Historical Weather API,"Casalecchio di Reno, Bologna, Italy",44.4756,11.2759
2021-01-01T05:00:00+00:00,4.200,2.800,Open-Meteo Historical Weather API,"Casalecchio di Reno, Bologna, Italy",44.4756,11.2759
2021-01-01T06:00:00+00:00,3.800,2.500,Open-Meteo Historical Weather API,"Casalecchio di Reno, Bologna, Italy",44.4756,11.2759
2021-01-01T07:00:00+00:00,2.100,1.500,Open-Meteo Historical Weather API,"Casalecchio di Reno, Bologna, Italy",44.4756,11.2759
2021-01-01T08:00:00+00:00,4.200,2.700,Open-Meteo Historical Weather API,"Casalecchio di Reno, Bologna, Italy",44.4756,11.2759
2021-01-01T09:00:00+00:00,5.800,3.900,Open-Meteo Historical Weather API,"Casalecchio di Reno, Bologna, Italy",44.4756,11.2759
2021-01-01T10:00:00+00:00,7.100,5.100,Open-Meteo Historical Weather API,"Casalecchio di Reno, Bologna, Italy",44.4756,11.2759
2021-01-01T11:00:00+00:00,7.900,5.800,Open-Meteo Historical Weather API,"Casalecchio di Reno, Bologna, Italy",44.4756,11.2759
2021-01-01T12:00:00+00:00,3.800,3.500,Open-Meteo Historical Weather API,"Casalecchio di Reno, Bologna, Italy",44.4756,11.2759
2021-01-01T13:00:00+00:00,4.500,4.000,Open-Meteo Historical Weather API,"Casalecchio di Reno, Bologna, Italy",44.4756,11.2759
2021-01-01T14:00:00+00:00,4.600,4.300,Open-Meteo Historical Weather API,"Casalecchio di Reno, Bologna, Italy",44.4756,11.2759
2021-01-01T15:00:00+00:00,5.000,4.700,Open-Meteo Historical Weather API,"Casalecchio di Reno, Bologna, Italy",44.4756,11.2759
2021-01-01T16:00:00+00:00,5.100,4.400,Open-Meteo Historical Weather API,"Casalecchio di Reno, Bologna, Italy",44.4756,11.2759
2021-01-01T17:00:00+00:00,5.600,4.800,Open-Meteo Historical Weather API,"Casalecchio di Reno, Bologna, Italy",44.4756,11.2759
2021-01-01T18:00:00+00:00,5.400,4.600,Open-Meteo Historical Weather API,"Casalecchio di Reno, Bologna, Italy",44.4756,11.2759
2021-01-01T19:00:00+00:00,5.100,4.100,Open-Meteo Historical Weather API,"Casalecchio di Reno, Bologna, Italy",44.4756,11.2759
2021-01-01T20:00:00+00:00,4.900,3.800,Open-Meteo Historical Weather API,"Casalecchio di Reno, Bologna, Italy",44.4756,11.2759
2021-01-01T21:00:00+00:00,4.900,4.000,Open-Meteo Historical Weather API,"Casalecchio di Reno, Bologna, Italy",44.4756,11.2759
2021-01-01T22:00:00+00:00,3.800,3.100,Open-Meteo Historical Weather API,"Casalecchio di Reno, Bologna, Italy",44.4756,11.2759
2021-01-01T23:00:00+00:00,3.500,2.800,Open-Meteo Historical Weather API,"Casalecchio di Reno, Bologna, Italy",44.4756,11.2759
2021-01-02T00:00:00+00:00,2.100,2.000,Open-Meteo Historical Weather API,"Casalecchio di Reno, Bologna, Italy",44.4756,11.2759
2021-01-02T01:00:00+00:00,2.800,2.500,Open-Meteo Historical Weather API,"Casalecchio di Reno, Bologna, Italy",44.4756,11.2759
2021-01-02T02:00:00+00:00,2.200,2.000,Open-Meteo Historical Weather API,"Casalecchio di Reno, Bologna, Italy",44.4756,11.2759
2021-01-02T03:00:00+00:00,2.800,2.400,Open-Meteo Historical Weather API,"Casalecchio di Reno, Bologna, Italy",44.4756,11.2759
2021-01-02T04:00:00+00:00,3.300,2.800,Open-Meteo Historical Weather API,"Casalecchio di Reno, Bologna, Italy",44.4756,11.2759
2021-01-02T05:00:00+00:00,2.800,2.500,Open-Meteo Historical Weather API,"Casalecchio di Reno, Bologna, Italy",44.4756,11.2759
2021-01-02T06:00:00+00:00,3.200,2.700,Open-Meteo Historical Weather API,"Casalecchio di Reno, Bologna, Italy",44.4756,11.2759
2021-01-02T07:00:00+00:00,3.800,3.000,Open-Meteo Historical Weather API,"Casalecchio di Reno, Bologna, Italy",44.4756,11.2759
2021-01-02T08:00:00+00:00,4.400,3.600,Open-Meteo Historical Weather API,"Casalecchio di Reno, Bologna, Italy",44.4756,11.2759
2021-01-02T09:00:00+00:00,5.400,4.500,Open-Meteo Historical Weather API,"Casalecchio di Reno, Bologna, Italy",44.4756,11.2759
2021-01-02T10:00:00+00:00,6.500,5.700,Open-Meteo Historical Weather API,"Casalecchio di Reno, Bologna, Italy",44.4756,11.2759
2021-01-02T11:00:00+00:00,7.000,6.100,Open-Meteo Historical Weather API,"Casalecchio di Reno, Bologna, Italy",44.4756,11.2759
2021-01-02T12:00:00+00:00,5.000,4.400,Open-Meteo Historical Weather API,"Casalecchio di Reno, Bologna, Italy",44.4756,11.2759
2021-01-02T13:00:00+00:00,6.300,5.600,Open-Meteo Historical Weather API,"Casalecchio di Reno, Bologna, Italy",44.4756,11.2759
2021-01-02T14:00:00+00:00,6.700,6.000,Open-Meteo Historical Weather API,"Casalecchio di Reno, Bologna, Italy",44.4756,11.2759
2021-01-02T15:00:00+00:00,6.400,5.800,Open-Meteo Historical Weather API,"Casalecchio di Reno, Bologna, Italy",44.4756,11.2759
2021-01-02T16:00:00+00:00,5.800,5.600,Open-Meteo Historical Weather API,"Casalecchio di Reno, Bologna, Italy",44.4756,11.2759
2021-01-02T17:00:00+00:00,5.800,5.600,Open-Meteo Historical Weather API,"Casalecchio di Reno, Bologna, Italy",44.4756,11.2759
2021-01-02T18:00:00+00:00,6.100,5.800,Open-Meteo Historical Weather API,"Casalecchio di Reno, Bologna, Italy",44.4756,11.2759
2021-01-02T19:00:00+00:00,5.900,5.300,Open-Meteo Historical Weather API,"Casalecchio di Reno, Bologna, Italy",44.4756,11.2759
2021-01-02T20:00:00+00:00,5.300,4.600,Open-Meteo Historical Weather API,"Casalecchio di Reno, Bologna, Italy",44.4756,11.2759
2021-01-02T21:00:00+00:00,4.900,4.200,Open-Meteo Historical Weather API,"Casalecchio di Reno, Bologna, Italy",44.4756,11.2759
2021-01-02T22:00:00+00:00,4.900,4.100,Open-Meteo Historical Weather API,"Casalecchio di Reno, Bologna, Italy",44.4756,11.2759
2021-01-02T23:00:00+00:00,5.900,4.600,Open-Meteo Historical Weather API,"Casalecchio di Reno, Bologna, Italy",44.4756,11.2759
2021-01-03T00:00:00+00:00,5.900,3.700,Open-Meteo Historical Weather API,"Casalecchio di Reno, Bologna, Italy",44.4756,11.2759
2021-01-03T01:00:00+00:00,4.400,2.600,Open-Meteo Historical Weather API,"Casalecchio di Reno, Bologna, Italy",44.4756,11.2759
2021-01-03T02:00:00+00:00,4.300,2.500,Open-Meteo Historical Weather API,"Casalecchio di Reno, Bologna, Italy",44.4756,11.2759
2021-01-03T03:00:00+00:00,4.400,2.800,Open-Meteo Historical Weather API,"Casalecchio di Reno, Bologna, Italy",44.4756,11.2759
2021-01-03T04:00:00+00:00,4.200,2.800,Open-Meteo Historical Weather API,"Casalecchio di Reno, Bologna, Italy",44.4756,11.2759
2021-01-03T05:00:00+00:00,3.900,2.500,Open-Meteo Historical Weather API,"Casalecchio di Reno, Bologna, Italy",44.4756,11.2759
2021-01-03T06:00:00+00:00,3.600,2.100,Open-Meteo Historical Weather API,"Casalecchio di Reno, Bologna, Italy",44.4756,11.2759
2021-01-03T07:00:00+00:00,3.300,1.900,Open-Meteo Historical Weather API,"Casalecchio di Reno, Bologna, Italy",44.4756,11.2759
2021-01-03T08:00:00+00:00,6.000,3.800,Open-Meteo Historical Weather API,"Casalecchio di Reno, Bologna, Italy",44.4756,11.2759
2021-01-03T09:00:00+00:00,8.400,5.400,Open-Meteo Historical Weather API,"Casalecchio di Reno, Bologna, Italy",44.4756,11.2759
2021-01-03T10:00:00+00:00,9.900,5.200,Open-Meteo Historical Weather API,"Casalecchio di Reno, Bologna, Italy",44.4756,11.2759
2021-01-03T11:00:00+00:00,10.400,5.400,Open-Meteo Historical Weather API,"Casalecchio di Reno, Bologna, Italy",44.4756,11.2759
2021-01-03T12:00:00+00:00,10.200,4.400,Open-Meteo Historical Weather API,"Casalecchio di Reno, Bologna, Italy",44.4756,11.2759
2021-01-03T13:00:00+00:00,10.500,4.600,Open-Meteo Historical Weather API,"Casalecchio di Reno, Bologna, Italy",44.4756,11.2759
2021-01-03T14:00:00+00:00,10.100,4.900,Open-Meteo Historical Weather API,"Casalecchio di Reno, Bologna, Italy",44.4756,11.2759
2021-01-03T15:00:00+00:00,9.100,4.800,Open-Meteo Historical Weather API,"Casalecchio di Reno, Bologna, Italy",44.4756,11.2759
2021-01-03T16:00:00+00:00,7.300,4.200,Open-Meteo Historical Weather API,"Casalecchio di Reno, Bologna, Italy",44.4756,11.2759
2021-01-03T17:00:00+00:00,6.200,4.300,Open-Meteo Historical Weather API,"Casalecchio di Reno, Bologna, Italy",44.4756,11.2759
2021-01-03T18:00:00+00:00,6.000,4.200,Open-Meteo Historical Weather API,"Casalecchio di Reno, Bologna, Italy",44.4756,11.2759
2021-01-03T19:00:00+00:00,4.800,3.500,Open-Meteo Historical Weather API,"Casalecchio di Reno, Bologna, Italy",44.4756,11.2759
2021-01-03T20:00:00+00:00,4.000,3.000,Open-Meteo Historical Weather API,"Casalecchio di Reno, Bologna, Italy",44.4756,11.2759
2021-01-03T21:00:00+00:00,4.800,3.400,Open-Meteo Historical Weather API,"Casalecchio di Reno, Bologna, Italy",44.4756,11.2759
2021-01-03T22:00:00+00:00,4.800,3.700,Open-Meteo Historical Weather API,"Casalecchio di Reno, Bologna, Italy",44.4756,11.2759
2021-01-03T23:00:00+00:00,4.100,3.100,Open-Meteo Historical Weather API,"Casalecchio di Reno, Bologna, Italy",44.4756,11.2759
2021-01-04T00:00:00+00:00,4.500,3.000,Open-Meteo Historical Weather API,"Casalecchio di Reno, Bologna, Italy",44.4756,11.2759
2021-01-04T01:00:00+00:00,3.300,2.500,Open-Meteo Historical Weather API,"Casalecchio di Reno, Bologna, Italy",44.4756,11.2759
2021-01-04T02:00:00+00:00,2.000,1.400,Open-Meteo Historical Weather API,"Casalecchio di Reno, Bologna, Italy",44.4756,11.2759
2021-01-04T03:00:00+00:00,1.600,0.900,Open-Meteo Historical Weather API,"Casalecchio di Reno, Bologna, Italy",44.4756,11.2759
2021-01-04T04:00:00+00:00,1.400,0.400,Open-Meteo Historical Weather API,"Casalecchio di Reno, Bologna, Italy",44.4756,11.2759
2021-01-04T05:00:00+00:00,1.100,0.200,Open-Meteo Historical Weather API,"Casalecchio di Reno, Bologna, Italy",44.4756,11.2759
2021-01-04T06:00:00+00:00,1.000,0.200,Open-Meteo Historical Weather API,"Casalecchio di Reno, Bologna, Italy",44.4756,11.2759
2021-01-04T07:00:00+00:00,0.800,-0.100,Open-Meteo Historical Weather API,"Casalecchio di Reno, Bologna, Italy",44.4756,11.2759
2021-01-04T08:00:00+00:00,2.700,1.100,Open-Meteo Historical Weather API,"Casalecchio di Reno, Bologna, Italy",44.4756,11.2759
2021-01-04T09:00:00+00:00,4.800,2.500,Open-Meteo Historical Weather API,"Casalecchio di Reno, Bologna, Italy",44.4756,11.2759
2021-01-04T10:00:00+00:00,5.800,3.700,Open-Meteo Historical Weather API,"Casalecchio di Reno, Bologna, Italy",44.4756,11.2759
2021-01-04T11:00:00+00:00,7.000,4.400,Open-Meteo Historical Weather API,"Casalecchio di Reno, Bologna, Italy",44.4756,11.2759
2021-01-04T12:00:00+00:00,7.500,4.200,Open-Meteo Historical Weather API,"Casalecchio di Reno, Bologna, Italy",44.4756,11.2759
2021-01-04T13:00:00+00:00,7.200,4.400,Open-Meteo Historical Weather API,"Casalecchio di Reno, Bologna, Italy",44.4756,11.2759
2021-01-04T14:00:00+00:00,6.900,4.200,Open-Meteo Historical Weather API,"Casalecchio di Reno, Bologna, Italy",44.4756,11.2759
2021-01-04T15:00:00+00:00,6.600,4.000,Open-Meteo Historical Weather API,"Casalecchio di Reno, Bologna, Italy",44.4756,11.2759
2021-01-04T16:00:00+00:00,4.700,3.500,Open-Meteo Historical Weather API,"Casalecchio di Reno, Bologna, Italy",44.4756,11.2759
2021-01-04T17:00:00+00:00,4.000,3.200,Open-Meteo Historical Weather API,"Casalecchio di Reno, Bologna, Italy",44.4756,11.2759
2021-01-04T18:00:00+00:00,4.100,3.100,Open-Meteo Historical Weather API,"Casalecchio di Reno, Bologna, Italy",44.4756,11.2759
2021-01-04T19:00:00+00:00,4.100,3.200,Open-Meteo Historical Weather API,"Casalecchio di Reno, Bologna, Italy",44.4756,11.2759
2021-01-04T20:00:00+00:00,2.700,2.200,Open-Meteo Historical Weather API,"Casalecchio di Reno, Bologna, Italy",44.4756,11.2759
2021-01-04T21:00:00+00:00,2.300,1.700,Open-Meteo Historical Weather API,"Casalecchio di Reno, Bologna, Italy",44.4756,11.2759
2021-01-04T22:00:00+00:00,1.900,1.100,Open-Meteo Historical Weather API,"Casalecchio di Reno, Bologna, Italy",44.4756,11.2759
2021-01-04T23:00:00+00:00,1.100,0.300,Open-Meteo Historical Weather API,"Casalecchio di Reno, Bologna, Italy",44.4756,11.2759
2021-01-05T00:00:00+00:00,2.600,1.600,Open-Meteo Historical Weather API,"Casalecchio di Reno, Bologna, Italy",44.4756,11.2759
2021-01-05T01:00:00+00:00,2.700,2.000,Open-Meteo Historical Weather API,"Casalecchio di Reno, Bologna, Italy",44.4756,11.2759
2021-01-05T02:00:00+00:00,2.200,1.600,Open-Meteo Historical Weather API,"Casalecchio di Reno, Bologna, Italy",44.4756,11.2759
2021-01-05T03:00:00+00:00,2.000,1.300,Open-Meteo Historical Weather API,"Casalecchio di Reno, Bologna, Italy",44.4756,11.2759
2021-01-05T04:00:00+00:00,1.800,1.100,Open-Meteo Historical Weather API,"Casalecchio di Reno, Bologna, Italy",44.4756,11.2759
2021-01-05T05:00:00+00:00,1.900,1.200,Open-Meteo Historical Weather API,"Casalecchio di Reno, Bologna, Italy",44.4756,11.2759
2021-01-05T06:00:00+00:00,1.400,1.200,Open-Meteo Historical Weather API,"Casalecchio di Reno, Bologna, Italy",44.4756,11.2759
2021-01-05T07:00:00+00:00,1.200,1.100,Open-Meteo Historical Weather API,"Casalecchio di Reno, Bologna, Italy",44.4756,11.2759
2021-01-05T08:00:00+00:00,2.000,1.700,Open-Meteo Historical Weather API,"Casalecchio di Reno, Bologna, Italy",44.4756,11.2759
2021-01-05T09:00:00+00:00,2.500,2.000,Open-Meteo Historical Weather API,"Casalecchio di Reno, Bologna, Italy",44.4756,11.2759
2021-01-05T10:00:00+00:00,2.200,2.200,Open-Meteo Historical Weather API,"Casalecchio di Reno, Bologna, Italy",44.4756,11.2759
2021-01-05T11:00:00+00:00,3.000,3.000,Open-Meteo Historical Weather API,"Casalecchio di Reno, Bologna, Italy",44.4756,11.2759
2021-01-05T12:00:00+00:00,4.200,4.000,Open-Meteo Historical Weather API,"Casalecchio di Reno, Bologna, Italy",44.4756,11.2759
2021-01-05T13:00:00+00:00,4.700,4.200,Open-Meteo Historical Weather API,"Casalecchio di Reno, Bologna, Italy",44.4756,11.2759
2021-01-05T14:00:00+00:00,5.400,4.000,Open-Meteo Historical Weather API,"Casalecchio di Reno, Bologna, Italy",44.4756,11.2759
2021-01-05T15:00:00+00:00,5.400,4.200,Open-Meteo Historical Weather API,"Casalecchio di Reno, Bologna, Italy",44.4756,11.2759
2021-01-05T16:00:00+00:00,4.400,3.900,Open-Meteo Historical Weather API,"Casalecchio di Reno, Bologna, Italy",44.4756,11.2759
2021-01-05T17:00:00+00:00,4.000,3.700,Open-Meteo Historical Weather API,"Casalecchio di Reno, Bologna, Italy",44.4756,11.2759
2021-01-05T18:00:00+00:00,4.200,4.000,Open-Meteo Historical Weather API,"Casalecchio di Reno, Bologna, Italy",44.4756,11.2759
2021-01-05T19:00:00+00:00,3.400,3.300,Open-Meteo Historical Weather API,"Casalecchio di Reno, Bologna, Italy",44.4756,11.2759
2021-01-05T20:00:00+00:00,3.700,3.700,Open-Meteo Historical Weather API,"Casalecchio di Reno, Bologna, Italy",44.4756,11.2759
2021-01-05T21:00:00+00:00,3.000,3.000,Open-Meteo Historical Weather API,"Casalecchio di Reno, Bologna, Italy",44.4756,11.2759
2021-01-05T22:00:00+00:00,3.200,3.200,Open-Meteo Historical Weather API,"Casalecchio di Reno, Bologna, Italy",44.4756,11.2759
2021-01-05T23:00:00+00:00,3.500,3.500,Open-Meteo Historical Weather API,"Casalecchio di Reno, Bologna, Italy",44.4756,11.2759
2021-01-06T00:00:00+00:00,2.500,2.400,Open-Meteo Historical Weather API,"Casalecchio di Reno, Bologna, Italy",44.4756,11.2759
2021-01-06T01:00:00+00:00,4.000,3.300,Open-Meteo Historical Weather API,"Casalecchio di Reno, Bologna, Italy",44.4756,11.2759
2021-01-06T02:00:00+00:00,2.700,2.000,Open-Meteo Historical Weather API,"Casalecchio di Reno, Bologna, Italy",44.4756,11.2759
2021-01-06T03:00:00+00:00,2.000,1.100,Open-Meteo Historical Weather API,"Casalecchio di Reno, Bologna, Italy",44.4756,11.2759
2021-01-06T04:00:00+00:00,3.300,1.400,Open-Meteo Historical Weather API,"Casalecchio di Reno, Bologna, Italy",44.4756,11.2759
2021-01-06T05:00:00+00:00,3.200,1.300,Open-Meteo Historical Weather API,"Casalecchio di Reno, Bologna, Italy",44.4756,11.2759
2021-01-06T06:00:00+00:00,2.500,1.400,Open-Meteo Historical Weather API,"Casalecchio di Reno, Bologna, Italy",44.4756,11.2759
2021-01-06T07:00:00+00:00,1.900,1.100,Open-Meteo Historical Weather API,"Casalecchio di Reno, Bologna, Italy",44.4756,11.2759
2021-01-06T08:00:00+00:00,3.200,2.300,Open-Meteo Historical Weather API,"Casalecchio di Reno, Bologna, Italy",44.4756,11.2759
2021-01-06T09:00:00+00:00,4.400,3.300,Open-Meteo Historical Weather API,"Casalecchio di Reno, Bologna, Italy",44.4756,11.2759
2021-01-06T10:00:00+00:00,5.600,3.800,Open-Meteo Historical Weather API,"Casalecchio di Reno, Bologna, Italy",44.4756,11.2759
2021-01-06T11:00:00+00:00,6.600,3.800,Open-Meteo Historical Weather API,"Casalecchio di Reno, Bologna, Italy",44.4756,11.2759
2021-01-06T12:00:00+00:00,7.400,1.200,Open-Meteo Historical Weather API,"Casalecchio di Reno, Bologna, Italy",44.4756,11.2759
2021-01-06T13:00:00+00:00,7.800,0.900,Open-Meteo Historical Weather API,"Casalecchio di Reno, Bologna, Italy",44.4756,11.2759
2021-01-06T14:00:00+00:00,7.700,1.100,Open-Meteo Historical Weather API,"Casalecchio di Reno, Bologna, Italy",44.4756,11.2759
2021-01-06T15:00:00+00:00,5.800,3.200,Open-Meteo Historical Weather API,"Casalecchio di Reno, Bologna, Italy",44.4756,11.2759
2021-01-06T16:00:00+00:00,4.600,3.000,Open-Meteo Historical Weather API,"Casalecchio di Reno, Bologna, Italy",44.4756,11.2759
2021-01-06T17:00:00+00:00,2.800,2.400,Open-Meteo Historical Weather API,"Casalecchio di Reno, Bologna, Italy",44.4756,11.2759
2021-01-06T18:00:00+00:00,0.800,0.800,Open-Meteo Historical Weather API,"Casalecchio di Reno, Bologna, Italy",44.4756,11.2759
2021-01-06T19:00:00+00:00,0.900,0.900,Open-Meteo Historical Weather API,"Casalecchio di Reno, Bologna, Italy",44.4756,11.2759
2021-01-06T20:00:00+00:00,0.400,0.400,Open-Meteo Historical Weather API,"Casalecchio di Reno, Bologna, Italy",44.4756,11.2759
2021-01-06T21:00:00+00:00,0.800,0.700,Open-Meteo Historical Weather API,"Casalecchio di Reno, Bologna, Italy",44.4756,11.2759
2021-01-06T22:00:00+00:00,-0.600,-0.800,Open-Meteo Historical Weather API,"Casalecchio di Reno, Bologna, Italy",44.4756,11.2759
2021-01-06T23:00:00+00:00,-0.200,-0.300,Open-Meteo Historical Weather API,"Casalecchio di Reno, Bologna, Italy",44.4756,11.2759
2021-01-07T00:00:00+00:00,0.100,-0.300,Open-Meteo Historical Weather API,"Casalecchio di Reno, Bologna, Italy",44.4756,11.2759
2021-01-07T01:00:00+00:00,1.900,0.500,Open-Meteo Historical Weather API,"Casalecchio di Reno, Bologna, Italy",44.4756,11.2759
2021-01-07T02:00:00+00:00,1.100,-0.100,Open-Meteo Historical Weather API,"Casalecchio di Reno, Bologna, Italy",44.4756,11.2759
2021-01-07T03:00:00+00:00,-0.900,-1.600,Open-Meteo Historical Weather API,"Casalecchio di Reno, Bologna, Italy",44.4756,11.2759
2021-01-07T04:00:00+00:00,-1.300,-1.800,Open-Meteo Historical Weather API,"Casalecchio di Reno, Bologna, Italy",44.4756,11.2759
2021-01-07T05:00:00+00:00,-0.600,-1.200,Open-Meteo Historical Weather API,"Casalecchio di Reno, Bologna, Italy",44.4756,11.2759
2021-01-07T06:00:00+00:00,-1.000,-1.800,Open-Meteo Historical Weather API,"Casalecchio di Reno, Bologna, Italy",44.4756,11.2759
2021-01-07T07:00:00+00:00,-0.200,-1.100,Open-Meteo Historical Weather API,"Casalecchio di Reno, Bologna, Italy",44.4756,11.2759
2021-01-07T08:00:00+00:00,1.500,0.200,Open-Meteo Historical Weather API,"Casalecchio di Reno, Bologna, Italy",44.4756,11.2759
2021-01-07T09:00:00+00:00,3.700,1.500,Open-Meteo Historical Weather API,"Casalecchio di Reno, Bologna, Italy",44.4756,11.2759
2021-01-07T10:00:00+00:00,4.100,1.900,Open-Meteo Historical Weather API,"Casalecchio di Reno, Bologna, Italy",44.4756,11.2759
2021-01-07T11:00:00+00:00,4.400,2.200,Open-Meteo Historical Weather API,"Casalecchio di Reno, Bologna, Italy",44.4756,11.2759
2021-01-07T12:00:00+00:00,5.100,1.900,Open-Meteo Historical Weather API,"Casalecchio di Reno, Bologna, Italy",44.4756,11.2759
2021-01-07T13:00:00+00:00,5.300,2.000,Open-Meteo Historical Weather API,"Casalecchio di Reno, Bologna, Italy",44.4756,11.2759
2021-01-07T14:00:00+00:00,5.400,1.900,Open-Meteo Historical Weather API,"Casalecchio di Reno, Bologna, Italy",44.4756,11.2759
2021-01-07T15:00:00+00:00,4.700,2.200,Open-Meteo Historical Weather API,"Casalecchio di Reno, Bologna, Italy",44.4756,11.2759
2021-01-07T16:00:00+00:00,2.500,1.400,Open-Meteo Historical Weather API,"Casalecchio di Reno, Bologna, Italy",44.4756,11.2759
2021-01-07T17:00:00+00:00,2.800,1.900,Open-Meteo Historical Weather API,"Casalecchio di Reno, Bologna, Italy",44.4756,11.2759
2021-01-07T18:00:00+00:00,3.200,2.200,Open-Meteo Historical Weather API,"Casalecchio di Reno, Bologna, Italy",44.4756,11.2759
2021-01-07T19:00:00+00:00,3.100,2.300,Open-Meteo Historical Weather API,"Casalecchio di Reno, Bologna, Italy",44.4756,11.2759
2021-01-07T20:00:00+00:00,3.000,2.000,Open-Meteo Historical Weather API,"Casalecchio di Reno, Bologna, Italy",44.4756,11.2759
2021-01-07T21:00:00+00:00,3.000,2.000,Open-Meteo Historical Weather API,"Casalecchio di Reno, Bologna, Italy",44.4756,11.2759
2021-01-07T22:00:00+00:00,2.700,1.900,Open-Meteo Historical Weather API,"Casalecchio di Reno, Bologna, Italy",44.4756,11.2759
2021-01-07T23:00:00+00:00,1.900,1.600,Open-Meteo Historical Weather API,"Casalecchio di Reno, Bologna, Italy",44.4756,11.2759
2021-01-08T00:00:00+00:00,1.600,1.100,Open-Meteo Historical Weather API,"Casalecchio di Reno, Bologna, Italy",44.4756,11.2759
2021-01-08T01:00:00+00:00,2.100,1.500,Open-Meteo Historical Weather API,"Casalecchio di Reno, Bologna, Italy",44.4756,11.2759
2021-01-08T02:00:00+00:00,2.000,1.400,Open-Meteo Historical Weather API,"Casalecchio di Reno, Bologna, Italy",44.4756,11.2759
2021-01-08T03:00:00+00:00,2.200,1.500,Open-Meteo Historical Weather API,"Casalecchio di Reno, Bologna, Italy",44.4756,11.2759
2021-01-08T04:00:00+00:00,2.300,1.500,Open-Meteo Historical Weather API,"Casalecchio di Reno, Bologna, Italy",44.4756,11.2759
2021-01-08T05:00:00+00:00,2.400,1.500,Open-Meteo Historical Weather API,"Casalecchio di Reno, Bologna, Italy",44.4756,11.2759
2021-01-08T06:00:00+00:00,2.300,1.300,Open-Meteo Historical Weather API,"Casalecchio di Reno, Bologna, Italy",44.4756,11.2759
2021-01-08T07:00:00+00:00,1.300,0.300,Open-Meteo Historical Weather API,"Casalecchio di Reno, Bologna, Italy",44.4756,11.2759
2021-01-08T08:00:00+00:00,2.500,0.800,Open-Meteo Historical Weather API,"Casalecchio di Reno, Bologna, Italy",44.4756,11.2759
2021-01-08T09:00:00+00:00,3.800,1.200,Open-Meteo Historical Weather API,"Casalecchio di Reno, Bologna, Italy",44.4756,11.2759
2021-01-08T10:00:00+00:00,4.600,1.600,Open-Meteo Historical Weather API,"Casalecchio di Reno, Bologna, Italy",44.4756,11.2759
2021-01-08T11:00:00+00:00,5.300,1.300,Open-Meteo Historical Weather API,"Casalecchio di Reno, Bologna, Italy",44.4756,11.2759
2021-01-08T12:00:00+00:00,5.400,-0.100,Open-Meteo Historical Weather API,"Casalecchio di Reno, Bologna, Italy",44.4756,11.2759
2021-01-08T13:00:00+00:00,5.600,-0.100,Open-Meteo Historical Weather API,"Casalecchio di Reno, Bologna, Italy",44.4756,11.2759
2021-01-08T14:00:00+00:00,5.600,-0.300,Open-Meteo Historical Weather API,"Casalecchio di Reno, Bologna, Italy",44.4756,11.2759
2021-01-08T15:00:00+00:00,4.800,0.400,Open-Meteo Historical Weather API,"Casalecchio di Reno, Bologna, Italy",44.4756,11.2759
2021-01-08T16:00:00+00:00,1.300,-0.800,Open-Meteo Historical Weather API,"Casalecchio di Reno, Bologna, Italy",44.4756,11.2759
2021-01-08T17:00:00+00:00,1.000,-0.900,Open-Meteo Historical Weather API,"Casalecchio di Reno, Bologna, Italy",44.4756,11.2759
2021-01-08T18:00:00+00:00,0.900,-1.000,Open-Meteo Historical Weather API,"Casalecchio di Reno, Bologna, Italy",44.4756,11.2759
2021-01-08T19:00:00+00:00,0.900,-0.800,Open-Meteo Historical Weather API,"Casalecchio di Reno, Bologna, Italy",44.4756,11.2759
2021-01-08T20:00:00+00:00,0.700,-0.800,Open-Meteo Historical Weather API,"Casalecchio di Reno, Bologna, Italy",44.4756,11.2759
2021-01-08T21:00:00+00:00,1.000,-0.400,Open-Meteo Historical Weather API,"Casalecchio di Reno, Bologna, Italy",44.4756,11.2759
2021-01-08T22:00:00+00:00,1.000,-0.300,Open-Meteo Historical Weather API,"Casalecchio di Reno, Bologna, Italy",44.4756,11.2759
2021-01-08T23:00:00+00:00,0.600,-0.700,Open-Meteo Historical Weather API,"Casalecchio di Reno, Bologna, Italy",44.4756,11.2759
2021-01-09T00:00:00+00:00,0.400,-0.900,Open-Meteo Historical Weather API,"Casalecchio di Reno, Bologna, Italy",44.4756,11.2759
2021-01-09T01:00:00+00:00,0.200,-1.000,Open-Meteo Historical Weather API,"Casalecchio di Reno, Bologna, Italy",44.4756,11.2759
2021-01-09T02:00:00+00:00,0.000,-1.400,Open-Meteo Historical Weather API,"Casalecchio di Reno, Bologna, Italy",44.4756,11.2759
2021-01-09T03:00:00+00:00,0.100,-1.300,Open-Meteo Historical Weather API,"Casalecchio di Reno, Bologna, Italy",44.4756,11.2759
2021-01-09T04:00:00+00:00,0.300,-1.400,Open-Meteo Historical Weather API,"Casalecchio di Reno, Bologna, Italy",44.4756,11.2759
2021-01-09T05:00:00+00:00,0.200,-1.400,Open-Meteo Historical Weather API,"Casalecchio di Reno, Bologna, Italy",44.4756,11.2759
2021-01-09T06:00:00+00:00,0.200,-1.500,Open-Meteo Historical Weather API,"Casalecchio di Reno, Bologna, Italy",44.4756,11.2759
2021-01-09T07:00:00+00:00,-0.200,-1.600,Open-Meteo Historical Weather API,"Casalecchio di Reno, Bologna, Italy",44.4756,11.2759
2021-01-09T08:00:00+00:00,0.900,-1.400,Open-Meteo Historical Weather API,"Casalecchio di Reno, Bologna, Italy",44.4756,11.2759
2021-01-09T09:00:00+00:00,1.900,-1.300,Open-Meteo Historical Weather API,"Casalecchio di Reno, Bologna, Italy",44.4756,11.2759
2021-01-09T10:00:00+00:00,2.800,-1.500,Open-Meteo Historical Weather API,"Casalecchio di Reno, Bologna, Italy",44.4756,11.2759
2021-01-09T11:00:00+00:00,3.500,-1.500,Open-Meteo Historical Weather API,"Casalecchio di Reno, Bologna, Italy",44.4756,11.2759
2021-01-09T12:00:00+00:00,2.800,-2.500,Open-Meteo Historical Weather API,"Casalecchio di Reno, Bologna, Italy",44.4756,11.2759
2021-01-09T13:00:00+00:00,3.000,-2.600,Open-Meteo Historical Weather API,"Casalecchio di Reno, Bologna, Italy",44.4756,11.2759
2021-01-09T14:00:00+00:00,3.000,-2.400,Open-Meteo Historical Weather API,"Casalecchio di Reno, Bologna, Italy",44.4756,11.2759
2021-01-09T15:00:00+00:00,2.800,-2.200,Open-Meteo Historical Weather API,"Casalecchio di Reno, Bologna, Italy",44.4756,11.2759
2021-01-09T16:00:00+00:00,2.300,-2.200,Open-Meteo Historical Weather API,"Casalecchio di Reno, Bologna, Italy",44.4756,11.2759
2021-01-09T17:00:00+00:00,2.300,-2.400,Open-Meteo Historical Weather API,"Casalecchio di Reno, Bologna, Italy",44.4756,11.2759
2021-01-09T18:00:00+00:00,2.000,-2.500,Open-Meteo Historical Weather API,"Casalecchio di Reno, Bologna, Italy",44.4756,11.2759
2021-01-09T19:00:00+00:00,2.000,-2.700,Open-Meteo Historical Weather API,"Casalecchio di Reno, Bologna, Italy",44.4756,11.2759
2021-01-09T20:00:00+00:00,1.400,-2.800,Open-Meteo Historical Weather API,"Casalecchio di Reno, Bologna, Italy",44.4756,11.2759
2021-01-09T21:00:00+00:00,1.400,-2.700,Open-Meteo Historical Weather API,"Casalecchio di Reno, Bologna, Italy",44.4756,11.2759
2021-01-09T22:00:00+00:00,2.000,-2.500,Open-Meteo Historical Weather API,"Casalecchio di Reno, Bologna, Italy",44.4756,11.2759
2021-01-09T23:00:00+00:00,1.600,-2.500,Open-Meteo Historical Weather API,"Casalecchio di Reno, Bologna, Italy",44.4756,11.2759
2021-01-10T00:00:00+00:00,0.900,-1.700,Open-Meteo Historical Weather API,"Casalecchio di Reno, Bologna, Italy",44.4756,11.2759
2021-01-10T01:00:00+00:00,1.100,-1.900,Open-Meteo Historical Weather API,"Casalecchio di Reno, Bologna, Italy",44.4756,11.2759
2021-01-10T02:00:00+00:00,1.100,-2.100,Open-Meteo Historical Weather API,"Casalecchio di Reno, Bologna, Italy",44.4756,11.2759
2021-01-10T03:00:00+00:00,1.200,-2.200,Open-Meteo Historical Weather API,"Casalecchio di Reno, Bologna, Italy",44.4756,11.2759
2021-01-10T04:00:00+00:00,1.400,-2.200,Open-Meteo Historical Weather API,"Casalecchio di Reno, Bologna, Italy",44.4756,11.2759
2021-01-10T05:00:00+00:00,1.600,-1.900,Open-Meteo Historical Weather API,"Casalecchio di Reno, Bologna, Italy",44.4756,11.2759
2021-01-10T06:00:00+00:00,1.900,-1.400,Open-Meteo Historical Weather API,"Casalecchio di Reno, Bologna, Italy",44.4756,11.2759
2021-01-10T07:00:00+00:00,2.200,-0.700,Open-Meteo Historical Weather API,"Casalecchio di Reno, Bologna, Italy",44.4756,11.2759
2021-01-10T08:00:00+00:00,2.200,-0.100,Open-Meteo Historical Weather API,"Casalecchio di Reno, Bologna, Italy",44.4756,11.2759
2021-01-10T09:00:00+00:00,2.800,0.800,Open-Meteo Historical Weather API,"Casalecchio di Reno, Bologna, Italy",44.4756,11.2759
2021-01-10T10:00:00+00:00,2.900,1.700,Open-Meteo Historical Weather API,"Casalecchio di Reno, Bologna, Italy",44.4756,11.2759
2021-01-10T11:00:00+00:00,3.100,1.900,Open-Meteo Historical Weather API,"Casalecchio di Reno, Bologna, Italy",44.4756,11.2759
2021-01-10T12:00:00+00:00,1.500,0.900,Open-Meteo Historical Weather API,"Casalecchio di Reno, Bologna, Italy",44.4756,11.2759
2021-01-10T13:00:00+00:00,1.900,1.200,Open-Meteo Historical Weather API,"Casalecchio di Reno, Bologna, Italy",44.4756,11.2759
2021-01-10T14:00:00+00:00,2.100,1.200,Open-Meteo Historical Weather API,"Casalecchio di Reno, Bologna, Italy",44.4756,11.2759
2021-01-10T15:00:00+00:00,2.300,0.900,Open-Meteo Historical Weather API,"Casalecchio di Reno, Bologna, Italy",44.4756,11.2759
2021-01-10T16:00:00+00:00,2.200,0.600,Open-Meteo Historical Weather API,"Casalecchio di Reno, Bologna, Italy",44.4756,11.2759
2021-01-10T17:00:00+00:00,1.800,0.300,Open-Meteo Historical Weather API,"Casalecchio di Reno, Bologna, Italy",44.4756,11.2759
2021-01-10T18:00:00+00:00,1.800,0.000,Open-Meteo Historical Weather API,"Casalecchio di Reno, Bologna, Italy",44.4756,11.2759
2021-01-10T19:00:00+00:00,1.600,-0.300,Open-Meteo Historical Weather API,"Casalecchio di Reno, Bologna, Italy",44.4756,11.2759
2021-01-10T20:00:00+00:00,1.300,-0.900,Open-Meteo Historical Weather API,"Casalecchio di Reno, Bologna, Italy",44.4756,11.2759
2021-01-10T21:00:00+00:00,0.800,-2.000,Open-Meteo Historical Weather API,"Casalecchio di Reno, Bologna, Italy",44.4756,11.2759
2021-01-10T22:00:00+00:00,0.600,-2.700,Open-Meteo Historical Weather API,"Casalecchio di Reno, Bologna, Italy",44.4756,11.2759
2021-01-10T23:00:00+00:00,0.200,-3.300,Open-Meteo Historical Weather API,"Casalecchio di Reno, Bologna, Italy",44.4756,11.2759
2021-01-11T00:00:00+00:00,-0.800,-3.200,Open-Meteo Historical Weather API,"Casalecchio di Reno, Bologna, Italy",44.4756,11.2759
2021-01-11T01:00:00+00:00,-0.500,-3.300,Open-Meteo Historical Weather API,"Casalecchio di Reno, Bologna, Italy",44.4756,11.2759
2021-01-11T02:00:00+00:00,-0.800,-3.800,Open-Meteo Historical Weather API,"Casalecchio di Reno, Bologna, Italy",44.4756,11.2759
2021-01-11T03:00:00+00:00,-1.200,-4.200,Open-Meteo Historical Weather API,"Casalecchio di Reno, Bologna, Italy",44.4756,11.2759
2021-01-11T04:00:00+00:00,-2.600,-5.200,Open-Meteo Historical Weather API,"Casalecchio di Reno, Bologna, Italy",44.4756,11.2759
2021-01-11T05:00:00+00:00,-1.600,-4.800,Open-Meteo Historical Weather API,"Casalecchio di Reno, Bologna, Italy",44.4756,11.2759
2021-01-11T06:00:00+00:00,-1.400,-4.800,Open-Meteo Historical Weather API,"Casalecchio di Reno, Bologna, Italy",44.4756,11.2759
2021-01-11T07:00:00+00:00,-1.700,-4.700,Open-Meteo Historical Weather API,"Casalecchio di Reno, Bologna, Italy",44.4756,11.2759
2021-01-11T08:00:00+00:00,-0.600,-4.100,Open-Meteo Historical Weather API,"Casalecchio di Reno, Bologna, Italy",44.4756,11.2759
2021-01-11T09:00:00+00:00,0.600,-4.200,Open-Meteo Historical Weather API,"Casalecchio di Reno, Bologna, Italy",44.4756,11.2759
2021-01-11T10:00:00+00:00,1.600,-4.200,Open-Meteo Historical Weather API,"Casalecchio di Reno, Bologna, Italy",44.4756,11.2759
2021-01-11T11:00:00+00:00,2.800,-4.300,Open-Meteo Historical Weather API,"Casalecchio di Reno, Bologna, Italy",44.4756,11.2759
2021-01-11T12:00:00+00:00,2.500,-2.700,Open-Meteo Historical Weather API,"Casalecchio di Reno, Bologna, Italy",44.4756,11.2759
2021-01-11T13:00:00+00:00,3.500,-3.800,Open-Meteo Historical Weather API,"Casalecchio di Reno, Bologna, Italy",44.4756,11.2759
2021-01-11T14:00:00+00:00,4.100,-4.000,Open-Meteo Historical Weather API,"Casalecchio di Reno, Bologna, Italy",44.4756,11.2759
2021-01-11T15:00:00+00:00,3.700,-3.700,Open-Meteo Historical Weather API,"Casalecchio di Reno, Bologna, Italy",44.4756,11.2759
2021-01-11T16:00:00+00:00,2.200,-3.500,Open-Meteo Historical Weather API,"Casalecchio di Reno, Bologna, Italy",44.4756,11.2759
2021-01-11T17:00:00+00:00,1.600,-3.000,Open-Meteo Historical Weather API,"Casalecchio di Reno, Bologna, Italy",44.4756,11.2759
2021-01-11T18:00:00+00:00,0.400,-2.800,Open-Meteo Historical Weather API,"Casalecchio di Reno, Bologna, Italy",44.4756,11.2759
2021-01-11T19:00:00+00:00,-0.300,-3.200,Open-Meteo Historical Weather API,"Casalecchio di Reno, Bologna, Italy",44.4756,11.2759
2021-01-11T20:00:00+00:00,-0.100,-3.500,Open-Meteo Historical Weather API,"Casalecchio di Reno, Bologna, Italy",44.4756,11.2759
2021-01-11T21:00:00+00:00,-0.300,-3.800,Open-Meteo Historical Weather API,"Casalecchio di Reno, Bologna, Italy",44.4756,11.2759
2021-01-11T22:00:00+00:00,-0.400,-4.000,Open-Meteo Historical Weather API,"Casalecchio di Reno, Bologna, Italy",44.4756,11.2759
2021-01-11T23:00:00+00:00,-0.600,-4.000,Open-Meteo Historical Weather API,"Casalecchio di Reno, Bologna, Italy",44.4756,11.2759
2021-01-12T00:00:00+00:00,0.000,-4.000,Open-Meteo Historical Weather API,"Casalecchio di Reno, Bologna, Italy",44.4756,11.2759
2021-01-12T01:00:00+00:00,-0.200,-4.200,Open-Meteo Historical Weather API,"Casalecchio di Reno, Bologna, Italy",44.4756,11.2759
2021-01-12T02:00:00+00:00,-0.900,-4.600,Open-Meteo Historical Weather API,"Casalecchio di Reno, Bologna, Italy",44.4756,11.2759
2021-01-12T03:00:00+00:00,-1.100,-4.800,Open-Meteo Historical Weather API,"Casalecchio di Reno, Bologna, Italy",44.4756,11.2759
2021-01-12T04:00:00+00:00,-1.400,-5.100,Open-Meteo Historical Weather API,"Casalecchio di Reno, Bologna, Italy",44.4756,11.2759
2021-01-12T05:00:00+00:00,-1.600,-5.300,Open-Meteo Historical Weather API,"Casalecchio di Reno, Bologna, Italy",44.4756,11.2759
2021-01-12T06:00:00+00:00,-1.900,-5.600,Open-Meteo Historical Weather API,"Casalecchio di Reno, Bologna, Italy",44.4756,11.2759
2021-01-12T07:00:00+00:00,-2.200,-5.800,Open-Meteo Historical Weather API,"Casalecchio di Reno, Bologna, Italy",44.4756,11.2759
2021-01-12T08:00:00+00:00,0.000,-4.700,Open-Meteo Historical Weather API,"Casalecchio di Reno, Bologna, Italy",44.4756,11.2759
2021-01-12T09:00:00+00:00,2.800,-3.500,Open-Meteo Historical Weather API,"Casalecchio di Reno, Bologna, Italy",44.4756,11.2759
2021-01-12T10:00:00+00:00,4.200,-4.400,Open-Meteo Historical Weather API,"Casalecchio di Reno, Bologna, Italy",44.4756,11.2759
2021-01-12T11:00:00+00:00,5.600,-4.200,Open-Meteo Historical Weather API,"Casalecchio di Reno, Bologna, Italy",44.4756,11.2759
2021-01-12T12:00:00+00:00,5.400,-3.400,Open-Meteo Historical Weather API,"Casalecchio di Reno, Bologna, Italy",44.4756,11.2759
2021-01-12T13:00:00+00:00,5.800,-2.800,Open-Meteo Historical Weather API,"Casalecchio di Reno, Bologna, Italy",44.4756,11.2759
2021-01-12T14:00:00+00:00,5.800,-2.200,Open-Meteo Historical Weather API,"Casalecchio di Reno, Bologna, Italy",44.4756,11.2759
2021-01-12T15:00:00+00:00,4.200,-1.100,Open-Meteo Historical Weather API,"Casalecchio di Reno, Bologna, Italy",44.4756,11.2759
2021-01-12T16:00:00+00:00,3.100,-2.000,Open-Meteo Historical Weather API,"Casalecchio di Reno, Bologna, Italy",44.4756,11.2759
2021-01-12T17:00:00+00:00,0.900,-1.700,Open-Meteo Historical Weather API,"Casalecchio di Reno, Bologna, Italy",44.4756,11.2759
2021-01-12T18:00:00+00:00,0.200,-2.000,Open-Meteo Historical Weather API,"Casalecchio di Reno, Bologna, Italy",44.4756,11.2759
2021-01-12T19:00:00+00:00,1.100,-2.200,Open-Meteo Historical Weather API,"Casalecchio di Reno, Bologna, Italy",44.4756,11.2759
2021-01-12T20:00:00+00:00,0.000,-2.700,Open-Meteo Historical Weather API,"Casalecchio di Reno, Bologna, Italy",44.4756,11.2759
2021-01-12T21:00:00+00:00,-0.200,-2.900,Open-Meteo Historical Weather API,"Casalecchio di Reno, Bologna, Italy",44.4756,11.2759
2021-01-12T22:00:00+00:00,-0.200,-3.000,Open-Meteo Historical Weather API,"Casalecchio di Reno, Bologna, Italy",44.4756,11.2759
2021-01-12T23:00:00+00:00,-0.600,-3.000,Open-Meteo Historical Weather API,"Casalecchio di Reno, Bologna, Italy",44.4756,11.2759
2021-01-13T00:00:00+00:00,-0.500,-3.700,Open-Meteo Historical Weather API,"Casalecchio di Reno, Bologna, Italy",44.4756,11.2759
2021-01-13T01:00:00+00:00,0.000,-3.300,Open-Meteo Historical Weather API,"Casalecchio di Reno, Bologna, Italy",44.4756,11.2759
2021-01-13T02:00:00+00:00,0.200,-3.200,Open-Meteo Historical Weather API,"Casalecchio di Reno, Bologna, Italy",44.4756,11.2759
2021-01-13T03:00:00+00:00,-0.100,-3.400,Open-Meteo Historical Weather API,"Casalecchio di Reno, Bologna, Italy",44.4756,11.2759
2021-01-13T04:00:00+00:00,-0.100,-3.300,Open-Meteo Historical Weather API,"Casalecchio di Reno, Bologna, Italy",44.4756,11.2759
2021-01-13T05:00:00+00:00,-0.600,-3.000,Open-Meteo Historical Weather API,"Casalecchio di Reno, Bologna, Italy",44.4756,11.2759
2021-01-13T06:00:00+00:00,-1.400,-3.200,Open-Meteo Historical Weather API,"Casalecchio di Reno, Bologna, Italy",44.4756,11.2759
2021-01-13T07:00:00+00:00,-1.800,-3.500,Open-Meteo Historical Weather API,"Casalecchio di Reno, Bologna, Italy",44.4756,11.2759
2021-01-13T08:00:00+00:00,0.400,-2.000,Open-Meteo Historical Weather API,"Casalecchio di Reno, Bologna, Italy",44.4756,11.2759
2021-01-13T09:00:00+00:00,4.200,-0.800,Open-Meteo Historical Weather API,"Casalecchio di Reno, Bologna, Italy",44.4756,11.2759
2021-01-13T10:00:00+00:00,5.800,-0.300,Open-Meteo Historical Weather API,"Casalecchio di Reno, Bologna, Italy",44.4756,11.2759
2021-01-13T11:00:00+00:00,6.900,0.700,Open-Meteo Historical Weather API,"Casalecchio di Reno, Bologna, Italy",44.4756,11.2759
2021-01-13T12:00:00+00:00,8.100,1.000,Open-Meteo Historical Weather API,"Casalecchio di Reno, Bologna, Italy",44.4756,11.2759
2021-01-13T13:00:00+00:00,7.900,1.300,Open-Meteo Historical Weather API,"Casalecchio di Reno, Bologna, Italy",44.4756,11.2759
2021-01-13T14:00:00+00:00,7.800,1.900,Open-Meteo Historical Weather API,"Casalecchio di Reno, Bologna, Italy",44.4756,11.2759
2021-01-13T15:00:00+00:00,7.400,1.500,Open-Meteo Historical Weather API,"Casalecchio di Reno, Bologna, Italy",44.4756,11.2759
2021-01-13T16:00:00+00:00,3.300,0.500,Open-Meteo Historical Weather API,"Casalecchio di Reno, Bologna, Italy",44.4756,11.2759
2021-01-13T17:00:00+00:00,2.000,-0.200,Open-Meteo Historical Weather API,"Casalecchio di Reno, Bologna, Italy",44.4756,11.2759
2021-01-13T18:00:00+00:00,1.400,-0.400,Open-Meteo Historical Weather API,"Casalecchio di Reno, Bologna, Italy",44.4756,11.2759
2021-01-13T19:00:00+00:00,-0.100,-1.100,Open-Meteo Historical Weather API,"Casalecchio di Reno, Bologna, Italy",44.4756,11.2759
2021-01-13T20:00:00+00:00,-0.800,-1.900,Open-Meteo Historical Weather API,"Casalecchio di Reno, Bologna, Italy",44.4756,11.2759
2021-01-13T21:00:00+00:00,-1.100,-2.400,Open-Meteo Historical Weather API,"Casalecchio di Reno, Bologna, Italy",44.4756,11.2759
2021-01-13T22:00:00+00:00,-0.300,-3.700,Open-Meteo Historical Weather API,"Casalecchio di Reno, Bologna, Italy",44.4756,11.2759
2021-01-13T23:00:00+00:00,0.600,-3.500,Open-Meteo Historical Weather API,"Casalecchio di Reno, Bologna, Italy",44.4756,11.2759
2021-01-14T00:00:00+00:00,-0.800,-3.500,Open-Meteo Historical Weather API,"Casalecchio di Reno, Bologna, Italy",44.4756,11.2759
2021-01-14T01:00:00+00:00,0.900,-1.200,Open-Meteo Historical Weather API,"Casalecchio di Reno, Bologna, Italy",44.4756,11.2759
2021-01-14T02:00:00+00:00,0.400,-0.600,Open-Meteo Historical Weather API,"Casalecchio di Reno, Bologna, Italy",44.4756,11.2759
2021-01-14T03:00:00+00:00,0.200,-0.800,Open-Meteo Historical Weather API,"Casalecchio di Reno, Bologna, Italy",44.4756,11.2759
2021-01-14T04:00:00+00:00,0.600,-0.800,Open-Meteo Historical Weather API,"Casalecchio di Reno, Bologna, Italy",44.4756,11.2759
2021-01-14T05:00:00+00:00,0.600,-0.900,Open-Meteo Historical Weather API,"Casalecchio di Reno, Bologna, Italy",44.4756,11.2759
2021-01-14T06:00:00+00:00,0.400,-0.700,Open-Meteo Historical Weather API,"Casalecchio di Reno, Bologna, Italy",44.4756,11.2759
2021-01-14T07:00:00+00:00,1.000,0.000,Open-Meteo Historical Weather API,"Casalecchio di Reno, Bologna, Italy",44.4756,11.2759
2021-01-14T08:00:00+00:00,3.000,0.600,Open-Meteo Historical Weather API,"Casalecchio di Reno, Bologna, Italy",44.4756,11.2759
2021-01-14T09:00:00+00:00,5.200,0.200,Open-Meteo Historical Weather API,"Casalecchio di Reno, Bologna, Italy",44.4756,11.2759
2021-01-14T10:00:00+00:00,6.700,0.800,Open-Meteo Historical Weather API,"Casalecchio di Reno, Bologna, Italy",44.4756,11.2759
2021-01-14T11:00:00+00:00,6.900,1.500,Open-Meteo Historical Weather API,"Casalecchio di Reno, Bologna, Italy",44.4756,11.2759
2021-01-14T12:00:00+00:00,7.400,0.400,Open-Meteo Historical Weather API,"Casalecchio di Reno, Bologna, Italy",44.4756,11.2759
2021-01-14T13:00:00+00:00,7.200,1.000,Open-Meteo Historical Weather API,"Casalecchio di Reno, Bologna, Italy",44.4756,11.2759
2021-01-14T14:00:00+00:00,7.000,1.000,Open-Meteo Historical Weather API,"Casalecchio di Reno, Bologna, Italy",44.4756,11.2759
2021-01-14T15:00:00+00:00,6.400,2.300,Open-Meteo Historical Weather API,"Casalecchio di Reno, Bologna, Italy",44.4756,11.2759
2021-01-14T16:00:00+00:00,2.500,0.300,Open-Meteo Historical Weather API,"Casalecchio di Reno, Bologna, Italy",44.4756,11.2759
2021-01-14T17:00:00+00:00,2.200,0.300,Open-Meteo Historical Weather API,"Casalecchio di Reno, Bologna, Italy",44.4756,11.2759
2021-01-14T18:00:00+00:00,1.100,-0.300,Open-Meteo Historical Weather API,"Casalecchio di Reno, Bologna, Italy",44.4756,11.2759
2021-01-14T19:00:00+00:00,1.000,-1.100,Open-Meteo Historical Weather API,"Casalecchio di Reno, Bologna, Italy",44.4756,11.2759
2021-01-14T20:00:00+00:00,1.000,-1.600,Open-Meteo Historical Weather API,"Casalecchio di Reno, Bologna, Italy",44.4756,11.2759
2021-01-14T21:00:00+00:00,1.500,-1.000,Open-Meteo Historical Weather API,"Casalecchio di Reno, Bologna, Italy",44.4756,11.2759
2021-01-14T22:00:00+00:00,1.500,-1.000,Open-Meteo Historical Weather API,"Casalecchio di Reno, Bologna, Italy",44.4756,11.2759
2021-01-14T23:00:00+00:00,1.500,-0.400,Open-Meteo Historical Weather API,"Casalecchio di Reno, Bologna, Italy",44.4756,11.2759
2021-01-15T00:00:00+00:00,2.800,-0.200,Open-Meteo Historical Weather API,"Casalecchio di Reno, Bologna, Italy",44.4756,11.2759
2021-01-15T01:00:00+00:00,3.200,0.600,Open-Meteo Historical Weather API,"Casalecchio di Reno, Bologna, Italy",44.4756,11.2759
2021-01-15T02:00:00+00:00,2.900,0.500,Open-Meteo Historical Weather API,"Casalecchio di Reno, Bologna, Italy",44.4756,11.2759
2021-01-15T03:00:00+00:00,1.800,0.100,Open-Meteo Historical Weather API,"Casalecchio di Reno, Bologna, Italy",44.4756,11.2759
2021-01-15T04:00:00+00:00,1.400,-0.200,Open-Meteo Historical Weather API,"Casalecchio di Reno, Bologna, Italy",44.4756,11.2759
2021-01-15T05:00:00+00:00,2.500,-0.400,Open-Meteo Historical Weather API,"Casalecchio di Reno, Bologna, Italy",44.4756,11.2759
2021-01-15T06:00:00+00:00,3.500,-0.800,Open-Meteo Historical Weather API,"Casalecchio di Reno, Bologna, Italy",44.4756,11.2759
2021-01-15T07:00:00+00:00,2.500,-1.100,Open-Meteo Historical Weather API,"Casalecchio di Reno, Bologna, Italy",44.4756,11.2759
2021-01-15T08:00:00+00:00,2.700,-0.200,Open-Meteo Historical Weather API,"Casalecchio di Reno, Bologna, Italy",44.4756,11.2759
2021-01-15T09:00:00+00:00,3.800,0.200,Open-Meteo Historical Weather API,"Casalecchio di Reno, Bologna, Italy",44.4756,11.2759
2021-01-15T10:00:00+00:00,4.600,0.600,Open-Meteo Historical Weather API,"Casalecchio di Reno, Bologna, Italy",44.4756,11.2759
2021-01-15T11:00:00+00:00,5.400,1.600,Open-Meteo Historical Weather API,"Casalecchio di Reno, Bologna, Italy",44.4756,11.2759
2021-01-15T12:00:00+00:00,6.300,2.200,Open-Meteo Historical Weather API,"Casalecchio di Reno, Bologna, Italy",44.4756,11.2759
2021-01-15T13:00:00+00:00,6.500,2.500,Open-Meteo Historical Weather API,"Casalecchio di Reno, Bologna, Italy",44.4756,11.2759
2021-01-15T14:00:00+00:00,6.000,2.200,Open-Meteo Historical Weather API,"Casalecchio di Reno, Bologna, Italy",44.4756,11.2759
2021-01-15T15:00:00+00:00,5.700,1.900,Open-Meteo Historical Weather API,"Casalecchio di Reno, Bologna, Italy",44.4756,11.2759
2021-01-15T16:00:00+00:00,5.000,0.900,Open-Meteo Historical Weather API,"Casalecchio di Reno, Bologna, Italy",44.4756,11.2759
2021-01-15T17:00:00+00:00,4.600,0.300,Open-Meteo Historical Weather API,"Casalecchio di Reno, Bologna, Italy",44.4756,11.2759
2021-01-15T18:00:00+00:00,4.000,0.200,Open-Meteo Historical Weather API,"Casalecchio di Reno, Bologna, Italy",44.4756,11.2759
2021-01-15T19:00:00+00:00,2.800,0.600,Open-Meteo Historical Weather API,"Casalecchio di Reno, Bologna, Italy",44.4756,11.2759
2021-01-15T20:00:00+00:00,3.000,-0.100,Open-Meteo Historical Weather API,"Casalecchio di Reno, Bologna, Italy",44.4756,11.2759
2021-01-15T21:00:00+00:00,1.500,-0.800,Open-Meteo Historical Weather API,"Casalecchio di Reno, Bologna, Italy",44.4756,11.2759
2021-01-15T22:00:00+00:00,0.200,-1.900,Open-Meteo Historical Weather API,"Casalecchio di Reno, Bologna, Italy",44.4756,11.2759
2021-01-15T23:00:00+00:00,-0.800,-2.600,Open-Meteo Historical Weather API,"Casalecchio di Reno, Bologna, Italy",44.4756,11.2759
2021-01-16T00:00:00+00:00,-0.400,-2.300,Open-Meteo Historical Weather API,"Casalecchio di Reno, Bologna, Italy",44.4756,11.2759
2021-01-16T01:00:00+00:00,-1.200,-3.000,Open-Meteo Historical Weather API,"Casalecchio di Reno, Bologna, Italy",44.4756,11.2759
2021-01-16T02:00:00+00:00,-1.400,-3.200,Open-Meteo Historical Weather API,"Casalecchio di Reno, Bologna, Italy",44.4756,11.2759
2021-01-16T03:00:00+00:00,-1.500,-3.300,Open-Meteo Historical Weather API,"Casalecchio di Reno, Bologna, Italy",44.4756,11.2759
2021-01-16T04:00:00+00:00,-2.700,-4.500,Open-Meteo Historical Weather API,"Casalecchio di Reno, Bologna, Italy",44.4756,11.2759
2021-01-16T05:00:00+00:00,-3.000,-4.900,Open-Meteo Historical Weather API,"Casalecchio di Reno, Bologna, Italy",44.4756,11.2759
2021-01-16T06:00:00+00:00,-1.600,-4.800,Open-Meteo Historical Weather API,"Casalecchio di Reno, Bologna, Italy",44.4756,11.2759
2021-01-16T07:00:00+00:00,-1.600,-4.800,Open-Meteo Historical Weather API,"Casalecchio di Reno, Bologna, Italy",44.4756,11.2759
2021-01-16T08:00:00+00:00,0.300,-3.100,Open-Meteo Historical Weather API,"Casalecchio di Reno, Bologna, Italy",44.4756,11.2759
2021-01-16T09:00:00+00:00,2.000,-2.400,Open-Meteo Historical Weather API,"Casalecchio di Reno, Bologna, Italy",44.4756,11.2759
2021-01-16T10:00:00+00:00,3.500,-2.000,Open-Meteo Historical Weather API,"Casalecchio di Reno, Bologna, Italy",44.4756,11.2759
2021-01-16T11:00:00+00:00,4.600,-2.000,Open-Meteo Historical Weather API,"Casalecchio di Reno, Bologna, Italy",44.4756,11.2759
2021-01-16T12:00:00+00:00,5.400,-2.500,Open-Meteo Historical Weather API,"Casalecchio di Reno, Bologna, Italy",44.4756,11.2759
2021-01-16T13:00:00+00:00,5.700,-2.800,Open-Meteo Historical Weather API,"Casalecchio di Reno, Bologna, Italy",44.4756,11.2759
2021-01-16T14:00:00+00:00,5.700,-3.200,Open-Meteo Historical Weather API,"Casalecchio di Reno, Bologna, Italy",44.4756,11.2759
2021-01-16T15:00:00+00:00,4.900,-2.200,Open-Meteo Historical Weather API,"Casalecchio di Reno, Bologna, Italy",44.4756,11.2759
2021-01-16T16:00:00+00:00,0.900,-2.800,Open-Meteo Historical Weather API,"Casalecchio di Reno, Bologna, Italy",44.4756,11.2759
2021-01-16T17:00:00+00:00,0.200,-3.400,Open-Meteo Historical Weather API,"Casalecchio di Reno, Bologna, Italy",44.4756,11.2759
2021-01-16T18:00:00+00:00,-0.300,-4.300,Open-Meteo Historical Weather API,"Casalecchio di Reno, Bologna, Italy",44.4756,11.2759
2021-01-16T19:00:00+00:00,-0.400,-5.100,Open-Meteo Historical Weather API,"Casalecchio di Reno, Bologna, Italy",44.4756,11.2759
2021-01-16T20:00:00+00:00,-0.600,-5.800,Open-Meteo Historical Weather API,"Casalecchio di Reno, Bologna, Italy",44.4756,11.2759
2021-01-16T21:00:00+00:00,-0.100,-6.200,Open-Meteo Historical Weather API,"Casalecchio di Reno, Bologna, Italy",44.4756,11.2759
2021-01-16T22:00:00+00:00,0.700,-5.800,Open-Meteo Historical Weather API,"Casalecchio di Reno, Bologna, Italy",44.4756,11.2759
2021-01-16T23:00:00+00:00,0.600,-5.500,Open-Meteo Historical Weather API,"Casalecchio di Reno, Bologna, Italy",44.4756,11.2759
2021-01-17T00:00:00+00:00,-0.100,-4.900,Open-Meteo Historical Weather API,"Casalecchio di Reno, Bologna, Italy",44.4756,11.2759
2021-01-17T01:00:00+00:00,0.300,-4.200,Open-Meteo Historical Weather API,"Casalecchio di Reno, Bologna, Italy",44.4756,11.2759
2021-01-17T02:00:00+00:00,0.200,-4.000,Open-Meteo Historical Weather API,"Casalecchio di Reno, Bologna, Italy",44.4756,11.2759
2021-01-17T03:00:00+00:00,1.000,-4.200,Open-Meteo Historical Weather API,"Casalecchio di Reno, Bologna, Italy",44.4756,11.2759
2021-01-17T04:00:00+00:00,2.000,-4.200,Open-Meteo Historical Weather API,"Casalecchio di Reno, Bologna, Italy",44.4756,11.2759
2021-01-17T05:00:00+00:00,2.000,-3.500,Open-Meteo Historical Weather API,"Casalecchio di Reno, Bologna, Italy",44.4756,11.2759
2021-01-17T06:00:00+00:00,2.300,-2.800,Open-Meteo Historical Weather API,"Casalecchio di Reno, Bologna, Italy",44.4756,11.2759
2021-01-17T07:00:00+00:00,1.500,-1.900,Open-Meteo Historical Weather API,"Casalecchio di Reno, Bologna, Italy",44.4756,11.2759
2021-01-17T08:00:00+00:00,1.500,-1.800,Open-Meteo Historical Weather API,"Casalecchio di Reno, Bologna, Italy",44.4756,11.2759
2021-01-17T09:00:00+00:00,2.000,-1.100,Open-Meteo Historical Weather API,"Casalecchio di Reno, Bologna, Italy",44.4756,11.2759
2021-01-17T10:00:00+00:00,2.700,-1.000,Open-Meteo Historical Weather API,"Casalecchio di Reno, Bologna, Italy",44.4756,11.2759
2021-01-17T11:00:00+00:00,2.800,-0.800,Open-Meteo Historical Weather API,"Casalecchio di Reno, Bologna, Italy",44.4756,11.2759
2021-01-17T12:00:00+00:00,2.500,0.100,Open-Meteo Historical Weather API,"Casalecchio di Reno, Bologna, Italy",44.4756,11.2759
2021-01-17T13:00:00+00:00,2.700,0.200,Open-Meteo Historical Weather API,"Casalecchio di Reno, Bologna, Italy",44.4756,11.2759
2021-01-17T14:00:00+00:00,3.000,0.400,Open-Meteo Historical Weather API,"Casalecchio di Reno, Bologna, Italy",44.4756,11.2759
2021-01-17T15:00:00+00:00,3.000,0.400,Open-Meteo Historical Weather API,"Casalecchio di Reno, Bologna, Italy",44.4756,11.2759
2021-01-17T16:00:00+00:00,0.800,-0.200,Open-Meteo Historical Weather API,"Casalecchio di Reno, Bologna, Italy",44.4756,11.2759
2021-01-17T17:00:00+00:00,1.600,0.100,Open-Meteo Historical Weather API,"Casalecchio di Reno, Bologna, Italy",44.4756,11.2759
2021-01-17T18:00:00+00:00,1.500,0.100,Open-Meteo Historical Weather API,"Casalecchio di Reno, Bologna, Italy",44.4756,11.2759
2021-01-17T19:00:00+00:00,-0.400,-1.200,Open-Meteo Historical Weather API,"Casalecchio di Reno, Bologna, Italy",44.4756,11.2759
2021-01-17T20:00:00+00:00,-1.500,-2.500,Open-Meteo Historical Weather API,"Casalecchio di Reno, Bologna, Italy",44.4756,11.2759
2021-01-17T21:00:00+00:00,-1.000,-2.200,Open-Meteo Historical Weather API,"Casalecchio di Reno, Bologna, Italy",44.4756,11.2759
2021-01-17T22:00:00+00:00,-1.100,-2.300,Open-Meteo Historical Weather API,"Casalecchio di Reno, Bologna, Italy",44.4756,11.2759
2021-01-17T23:00:00+00:00,-0.500,-1.800,Open-Meteo Historical Weather API,"Casalecchio di Reno, Bologna, Italy",44.4756,11.2759
2021-01-18T00:00:00+00:00,-1.100,-2.800,Open-Meteo Historical Weather API,"Casalecchio di Reno, Bologna, Italy",44.4756,11.2759
2021-01-18T01:00:00+00:00,-0.900,-2.800,Open-Meteo Historical Weather API,"Casalecchio di Reno, Bologna, Italy",44.4756,11.2759
2021-01-18T02:00:00+00:00,-1.500,-3.200,Open-Meteo Historical Weather API,"Casalecchio di Reno, Bologna, Italy",44.4756,11.2759
2021-01-18T03:00:00+00:00,-2.100,-3.600,Open-Meteo Historical Weather API,"Casalecchio di Reno, Bologna, Italy",44.4756,11.2759
2021-01-18T04:00:00+00:00,-2.900,-4.200,Open-Meteo Historical Weather API,"Casalecchio di Reno, Bologna, Italy",44.4756,11.2759
2021-01-18T05:00:00+00:00,-2.800,-4.200,Open-Meteo Historical Weather API,"Casalecchio di Reno, Bologna, Italy",44.4756,11.2759
2021-01-18T06:00:00+00:00,-2.700,-4.200,Open-Meteo Historical Weather API,"Casalecchio di Reno, Bologna, Italy",44.4756,11.2759
2021-01-18T07:00:00+00:00,-2.500,-4.000,Open-Meteo Historical Weather API,"Casalecchio di Reno, Bologna, Italy",44.4756,11.2759
2021-01-18T08:00:00+00:00,-0.400,-2.200,Open-Meteo Historical Weather API,"Casalecchio di Reno, Bologna, Italy",44.4756,11.2759
2021-01-18T09:00:00+00:00,2.800,-0.600,Open-Meteo Historical Weather API,"Casalecchio di Reno, Bologna, Italy",44.4756,11.2759
2021-01-18T10:00:00+00:00,4.300,0.200,Open-Meteo Historical Weather API,"Casalecchio di Reno, Bologna, Italy",44.4756,11.2759
2021-01-18T11:00:00+00:00,5.300,0.900,Open-Meteo Historical Weather API,"Casalecchio di Reno, Bologna, Italy",44.4756,11.2759
2021-01-18T12:00:00+00:00,5.100,1.400,Open-Meteo Historical Weather API,"Casalecchio di Reno, Bologna, Italy",44.4756,11.2759
2021-01-18T13:00:00+00:00,5.300,1.000,Open-Meteo Historical Weather API,"Casalecchio di Reno, Bologna, Italy",44.4756,11.2759
2021-01-18T14:00:00+00:00,5.600,0.900,Open-Meteo Historical Weather API,"Casalecchio di Reno, Bologna, Italy",44.4756,11.2759
2021-01-18T15:00:00+00:00,5.100,1.000,Open-Meteo Historical Weather API,"Casalecchio di Reno, Bologna, Italy",44.4756,11.2759
2021-01-18T16:00:00+00:00,1.500,-0.600,Open-Meteo Historical Weather API,"Casalecchio di Reno, Bologna, Italy",44.4756,11.2759
2021-01-18T17:00:00+00:00,0.200,-1.500,Open-Meteo Historical Weather API,"Casalecchio di Reno, Bologna, Italy",44.4756,11.2759
2021-01-18T18:00:00+00:00,0.000,-1.500,Open-Meteo Historical Weather API,"Casalecchio di Reno, Bologna, Italy",44.4756,11.2759
2021-01-18T19:00:00+00:00,-1.300,-2.700,Open-Meteo Historical Weather API,"Casalecchio di Reno, Bologna, Italy",44.4756,11.2759
2021-01-18T20:00:00+00:00,-2.200,-3.500,Open-Meteo Historical Weather API,"Casalecchio di Reno, Bologna, Italy",44.4756,11.2759
2021-01-18T21:00:00+00:00,-2.300,-3.600,Open-Meteo Historical Weather API,"Casalecchio di Reno, Bologna, Italy",44.4756,11.2759
2021-01-18T22:00:00+00:00,-2.100,-3.300,Open-Meteo Historical Weather API,"Casalecchio di Reno, Bologna, Italy",44.4756,11.2759
2021-01-18T23:00:00+00:00,-2.200,-3.400,Open-Meteo Historical Weather API,"Casalecchio di Reno, Bologna, Italy",44.4756,11.2759
2021-01-19T00:00:00+00:00,-1.300,-2.600,Open-Meteo Historical Weather API,"Casalecchio di Reno, Bologna, Italy",44.4756,11.2759
2021-01-19T01:00:00+00:00,-1.300,-2.700,Open-Meteo Historical Weather API,"Casalecchio di Reno, Bologna, Italy",44.4756,11.2759
2021-01-19T02:00:00+00:00,-1.600,-2.900,Open-Meteo Historical Weather API,"Casalecchio di Reno, Bologna, Italy",44.4756,11.2759
2021-01-19T03:00:00+00:00,-1.500,-2.800,Open-Meteo Historical Weather API,"Casalecchio di Reno, Bologna, Italy",44.4756,11.2759
2021-01-19T04:00:00+00:00,-1.000,-2.500,Open-Meteo Historical Weather API,"Casalecchio di Reno, Bologna, Italy",44.4756,11.2759
2021-01-19T05:00:00+00:00,-0.900,-2.500,Open-Meteo Historical Weather API,"Casalecchio di Reno, Bologna, Italy",44.4756,11.2759
2021-01-19T06:00:00+00:00,-1.100,-2.700,Open-Meteo Historical Weather API,"Casalecchio di Reno, Bologna, Italy",44.4756,11.2759
2021-01-19T07:00:00+00:00,-1.800,-3.100,Open-Meteo Historical Weather API,"Casalecchio di Reno, Bologna, Italy",44.4756,11.2759
2021-01-19T08:00:00+00:00,1.500,-0.600,Open-Meteo Historical Weather API,"Casalecchio di Reno, Bologna, Italy",44.4756,11.2759
2021-01-19T09:00:00+00:00,4.200,1.000,Open-Meteo Historical Weather API,"Casalecchio di Reno, Bologna, Italy",44.4756,11.2759
2021-01-19T10:00:00+00:00,5.900,2.300,Open-Meteo Historical Weather API,"Casalecchio di Reno, Bologna, Italy",44.4756,11.2759
2021-01-19T11:00:00+00:00,6.900,3.300,Open-Meteo Historical Weather API,"Casalecchio di Reno, Bologna, Italy",44.4756,11.2759
2021-01-19T12:00:00+00:00,6.700,2.600,Open-Meteo Historical Weather API,"Casalecchio di Reno, Bologna, Italy",44.4756,11.2759
2021-01-19T13:00:00+00:00,6.700,1.600,Open-Meteo Historical Weather API,"Casalecchio di Reno, Bologna, Italy",44.4756,11.2759
2021-01-19T14:00:00+00:00,6.700,1.000,Open-Meteo Historical Weather API,"Casalecchio di Reno, Bologna, Italy",44.4756,11.2759
2021-01-19T15:00:00+00:00,5.300,0.800,Open-Meteo Historical Weather API,"Casalecchio di Reno, Bologna, Italy",44.4756,11.2759
2021-01-19T16:00:00+00:00,1.400,-1.200,Open-Meteo Historical Weather API,"Casalecchio di Reno, Bologna, Italy",44.4756,11.2759
2021-01-19T17:00:00+00:00,2.500,-1.800,Open-Meteo Historical Weather API,"Casalecchio di Reno, Bologna, Italy",44.4756,11.2759
2021-01-19T18:00:00+00:00,2.900,-0.300,Open-Meteo Historical Weather API,"Casalecchio di Reno, Bologna, Italy",44.4756,11.2759
2021-01-19T19:00:00+00:00,2.800,0.900,Open-Meteo Historical Weather API,"Casalecchio di Reno, Bologna, Italy",44.4756,11.2759
2021-01-19T20:00:00+00:00,1.400,0.600,Open-Meteo Historical Weather API,"Casalecchio di Reno, Bologna, Italy",44.4756,11.2759
2021-01-19T21:00:00+00:00,1.200,0.900,Open-Meteo Historical Weather API,"Casalecchio di Reno, Bologna, Italy",44.4756,11.2759
2021-01-19T22:00:00+00:00,1.500,1.500,Open-Meteo Historical Weather API,"Casalecchio di Reno, Bologna, Italy",44.4756,11.2759
2021-01-19T23:00:00+00:00,1.900,1.900,Open-Meteo Historical Weather API,"Casalecchio di Reno, Bologna, Italy",44.4756,11.2759
2021-01-20T00:00:00+00:00,3.000,1.100,Open-Meteo Historical Weather API,"Casalecchio di Reno, Bologna, Italy",44.4756,11.2759
2021-01-20T01:00:00+00:00,1.000,0.300,Open-Meteo Historical Weather API,"Casalecchio di Reno, Bologna, Italy",44.4756,11.2759
2021-01-20T02:00:00+00:00,4.100,2.700,Open-Meteo Historical Weather API,"Casalecchio di Reno, Bologna, Italy",44.4756,11.2759
2021-01-20T03:00:00+00:00,1.700,0.800,Open-Meteo Historical Weather API,"Casalecchio di Reno, Bologna, Italy",44.4756,11.2759
2021-01-20T04:00:00+00:00,3.200,1.600,Open-Meteo Historical Weather API,"Casalecchio di Reno, Bologna, Italy",44.4756,11.2759
2021-01-20T05:00:00+00:00,4.600,2.200,Open-Meteo Historical Weather API,"Casalecchio di Reno, Bologna, Italy",44.4756,11.2759
2021-01-20T06:00:00+00:00,5.600,2.200,Open-Meteo Historical Weather API,"Casalecchio di Reno, Bologna, Italy",44.4756,11.2759
2021-01-20T07:00:00+00:00,6.400,2.300,Open-Meteo Historical Weather API,"Casalecchio di Reno, Bologna, Italy",44.4756,11.2759
2021-01-20T08:00:00+00:00,6.800,3.000,Open-Meteo Historical Weather API,"Casalecchio di Reno, Bologna, Italy",44.4756,11.2759
2021-01-20T09:00:00+00:00,7.400,4.000,Open-Meteo Historical Weather API,"Casalecchio di Reno, Bologna, Italy",44.4756,11.2759
2021-01-20T10:00:00+00:00,7.500,3.500,Open-Meteo Historical Weather API,"Casalecchio di Reno, Bologna, Italy",44.4756,11.2759
2021-01-20T11:00:00+00:00,7.700,3.300,Open-Meteo Historical Weather API,"Casalecchio di Reno, Bologna, Italy",44.4756,11.2759
2021-01-20T12:00:00+00:00,5.000,0.300,Open-Meteo Historical Weather API,"Casalecchio di Reno, Bologna, Italy",44.4756,11.2759
2021-01-20T13:00:00+00:00,5.600,0.200,Open-Meteo Historical Weather API,"Casalecchio di Reno, Bologna, Italy",44.4756,11.2759
2021-01-20T14:00:00+00:00,3.800,-0.100,Open-Meteo Historical Weather API,"Casalecchio di Reno, Bologna, Italy",44.4756,11.2759
2021-01-20T15:00:00+00:00,3.200,-0.200,Open-Meteo Historical Weather API,"Casalecchio di Reno, Bologna, Italy",44.4756,11.2759
2021-01-20T16:00:00+00:00,0.500,-1.000,Open-Meteo Historical Weather API,"Casalecchio di Reno, Bologna, Italy",44.4756,11.2759
2021-01-20T17:00:00+00:00,-1.500,-1.900,Open-Meteo Historical Weather API,"Casalecchio di Reno, Bologna, Italy",44.4756,11.2759
2021-01-20T18:00:00+00:00,-1.800,-2.000,Open-Meteo Historical Weather API,"Casalecchio di Reno, Bologna, Italy",44.4756,11.2759
2021-01-20T19:00:00+00:00,-1.200,-2.000,Open-Meteo Historical Weather API,"Casalecchio di Reno, Bologna, Italy",44.4756,11.2759
2021-01-20T20:00:00+00:00,-0.800,-1.900,Open-Meteo Historical Weather API,"Casalecchio di Reno, Bologna, Italy",44.4756,11.2759
2021-01-20T21:00:00+00:00,-1.800,-2.500,Open-Meteo Historical Weather API,"Casalecchio di Reno, Bologna, Italy",44.4756,11.2759
2021-01-20T22:00:00+00:00,-1.500,-2.000,Open-Meteo Historical Weather API,"Casalecchio di Reno, Bologna, Italy",44.4756,11.2759
2021-01-20T23:00:00+00:00,-1.000,-1.200,Open-Meteo Historical Weather API,"Casalecchio di Reno, Bologna, Italy",44.4756,11.2759
2021-01-21T00:00:00+00:00,-1.300,-1.500,Open-Meteo Historical Weather API,"Casalecchio di Reno, Bologna, Italy",44.4756,11.2759
2021-01-21T01:00:00+00:00,0.100,-0.200,Open-Meteo Historical Weather API,"Casalecchio di Reno, Bologna, Italy",44.4756,11.2759
2021-01-21T02:00:00+00:00,1.300,0.600,Open-Meteo Historical Weather API,"Casalecchio di Reno, Bologna, Italy",44.4756,11.2759
2021-01-21T03:00:00+00:00,1.700,0.900,Open-Meteo Historical Weather API,"Casalecchio di Reno, Bologna, Italy",44.4756,11.2759
2021-01-21T04:00:00+00:00,2.000,1.100,Open-Meteo Historical Weather API,"Casalecchio di Reno, Bologna, Italy",44.4756,11.2759
2021-01-21T05:00:00+00:00,1.600,1.000,Open-Meteo Historical Weather API,"Casalecchio di Reno, Bologna, Italy",44.4756,11.2759
2021-01-21T06:00:00+00:00,1.100,0.600,Open-Meteo Historical Weather API,"Casalecchio di Reno, Bologna, Italy",44.4756,11.2759
2021-01-21T07:00:00+00:00,1.200,0.500,Open-Meteo Historical Weather API,"Casalecchio di Reno, Bologna, Italy",44.4756,11.2759
2021-01-21T08:00:00+00:00,0.600,-0.900,Open-Meteo Historical Weather API,"Casalecchio di Reno, Bologna, Italy",44.4756,11.2759
2021-01-21T09:00:00+00:00,1.100,-0.300,Open-Meteo Historical Weather API,"Casalecchio di Reno, Bologna, Italy",44.4756,11.2759
2021-01-21T10:00:00+00:00,2.700,0.900,Open-Meteo Historical Weather API,"Casalecchio di Reno, Bologna, Italy",44.4756,11.2759
2021-01-21T11:00:00+00:00,5.800,2.700,Open-Meteo Historical Weather API,"Casalecchio di Reno, Bologna, Italy",44.4756,11.2759
2021-01-21T12:00:00+00:00,3.500,1.500,Open-Meteo Historical Weather API,"Casalecchio di Reno, Bologna, Italy",44.4756,11.2759
2021-01-21T13:00:00+00:00,3.000,1.800,Open-Meteo Historical Weather API,"Casalecchio di Reno, Bologna, Italy",44.4756,11.2759
2021-01-21T14:00:00+00:00,3.100,2.500,Open-Meteo Historical Weather API,"Casalecchio di Reno, Bologna, Italy",44.4756,11.2759
2021-01-21T15:00:00+00:00,3.300,2.800,Open-Meteo Historical Weather API,"Casalecchio di Reno, Bologna, Italy",44.4756,11.2759
2021-01-21T16:00:00+00:00,2.600,2.500,Open-Meteo Historical Weather API,"Casalecchio di Reno, Bologna, Italy",44.4756,11.2759
2021-01-21T17:00:00+00:00,2.100,2.100,Open-Meteo Historical Weather API,"Casalecchio di Reno, Bologna, Italy",44.4756,11.2759
2021-01-21T18:00:00+00:00,1.900,1.900,Open-Meteo Historical Weather API,"Casalecchio di Reno, Bologna, Italy",44.4756,11.2759
2021-01-21T19:00:00+00:00,1.600,1.400,Open-Meteo Historical Weather API,"Casalecchio di Reno, Bologna, Italy",44.4756,11.2759
2021-01-21T20:00:00+00:00,1.500,1.000,Open-Meteo Historical Weather API,"Casalecchio di Reno, Bologna, Italy",44.4756,11.2759
2021-01-21T21:00:00+00:00,2.500,1.100,Open-Meteo Historical Weather API,"Casalecchio di Reno, Bologna, Italy",44.4756,11.2759
2021-01-21T22:00:00+00:00,4.800,0.900,Open-Meteo Historical Weather API,"Casalecchio di Reno, Bologna, Italy",44.4756,11.2759
2021-01-21T23:00:00+00:00,5.400,1.100,Open-Meteo Historical Weather API,"Casalecchio di Reno, Bologna, Italy",44.4756,11.2759
2021-01-22T00:00:00+00:00,4.500,3.200,Open-Meteo Historical Weather API,"Casalecchio di Reno, Bologna, Italy",44.4756,11.2759
2021-01-22T01:00:00+00:00,5.600,4.200,Open-Meteo Historical Weather API,"Casalecchio di Reno, Bologna, Italy",44.4756,11.2759
2021-01-22T02:00:00+00:00,9.500,7.100,Open-Meteo Historical Weather API,"Casalecchio di Reno, Bologna, Italy",44.4756,11.2759
2021-01-22T03:00:00+00:00,9.900,7.200,Open-Meteo Historical Weather API,"Casalecchio di Reno, Bologna, Italy",44.4756,11.2759
2021-01-22T04:00:00+00:00,9.300,6.800,Open-Meteo Historical Weather API,"Casalecchio di Reno, Bologna, Italy",44.4756,11.2759
2021-01-22T05:00:00+00:00,6.700,5.500,Open-Meteo Historical Weather API,"Casalecchio di Reno, Bologna, Italy",44.4756,11.2759
2021-01-22T06:00:00+00:00,4.700,3.800,Open-Meteo Historical Weather API,"Casalecchio di Reno, Bologna, Italy",44.4756,11.2759
2021-01-22T07:00:00+00:00,6.200,4.000,Open-Meteo Historical Weather API,"Casalecchio di Reno, Bologna, Italy",44.4756,11.2759
2021-01-22T08:00:00+00:00,6.100,4.000,Open-Meteo Historical Weather API,"Casalecchio di Reno, Bologna, Italy",44.4756,11.2759
2021-01-22T09:00:00+00:00,6.900,4.500,Open-Meteo Historical Weather API,"Casalecchio di Reno, Bologna, Italy",44.4756,11.2759
2021-01-22T10:00:00+00:00,8.100,5.600,Open-Meteo Historical Weather API,"Casalecchio di Reno, Bologna, Italy",44.4756,11.2759
2021-01-22T11:00:00+00:00,9.100,6.400,Open-Meteo Historical Weather API,"Casalecchio di Reno, Bologna, Italy",44.4756,11.2759
2021-01-22T12:00:00+00:00,8.100,5.800,Open-Meteo Historical Weather API,"Casalecchio di Reno, Bologna, Italy",44.4756,11.2759
2021-01-22T13:00:00+00:00,8.600,6.600,Open-Meteo Historical Weather API,"Casalecchio di Reno, Bologna, Italy",44.4756,11.2759
2021-01-22T14:00:00+00:00,10.700,9.100,Open-Meteo Historical Weather API,"Casalecchio di Reno, Bologna, Italy",44.4756,11.2759
2021-01-22T15:00:00+00:00,11.200,9.900,Open-Meteo Historical Weather API,"Casalecchio di Reno, Bologna, Italy",44.4756,11.2759
2021-01-22T16:00:00+00:00,11.000,8.600,Open-Meteo Historical Weather API,"Casalecchio di Reno, Bologna, Italy",44.4756,11.2759
2021-01-22T17:00:00+00:00,10.800,8.200,Open-Meteo Historical Weather API,"Casalecchio di Reno, Bologna, Italy",44.4756,11.2759
2021-01-22T18:00:00+00:00,10.400,8.200,Open-Meteo Historical Weather API,"Casalecchio di Reno, Bologna, Italy",44.4756,11.2759
2021-01-22T19:00:00+00:00,10.200,8.400,Open-Meteo Historical Weather API,"Casalecchio di Reno, Bologna, Italy",44.4756,11.2759
2021-01-22T20:00:00+00:00,9.600,8.100,Open-Meteo Historical Weather API,"Casalecchio di Reno, Bologna, Italy",44.4756,11.2759
2021-01-22T21:00:00+00:00,10.500,7.900,Open-Meteo Historical Weather API,"Casalecchio di Reno, Bologna, Italy",44.4756,11.2759
2021-01-22T22:00:00+00:00,9.200,6.200,Open-Meteo Historical Weather API,"Casalecchio di Reno, Bologna, Italy",44.4756,11.2759
2021-01-22T23:00:00+00:00,9.200,7.400,Open-Meteo Historical Weather API,"Casalecchio di Reno, Bologna, Italy",44.4756,11.2759
2021-01-23T00:00:00+00:00,9.100,5.800,Open-Meteo Historical Weather API,"Casalecchio di Reno, Bologna, Italy",44.4756,11.2759
2021-01-23T01:00:00+00:00,8.200,6.200,Open-Meteo Historical Weather API,"Casalecchio di Reno, Bologna, Italy",44.4756,11.2759
2021-01-23T02:00:00+00:00,7.300,6.000,Open-Meteo Historical Weather API,"Casalecchio di Reno, Bologna, Italy",44.4756,11.2759
2021-01-23T03:00:00+00:00,7.700,6.200,Open-Meteo Historical Weather API,"Casalecchio di Reno, Bologna, Italy",44.4756,11.2759
2021-01-23T04:00:00+00:00,7.200,4.400,Open-Meteo Historical Weather API,"Casalecchio di Reno, Bologna, Italy",44.4756,11.2759
2021-01-23T05:00:00+00:00,7.200,3.800,Open-Meteo Historical Weather API,"Casalecchio di Reno, Bologna, Italy",44.4756,11.2759
2021-01-23T06:00:00+00:00,7.000,3.800,Open-Meteo Historical Weather API,"Casalecchio di Reno, Bologna, Italy",44.4756,11.2759
2021-01-23T07:00:00+00:00,6.100,4.300,Open-Meteo Historical Weather API,"Casalecchio di Reno, Bologna, Italy",44.4756,11.2759
2021-01-23T08:00:00+00:00,5.900,4.300,Open-Meteo Historical Weather API,"Casalecchio di Reno, Bologna, Italy",44.4756,11.2759
2021-01-23T09:00:00+00:00,6.800,4.500,Open-Meteo Historical Weather API,"Casalecchio di Reno, Bologna, Italy",44.4756,11.2759
2021-01-23T10:00:00+00:00,7.800,5.000,Open-Meteo Historical Weather API,"Casalecchio di Reno, Bologna, Italy",44.4756,11.2759
2021-01-23T11:00:00+00:00,7.600,5.400,Open-Meteo Historical Weather API,"Casalecchio di Reno, Bologna, Italy",44.4756,11.2759
2021-01-23T12:00:00+00:00,7.800,5.200,Open-Meteo Historical Weather API,"Casalecchio di Reno, Bologna, Italy",44.4756,11.2759
2021-01-23T13:00:00+00:00,7.300,5.400,Open-Meteo Historical Weather API,"Casalecchio di Reno, Bologna, Italy",44.4756,11.2759
2021-01-23T14:00:00+00:00,7.900,5.200,Open-Meteo Historical Weather API,"Casalecchio di Reno, Bologna, Italy",44.4756,11.2759
2021-01-23T15:00:00+00:00,8.600,4.600,Open-Meteo Historical Weather API,"Casalecchio di Reno, Bologna, Italy",44.4756,11.2759
2021-01-23T16:00:00+00:00,7.100,4.200,Open-Meteo Historical Weather API,"Casalecchio di Reno, Bologna, Italy",44.4756,11.2759
2021-01-23T17:00:00+00:00,6.900,3.000,Open-Meteo Historical Weather API,"Casalecchio di Reno, Bologna, Italy",44.4756,11.2759
2021-01-23T18:00:00+00:00,6.200,2.200,Open-Meteo Historical Weather API,"Casalecchio di Reno, Bologna, Italy",44.4756,11.2759
2021-01-23T19:00:00+00:00,6.800,2.600,Open-Meteo Historical Weather API,"Casalecchio di Reno, Bologna, Italy",44.4756,11.2759
2021-01-23T20:00:00+00:00,6.800,4.000,Open-Meteo Historical Weather API,"Casalecchio di Reno, Bologna, Italy",44.4756,11.2759
2021-01-23T21:00:00+00:00,7.100,4.100,Open-Meteo Historical Weather API,"Casalecchio di Reno, Bologna, Italy",44.4756,11.2759
2021-01-23T22:00:00+00:00,6.500,3.700,Open-Meteo Historical Weather API,"Casalecchio di Reno, Bologna, Italy",44.4756,11.2759
2021-01-23T23:00:00+00:00,7.200,4.600,Open-Meteo Historical Weather API,"Casalecchio di Reno, Bologna, Italy",44.4756,11.2759
2021-01-24T00:00:00+00:00,6.100,3.400,Open-Meteo Historical Weather API,"Casalecchio di Reno, Bologna, Italy",44.4756,11.2759
2021-01-24T01:00:00+00:00,8.000,2.800,Open-Meteo Historical Weather API,"Casalecchio di Reno, Bologna, Italy",44.4756,11.2759
2021-01-24T02:00:00+00:00,7.800,3.300,Open-Meteo Historical Weather API,"Casalecchio di Reno, Bologna, Italy",44.4756,11.2759
2021-01-24T03:00:00+00:00,6.400,3.700,Open-Meteo Historical Weather API,"Casalecchio di Reno, Bologna, Italy",44.4756,11.2759
2021-01-24T04:00:00+00:00,5.400,3.500,Open-Meteo Historical Weather API,"Casalecchio di Reno, Bologna, Italy",44.4756,11.2759
2021-01-24T05:00:00+00:00,6.900,4.100,Open-Meteo Historical Weather API,"Casalecchio di Reno, Bologna, Italy",44.4756,11.2759
2021-01-24T06:00:00+00:00,4.900,3.800,Open-Meteo Historical Weather API,"Casalecchio di Reno, Bologna, Italy",44.4756,11.2759
2021-01-24T07:00:00+00:00,4.700,3.800,Open-Meteo Historical Weather API,"Casalecchio di Reno, Bologna, Italy",44.4756,11.2759
2021-01-24T08:00:00+00:00,4.700,3.800,Open-Meteo Historical Weather API,"Casalecchio di Reno, Bologna, Italy",44.4756,11.2759
2021-01-24T09:00:00+00:00,4.900,4.200,Open-Meteo Historical Weather API,"Casalecchio di Reno, Bologna, Italy",44.4756,11.2759
2021-01-24T10:00:00+00:00,4.500,4.300,Open-Meteo Historical Weather API,"Casalecchio di Reno, Bologna, Italy",44.4756,11.2759
2021-01-24T11:00:00+00:00,4.300,3.900,Open-Meteo Historical Weather API,"Casalecchio di Reno, Bologna, Italy",44.4756,11.2759
2021-01-24T12:00:00+00:00,4.400,3.900,Open-Meteo Historical Weather API,"Casalecchio di Reno, Bologna, Italy",44.4756,11.2759
2021-01-24T13:00:00+00:00,4.400,4.100,Open-Meteo Historical Weather API,"Casalecchio di Reno, Bologna, Italy",44.4756,11.2759
2021-01-24T14:00:00+00:00,5.100,3.800,Open-Meteo Historical Weather API,"Casalecchio di Reno, Bologna, Italy",44.4756,11.2759
2021-01-24T15:00:00+00:00,5.200,4.100,Open-Meteo Historical Weather API,"Casalecchio di Reno, Bologna, Italy",44.4756,11.2759
2021-01-24T16:00:00+00:00,5.300,3.800,Open-Meteo Historical Weather API,"Casalecchio di Reno, Bologna, Italy",44.4756,11.2759
2021-01-24T17:00:00+00:00,4.500,2.500,Open-Meteo Historical Weather API,"Casalecchio di Reno, Bologna, Italy",44.4756,11.2759
2021-01-24T18:00:00+00:00,4.100,0.400,Open-Meteo Historical Weather API,"Casalecchio di Reno, Bologna, Italy",44.4756,11.2759
2021-01-24T19:00:00+00:00,3.800,-1.700,Open-Meteo Historical Weather API,"Casalecchio di Reno, Bologna, Italy",44.4756,11.2759
2021-01-24T20:00:00+00:00,3.200,-5.700,Open-Meteo Historical Weather API,"Casalecchio di Reno, Bologna, Italy",44.4756,11.2759
2021-01-24T21:00:00+00:00,2.300,-9.400,Open-Meteo Historical Weather API,"Casalecchio di Reno, Bologna, Italy",44.4756,11.2759
2021-01-24T22:00:00+00:00,2.200,-11.900,Open-Meteo Historical Weather API,"Casalecchio di Reno, Bologna, Italy",44.4756,11.2759
2021-01-24T23:00:00+00:00,1.900,-12.600,Open-Meteo Historical Weather API,"Casalecchio di Reno, Bologna, Italy",44.4756,11.2759
2021-01-25T00:00:00+00:00,1.800,-15.200,Open-Meteo Historical Weather API,"Casalecchio di Reno, Bologna, Italy",44.4756,11.2759
2021-01-25T01:00:00+00:00,3.200,-13.200,Open-Meteo Historical Weather API,"Casalecchio di Reno, Bologna, Italy",44.4756,11.2759
2021-01-25T02:00:00+00:00,4.600,-6.100,Open-Meteo Historical Weather API,"Casalecchio di Reno, Bologna, Italy",44.4756,11.2759
2021-01-25T03:00:00+00:00,2.100,-3.700,Open-Meteo Historical Weather API,"Casalecchio di Reno, Bologna, Italy",44.4756,11.2759
2021-01-25T04:00:00+00:00,2.500,-2.500,Open-Meteo Historical Weather API,"Casalecchio di Reno, Bologna, Italy",44.4756,11.2759
2021-01-25T05:00:00+00:00,2.000,-1.400,Open-Meteo Historical Weather API,"Casalecchio di Reno, Bologna, Italy",44.4756,11.2759
2021-01-25T06:00:00+00:00,1.900,-0.900,Open-Meteo Historical Weather API,"Casalecchio di Reno, Bologna, Italy",44.4756,11.2759
2021-01-25T07:00:00+00:00,3.000,0.100,Open-Meteo Historical Weather API,"Casalecchio di Reno, Bologna, Italy",44.4756,11.2759
2021-01-25T08:00:00+00:00,3.300,0.900,Open-Meteo Historical Weather API,"Casalecchio di Reno, Bologna, Italy",44.4756,11.2759
2021-01-25T09:00:00+00:00,2.200,-0.900,Open-Meteo Historical Weather API,"Casalecchio di Reno, Bologna, Italy",44.4756,11.2759
2021-01-25T10:00:00+00:00,1.600,-2.200,Open-Meteo Historical Weather API,"Casalecchio di Reno, Bologna, Italy",44.4756,11.2759
2021-01-25T11:00:00+00:00,2.500,-3.200,Open-Meteo Historical Weather API,"Casalecchio di Reno, Bologna, Italy",44.4756,11.2759
2021-01-25T12:00:00+00:00,3.400,-1.200,Open-Meteo Historical Weather API,"Casalecchio di Reno, Bologna, Italy",44.4756,11.2759
2021-01-25T13:00:00+00:00,4.200,-0.800,Open-Meteo Historical Weather API,"Casalecchio di Reno, Bologna, Italy",44.4756,11.2759
2021-01-25T14:00:00+00:00,5.600,-0.100,Open-Meteo Historical Weather API,"Casalecchio di Reno, Bologna, Italy",44.4756,11.2759
2021-01-25T15:00:00+00:00,5.600,-0.100,Open-Meteo Historical Weather API,"Casalecchio di Reno, Bologna, Italy",44.4756,11.2759
2021-01-25T16:00:00+00:00,2.900,0.000,Open-Meteo Historical Weather API,"Casalecchio di Reno, Bologna, Italy",44.4756,11.2759
2021-01-25T17:00:00+00:00,0.700,-1.400,Open-Meteo Historical Weather API,"Casalecchio di Reno, Bologna, Italy",44.4756,11.2759
2021-01-25T18:00:00+00:00,1.100,-1.000,Open-Meteo Historical Weather API,"Casalecchio di Reno, Bologna, Italy",44.4756,11.2759
2021-01-25T19:00:00+00:00,1.100,-1.500,Open-Meteo Historical Weather API,"Casalecchio di Reno, Bologna, Italy",44.4756,11.2759
2021-01-25T20:00:00+00:00,1.500,-2.700,Open-Meteo Historical Weather API,"Casalecchio di Reno, Bologna, Italy",44.4756,11.2759
2021-01-25T21:00:00+00:00,1.800,-3.400,Open-Meteo Historical Weather API,"Casalecchio di Reno, Bologna, Italy",44.4756,11.2759
2021-01-25T22:00:00+00:00,1.800,-4.000,Open-Meteo Historical Weather API,"Casalecchio di Reno, Bologna, Italy",44.4756,11.2759
2021-01-25T23:00:00+00:00,1.800,-5.500,Open-Meteo Historical Weather API,"Casalecchio di Reno, Bologna, Italy",44.4756,11.2759
2021-01-26T00:00:00+00:00,2.600,-6.800,Open-Meteo Historical Weather API,"Casalecchio di Reno, Bologna, Italy",44.4756,11.2759
2021-01-26T01:00:00+00:00,2.700,-8.400,Open-Meteo Historical Weather API,"Casalecchio di Reno, Bologna, Italy",44.4756,11.2759
2021-01-26T02:00:00+00:00,2.700,-9.600,Open-Meteo Historical Weather API,"Casalecchio di Reno, Bologna, Italy",44.4756,11.2759
2021-01-26T03:00:00+00:00,1.900,-10.100,Open-Meteo Historical Weather API,"Casalecchio di Reno, Bologna, Italy",44.4756,11.2759
2021-01-26T04:00:00+00:00,1.500,-10.100,Open-Meteo Historical Weather API,"Casalecchio di Reno, Bologna, Italy",44.4756,11.2759
2021-01-26T05:00:00+00:00,1.000,-10.300,Open-Meteo Historical Weather API,"Casalecchio di Reno, Bologna, Italy",44.4756,11.2759
2021-01-26T06:00:00+00:00,0.800,-10.500,Open-Meteo Historical Weather API,"Casalecchio di Reno, Bologna, Italy",44.4756,11.2759
2021-01-26T07:00:00+00:00,0.900,-10.600,Open-Meteo Historical Weather API,"Casalecchio di Reno, Bologna, Italy",44.4756,11.2759
2021-01-26T08:00:00+00:00,2.700,-8.100,Open-Meteo Historical Weather API,"Casalecchio di Reno, Bologna, Italy",44.4756,11.2759
2021-01-26T09:00:00+00:00,4.900,-6.600,Open-Meteo Historical Weather API,"Casalecchio di Reno, Bologna, Italy",44.4756,11.2759
2021-01-26T10:00:00+00:00,6.400,-6.600,Open-Meteo Historical Weather API,"Casalecchio di Reno, Bologna, Italy",44.4756,11.2759
2021-01-26T11:00:00+00:00,7.300,-6.100,Open-Meteo Historical Weather API,"Casalecchio di Reno, Bologna, Italy",44.4756,11.2759
2021-01-26T12:00:00+00:00,8.400,-6.000,Open-Meteo Historical Weather API,"Casalecchio di Reno, Bologna, Italy",44.4756,11.2759
2021-01-26T13:00:00+00:00,8.600,-5.700,Open-Meteo Historical Weather API,"Casalecchio di Reno, Bologna, Italy",44.4756,11.2759
2021-01-26T14:00:00+00:00,8.600,-5.300,Open-Meteo Historical Weather API,"Casalecchio di Reno, Bologna, Italy",44.4756,11.2759
2021-01-26T15:00:00+00:00,7.600,-3.600,Open-Meteo Historical Weather API,"Casalecchio di Reno, Bologna, Italy",44.4756,11.2759
2021-01-26T16:00:00+00:00,5.400,-3.800,Open-Meteo Historical Weather API,"Casalecchio di Reno, Bologna, Italy",44.4756,11.2759
2021-01-26T17:00:00+00:00,4.100,-5.100,Open-Meteo Historical Weather API,"Casalecchio di Reno, Bologna, Italy",44.4756,11.2759
2021-01-26T18:00:00+00:00,3.600,-7.800,Open-Meteo Historical Weather API,"Casalecchio di Reno, Bologna, Italy",44.4756,11.2759
2021-01-26T19:00:00+00:00,3.200,-10.000,Open-Meteo Historical Weather API,"Casalecchio di Reno, Bologna, Italy",44.4756,11.2759
2021-01-26T20:00:00+00:00,2.500,-10.800,Open-Meteo Historical Weather API,"Casalecchio di Reno, Bologna, Italy",44.4756,11.2759
2021-01-26T21:00:00+00:00,2.000,-11.300,Open-Meteo Historical Weather API,"Casalecchio di Reno, Bologna, Italy",44.4756,11.2759
2021-01-26T22:00:00+00:00,1.500,-11.800,Open-Meteo Historical Weather API,"Casalecchio di Reno, Bologna, Italy",44.4756,11.2759
2021-01-26T23:00:00+00:00,1.100,-12.100,Open-Meteo Historical Weather API,"Casalecchio di Reno, Bologna, Italy",44.4756,11.2759
2021-01-27T00:00:00+00:00,1.400,-11.400,Open-Meteo Historical Weather API,"Casalecchio di Reno, Bologna, Italy",44.4756,11.2759
2021-01-27T01:00:00+00:00,1.400,-11.900,Open-Meteo Historical Weather API,"Casalecchio di Reno, Bologna, Italy",44.4756,11.2759
2021-01-27T02:00:00+00:00,0.800,-12.000,Open-Meteo Historical Weather API,"Casalecchio di Reno, Bologna, Italy",44.4756,11.2759
2021-01-27T03:00:00+00:00,-0.100,-11.900,Open-Meteo Historical Weather API,"Casalecchio di Reno, Bologna, Italy",44.4756,11.2759
2021-01-27T04:00:00+00:00,-0.600,-12.000,Open-Meteo Historical Weather API,"Casalecchio di Reno, Bologna, Italy",44.4756,11.2759
2021-01-27T05:00:00+00:00,-1.300,-11.900,Open-Meteo Historical Weather API,"Casalecchio di Reno, Bologna, Italy",44.4756,11.2759
2021-01-27T06:00:00+00:00,-2.200,-11.400,Open-Meteo Historical Weather API,"Casalecchio di Reno, Bologna, Italy",44.4756,11.2759
2021-01-27T07:00:00+00:00,-2.100,-10.300,Open-Meteo Historical Weather API,"Casalecchio di Reno, Bologna, Italy",44.4756,11.2759
2021-01-27T08:00:00+00:00,0.300,-6.700,Open-Meteo Historical Weather API,"Casalecchio di Reno, Bologna, Italy",44.4756,11.2759
2021-01-27T09:00:00+00:00,4.100,-4.700,Open-Meteo Historical Weather API,"Casalecchio di Reno, Bologna, Italy",44.4756,11.2759
2021-01-27T10:00:00+00:00,5.200,-6.100,Open-Meteo Historical Weather API,"Casalecchio di Reno, Bologna, Italy",44.4756,11.2759
2021-01-27T11:00:00+00:00,5.700,-5.600,Open-Meteo Historical Weather API,"Casalecchio di Reno, Bologna, Italy",44.4756,11.2759
2021-01-27T12:00:00+00:00,5.100,-4.600,Open-Meteo Historical Weather API,"Casalecchio di Reno, Bologna, Italy",44.4756,11.2759
2021-01-27T13:00:00+00:00,4.400,-3.200,Open-Meteo Historical Weather API,"Casalecchio di Reno, Bologna, Italy",44.4756,11.2759
2021-01-27T14:00:00+00:00,5.900,-4.900,Open-Meteo Historical Weather API,"Casalecchio di Reno, Bologna, Italy",44.4756,11.2759
2021-01-27T15:00:00+00:00,5.800,-4.200,Open-Meteo Historical Weather API,"Casalecchio di Reno, Bologna, Italy",44.4756,11.2759
2021-01-27T16:00:00+00:00,5.300,-5.300,Open-Meteo Historical Weather API,"Casalecchio di Reno, Bologna, Italy",44.4756,11.2759
2021-01-27T17:00:00+00:00,1.900,-3.200,Open-Meteo Historical Weather API,"Casalecchio di Reno, Bologna, Italy",44.4756,11.2759
2021-01-27T18:00:00+00:00,2.100,-3.700,Open-Meteo Historical Weather API,"Casalecchio di Reno, Bologna, Italy",44.4756,11.2759
2021-01-27T19:00:00+00:00,2.800,-5.300,Open-Meteo Historical Weather API,"Casalecchio di Reno, Bologna, Italy",44.4756,11.2759
2021-01-27T20:00:00+00:00,2.000,-6.600,Open-Meteo Historical Weather API,"Casalecchio di Reno, Bologna, Italy",44.4756,11.2759
2021-01-27T21:00:00+00:00,0.900,-6.800,Open-Meteo Historical Weather API,"Casalecchio di Reno, Bologna, Italy",44.4756,11.2759
2021-01-27T22:00:00+00:00,0.100,-6.900,Open-Meteo Historical Weather API,"Casalecchio di Reno, Bologna, Italy",44.4756,11.2759
2021-01-27T23:00:00+00:00,-0.200,-6.500,Open-Meteo Historical Weather API,"Casalecchio di Reno, Bologna, Italy",44.4756,11.2759
2021-01-28T00:00:00+00:00,-0.100,-6.600,Open-Meteo Historical Weather API,"Casalecchio di Reno, Bologna, Italy",44.4756,11.2759
2021-01-28T01:00:00+00:00,-0.100,-6.100,Open-Meteo Historical Weather API,"Casalecchio di Reno, Bologna, Italy",44.4756,11.2759
2021-01-28T02:00:00+00:00,0.200,-5.900,Open-Meteo Historical Weather API,"Casalecchio di Reno, Bologna, Italy",44.4756,11.2759
2021-01-28T03:00:00+00:00,0.100,-5.800,Open-Meteo Historical Weather API,"Casalecchio di Reno, Bologna, Italy",44.4756,11.2759
2021-01-28T04:00:00+00:00,0.100,-5.600,Open-Meteo Historical Weather API,"Casalecchio di Reno, Bologna, Italy",44.4756,11.2759
2021-01-28T05:00:00+00:00,0.000,-4.900,Open-Meteo Historical Weather API,"Casalecchio di Reno, Bologna, Italy",44.4756,11.2759
2021-01-28T06:00:00+00:00,-0.500,-4.100,Open-Meteo Historical Weather API,"Casalecchio di Reno, Bologna, Italy",44.4756,11.2759
2021-01-28T07:00:00+00:00,-0.600,-3.300,Open-Meteo Historical Weather API,"Casalecchio di Reno, Bologna, Italy",44.4756,11.2759
2021-01-28T08:00:00+00:00,2.500,-0.900,Open-Meteo Historical Weather API,"Casalecchio di Reno, Bologna, Italy",44.4756,11.2759
2021-01-28T09:00:00+00:00,4.700,-0.600,Open-Meteo Historical Weather API,"Casalecchio di Reno, Bologna, Italy",44.4756,11.2759
2021-01-28T10:00:00+00:00,4.700,-1.600,Open-Meteo Historical Weather API,"Casalecchio di Reno, Bologna, Italy",44.4756,11.2759
2021-01-28T11:00:00+00:00,5.800,-1.800,Open-Meteo Historical Weather API,"Casalecchio di Reno, Bologna, Italy",44.4756,11.2759
2021-01-28T12:00:00+00:00,4.600,-1.800,Open-Meteo Historical Weather API,"Casalecchio di Reno, Bologna, Italy",44.4756,11.2759
2021-01-28T13:00:00+00:00,5.900,-1.000,Open-Meteo Historical Weather API,"Casalecchio di Reno, Bologna, Italy",44.4756,11.2759
2021-01-28T14:00:00+00:00,6.200,0.200,Open-Meteo Historical Weather API,"Casalecchio di Reno, Bologna, Italy",44.4756,11.2759
2021-01-28T15:00:00+00:00,6.500,1.300,Open-Meteo Historical Weather API,"Casalecchio di Reno, Bologna, Italy",44.4756,11.2759
2021-01-28T16:00:00+00:00,5.200,1.000,Open-Meteo Historical Weather API,"Casalecchio di Reno, Bologna, Italy",44.4756,11.2759
2021-01-28T17:00:00+00:00,4.600,0.900,Open-Meteo Historical Weather API,"Casalecchio di Reno, Bologna, Italy",44.4756,11.2759
2021-01-28T18:00:00+00:00,4.400,0.600,Open-Meteo Historical Weather API,"Casalecchio di Reno, Bologna, Italy",44.4756,11.2759
2021-01-28T19:00:00+00:00,3.500,1.100,Open-Meteo Historical Weather API,"Casalecchio di Reno, Bologna, Italy",44.4756,11.2759
2021-01-28T20:00:00+00:00,2.000,0.200,Open-Meteo Historical Weather API,"Casalecchio di Reno, Bologna, Italy",44.4756,11.2759
2021-01-28T21:00:00+00:00,3.000,0.200,Open-Meteo Historical Weather API,"Casalecchio di Reno, Bologna, Italy",44.4756,11.2759
2021-01-28T22:00:00+00:00,2.700,0.600,Open-Meteo Historical Weather API,"Casalecchio di Reno, Bologna, Italy",44.4756,11.2759
2021-01-28T23:00:00+00:00,5.300,1.500,Open-Meteo Historical Weather API,"Casalecchio di Reno, Bologna, Italy",44.4756,11.2759
2021-01-29T00:00:00+00:00,2.400,0.600,Open-Meteo Historical Weather API,"Casalecchio di Reno, Bologna, Italy",44.4756,11.2759
2021-01-29T01:00:00+00:00,0.900,-1.000,Open-Meteo Historical Weather API,"Casalecchio di Reno, Bologna, Italy",44.4756,11.2759
2021-01-29T02:00:00+00:00,2.000,0.200,Open-Meteo Historical Weather API,"Casalecchio di Reno, Bologna, Italy",44.4756,11.2759
2021-01-29T03:00:00+00:00,2.200,0.200,Open-Meteo Historical Weather API,"Casalecchio di Reno, Bologna, Italy",44.4756,11.2759
2021-01-29T04:00:00+00:00,1.400,-0.200,Open-Meteo Historical Weather API,"Casalecchio di Reno, Bologna, Italy",44.4756,11.2759
2021-01-29T05:00:00+00:00,3.200,0.400,Open-Meteo Historical Weather API,"Casalecchio di Reno, Bologna, Italy",44.4756,11.2759
2021-01-29T06:00:00+00:00,3.300,0.800,Open-Meteo Historical Weather API,"Casalecchio di Reno, Bologna, Italy",44.4756,11.2759
2021-01-29T07:00:00+00:00,2.700,1.200,Open-Meteo Historical Weather API,"Casalecchio di Reno, Bologna, Italy",44.4756,11.2759
2021-01-29T08:00:00+00:00,3.800,1.900,Open-Meteo Historical Weather API,"Casalecchio di Reno, Bologna, Italy",44.4756,11.2759
2021-01-29T09:00:00+00:00,3.200,1.500,Open-Meteo Historical Weather API,"Casalecchio di Reno, Bologna, Italy",44.4756,11.2759
2021-01-29T10:00:00+00:00,4.700,2.500,Open-Meteo Historical Weather API,"Casalecchio di Reno, Bologna, Italy",44.4756,11.2759
2021-01-29T11:00:00+00:00,5.200,3.200,Open-Meteo Historical Weather API,"Casalecchio di Reno, Bologna, Italy",44.4756,11.2759
2021-01-29T12:00:00+00:00,3.700,1.200,Open-Meteo Historical Weather API,"Casalecchio di Reno, Bologna, Italy",44.4756,11.2759
2021-01-29T13:00:00+00:00,3.900,1.800,Open-Meteo Historical Weather API,"Casalecchio di Reno, Bologna, Italy",44.4756,11.2759
2021-01-29T14:00:00+00:00,5.800,3.200,Open-Meteo Historical Weather API,"Casalecchio di Reno, Bologna, Italy",44.4756,11.2759
2021-01-29T15:00:00+00:00,6.800,4.400,Open-Meteo Historical Weather API,"Casalecchio di Reno, Bologna, Italy",44.4756,11.2759
2021-01-29T16:00:00+00:00,4.900,4.000,Open-Meteo Historical Weather API,"Casalecchio di Reno, Bologna, Italy",44.4756,11.2759
2021-01-29T17:00:00+00:00,2.800,2.200,Open-Meteo Historical Weather API,"Casalecchio di Reno, Bologna, Italy",44.4756,11.2759
2021-01-29T18:00:00+00:00,3.000,2.200,Open-Meteo Historical Weather API,"Casalecchio di Reno, Bologna, Italy",44.4756,11.2759
2021-01-29T19:00:00+00:00,2.800,1.800,Open-Meteo Historical Weather API,"Casalecchio di Reno, Bologna, Italy",44.4756,11.2759
2021-01-29T20:00:00+00:00,3.300,2.000,Open-Meteo Historical Weather API,"Casalecchio di Reno, Bologna, Italy",44.4756,11.2759
2021-01-29T21:00:00+00:00,5.100,3.300,Open-Meteo Historical Weather API,"Casalecchio di Reno, Bologna, Italy",44.4756,11.2759
2021-01-29T22:00:00+00:00,6.100,3.800,Open-Meteo Historical Weather API,"Casalecchio di Reno, Bologna, Italy",44.4756,11.2759
2021-01-29T23:00:00+00:00,6.100,3.800,Open-Meteo Historical Weather API,"Casalecchio di Reno, Bologna, Italy",44.4756,11.2759
2021-01-30T00:00:00+00:00,5.400,4.100,Open-Meteo Historical Weather API,"Casalecchio di Reno, Bologna, Italy",44.4756,11.2759
2021-01-30T01:00:00+00:00,6.800,3.100,Open-Meteo Historical Weather API,"Casalecchio di Reno, Bologna, Italy",44.4756,11.2759
2021-01-30T02:00:00+00:00,6.700,0.400,Open-Meteo Historical Weather API,"Casalecchio di Reno, Bologna, Italy",44.4756,11.2759
2021-01-30T03:00:00+00:00,6.900,-0.200,Open-Meteo Historical Weather API,"Casalecchio di Reno, Bologna, Italy",44.4756,11.2759
2021-01-30T04:00:00+00:00,7.600,-0.100,Open-Meteo Historical Weather API,"Casalecchio di Reno, Bologna, Italy",44.4756,11.2759
2021-01-30T05:00:00+00:00,7.400,0.200,Open-Meteo Historical Weather API,"Casalecchio di Reno, Bologna, Italy",44.4756,11.2759
2021-01-30T06:00:00+00:00,5.300,1.000,Open-Meteo Historical Weather API,"Casalecchio di Reno, Bologna, Italy",44.4756,11.2759
2021-01-30T07:00:00+00:00,3.500,0.800,Open-Meteo Historical Weather API,"Casalecchio di Reno, Bologna, Italy",44.4756,11.2759
2021-01-30T08:00:00+00:00,5.600,3.300,Open-Meteo Historical Weather API,"Casalecchio di Reno, Bologna, Italy",44.4756,11.2759
2021-01-30T09:00:00+00:00,8.500,5.100,Open-Meteo Historical Weather API,"Casalecchio di Reno, Bologna, Italy",44.4756,11.2759
2021-01-30T10:00:00+00:00,11.900,6.200,Open-Meteo Historical Weather API,"Casalecchio di Reno, Bologna, Italy",44.4756,11.2759
2021-01-30T11:00:00+00:00,14.000,6.200,Open-Meteo Historical Weather API,"Casalecchio di Reno, Bologna, Italy",44.4756,11.2759
2021-01-30T12:00:00+00:00,14.600,6.500,Open-Meteo Historical Weather API,"Casalecchio di Reno, Bologna, Italy",44.4756,11.2759
2021-01-30T13:00:00+00:00,13.600,6.200,Open-Meteo Historical Weather API,"Casalecchio di Reno, Bologna, Italy",44.4756,11.2759
2021-01-30T14:00:00+00:00,12.600,7.600,Open-Meteo Historical Weather API,"Casalecchio di Reno, Bologna, Italy",44.4756,11.2759
2021-01-30T15:00:00+00:00,12.200,6.400,Open-Meteo Historical Weather API,"Casalecchio di Reno, Bologna, Italy",44.4756,11.2759
2021-01-30T16:00:00+00:00,11.200,6.100,Open-Meteo Historical Weather API,"Casalecchio di Reno, Bologna, Italy",44.4756,11.2759
2021-01-30T17:00:00+00:00,11.400,6.100,Open-Meteo Historical Weather API,"Casalecchio di Reno, Bologna, Italy",44.4756,11.2759
2021-01-30T18:00:00+00:00,9.100,6.700,Open-Meteo Historical Weather API,"Casalecchio di Reno, Bologna, Italy",44.4756,11.2759
2021-01-30T19:00:00+00:00,9.200,6.600,Open-Meteo Historical Weather API,"Casalecchio di Reno, Bologna, Italy",44.4756,11.2759
2021-01-30T20:00:00+00:00,8.200,6.800,Open-Meteo Historical Weather API,"Casalecchio di Reno, Bologna, Italy",44.4756,11.2759
2021-01-30T21:00:00+00:00,7.200,6.700,Open-Meteo Historical Weather API,"Casalecchio di Reno, Bologna, Italy",44.4756,11.2759
2021-01-30T22:00:00+00:00,6.300,6.200,Open-Meteo Historical Weather API,"Casalecchio di Reno, Bologna, Italy",44.4756,11.2759
2021-01-30T23:00:00+00:00,5.900,5.900,Open-Meteo Historical Weather API,"Casalecchio di Reno, Bologna, Italy",44.4756,11.2759
2021-01-31T00:00:00+00:00,5.900,5.600,Open-Meteo Historical Weather API,"Casalecchio di Reno, Bologna, Italy",44.4756,11.2759
2021-01-31T01:00:00+00:00,5.800,5.700,Open-Meteo Historical Weather API,"Casalecchio di Reno, Bologna, Italy",44.4756,11.2759
2021-01-31T02:00:00+00:00,5.600,5.300,Open-Meteo Historical Weather API,"Casalecchio di Reno, Bologna, Italy",44.4756,11.2759
2021-01-31T03:00:00+00:00,5.300,4.900,Open-Meteo Historical Weather API,"Casalecchio di Reno, Bologna, Italy",44.4756,11.2759
2021-01-31T04:00:00+00:00,5.300,4.800,Open-Meteo Historical Weather API,"Casalecchio di Reno, Bologna, Italy",44.4756,11.2759
2021-01-31T05:00:00+00:00,5.200,4.800,Open-Meteo Historical Weather API,"Casalecchio di Reno, Bologna, Italy",44.4756,11.2759
2021-01-31T06:00:00+00:00,5.100,4.700,Open-Meteo Historical Weather API,"Casalecchio di Reno, Bologna, Italy",44.4756,11.2759
2021-01-31T07:00:00+00:00,5.100,4.800,Open-Meteo Historical Weather API,"Casalecchio di Reno, Bologna, Italy",44.4756,11.2759
2021-01-31T08:00:00+00:00,5.200,4.800,Open-Meteo Historical Weather API,"Casalecchio di Reno, Bologna, Italy",44.4756,11.2759
2021-01-31T09:00:00+00:00,5.300,4.700,Open-Meteo Historical Weather API,"Casalecchio di Reno, Bologna, Italy",44.4756,11.2759
2021-01-31T10:00:00+00:00,5.600,4.800,Open-Meteo Historical Weather API,"Casalecchio di Reno, Bologna, Italy",44.4756,11.2759
2021-01-31T11:00:00+00:00,5.700,5.200,Open-Meteo Historical Weather API,"Casalecchio di Reno, Bologna, Italy",44.4756,11.2759
2021-01-31T12:00:00+00:00,6.700,5.300,Open-Meteo Historical Weather API,"Casalecchio di Reno, Bologna, Italy",44.4756,11.2759
2021-01-31T13:00:00+00:00,6.900,5.800,Open-Meteo Historical Weather API,"Casalecchio di Reno, Bologna, Italy",44.4756,11.2759
2021-01-31T14:00:00+00:00,6.800,6.200,Open-Meteo Historical Weather API,"Casalecchio di Reno, Bologna, Italy",44.4756,11.2759
2021-01-31T15:00:00+00:00,6.900,6.300,Open-Meteo Historical Weather API,"Casalecchio di Reno, Bologna, Italy",44.4756,11.2759
2021-01-31T16:00:00+00:00,6.800,6.200,Open-Meteo Historical Weather API,"Casalecchio di Reno, Bologna, Italy",44.4756,11.2759
2021-01-31T17:00:00+00:00,6.600,6.100,Open-Meteo Historical Weather API,"Casalecchio di Reno, Bologna, Italy",44.4756,11.2759
2021-01-31T18:00:00+00:00,6.200,5.800,Open-Meteo Historical Weather API,"Casalecchio di Reno, Bologna, Italy",44.4756,11.2759
2021-01-31T19:00:00+00:00,5.800,5.500,Open-Meteo Historical Weather API,"Casalecchio di Reno, Bologna, Italy",44.4756,11.2759
2021-01-31T20:00:00+00:00,5.600,5.400,Open-Meteo Historical Weather API,"Casalecchio di Reno, Bologna, Italy",44.4756,11.2759
2021-01-31T21:00:00+00:00,5.600,5.300,Open-Meteo Historical Weather API,"Casalecchio di Reno, Bologna, Italy",44.4756,11.2759
2021-01-31T22:00:00+00:00,5.600,5.300,Open-Meteo Historical Weather API,"Casalecchio di Reno, Bologna, Italy",44.4756,11.2759
2021-01-31T23:00:00+00:00,5.300,5.300,Open-Meteo Historical Weather API,"Casalecchio di Reno, Bologna, Italy",44.4756,11.2759
2021-02-01T00:00:00+00:00,4.900,4.500,Open-Meteo Historical Weather API,"Casalecchio di Reno, Bologna, Italy",44.4756,11.2759
2021-02-01T01:00:00+00:00,5.200,4.700,Open-Meteo Historical Weather API,"Casalecchio di Reno, Bologna, Italy",44.4756,11.2759
2021-02-01T02:00:00+00:00,5.000,4.600,Open-Meteo Historical Weather API,"Casalecchio di Reno, Bologna, Italy",44.4756,11.2759
2021-02-01T03:00:00+00:00,4.100,3.900,Open-Meteo Historical Weather API,"Casalecchio di Reno, Bologna, Italy",44.4756,11.2759
2021-02-01T04:00:00+00:00,4.200,4.100,Open-Meteo Historical Weather API,"Casalecchio di Reno, Bologna, Italy",44.4756,11.2759
2021-02-01T05:00:00+00:00,4.200,4.100,Open-Meteo Historical Weather API,"Casalecchio di Reno, Bologna, Italy",44.4756,11.2759
2021-02-01T06:00:00+00:00,4.200,3.900,Open-Meteo Historical Weather API,"Casalecchio di Reno, Bologna, Italy",44.4756,11.2759
2021-02-01T07:00:00+00:00,3.800,3.500,Open-Meteo Historical Weather API,"Casalecchio di Reno, Bologna, Italy",44.4756,11.2759
2021-02-01T08:00:00+00:00,4.700,4.100,Open-Meteo Historical Weather API,"Casalecchio di Reno, Bologna, Italy",44.4756,11.2759
2021-02-01T09:00:00+00:00,5.200,4.200,Open-Meteo Historical Weather API,"Casalecchio di Reno, Bologna, Italy",44.4756,11.2759
2021-02-01T10:00:00+00:00,5.600,4.300,Open-Meteo Historical Weather API,"Casalecchio di Reno, Bologna, Italy",44.4756,11.2759
2021-02-01T11:00:00+00:00,6.600,4.600,Open-Meteo Historical Weather API,"Casalecchio di Reno, Bologna, Italy",44.4756,11.2759
2021-02-01T12:00:00+00:00,6.200,4.700,Open-Meteo Historical Weather API,"Casalecchio di Reno, Bologna, Italy",44.4756,11.2759
2021-02-01T13:00:00+00:00,6.100,4.300,Open-Meteo Historical Weather API,"Casalecchio di Reno, Bologna, Italy",44.4756,11.2759
2021-02-01T14:00:00+00:00,5.700,4.000,Open-Meteo Historical Weather API,"Casalecchio di Reno, Bologna, Italy",44.4756,11.2759
2021-02-01T15:00:00+00:00,5.700,4.400,Open-Meteo Historical Weather API,"Casalecchio di Reno, Bologna, Italy",44.4756,11.2759
2021-02-01T16:00:00+00:00,5.700,4.800,Open-Meteo Historical Weather API,"Casalecchio di Reno, Bologna, Italy",44.4756,11.2759
2021-02-01T17:00:00+00:00,5.600,4.800,Open-Meteo Historical Weather API,"Casalecchio di Reno, Bologna, Italy",44.4756,11.2759
2021-02-01T18:00:00+00:00,4.900,4.300,Open-Meteo Historical Weather API,"Casalecchio di Reno, Bologna, Italy",44.4756,11.2759
2021-02-01T19:00:00+00:00,4.800,4.200,Open-Meteo Historical Weather API,"Casalecchio di Reno, Bologna, Italy",44.4756,11.2759
2021-02-01T20:00:00+00:00,4.800,4.200,Open-Meteo Historical Weather API,"Casalecchio di Reno, Bologna, Italy",44.4756,11.2759
2021-02-01T21:00:00+00:00,5.200,4.000,Open-Meteo Historical Weather API,"Casalecchio di Reno, Bologna, Italy",44.4756,11.2759
2021-02-01T22:00:00+00:00,5.200,4.100,Open-Meteo Historical Weather API,"Casalecchio di Reno, Bologna, Italy",44.4756,11.2759
2021-02-01T23:00:00+00:00,4.300,3.800,Open-Meteo Historical Weather API,"Casalecchio di Reno, Bologna, Italy",44.4756,11.2759
2021-02-02T00:00:00+00:00,3.800,3.200,Open-Meteo Historical Weather API,"Casalecchio di Reno, Bologna, Italy",44.4756,11.2759
2021-02-02T01:00:00+00:00,3.900,3.200,Open-Meteo Historical Weather API,"Casalecchio di Reno, Bologna, Italy",44.4756,11.2759
2021-02-02T02:00:00+00:00,3.500,2.500,Open-Meteo Historical Weather API,"Casalecchio di Reno, Bologna, Italy",44.4756,11.2759
2021-02-02T03:00:00+00:00,3.500,2.500,Open-Meteo Historical Weather API,"Casalecchio di Reno, Bologna, Italy",44.4756,11.2759
2021-02-02T04:00:00+00:00,2.400,1.800,Open-Meteo Historical Weather API,"Casalecchio di Reno, Bologna, Italy",44.4756,11.2759
2021-02-02T05:00:00+00:00,2.000,1.400,Open-Meteo Historical Weather API,"Casalecchio di Reno, Bologna, Italy",44.4756,11.2759
2021-02-02T06:00:00+00:00,1.800,1.100,Open-Meteo Historical Weather API,"Casalecchio di Reno, Bologna, Italy",44.4756,11.2759
2021-02-02T07:00:00+00:00,1.700,0.900,Open-Meteo Historical Weather API,"Casalecchio di Reno, Bologna, Italy",44.4756,11.2759
2021-02-02T08:00:00+00:00,3.800,3.000,Open-Meteo Historical Weather API,"Casalecchio di Reno, Bologna, Italy",44.4756,11.2759
2021-02-02T09:00:00+00:00,6.800,4.700,Open-Meteo Historical Weather API,"Casalecchio di Reno, Bologna, Italy",44.4756,11.2759
2021-02-02T10:00:00+00:00,7.900,5.300,Open-Meteo Historical Weather API,"Casalecchio di Reno, Bologna, Italy",44.4756,11.2759
2021-02-02T11:00:00+00:00,8.900,5.700,Open-Meteo Historical Weather API,"Casalecchio di Reno, Bologna, Italy",44.4756,11.2759
2021-02-02T12:00:00+00:00,9.000,4.800,Open-Meteo Historical Weather API,"Casalecchio di Reno, Bologna, Italy",44.4756,11.2759
2021-02-02T13:00:00+00:00,9.200,4.800,Open-Meteo Historical Weather API,"Casalecchio di Reno, Bologna, Italy",44.4756,11.2759
2021-02-02T14:00:00+00:00,9.400,5.000,Open-Meteo Historical Weather API,"Casalecchio di Reno, Bologna, Italy",44.4756,11.2759
2021-02-02T15:00:00+00:00,9.400,5.100,Open-Meteo Historical Weather API,"Casalecchio di Reno, Bologna, Italy",44.4756,11.2759
2021-02-02T16:00:00+00:00,9.000,4.800,Open-Meteo Historical Weather API,"Casalecchio di Reno, Bologna, Italy",44.4756,11.2759
2021-02-02T17:00:00+00:00,5.700,3.800,Open-Meteo Historical Weather API,"Casalecchio di Reno, Bologna, Italy",44.4756,11.2759
2021-02-02T18:00:00+00:00,4.400,3.500,Open-Meteo Historical Weather API,"Casalecchio di Reno, Bologna, Italy",44.4756,11.2759
2021-02-02T19:00:00+00:00,7.000,4.800,Open-Meteo Historical Weather API,"Casalecchio di Reno, Bologna, Italy",44.4756,11.2759
2021-02-02T20:00:00+00:00,6.300,4.600,Open-Meteo Historical Weather API,"Casalecchio di Reno, Bologna, Italy",44.4756,11.2759
2021-02-02T21:00:00+00:00,3.300,2.700,Open-Meteo Historical Weather API,"Casalecchio di Reno, Bologna, Italy",44.4756,11.2759
2021-02-02T22:00:00+00:00,2.800,2.500,Open-Meteo Historical Weather API,"Casalecchio di Reno, Bologna, Italy",44.4756,11.2759
2021-02-02T23:00:00+00:00,3.500,2.800,Open-Meteo Historical Weather API,"Casalecchio di Reno, Bologna, Italy",44.4756,11.2759
2021-02-03T00:00:00+00:00,2.600,2.600,Open-Meteo Historical Weather API,"Casalecchio di Reno, Bologna, Italy",44.4756,11.2759
2021-02-03T01:00:00+00:00,2.900,2.500,Open-Meteo Historical Weather API,"Casalecchio di Reno, Bologna, Italy",44.4756,11.2759
2021-02-03T02:00:00+00:00,1.900,1.500,Open-Meteo Historical Weather API,"Casalecchio di Reno, Bologna, Italy",44.4756,11.2759
2021-02-03T03:00:00+00:00,2.200,1.800,Open-Meteo Historical Weather API,"Casalecchio di Reno, Bologna, Italy",44.4756,11.2759
2021-02-03T04:00:00+00:00,2.000,1.500,Open-Meteo Historical Weather API,"Casalecchio di Reno, Bologna, Italy",44.4756,11.2759
2021-02-03T05:00:00+00:00,3.500,2.700,Open-Meteo Historical Weather API,"Casalecchio di Reno, Bologna, Italy",44.4756,11.2759
2021-02-03T06:00:00+00:00,4.800,4.000,Open-Meteo Historical Weather API,"Casalecchio di Reno, Bologna, Italy",44.4756,11.2759
2021-02-03T07:00:00+00:00,5.800,4.700,Open-Meteo Historical Weather API,"Casalecchio di Reno, Bologna, Italy",44.4756,11.2759
2021-02-03T08:00:00+00:00,7.300,5.600,Open-Meteo Historical Weather API,"Casalecchio di Reno, Bologna, Italy",44.4756,11.2759
2021-02-03T09:00:00+00:00,9.600,6.900,Open-Meteo Historical Weather API,"Casalecchio di Reno, Bologna, Italy",44.4756,11.2759
2021-02-03T10:00:00+00:00,12.100,8.700,Open-Meteo Historical Weather API,"Casalecchio di Reno, Bologna, Italy",44.4756,11.2759
2021-02-03T11:00:00+00:00,13.900,9.900,Open-Meteo Historical Weather API,"Casalecchio di Reno, Bologna, Italy",44.4756,11.2759
2021-02-03T12:00:00+00:00,9.400,6.400,Open-Meteo Historical Weather API,"Casalecchio di Reno, Bologna, Italy",44.4756,11.2759
2021-02-03T13:00:00+00:00,8.900,6.300,Open-Meteo Historical Weather API,"Casalecchio di Reno, Bologna, Italy",44.4756,11.2759
2021-02-03T14:00:00+00:00,9.100,6.400,Open-Meteo Historical Weather API,"Casalecchio di Reno, Bologna, Italy",44.4756,11.2759
2021-02-03T15:00:00+00:00,8.900,6.700,Open-Meteo Historical Weather API,"Casalecchio di Reno, Bologna, Italy",44.4756,11.2759
2021-02-03T16:00:00+00:00,8.600,6.600,Open-Meteo Historical Weather API,"Casalecchio di Reno, Bologna, Italy",44.4756,11.2759
2021-02-03T17:00:00+00:00,7.400,5.700,Open-Meteo Historical Weather API,"Casalecchio di Reno, Bologna, Italy",44.4756,11.2759
2021-02-03T18:00:00+00:00,5.700,5.200,Open-Meteo Historical Weather API,"Casalecchio di Reno, Bologna, Italy",44.4756,11.2759
2021-02-03T19:00:00+00:00,5.700,5.200,Open-Meteo Historical Weather API,"Casalecchio di Reno, Bologna, Italy",44.4756,11.2759
2021-02-03T20:00:00+00:00,6.100,5.200,Open-Meteo Historical Weather API,"Casalecchio di Reno, Bologna, Italy",44.4756,11.2759
2021-02-03T21:00:00+00:00,6.600,5.200,Open-Meteo Historical Weather API,"Casalecchio di Reno, Bologna, Italy",44.4756,11.2759
2021-02-03T22:00:00+00:00,7.200,5.500,Open-Meteo Historical Weather API,"Casalecchio di Reno, Bologna, Italy",44.4756,11.2759
2021-02-03T23:00:00+00:00,7.100,5.200,Open-Meteo Historical Weather API,"Casalecchio di Reno, Bologna, Italy",44.4756,11.2759
2021-02-04T00:00:00+00:00,6.100,4.700,Open-Meteo Historical Weather API,"Casalecchio di Reno, Bologna, Italy",44.4756,11.2759
2021-02-04T01:00:00+00:00,5.300,4.300,Open-Meteo Historical Weather API,"Casalecchio di Reno, Bologna, Italy",44.4756,11.2759
2021-02-04T02:00:00+00:00,5.300,4.300,Open-Meteo Historical Weather API,"Casalecchio di Reno, Bologna, Italy",44.4756,11.2759
2021-02-04T03:00:00+00:00,5.200,4.400,Open-Meteo Historical Weather API,"Casalecchio di Reno, Bologna, Italy",44.4756,11.2759
2021-02-04T04:00:00+00:00,5.100,4.500,Open-Meteo Historical Weather API,"Casalecchio di Reno, Bologna, Italy",44.4756,11.2759
2021-02-04T05:00:00+00:00,5.400,4.900,Open-Meteo Historical Weather API,"Casalecchio di Reno, Bologna, Italy",44.4756,11.2759
2021-02-04T06:00:00+00:00,6.100,5.500,Open-Meteo Historical Weather API,"Casalecchio di Reno, Bologna, Italy",44.4756,11.2759
2021-02-04T07:00:00+00:00,6.800,5.900,Open-Meteo Historical Weather API,"Casalecchio di Reno, Bologna, Italy",44.4756,11.2759
2021-02-04T08:00:00+00:00,8.300,6.600,Open-Meteo Historical Weather API,"Casalecchio di Reno, Bologna, Italy",44.4756,11.2759
2021-02-04T09:00:00+00:00,9.600,7.100,Open-Meteo Historical Weather API,"Casalecchio di Reno, Bologna, Italy",44.4756,11.2759
2021-02-04T10:00:00+00:00,10.700,7.400,Open-Meteo Historical Weather API,"Casalecchio di Reno, Bologna, Italy",44.4756,11.2759
2021-02-04T11:00:00+00:00,11.100,8.100,Open-Meteo Historical Weather API,"Casalecchio di Reno, Bologna, Italy",44.4756,11.2759
2021-02-04T12:00:00+00:00,10.100,7.700,Open-Meteo Historical Weather API,"Casalecchio di Reno, Bologna, Italy",44.4756,11.2759
2021-02-04T13:00:00+00:00,9.900,7.800,Open-Meteo Historical Weather API,"Casalecchio di Reno, Bologna, Italy",44.4756,11.2759
2021-02-04T14:00:00+00:00,9.800,7.900,Open-Meteo Historical Weather API,"Casalecchio di Reno, Bologna, Italy",44.4756,11.2759
2021-02-04T15:00:00+00:00,9.400,7.900,Open-Meteo Historical Weather API,"Casalecchio di Reno, Bologna, Italy",44.4756,11.2759
2021-02-04T16:00:00+00:00,8.400,7.800,Open-Meteo Historical Weather API,"Casalecchio di Reno, Bologna, Italy",44.4756,11.2759
2021-02-04T17:00:00+00:00,7.100,6.700,Open-Meteo Historical Weather API,"Casalecchio di Reno, Bologna, Italy",44.4756,11.2759
2021-02-04T18:00:00+00:00,6.200,5.800,Open-Meteo Historical Weather API,"Casalecchio di Reno, Bologna, Italy",44.4756,11.2759
2021-02-04T19:00:00+00:00,6.600,6.200,Open-Meteo Historical Weather API,"Casalecchio di Reno, Bologna, Italy",44.4756,11.2759
2021-02-04T20:00:00+00:00,7.000,6.600,Open-Meteo Historical Weather API,"Casalecchio di Reno, Bologna, Italy",44.4756,11.2759
2021-02-04T21:00:00+00:00,6.600,6.400,Open-Meteo Historical Weather API,"Casalecchio di Reno, Bologna, Italy",44.4756,11.2759
2021-02-04T22:00:00+00:00,6.200,6.200,Open-Meteo Historical Weather API,"Casalecchio di Reno, Bologna, Italy",44.4756,11.2759
2021-02-04T23:00:00+00:00,6.300,6.200,Open-Meteo Historical Weather API,"Casalecchio di Reno, Bologna, Italy",44.4756,11.2759
2021-02-05T00:00:00+00:00,5.600,5.500,Open-Meteo Historical Weather API,"Casalecchio di Reno, Bologna, Italy",44.4756,11.2759
2021-02-05T01:00:00+00:00,5.600,5.600,Open-Meteo Historical Weather API,"Casalecchio di Reno, Bologna, Italy",44.4756,11.2759
2021-02-05T02:00:00+00:00,5.900,5.800,Open-Meteo Historical Weather API,"Casalecchio di Reno, Bologna, Italy",44.4756,11.2759
2021-02-05T03:00:00+00:00,6.100,6.000,Open-Meteo Historical Weather API,"Casalecchio di Reno, Bologna, Italy",44.4756,11.2759
2021-02-05T04:00:00+00:00,5.900,5.800,Open-Meteo Historical Weather API,"Casalecchio di Reno, Bologna, Italy",44.4756,11.2759
2021-02-05T05:00:00+00:00,6.200,6.200,Open-Meteo Historical Weather API,"Casalecchio di Reno, Bologna, Italy",44.4756,11.2759
2021-02-05T06:00:00+00:00,6.200,6.200,Open-Meteo Historical Weather API,"Casalecchio di Reno, Bologna, Italy",44.4756,11.2759
2021-02-05T07:00:00+00:00,6.300,6.200,Open-Meteo Historical Weather API,"Casalecchio di Reno, Bologna, Italy",44.4756,11.2759
2021-02-05T08:00:00+00:00,7.100,6.700,Open-Meteo Historical Weather API,"Casalecchio di Reno, Bologna, Italy",44.4756,11.2759
2021-02-05T09:00:00+00:00,7.900,7.200,Open-Meteo Historical Weather API,"Casalecchio di Reno, Bologna, Italy",44.4756,11.2759
2021-02-05T10:00:00+00:00,8.400,7.600,Open-Meteo Historical Weather API,"Casalecchio di Reno, Bologna, Italy",44.4756,11.2759
2021-02-05T11:00:00+00:00,9.400,8.100,Open-Meteo Historical Weather API,"Casalecchio di Reno, Bologna, Italy",44.4756,11.2759
2021-02-05T12:00:00+00:00,9.600,7.600,Open-Meteo Historical Weather API,"Casalecchio di Reno, Bologna, Italy",44.4756,11.2759
2021-02-05T13:00:00+00:00,10.200,7.500,Open-Meteo Historical Weather API,"Casalecchio di Reno, Bologna, Italy",44.4756,11.2759
2021-02-05T14:00:00+00:00,10.700,7.600,Open-Meteo Historical Weather API,"Casalecchio di Reno, Bologna, Italy",44.4756,11.2759
2021-02-05T15:00:00+00:00,10.800,7.700,Open-Meteo Historical Weather API,"Casalecchio di Reno, Bologna, Italy",44.4756,11.2759
2021-02-05T16:00:00+00:00,9.200,7.400,Open-Meteo Historical Weather API,"Casalecchio di Reno, Bologna, Italy",44.4756,11.2759
2021-02-05T17:00:00+00:00,8.200,6.800,Open-Meteo Historical Weather API,"Casalecchio di Reno, Bologna, Italy",44.4756,11.2759
2021-02-05T18:00:00+00:00,7.300,6.600,Open-Meteo Historical Weather API,"Casalecchio di Reno, Bologna, Italy",44.4756,11.2759
2021-02-05T19:00:00+00:00,8.200,7.300,Open-Meteo Historical Weather API,"Casalecchio di Reno, Bologna, Italy",44.4756,11.2759
2021-02-05T20:00:00+00:00,7.800,7.300,Open-Meteo Historical Weather API,"Casalecchio di Reno, Bologna, Italy",44.4756,11.2759
2021-02-05T21:00:00+00:00,7.200,7.100,Open-Meteo Historical Weather API,"Casalecchio di Reno, Bologna, Italy",44.4756,11.2759
2021-02-05T22:00:00+00:00,7.100,7.000,Open-Meteo Historical Weather API,"Casalecchio di Reno, Bologna, Italy",44.4756,11.2759
2021-02-05T23:00:00+00:00,6.900,6.900,Open-Meteo Historical Weather API,"Casalecchio di Reno, Bologna, Italy",44.4756,11.2759
2021-02-06T00:00:00+00:00,7.200,7.200,Open-Meteo Historical Weather API,"Casalecchio di Reno, Bologna, Italy",44.4756,11.2759
2021-02-06T01:00:00+00:00,7.600,7.400,Open-Meteo Historical Weather API,"Casalecchio di Reno, Bologna, Italy",44.4756,11.2759
2021-02-06T02:00:00+00:00,7.800,7.300,Open-Meteo Historical Weather API,"Casalecchio di Reno, Bologna, Italy",44.4756,11.2759
2021-02-06T03:00:00+00:00,7.700,7.300,Open-Meteo Historical Weather API,"Casalecchio di Reno, Bologna, Italy",44.4756,11.2759
2021-02-06T04:00:00+00:00,7.800,7.300,Open-Meteo Historical Weather API,"Casalecchio di Reno, Bologna, Italy",44.4756,11.2759
2021-02-06T05:00:00+00:00,7.500,7.200,Open-Meteo Historical Weather API,"Casalecchio di Reno, Bologna, Italy",44.4756,11.2759
2021-02-06T06:00:00+00:00,7.600,7.200,Open-Meteo Historical Weather API,"Casalecchio di Reno, Bologna, Italy",44.4756,11.2759
2021-02-06T07:00:00+00:00,7.800,7.300,Open-Meteo Historical Weather API,"Casalecchio di Reno, Bologna, Italy",44.4756,11.2759
2021-02-06T08:00:00+00:00,8.200,7.200,Open-Meteo Historical Weather API,"Casalecchio di Reno, Bologna, Italy",44.4756,11.2759
2021-02-06T09:00:00+00:00,8.800,7.200,Open-Meteo Historical Weather API,"Casalecchio di Reno, Bologna, Italy",44.4756,11.2759
2021-02-06T10:00:00+00:00,8.900,7.400,Open-Meteo Historical Weather API,"Casalecchio di Reno, Bologna, Italy",44.4756,11.2759
2021-02-06T11:00:00+00:00,9.500,7.700,Open-Meteo Historical Weather API,"Casalecchio di Reno, Bologna, Italy",44.4756,11.2759
2021-02-06T12:00:00+00:00,8.600,7.100,Open-Meteo Historical Weather API,"Casalecchio di Reno, Bologna, Italy",44.4756,11.2759
2021-02-06T13:00:00+00:00,9.100,7.200,Open-Meteo Historical Weather API,"Casalecchio di Reno, Bologna, Italy",44.4756,11.2759
2021-02-06T14:00:00+00:00,9.400,7.300,Open-Meteo Historical Weather API,"Casalecchio di Reno, Bologna, Italy",44.4756,11.2759
2021-02-06T15:00:00+00:00,9.600,7.200,Open-Meteo Historical Weather API,"Casalecchio di Reno, Bologna, Italy",44.4756,11.2759
2021-02-06T16:00:00+00:00,9.200,7.200,Open-Meteo Historical Weather API,"Casalecchio di Reno, Bologna, Italy",44.4756,11.2759
2021-02-06T17:00:00+00:00,8.700,7.300,Open-Meteo Historical Weather API,"Casalecchio di Reno, Bologna, Italy",44.4756,11.2759
2021-02-06T18:00:00+00:00,8.200,7.300,Open-Meteo Historical Weather API,"Casalecchio di Reno, Bologna, Italy",44.4756,11.2759
2021-02-06T19:00:00+00:00,7.900,7.200,Open-Meteo Historical Weather API,"Casalecchio di Reno, Bologna, Italy",44.4756,11.2759
2021-02-06T20:00:00+00:00,7.800,7.200,Open-Meteo Historical Weather API,"Casalecchio di Reno, Bologna, Italy",44.4756,11.2759
2021-02-06T21:00:00+00:00,7.800,7.200,Open-Meteo Historical Weather API,"Casalecchio di Reno, Bologna, Italy",44.4756,11.2759
2021-02-06T22:00:00+00:00,7.800,7.300,Open-Meteo Historical Weather API,"Casalecchio di Reno, Bologna, Italy",44.4756,11.2759
2021-02-06T23:00:00+00:00,7.700,7.300,Open-Meteo Historical Weather API,"Casalecchio di Reno, Bologna, Italy",44.4756,11.2759
2021-02-07T00:00:00+00:00,7.200,6.400,Open-Meteo Historical Weather API,"Casalecchio di Reno, Bologna, Italy",44.4756,11.2759
2021-02-07T01:00:00+00:00,7.500,6.700,Open-Meteo Historical Weather API,"Casalecchio di Reno, Bologna, Italy",44.4756,11.2759
2021-02-07T02:00:00+00:00,7.600,6.800,Open-Meteo Historical Weather API,"Casalecchio di Reno, Bologna, Italy",44.4756,11.2759
2021-02-07T03:00:00+00:00,7.600,6.800,Open-Meteo Historical Weather API,"Casalecchio di Reno, Bologna, Italy",44.4756,11.2759
2021-02-07T04:00:00+00:00,7.300,6.900,Open-Meteo Historical Weather API,"Casalecchio di Reno, Bologna, Italy",44.4756,11.2759
2021-02-07T05:00:00+00:00,6.800,6.800,Open-Meteo Historical Weather API,"Casalecchio di Reno, Bologna, Italy",44.4756,11.2759
2021-02-07T06:00:00+00:00,6.800,6.800,Open-Meteo Historical Weather API,"Casalecchio di Reno, Bologna, Italy",44.4756,11.2759
2021-02-07T07:00:00+00:00,6.800,6.800,Open-Meteo Historical Weather API,"Casalecchio di Reno, Bologna, Italy",44.4756,11.2759
2021-02-07T08:00:00+00:00,7.200,7.100,Open-Meteo Historical Weather API,"Casalecchio di Reno, Bologna, Italy",44.4756,11.2759
2021-02-07T09:00:00+00:00,9.200,8.200,Open-Meteo Historical Weather API,"Casalecchio di Reno, Bologna, Italy",44.4756,11.2759
2021-02-07T10:00:00+00:00,10.900,9.400,Open-Meteo Historical Weather API,"Casalecchio di Reno, Bologna, Italy",44.4756,11.2759
2021-02-07T11:00:00+00:00,11.600,9.700,Open-Meteo Historical Weather API,"Casalecchio di Reno, Bologna, Italy",44.4756,11.2759
2021-02-07T12:00:00+00:00,13.500,10.400,Open-Meteo Historical Weather API,"Casalecchio di Reno, Bologna, Italy",44.4756,11.2759
2021-02-07T13:00:00+00:00,14.300,9.900,Open-Meteo Historical Weather API,"Casalecchio di Reno, Bologna, Italy",44.4756,11.2759
2021-02-07T14:00:00+00:00,15.100,8.600,Open-Meteo Historical Weather API,"Casalecchio di Reno, Bologna, Italy",44.4756,11.2759
2021-02-07T15:00:00+00:00,14.700,9.600,Open-Meteo Historical Weather API,"Casalecchio di Reno, Bologna, Italy",44.4756,11.2759
2021-02-07T16:00:00+00:00,12.800,9.000,Open-Meteo Historical Weather API,"Casalecchio di Reno, Bologna, Italy",44.4756,11.2759
2021-02-07T17:00:00+00:00,9.300,7.600,Open-Meteo Historical Weather API,"Casalecchio di Reno, Bologna, Italy",44.4756,11.2759
2021-02-07T18:00:00+00:00,10.100,7.000,Open-Meteo Historical Weather API,"Casalecchio di Reno, Bologna, Italy",44.4756,11.2759
2021-02-07T19:00:00+00:00,10.100,7.400,Open-Meteo Historical Weather API,"Casalecchio di Reno, Bologna, Italy",44.4756,11.2759
2021-02-07T20:00:00+00:00,8.400,6.600,Open-Meteo Historical Weather API,"Casalecchio di Reno, Bologna, Italy",44.4756,11.2759
2021-02-07T21:00:00+00:00,7.100,5.800,Open-Meteo Historical Weather API,"Casalecchio di Reno, Bologna, Italy",44.4756,11.2759
2021-02-07T22:00:00+00:00,7.100,5.500,Open-Meteo Historical Weather API,"Casalecchio di Reno, Bologna, Italy",44.4756,11.2759
2021-02-07T23:00:00+00:00,6.900,4.700,Open-Meteo Historical Weather API,"Casalecchio di Reno, Bologna, Italy",44.4756,11.2759
2021-02-08T00:00:00+00:00,9.900,3.700,Open-Meteo Historical Weather API,"Casalecchio di Reno, Bologna, Italy",44.4756,11.2759
2021-02-08T01:00:00+00:00,7.100,3.500,Open-Meteo Historical Weather API,"Casalecchio di Reno, Bologna, Italy",44.4756,11.2759
2021-02-08T02:00:00+00:00,9.100,3.300,Open-Meteo Historical Weather API,"Casalecchio di Reno, Bologna, Italy",44.4756,11.2759
2021-02-08T03:00:00+00:00,7.200,2.700,Open-Meteo Historical Weather API,"Casalecchio di Reno, Bologna, Italy",44.4756,11.2759
2021-02-08T04:00:00+00:00,6.200,2.800,Open-Meteo Historical Weather API,"Casalecchio di Reno, Bologna, Italy",44.4756,11.2759
2021-02-08T05:00:00+00:00,6.800,2.500,Open-Meteo Historical Weather API,"Casalecchio di Reno, Bologna, Italy",44.4756,11.2759
2021-02-08T06:00:00+00:00,7.300,2.900,Open-Meteo Historical Weather API,"Casalecchio di Reno, Bologna, Italy",44.4756,11.2759
2021-02-08T07:00:00+00:00,6.700,3.500,Open-Meteo Historical Weather API,"Casalecchio di Reno, Bologna, Italy",44.4756,11.2759
2021-02-08T08:00:00+00:00,8.100,4.200,Open-Meteo Historical Weather API,"Casalecchio di Reno, Bologna, Italy",44.4756,11.2759
2021-02-08T09:00:00+00:00,9.400,5.100,Open-Meteo Historical Weather API,"Casalecchio di Reno, Bologna, Italy",44.4756,11.2759
2021-02-08T10:00:00+00:00,10.800,5.800,Open-Meteo Historical Weather API,"Casalecchio di Reno, Bologna, Italy",44.4756,11.2759
2021-02-08T11:00:00+00:00,11.800,6.400,Open-Meteo Historical Weather API,"Casalecchio di Reno, Bologna, Italy",44.4756,11.2759
2021-02-08T12:00:00+00:00,13.000,6.200,Open-Meteo Historical Weather API,"Casalecchio di Reno, Bologna, Italy",44.4756,11.2759
2021-02-08T13:00:00+00:00,13.700,4.200,Open-Meteo Historical Weather API,"Casalecchio di Reno, Bologna, Italy",44.4756,11.2759
2021-02-08T14:00:00+00:00,13.600,2.200,Open-Meteo Historical Weather API,"Casalecchio di Reno, Bologna, Italy",44.4756,11.2759
2021-02-08T15:00:00+00:00,13.000,4.000,Open-Meteo Historical Weather API,"Casalecchio di Reno, Bologna, Italy",44.4756,11.2759
2021-02-08T16:00:00+00:00,11.600,4.400,Open-Meteo Historical Weather API,"Casalecchio di Reno, Bologna, Italy",44.4756,11.2759
2021-02-08T17:00:00+00:00,10.200,4.000,Open-Meteo Historical Weather API,"Casalecchio di Reno, Bologna, Italy",44.4756,11.2759
2021-02-08T18:00:00+00:00,9.200,4.600,Open-Meteo Historical Weather API,"Casalecchio di Reno, Bologna, Italy",44.4756,11.2759
2021-02-08T19:00:00+00:00,9.500,5.600,Open-Meteo Historical Weather API,"Casalecchio di Reno, Bologna, Italy",44.4756,11.2759
2021-02-08T20:00:00+00:00,10.100,6.600,Open-Meteo Historical Weather API,"Casalecchio di Reno, Bologna, Italy",44.4756,11.2759
2021-02-08T21:00:00+00:00,9.600,6.600,Open-Meteo Historical Weather API,"Casalecchio di Reno, Bologna, Italy",44.4756,11.2759
2021-02-08T22:00:00+00:00,9.500,6.200,Open-Meteo Historical Weather API,"Casalecchio di Reno, Bologna, Italy",44.4756,11.2759
2021-02-08T23:00:00+00:00,9.900,6.700,Open-Meteo Historical Weather API,"Casalecchio di Reno, Bologna, Italy",44.4756,11.2759
2021-02-09T00:00:00+00:00,9.800,6.400,Open-Meteo Historical Weather API,"Casalecchio di Reno, Bologna, Italy",44.4756,11.2759
2021-02-09T01:00:00+00:00,9.900,6.900,Open-Meteo Historical Weather API,"Casalecchio di Reno, Bologna, Italy",44.4756,11.2759
2021-02-09T02:00:00+00:00,9.000,7.100,Open-Meteo Historical Weather API,"Casalecchio di Reno, Bologna, Italy",44.4756,11.2759
2021-02-09T03:00:00+00:00,8.700,7.300,Open-Meteo Historical Weather API,"Casalecchio di Reno, Bologna, Italy",44.4756,11.2759
2021-02-09T04:00:00+00:00,7.400,6.700,Open-Meteo Historical Weather API,"Casalecchio di Reno, Bologna, Italy",44.4756,11.2759
2021-02-09T05:00:00+00:00,7.200,6.700,Open-Meteo Historical Weather API,"Casalecchio di Reno, Bologna, Italy",44.4756,11.2759
2021-02-09T06:00:00+00:00,6.800,6.500,Open-Meteo Historical Weather API,"Casalecchio di Reno, Bologna, Italy",44.4756,11.2759
2021-02-09T07:00:00+00:00,6.800,6.400,Open-Meteo Historical Weather API,"Casalecchio di Reno, Bologna, Italy",44.4756,11.2759
2021-02-09T08:00:00+00:00,8.500,7.300,Open-Meteo Historical Weather API,"Casalecchio di Reno, Bologna, Italy",44.4756,11.2759
2021-02-09T09:00:00+00:00,9.100,8.100,Open-Meteo Historical Weather API,"Casalecchio di Reno, Bologna, Italy",44.4756,11.2759
2021-02-09T10:00:00+00:00,9.300,8.000,Open-Meteo Historical Weather API,"Casalecchio di Reno, Bologna, Italy",44.4756,11.2759
2021-02-09T11:00:00+00:00,11.400,8.100,Open-Meteo Historical Weather API,"Casalecchio di Reno, Bologna, Italy",44.4756,11.2759
2021-02-09T12:00:00+00:00,11.200,8.100,Open-Meteo Historical Weather API,"Casalecchio di Reno, Bologna, Italy",44.4756,11.2759
2021-02-09T13:00:00+00:00,10.600,7.500,Open-Meteo Historical Weather API,"Casalecchio di Reno, Bologna, Italy",44.4756,11.2759
2021-02-09T14:00:00+00:00,11.100,7.400,Open-Meteo Historical Weather API,"Casalecchio di Reno, Bologna, Italy",44.4756,11.2759
2021-02-09T15:00:00+00:00,10.700,7.200,Open-Meteo Historical Weather API,"Casalecchio di Reno, Bologna, Italy",44.4756,11.2759
2021-02-09T16:00:00+00:00,9.700,7.400,Open-Meteo Historical Weather API,"Casalecchio di Reno, Bologna, Italy",44.4756,11.2759
2021-02-09T17:00:00+00:00,8.600,7.200,Open-Meteo Historical Weather API,"Casalecchio di Reno, Bologna, Italy",44.4756,11.2759
2021-02-09T18:00:00+00:00,7.200,5.900,Open-Meteo Historical Weather API,"Casalecchio di Reno, Bologna, Italy",44.4756,11.2759
2021-02-09T19:00:00+00:00,7.100,5.400,Open-Meteo Historical Weather API,"Casalecchio di Reno, Bologna, Italy",44.4756,11.2759
2021-02-09T20:00:00+00:00,7.700,5.200,Open-Meteo Historical Weather API,"Casalecchio di Reno, Bologna, Italy",44.4756,11.2759
2021-02-09T21:00:00+00:00,9.100,5.100,Open-Meteo Historical Weather API,"Casalecchio di Reno, Bologna, Italy",44.4756,11.2759
2021-02-09T22:00:00+00:00,10.000,5.000,Open-Meteo Historical Weather API,"Casalecchio di Reno, Bologna, Italy",44.4756,11.2759
2021-02-09T23:00:00+00:00,10.500,6.200,Open-Meteo Historical Weather API,"Casalecchio di Reno, Bologna, Italy",44.4756,11.2759
2021-02-10T00:00:00+00:00,10.400,6.200,Open-Meteo Historical Weather API,"Casalecchio di Reno, Bologna, Italy",44.4756,11.2759
2021-02-10T01:00:00+00:00,10.200,6.400,Open-Meteo Historical Weather API,"Casalecchio di Reno, Bologna, Italy",44.4756,11.2759
2021-02-10T02:00:00+00:00,9.500,6.500,Open-Meteo Historical Weather API,"Casalecchio di Reno, Bologna, Italy",44.4756,11.2759
2021-02-10T03:00:00+00:00,9.100,6.100,Open-Meteo Historical Weather API,"Casalecchio di Reno, Bologna, Italy",44.4756,11.2759
2021-02-10T04:00:00+00:00,8.600,6.400,Open-Meteo Historical Weather API,"Casalecchio di Reno, Bologna, Italy",44.4756,11.2759
2021-02-10T05:00:00+00:00,8.100,5.800,Open-Meteo Historical Weather API,"Casalecchio di Reno, Bologna, Italy",44.4756,11.2759
2021-02-10T06:00:00+00:00,8.500,6.000,Open-Meteo Historical Weather API,"Casalecchio di Reno, Bologna, Italy",44.4756,11.2759
2021-02-10T07:00:00+00:00,9.400,6.800,Open-Meteo Historical Weather API,"Casalecchio di Reno, Bologna, Italy",44.4756,11.2759
2021-02-10T08:00:00+00:00,11.400,7.700,Open-Meteo Historical Weather API,"Casalecchio di Reno, Bologna, Italy",44.4756,11.2759
2021-02-10T09:00:00+00:00,13.100,8.700,Open-Meteo Historical Weather API,"Casalecchio di Reno, Bologna, Italy",44.4756,11.2759
2021-02-10T10:00:00+00:00,14.000,8.700,Open-Meteo Historical Weather API,"Casalecchio di Reno, Bologna, Italy",44.4756,11.2759
2021-02-10T11:00:00+00:00,14.500,7.800,Open-Meteo Historical Weather API,"Casalecchio di Reno, Bologna, Italy",44.4756,11.2759
2021-02-10T12:00:00+00:00,14.400,6.200,Open-Meteo Historical Weather API,"Casalecchio di Reno, Bologna, Italy",44.4756,11.2759
2021-02-10T13:00:00+00:00,13.100,7.000,Open-Meteo Historical Weather API,"Casalecchio di Reno, Bologna, Italy",44.4756,11.2759
2021-02-10T14:00:00+00:00,11.800,7.200,Open-Meteo Historical Weather API,"Casalecchio di Reno, Bologna, Italy",44.4756,11.2759
2021-02-10T15:00:00+00:00,9.800,7.900,Open-Meteo Historical Weather API,"Casalecchio di Reno, Bologna, Italy",44.4756,11.2759
2021-02-10T16:00:00+00:00,8.900,7.300,Open-Meteo Historical Weather API,"Casalecchio di Reno, Bologna, Italy",44.4756,11.2759
2021-02-10T17:00:00+00:00,7.800,6.800,Open-Meteo Historical Weather API,"Casalecchio di Reno, Bologna, Italy",44.4756,11.2759
2021-02-10T18:00:00+00:00,7.200,6.100,Open-Meteo Historical Weather API,"Casalecchio di Reno, Bologna, Italy",44.4756,11.2759
2021-02-10T19:00:00+00:00,7.100,5.700,Open-Meteo Historical Weather API,"Casalecchio di Reno, Bologna, Italy",44.4756,11.2759
2021-02-10T20:00:00+00:00,7.800,6.000,Open-Meteo Historical Weather API,"Casalecchio di Reno, Bologna, Italy",44.4756,11.2759
2021-02-10T21:00:00+00:00,8.000,6.100,Open-Meteo Historical Weather API,"Casalecchio di Reno, Bologna, Italy",44.4756,11.2759
2021-02-10T22:00:00+00:00,7.200,5.600,Open-Meteo Historical Weather API,"Casalecchio di Reno, Bologna, Italy",44.4756,11.2759
2021-02-10T23:00:00+00:00,6.200,4.900,Open-Meteo Historical Weather API,"Casalecchio di Reno, Bologna, Italy",44.4756,11.2759
2021-02-11T00:00:00+00:00,7.100,5.800,Open-Meteo Historical Weather API,"Casalecchio di Reno, Bologna, Italy",44.4756,11.2759
2021-02-11T01:00:00+00:00,5.800,5.000,Open-Meteo Historical Weather API,"Casalecchio di Reno, Bologna, Italy",44.4756,11.2759
2021-02-11T02:00:00+00:00,6.100,4.900,Open-Meteo Historical Weather API,"Casalecchio di Reno, Bologna, Italy",44.4756,11.2759
2021-02-11T03:00:00+00:00,5.800,4.400,Open-Meteo Historical Weather API,"Casalecchio di Reno, Bologna, Italy",44.4756,11.2759
2021-02-11T04:00:00+00:00,5.200,3.800,Open-Meteo Historical Weather API,"Casalecchio di Reno, Bologna, Italy",44.4756,11.2759
2021-02-11T05:00:00+00:00,4.300,3.200,Open-Meteo Historical Weather API,"Casalecchio di Reno, Bologna, Italy",44.4756,11.2759
2021-02-11T06:00:00+00:00,4.400,3.200,Open-Meteo Historical Weather API,"Casalecchio di Reno, Bologna, Italy",44.4756,11.2759
2021-02-11T07:00:00+00:00,4.600,3.500,Open-Meteo Historical Weather API,"Casalecchio di Reno, Bologna, Italy",44.4756,11.2759
2021-02-11T08:00:00+00:00,7.200,6.000,Open-Meteo Historical Weather API,"Casalecchio di Reno, Bologna, Italy",44.4756,11.2759
2021-02-11T09:00:00+00:00,9.100,6.800,Open-Meteo Historical Weather API,"Casalecchio di Reno, Bologna, Italy",44.4756,11.2759
2021-02-11T10:00:00+00:00,9.900,6.800,Open-Meteo Historical Weather API,"Casalecchio di Reno, Bologna, Italy",44.4756,11.2759
2021-02-11T11:00:00+00:00,10.600,6.300,Open-Meteo Historical Weather API,"Casalecchio di Reno, Bologna, Italy",44.4756,11.2759
2021-02-11T12:00:00+00:00,11.900,6.200,Open-Meteo Historical Weather API,"Casalecchio di Reno, Bologna, Italy",44.4756,11.2759
2021-02-11T13:00:00+00:00,11.900,5.600,Open-Meteo Historical Weather API,"Casalecchio di Reno, Bologna, Italy",44.4756,11.2759
2021-02-11T14:00:00+00:00,11.600,5.800,Open-Meteo Historical Weather API,"Casalecchio di Reno, Bologna, Italy",44.4756,11.2759
2021-02-11T15:00:00+00:00,9.600,5.300,Open-Meteo Historical Weather API,"Casalecchio di Reno, Bologna, Italy",44.4756,11.2759
2021-02-11T16:00:00+00:00,8.100,4.800,Open-Meteo Historical Weather API,"Casalecchio di Reno, Bologna, Italy",44.4756,11.2759
2021-02-11T17:00:00+00:00,7.500,4.700,Open-Meteo Historical Weather API,"Casalecchio di Reno, Bologna, Italy",44.4756,11.2759
2021-02-11T18:00:00+00:00,7.000,4.200,Open-Meteo Historical Weather API,"Casalecchio di Reno, Bologna, Italy",44.4756,11.2759
2021-02-11T19:00:00+00:00,5.800,3.200,Open-Meteo Historical Weather API,"Casalecchio di Reno, Bologna, Italy",44.4756,11.2759
2021-02-11T20:00:00+00:00,5.200,1.500,Open-Meteo Historical Weather API,"Casalecchio di Reno, Bologna, Italy",44.4756,11.2759
2021-02-11T21:00:00+00:00,4.600,0.200,Open-Meteo Historical Weather API,"Casalecchio di Reno, Bologna, Italy",44.4756,11.2759
2021-02-11T22:00:00+00:00,4.200,-0.800,Open-Meteo Historical Weather API,"Casalecchio di Reno, Bologna, Italy",44.4756,11.2759
2021-02-11T23:00:00+00:00,3.800,-1.800,Open-Meteo Historical Weather API,"Casalecchio di Reno, Bologna, Italy",44.4756,11.2759
2021-02-12T00:00:00+00:00,5.000,-0.800,Open-Meteo Historical Weather API,"Casalecchio di Reno, Bologna, Italy",44.4756,11.2759
2021-02-12T01:00:00+00:00,4.800,-1.100,Open-Meteo Historical Weather API,"Casalecchio di Reno, Bologna, Italy",44.4756,11.2759
2021-02-12T02:00:00+00:00,4.700,-1.200,Open-Meteo Historical Weather API,"Casalecchio di Reno, Bologna, Italy",44.4756,11.2759
2021-02-12T03:00:00+00:00,4.300,-1.400,Open-Meteo Historical Weather API,"Casalecchio di Reno, Bologna, Italy",44.4756,11.2759
2021-02-12T04:00:00+00:00,4.000,-2.700,Open-Meteo Historical Weather API,"Casalecchio di Reno, Bologna, Italy",44.4756,11.2759
2021-02-12T05:00:00+00:00,3.200,-3.500,Open-Meteo Historical Weather API,"Casalecchio di Reno, Bologna, Italy",44.4756,11.2759
2021-02-12T06:00:00+00:00,2.700,-4.100,Open-Meteo Historical Weather API,"Casalecchio di Reno, Bologna, Italy",44.4756,11.2759
2021-02-12T07:00:00+00:00,2.700,-3.500,Open-Meteo Historical Weather API,"Casalecchio di Reno, Bologna, Italy",44.4756,11.2759
2021-02-12T08:00:00+00:00,3.000,-2.300,Open-Meteo Historical Weather API,"Casalecchio di Reno, Bologna, Italy",44.4756,11.2759
2021-02-12T09:00:00+00:00,3.000,-2.100,Open-Meteo Historical Weather API,"Casalecchio di Reno, Bologna, Italy",44.4756,11.2759
2021-02-12T10:00:00+00:00,3.000,-2.300,Open-Meteo Historical Weather API,"Casalecchio di Reno, Bologna, Italy",44.4756,11.2759
2021-02-12T11:00:00+00:00,3.000,-2.500,Open-Meteo Historical Weather API,"Casalecchio di Reno, Bologna, Italy",44.4756,11.2759
2021-02-12T12:00:00+00:00,3.900,-2.000,Open-Meteo Historical Weather API,"Casalecchio di Reno, Bologna, Italy",44.4756,11.2759
2021-02-12T13:00:00+00:00,3.700,-1.200,Open-Meteo Historical Weather API,"Casalecchio di Reno, Bologna, Italy",44.4756,11.2759
2021-02-12T14:00:00+00:00,3.100,-1.900,Open-Meteo Historical Weather API,"Casalecchio di Reno, Bologna, Italy",44.4756,11.2759
2021-02-12T15:00:00+00:00,2.400,-2.500,Open-Meteo Historical Weather API,"Casalecchio di Reno, Bologna, Italy",44.4756,11.2759
2021-02-12T16:00:00+00:00,1.900,-2.200,Open-Meteo Historical Weather API,"Casalecchio di Reno, Bologna, Italy",44.4756,11.2759
2021-02-12T17:00:00+00:00,1.500,-2.300,Open-Meteo Historical Weather API,"Casalecchio di Reno, Bologna, Italy",44.4756,11.2759
2021-02-12T18:00:00+00:00,1.400,-2.300,Open-Meteo Historical Weather API,"Casalecchio di Reno, Bologna, Italy",44.4756,11.2759
2021-02-12T19:00:00+00:00,1.400,-2.500,Open-Meteo Historical Weather API,"Casalecchio di Reno, Bologna, Italy",44.4756,11.2759
2021-02-12T20:00:00+00:00,1.300,-2.800,Open-Meteo Historical Weather API,"Casalecchio di Reno, Bologna, Italy",44.4756,11.2759
2021-02-12T21:00:00+00:00,1.200,-2.400,Open-Meteo Historical Weather API,"Casalecchio di Reno, Bologna, Italy",44.4756,11.2759
2021-02-12T22:00:00+00:00,1.100,-1.700,Open-Meteo Historical Weather API,"Casalecchio di Reno, Bologna, Italy",44.4756,11.2759
2021-02-12T23:00:00+00:00,1.000,-1.400,Open-Meteo Historical Weather API,"Casalecchio di Reno, Bologna, Italy",44.4756,11.2759
2021-02-13T00:00:00+00:00,0.300,-0.800,Open-Meteo Historical Weather API,"Casalecchio di Reno, Bologna, Italy",44.4756,11.2759
2021-02-13T01:00:00+00:00,0.400,-0.700,Open-Meteo Historical Weather API,"Casalecchio di Reno, Bologna, Italy",44.4756,11.2759
2021-02-13T02:00:00+00:00,0.400,-0.900,Open-Meteo Historical Weather API,"Casalecchio di Reno, Bologna, Italy",44.4756,11.2759
2021-02-13T03:00:00+00:00,0.100,-1.500,Open-Meteo Historical Weather API,"Casalecchio di Reno, Bologna, Italy",44.4756,11.2759
2021-02-13T04:00:00+00:00,-0.400,-2.500,Open-Meteo Historical Weather API,"Casalecchio di Reno, Bologna, Italy",44.4756,11.2759
2021-02-13T05:00:00+00:00,-0.600,-3.200,Open-Meteo Historical Weather API,"Casalecchio di Reno, Bologna, Italy",44.4756,11.2759
2021-02-13T06:00:00+00:00,-0.700,-4.200,Open-Meteo Historical Weather API,"Casalecchio di Reno, Bologna, Italy",44.4756,11.2759
2021-02-13T07:00:00+00:00,-0.800,-5.300,Open-Meteo Historical Weather API,"Casalecchio di Reno, Bologna, Italy",44.4756,11.2759
2021-02-13T08:00:00+00:00,-0.500,-6.800,Open-Meteo Historical Weather API,"Casalecchio di Reno, Bologna, Italy",44.4756,11.2759
2021-02-13T09:00:00+00:00,0.000,-7.800,Open-Meteo Historical Weather API,"Casalecchio di Reno, Bologna, Italy",44.4756,11.2759
2021-02-13T10:00:00+00:00,0.300,-8.400,Open-Meteo Historical Weather API,"Casalecchio di Reno, Bologna, Italy",44.4756,11.2759
2021-02-13T11:00:00+00:00,0.600,-8.900,Open-Meteo Historical Weather API,"Casalecchio di Reno, Bologna, Italy",44.4756,11.2759
2021-02-13T12:00:00+00:00,1.200,-8.400,Open-Meteo Historical Weather API,"Casalecchio di Reno, Bologna, Italy",44.4756,11.2759
2021-02-13T13:00:00+00:00,1.300,-9.500,Open-Meteo Historical Weather API,"Casalecchio di Reno, Bologna, Italy",44.4756,11.2759
2021-02-13T14:00:00+00:00,0.900,-9.900,Open-Meteo Historical Weather API,"Casalecchio di Reno, Bologna, Italy",44.4756,11.2759
2021-02-13T15:00:00+00:00,0.600,-10.600,Open-Meteo Historical Weather API,"Casalecchio di Reno, Bologna, Italy",44.4756,11.2759
2021-02-13T16:00:00+00:00,0.100,-10.200,Open-Meteo Historical Weather API,"Casalecchio di Reno, Bologna, Italy",44.4756,11.2759
2021-02-13T17:00:00+00:00,-0.300,-11.200,Open-Meteo Historical Weather API,"Casalecchio di Reno, Bologna, Italy",44.4756,11.2759
2021-02-13T18:00:00+00:00,-1.100,-11.400,Open-Meteo Historical Weather API,"Casalecchio di Reno, Bologna, Italy",44.4756,11.2759
2021-02-13T19:00:00+00:00,-2.700,-11.200,Open-Meteo Historical Weather API,"Casalecchio di Reno, Bologna, Italy",44.4756,11.2759
2021-02-13T20:00:00+00:00,-3.800,-10.600,Open-Meteo Historical Weather API,"Casalecchio di Reno, Bologna, Italy",44.4756,11.2759
2021-02-13T21:00:00+00:00,-4.600,-10.400,Open-Meteo Historical Weather API,"Casalecchio di Reno, Bologna, Italy",44.4756,11.2759
2021-02-13T22:00:00+00:00,-4.800,-10.100,Open-Meteo Historical Weather API,"Casalecchio di Reno, Bologna, Italy",44.4756,11.2759
2021-02-13T23:00:00+00:00,-4.800,-10.100,Open-Meteo Historical Weather API,"Casalecchio di Reno, Bologna, Italy",44.4756,11.2759
2021-02-14T00:00:00+00:00,-5.200,-11.100,Open-Meteo Historical Weather API,"Casalecchio di Reno, Bologna, Italy",44.4756,11.2759
2021-02-14T01:00:00+00:00,-4.300,-11.400,Open-Meteo Historical Weather API,"Casalecchio di Reno, Bologna, Italy",44.4756,11.2759
2021-02-14T02:00:00+00:00,-4.100,-11.600,Open-Meteo Historical Weather API,"Casalecchio di Reno, Bologna, Italy",44.4756,11.2759
2021-02-14T03:00:00+00:00,-4.300,-12.200,Open-Meteo Historical Weather API,"Casalecchio di Reno, Bologna, Italy",44.4756,11.2759
2021-02-14T04:00:00+00:00,-4.600,-12.600,Open-Meteo Historical Weather API,"Casalecchio di Reno, Bologna, Italy",44.4756,11.2759
2021-02-14T05:00:00+00:00,-4.600,-12.500,Open-Meteo Historical Weather API,"Casalecchio di Reno, Bologna, Italy",44.4756,11.2759
2021-02-14T06:00:00+00:00,-4.700,-12.100,Open-Meteo Historical Weather API,"Casalecchio di Reno, Bologna, Italy",44.4756,11.2759
2021-02-14T07:00:00+00:00,-4.000,-10.200,Open-Meteo Historical Weather API,"Casalecchio di Reno, Bologna, Italy",44.4756,11.2759
2021-02-14T08:00:00+00:00,-2.000,-8.200,Open-Meteo Historical Weather API,"Casalecchio di Reno, Bologna, Italy",44.4756,11.2759
2021-02-14T09:00:00+00:00,0.000,-7.100,Open-Meteo Historical Weather API,"Casalecchio di Reno, Bologna, Italy",44.4756,11.2759
2021-02-14T10:00:00+00:00,1.800,-6.700,Open-Meteo Historical Weather API,"Casalecchio di Reno, Bologna, Italy",44.4756,11.2759
2021-02-14T11:00:00+00:00,3.400,-5.800,Open-Meteo Historical Weather API,"Casalecchio di Reno, Bologna, Italy",44.4756,11.2759
2021-02-14T12:00:00+00:00,3.900,-6.100,Open-Meteo Historical Weather API,"Casalecchio di Reno, Bologna, Italy",44.4756,11.2759
2021-02-14T13:00:00+00:00,4.500,-6.600,Open-Meteo Historical Weather API,"Casalecchio di Reno, Bologna, Italy",44.4756,11.2759
2021-02-14T14:00:00+00:00,4.600,-7.200,Open-Meteo Historical Weather API,"Casalecchio di Reno, Bologna, Italy",44.4756,11.2759
2021-02-14T15:00:00+00:00,4.300,-7.600,Open-Meteo Historical Weather API,"Casalecchio di Reno, Bologna, Italy",44.4756,11.2759
2021-02-14T16:00:00+00:00,3.000,-5.600,Open-Meteo Historical Weather API,"Casalecchio di Reno, Bologna, Italy",44.4756,11.2759
2021-02-14T17:00:00+00:00,-0.100,-7.100,Open-Meteo Historical Weather API,"Casalecchio di Reno, Bologna, Italy",44.4756,11.2759
2021-02-14T18:00:00+00:00,-0.200,-7.800,Open-Meteo Historical Weather API,"Casalecchio di Reno, Bologna, Italy",44.4756,11.2759
2021-02-14T19:00:00+00:00,-0.800,-8.100,Open-Meteo Historical Weather API,"Casalecchio di Reno, Bologna, Italy",44.4756,11.2759
2021-02-14T20:00:00+00:00,-1.500,-8.700,Open-Meteo Historical Weather API,"Casalecchio di Reno, Bologna, Italy",44.4756,11.2759
2021-02-14T21:00:00+00:00,-1.900,-9.600,Open-Meteo Historical Weather API,"Casalecchio di Reno, Bologna, Italy",44.4756,11.2759
2021-02-14T22:00:00+00:00,-2.000,-10.100,Open-Meteo Historical Weather API,"Casalecchio di Reno, Bologna, Italy",44.4756,11.2759
2021-02-14T23:00:00+00:00,-2.200,-10.600,Open-Meteo Historical Weather API,"Casalecchio di Reno, Bologna, Italy",44.4756,11.2759
2021-02-15T00:00:00+00:00,-2.300,-12.100,Open-Meteo Historical Weather API,"Casalecchio di Reno, Bologna, Italy",44.4756,11.2759
2021-02-15T01:00:00+00:00,-1.600,-12.800,Open-Meteo Historical Weather API,"Casalecchio di Reno, Bologna, Italy",44.4756,11.2759
2021-02-15T02:00:00+00:00,-2.100,-13.100,Open-Meteo Historical Weather API,"Casalecchio di Reno, Bologna, Italy",44.4756,11.2759
2021-02-15T03:00:00+00:00,-2.800,-13.100,Open-Meteo Historical Weather API,"Casalecchio di Reno, Bologna, Italy",44.4756,11.2759
2021-02-15T04:00:00+00:00,-3.600,-13.600,Open-Meteo Historical Weather API,"Casalecchio di Reno, Bologna, Italy",44.4756,11.2759
2021-02-15T05:00:00+00:00,-3.700,-14.400,Open-Meteo Historical Weather API,"Casalecchio di Reno, Bologna, Italy",44.4756,11.2759
2021-02-15T06:00:00+00:00,-3.500,-14.500,Open-Meteo Historical Weather API,"Casalecchio di Reno, Bologna, Italy",44.4756,11.2759
2021-02-15T07:00:00+00:00,-2.600,-12.200,Open-Meteo Historical Weather API,"Casalecchio di Reno, Bologna, Italy",44.4756,11.2759
2021-02-15T08:00:00+00:00,0.600,-7.100,Open-Meteo Historical Weather API,"Casalecchio di Reno, Bologna, Italy",44.4756,11.2759
2021-02-15T09:00:00+00:00,4.200,-6.700,Open-Meteo Historical Weather API,"Casalecchio di Reno, Bologna, Italy",44.4756,11.2759
2021-02-15T10:00:00+00:00,5.600,-8.100,Open-Meteo Historical Weather API,"Casalecchio di Reno, Bologna, Italy",44.4756,11.2759
2021-02-15T11:00:00+00:00,6.500,-8.600,Open-Meteo Historical Weather API,"Casalecchio di Reno, Bologna, Italy",44.4756,11.2759
2021-02-15T12:00:00+00:00,6.400,-9.100,Open-Meteo Historical Weather API,"Casalecchio di Reno, Bologna, Italy",44.4756,11.2759
2021-02-15T13:00:00+00:00,6.700,-9.400,Open-Meteo Historical Weather API,"Casalecchio di Reno, Bologna, Italy",44.4756,11.2759
2021-02-15T14:00:00+00:00,6.800,-9.400,Open-Meteo Historical Weather API,"Casalecchio di Reno, Bologna, Italy",44.4756,11.2759
2021-02-15T15:00:00+00:00,6.300,-9.100,Open-Meteo Historical Weather API,"Casalecchio di Reno, Bologna, Italy",44.4756,11.2759
2021-02-15T16:00:00+00:00,4.800,-3.800,Open-Meteo Historical Weather API,"Casalecchio di Reno, Bologna, Italy",44.4756,11.2759
2021-02-15T17:00:00+00:00,1.600,-6.000,Open-Meteo Historical Weather API,"Casalecchio di Reno, Bologna, Italy",44.4756,11.2759
2021-02-15T18:00:00+00:00,-0.100,-6.600,Open-Meteo Historical Weather API,"Casalecchio di Reno, Bologna, Italy",44.4756,11.2759
2021-02-15T19:00:00+00:00,0.100,-7.100,Open-Meteo Historical Weather API,"Casalecchio di Reno, Bologna, Italy",44.4756,11.2759
2021-02-15T20:00:00+00:00,0.500,-6.700,Open-Meteo Historical Weather API,"Casalecchio di Reno, Bologna, Italy",44.4756,11.2759
2021-02-15T21:00:00+00:00,0.400,-5.900,Open-Meteo Historical Weather API,"Casalecchio di Reno, Bologna, Italy",44.4756,11.2759
2021-02-15T22:00:00+00:00,-0.300,-5.200,Open-Meteo Historical Weather API,"Casalecchio di Reno, Bologna, Italy",44.4756,11.2759
2021-02-15T23:00:00+00:00,-0.400,-4.800,Open-Meteo Historical Weather API,"Casalecchio di Reno, Bologna, Italy",44.4756,11.2759
2021-02-16T00:00:00+00:00,0.200,-5.300,Open-Meteo Historical Weather API,"Casalecchio di Reno, Bologna, Italy",44.4756,11.2759
2021-02-16T01:00:00+00:00,0.600,-4.900,Open-Meteo Historical Weather API,"Casalecchio di Reno, Bologna, Italy",44.4756,11.2759
2021-02-16T02:00:00+00:00,0.300,-4.800,Open-Meteo Historical Weather API,"Casalecchio di Reno, Bologna, Italy",44.4756,11.2759
2021-02-16T03:00:00+00:00,0.400,-5.100,Open-Meteo Historical Weather API,"Casalecchio di Reno, Bologna, Italy",44.4756,11.2759
2021-02-16T04:00:00+00:00,0.600,-5.200,Open-Meteo Historical Weather API,"Casalecchio di Reno, Bologna, Italy",44.4756,11.2759
2021-02-16T05:00:00+00:00,0.500,-5.200,Open-Meteo Historical Weather API,"Casalecchio di Reno, Bologna, Italy",44.4756,11.2759
2021-02-16T06:00:00+00:00,0.300,-4.600,Open-Meteo Historical Weather API,"Casalecchio di Reno, Bologna, Italy",44.4756,11.2759
2021-02-16T07:00:00+00:00,1.200,-3.200,Open-Meteo Historical Weather API,"Casalecchio di Reno, Bologna, Italy",44.4756,11.2759
2021-02-16T08:00:00+00:00,4.100,-1.300,Open-Meteo Historical Weather API,"Casalecchio di Reno, Bologna, Italy",44.4756,11.2759
2021-02-16T09:00:00+00:00,6.300,-0.100,Open-Meteo Historical Weather API,"Casalecchio di Reno, Bologna, Italy",44.4756,11.2759
2021-02-16T10:00:00+00:00,7.400,-1.000,Open-Meteo Historical Weather API,"Casalecchio di Reno, Bologna, Italy",44.4756,11.2759
2021-02-16T11:00:00+00:00,8.100,-1.000,Open-Meteo Historical Weather API,"Casalecchio di Reno, Bologna, Italy",44.4756,11.2759
2021-02-16T12:00:00+00:00,8.800,-0.200,Open-Meteo Historical Weather API,"Casalecchio di Reno, Bologna, Italy",44.4756,11.2759
2021-02-16T13:00:00+00:00,9.200,0.800,Open-Meteo Historical Weather API,"Casalecchio di Reno, Bologna, Italy",44.4756,11.2759
2021-02-16T14:00:00+00:00,9.200,1.400,Open-Meteo Historical Weather API,"Casalecchio di Reno, Bologna, Italy",44.4756,11.2759
2021-02-16T15:00:00+00:00,9.100,1.800,Open-Meteo Historical Weather API,"Casalecchio di Reno, Bologna, Italy",44.4756,11.2759
2021-02-16T16:00:00+00:00,7.700,2.800,Open-Meteo Historical Weather API,"Casalecchio di Reno, Bologna, Italy",44.4756,11.2759
2021-02-16T17:00:00+00:00,5.300,1.900,Open-Meteo Historical Weather API,"Casalecchio di Reno, Bologna, Italy",44.4756,11.2759
2021-02-16T18:00:00+00:00,5.300,2.300,Open-Meteo Historical Weather API,"Casalecchio di Reno, Bologna, Italy",44.4756,11.2759
2021-02-16T19:00:00+00:00,5.500,3.500,Open-Meteo Historical Weather API,"Casalecchio di Reno, Bologna, Italy",44.4756,11.2759
2021-02-16T20:00:00+00:00,5.800,3.900,Open-Meteo Historical Weather API,"Casalecchio di Reno, Bologna, Italy",44.4756,11.2759
2021-02-16T21:00:00+00:00,5.500,3.800,Open-Meteo Historical Weather API,"Casalecchio di Reno, Bologna, Italy",44.4756,11.2759
2021-02-16T22:00:00+00:00,5.300,3.800,Open-Meteo Historical Weather API,"Casalecchio di Reno, Bologna, Italy",44.4756,11.2759
2021-02-16T23:00:00+00:00,5.400,3.900,Open-Meteo Historical Weather API,"Casalecchio di Reno, Bologna, Italy",44.4756,11.2759
2021-02-17T00:00:00+00:00,5.700,3.700,Open-Meteo Historical Weather API,"Casalecchio di Reno, Bologna, Italy",44.4756,11.2759
2021-02-17T01:00:00+00:00,6.000,4.000,Open-Meteo Historical Weather API,"Casalecchio di Reno, Bologna, Italy",44.4756,11.2759
2021-02-17T02:00:00+00:00,5.800,3.900,Open-Meteo Historical Weather API,"Casalecchio di Reno, Bologna, Italy",44.4756,11.2759
2021-02-17T03:00:00+00:00,6.300,4.100,Open-Meteo Historical Weather API,"Casalecchio di Reno, Bologna, Italy",44.4756,11.2759
2021-02-17T04:00:00+00:00,6.700,4.200,Open-Meteo Historical Weather API,"Casalecchio di Reno, Bologna, Italy",44.4756,11.2759
2021-02-17T05:00:00+00:00,7.500,4.400,Open-Meteo Historical Weather API,"Casalecchio di Reno, Bologna, Italy",44.4756,11.2759
2021-02-17T06:00:00+00:00,6.900,4.700,Open-Meteo Historical Weather API,"Casalecchio di Reno, Bologna, Italy",44.4756,11.2759
2021-02-17T07:00:00+00:00,7.100,4.900,Open-Meteo Historical Weather API,"Casalecchio di Reno, Bologna, Italy",44.4756,11.2759
2021-02-17T08:00:00+00:00,8.100,5.500,Open-Meteo Historical Weather API,"Casalecchio di Reno, Bologna, Italy",44.4756,11.2759
2021-02-17T09:00:00+00:00,8.800,5.700,Open-Meteo Historical Weather API,"Casalecchio di Reno, Bologna, Italy",44.4756,11.2759
2021-02-17T10:00:00+00:00,9.600,5.900,Open-Meteo Historical Weather API,"Casalecchio di Reno, Bologna, Italy",44.4756,11.2759
2021-02-17T11:00:00+00:00,10.600,6.200,Open-Meteo Historical Weather API,"Casalecchio di Reno, Bologna, Italy",44.4756,11.2759
2021-02-17T12:00:00+00:00,10.600,5.400,Open-Meteo Historical Weather API,"Casalecchio di Reno, Bologna, Italy",44.4756,11.2759
2021-02-17T13:00:00+00:00,11.300,6.000,Open-Meteo Historical Weather API,"Casalecchio di Reno, Bologna, Italy",44.4756,11.2759
2021-02-17T14:00:00+00:00,11.900,6.600,Open-Meteo Historical Weather API,"Casalecchio di Reno, Bologna, Italy",44.4756,11.2759
2021-02-17T15:00:00+00:00,11.800,6.900,Open-Meteo Historical Weather API,"Casalecchio di Reno, Bologna, Italy",44.4756,11.2759
2021-02-17T16:00:00+00:00,10.300,7.400,Open-Meteo Historical Weather API,"Casalecchio di Reno, Bologna, Italy",44.4756,11.2759
2021-02-17T17:00:00+00:00,7.800,6.200,Open-Meteo Historical Weather API,"Casalecchio di Reno, Bologna, Italy",44.4756,11.2759
2021-02-17T18:00:00+00:00,7.200,5.900,Open-Meteo Historical Weather API,"Casalecchio di Reno, Bologna, Italy",44.4756,11.2759
2021-02-17T19:00:00+00:00,6.700,5.600,Open-Meteo Historical Weather API,"Casalecchio di Reno, Bologna, Italy",44.4756,11.2759
2021-02-17T20:00:00+00:00,7.200,5.800,Open-Meteo Historical Weather API,"Casalecchio di Reno, Bologna, Italy",44.4756,11.2759
2021-02-17T21:00:00+00:00,7.600,6.100,Open-Meteo Historical Weather API,"Casalecchio di Reno, Bologna, Italy",44.4756,11.2759
2021-02-17T22:00:00+00:00,6.500,5.500,Open-Meteo Historical Weather API,"Casalecchio di Reno, Bologna, Italy",44.4756,11.2759
2021-02-17T23:00:00+00:00,7.200,6.000,Open-Meteo Historical Weather API,"Casalecchio di Reno, Bologna, Italy",44.4756,11.2759
2021-02-18T00:00:00+00:00,6.100,5.600,Open-Meteo Historical Weather API,"Casalecchio di Reno, Bologna, Italy",44.4756,11.2759
2021-02-18T01:00:00+00:00,4.800,4.600,Open-Meteo Historical Weather API,"Casalecchio di Reno, Bologna, Italy",44.4756,11.2759
2021-02-18T02:00:00+00:00,5.000,4.600,Open-Meteo Historical Weather API,"Casalecchio di Reno, Bologna, Italy",44.4756,11.2759
2021-02-18T03:00:00+00:00,4.400,4.000,Open-Meteo Historical Weather API,"Casalecchio di Reno, Bologna, Italy",44.4756,11.2759
2021-02-18T04:00:00+00:00,4.900,4.800,Open-Meteo Historical Weather API,"Casalecchio di Reno, Bologna, Italy",44.4756,11.2759
2021-02-18T05:00:00+00:00,4.700,4.600,Open-Meteo Historical Weather API,"Casalecchio di Reno, Bologna, Italy",44.4756,11.2759
2021-02-18T06:00:00+00:00,3.600,3.500,Open-Meteo Historical Weather API,"Casalecchio di Reno, Bologna, Italy",44.4756,11.2759
2021-02-18T07:00:00+00:00,5.700,5.100,Open-Meteo Historical Weather API,"Casalecchio di Reno, Bologna, Italy",44.4756,11.2759
2021-02-18T08:00:00+00:00,8.400,6.300,Open-Meteo Historical Weather API,"Casalecchio di Reno, Bologna, Italy",44.4756,11.2759
2021-02-18T09:00:00+00:00,10.400,7.100,Open-Meteo Historical Weather API,"Casalecchio di Reno, Bologna, Italy",44.4756,11.2759
2021-02-18T10:00:00+00:00,11.600,7.800,Open-Meteo Historical Weather API,"Casalecchio di Reno, Bologna, Italy",44.4756,11.2759
2021-02-18T11:00:00+00:00,12.700,8.300,Open-Meteo Historical Weather API,"Casalecchio di Reno, Bologna, Italy",44.4756,11.2759
2021-02-18T12:00:00+00:00,12.100,7.400,Open-Meteo Historical Weather API,"Casalecchio di Reno, Bologna, Italy",44.4756,11.2759
2021-02-18T13:00:00+00:00,11.600,6.800,Open-Meteo Historical Weather API,"Casalecchio di Reno, Bologna, Italy",44.4756,11.2759
2021-02-18T14:00:00+00:00,11.900,6.800,Open-Meteo Historical Weather API,"Casalecchio di Reno, Bologna, Italy",44.4756,11.2759
2021-02-18T15:00:00+00:00,11.800,6.900,Open-Meteo Historical Weather API,"Casalecchio di Reno, Bologna, Italy",44.4756,11.2759
2021-02-18T16:00:00+00:00,10.900,7.600,Open-Meteo Historical Weather API,"Casalecchio di Reno, Bologna, Italy",44.4756,11.2759
2021-02-18T17:00:00+00:00,9.900,7.200,Open-Meteo Historical Weather API,"Casalecchio di Reno, Bologna, Italy",44.4756,11.2759
2021-02-18T18:00:00+00:00,9.600,7.200,Open-Meteo Historical Weather API,"Casalecchio di Reno, Bologna, Italy",44.4756,11.2759
2021-02-18T19:00:00+00:00,9.800,7.200,Open-Meteo Historical Weather API,"Casalecchio di Reno, Bologna, Italy",44.4756,11.2759
2021-02-18T20:00:00+00:00,9.200,7.100,Open-Meteo Historical Weather API,"Casalecchio di Reno, Bologna, Italy",44.4756,11.2759
2021-02-18T21:00:00+00:00,7.400,6.000,Open-Meteo Historical Weather API,"Casalecchio di Reno, Bologna, Italy",44.4756,11.2759
2021-02-18T22:00:00+00:00,7.200,5.400,Open-Meteo Historical Weather API,"Casalecchio di Reno, Bologna, Italy",44.4756,11.2759
2021-02-18T23:00:00+00:00,6.900,4.800,Open-Meteo Historical Weather API,"Casalecchio di Reno, Bologna, Italy",44.4756,11.2759
2021-02-19T00:00:00+00:00,7.800,5.100,Open-Meteo Historical Weather API,"Casalecchio di Reno, Bologna, Italy",44.4756,11.2759
2021-02-19T01:00:00+00:00,8.300,4.800,Open-Meteo Historical Weather API,"Casalecchio di Reno, Bologna, Italy",44.4756,11.2759
2021-02-19T02:00:00+00:00,8.900,4.700,Open-Meteo Historical Weather API,"Casalecchio di Reno, Bologna, Italy",44.4756,11.2759
2021-02-19T03:00:00+00:00,8.400,4.800,Open-Meteo Historical Weather API,"Casalecchio di Reno, Bologna, Italy",44.4756,11.2759
2021-02-19T04:00:00+00:00,8.400,5.100,Open-Meteo Historical Weather API,"Casalecchio di Reno, Bologna, Italy",44.4756,11.2759
2021-02-19T05:00:00+00:00,7.600,5.400,Open-Meteo Historical Weather API,"Casalecchio di Reno, Bologna, Italy",44.4756,11.2759
2021-02-19T06:00:00+00:00,7.800,5.800,Open-Meteo Historical Weather API,"Casalecchio di Reno, Bologna, Italy",44.4756,11.2759
2021-02-19T07:00:00+00:00,9.100,6.200,Open-Meteo Historical Weather API,"Casalecchio di Reno, Bologna, Italy",44.4756,11.2759
2021-02-19T08:00:00+00:00,11.200,7.200,Open-Meteo Historical Weather API,"Casalecchio di Reno, Bologna, Italy",44.4756,11.2759
2021-02-19T09:00:00+00:00,12.800,7.300,Open-Meteo Historical Weather API,"Casalecchio di Reno, Bologna, Italy",44.4756,11.2759
2021-02-19T10:00:00+00:00,13.600,7.300,Open-Meteo Historical Weather API,"Casalecchio di Reno, Bologna, Italy",44.4756,11.2759
2021-02-19T11:00:00+00:00,14.400,7.500,Open-Meteo Historical Weather API,"Casalecchio di Reno, Bologna, Italy",44.4756,11.2759
2021-02-19T12:00:00+00:00,14.900,6.500,Open-Meteo Historical Weather API,"Casalecchio di Reno, Bologna, Italy",44.4756,11.2759
2021-02-19T13:00:00+00:00,15.300,6.000,Open-Meteo Historical Weather API,"Casalecchio di Reno, Bologna, Italy",44.4756,11.2759
2021-02-19T14:00:00+00:00,15.000,6.200,Open-Meteo Historical Weather API,"Casalecchio di Reno, Bologna, Italy",44.4756,11.2759
2021-02-19T15:00:00+00:00,14.400,7.600,Open-Meteo Historical Weather API,"Casalecchio di Reno, Bologna, Italy",44.4756,11.2759
2021-02-19T16:00:00+00:00,12.400,10.200,Open-Meteo Historical Weather API,"Casalecchio di Reno, Bologna, Italy",44.4756,11.2759
2021-02-19T17:00:00+00:00,11.900,8.700,Open-Meteo Historical Weather API,"Casalecchio di Reno, Bologna, Italy",44.4756,11.2759
2021-02-19T18:00:00+00:00,9.100,7.300,Open-Meteo Historical Weather API,"Casalecchio di Reno, Bologna, Italy",44.4756,11.2759
2021-02-19T19:00:00+00:00,9.800,6.600,Open-Meteo Historical Weather API,"Casalecchio di Reno, Bologna, Italy",44.4756,11.2759
2021-02-19T20:00:00+00:00,9.200,6.600,Open-Meteo Historical Weather API,"Casalecchio di Reno, Bologna, Italy",44.4756,11.2759
2021-02-19T21:00:00+00:00,9.600,6.700,Open-Meteo Historical Weather API,"Casalecchio di Reno, Bologna, Italy",44.4756,11.2759
2021-02-19T22:00:00+00:00,9.600,6.500,Open-Meteo Historical Weather API,"Casalecchio di Reno, Bologna, Italy",44.4756,11.2759
2021-02-19T23:00:00+00:00,8.600,6.300,Open-Meteo Historical Weather API,"Casalecchio di Reno, Bologna, Italy",44.4756,11.2759
2021-02-20T00:00:00+00:00,9.800,6.200,Open-Meteo Historical Weather API,"Casalecchio di Reno, Bologna, Italy",44.4756,11.2759
2021-02-20T01:00:00+00:00,9.600,6.500,Open-Meteo Historical Weather API,"Casalecchio di Reno, Bologna, Italy",44.4756,11.2759
2021-02-20T02:00:00+00:00,9.600,6.600,Open-Meteo Historical Weather API,"Casalecchio di Reno, Bologna, Italy",44.4756,11.2759
2021-02-20T03:00:00+00:00,9.400,6.300,Open-Meteo Historical Weather API,"Casalecchio di Reno, Bologna, Italy",44.4756,11.2759
2021-02-20T04:00:00+00:00,9.200,6.100,Open-Meteo Historical Weather API,"Casalecchio di Reno, Bologna, Italy",44.4756,11.2759
2021-02-20T05:00:00+00:00,8.800,6.100,Open-Meteo Historical Weather API,"Casalecchio di Reno, Bologna, Italy",44.4756,11.2759
2021-02-20T06:00:00+00:00,8.200,6.100,Open-Meteo Historical Weather API,"Casalecchio di Reno, Bologna, Italy",44.4756,11.2759
2021-02-20T07:00:00+00:00,8.900,6.500,Open-Meteo Historical Weather API,"Casalecchio di Reno, Bologna, Italy",44.4756,11.2759
2021-02-20T08:00:00+00:00,10.900,7.500,Open-Meteo Historical Weather API,"Casalecchio di Reno, Bologna, Italy",44.4756,11.2759
2021-02-20T09:00:00+00:00,13.000,8.200,Open-Meteo Historical Weather API,"Casalecchio di Reno, Bologna, Italy",44.4756,11.2759
2021-02-20T10:00:00+00:00,14.300,7.400,Open-Meteo Historical Weather API,"Casalecchio di Reno, Bologna, Italy",44.4756,11.2759
2021-02-20T11:00:00+00:00,14.900,7.800,Open-Meteo Historical Weather API,"Casalecchio di Reno, Bologna, Italy",44.4756,11.2759
2021-02-20T12:00:00+00:00,14.600,9.200,Open-Meteo Historical Weather API,"Casalecchio di Reno, Bologna, Italy",44.4756,11.2759
2021-02-20T13:00:00+00:00,14.200,8.800,Open-Meteo Historical Weather API,"Casalecchio di Reno, Bologna, Italy",44.4756,11.2759
2021-02-20T14:00:00+00:00,13.900,7.800,Open-Meteo Historical Weather API,"Casalecchio di Reno, Bologna, Italy",44.4756,11.2759
2021-02-20T15:00:00+00:00,13.900,7.500,Open-Meteo Historical Weather API,"Casalecchio di Reno, Bologna, Italy",44.4756,11.2759
2021-02-20T16:00:00+00:00,12.800,9.100,Open-Meteo Historical Weather API,"Casalecchio di Reno, Bologna, Italy",44.4756,11.2759
2021-02-20T17:00:00+00:00,11.100,7.200,Open-Meteo Historical Weather API,"Casalecchio di Reno, Bologna, Italy",44.4756,11.2759
2021-02-20T18:00:00+00:00,9.400,7.300,Open-Meteo Historical Weather API,"Casalecchio di Reno, Bologna, Italy",44.4756,11.2759
2021-02-20T19:00:00+00:00,9.000,7.800,Open-Meteo Historical Weather API,"Casalecchio di Reno, Bologna, Italy",44.4756,11.2759
2021-02-20T20:00:00+00:00,7.000,6.400,Open-Meteo Historical Weather API,"Casalecchio di Reno, Bologna, Italy",44.4756,11.2759
2021-02-20T21:00:00+00:00,6.800,5.800,Open-Meteo Historical Weather API,"Casalecchio di Reno, Bologna, Italy",44.4756,11.2759
2021-02-20T22:00:00+00:00,6.700,5.400,Open-Meteo Historical Weather API,"Casalecchio di Reno, Bologna, Italy",44.4756,11.2759
2021-02-20T23:00:00+00:00,6.400,5.300,Open-Meteo Historical Weather API,"Casalecchio di Reno, Bologna, Italy",44.4756,11.2759
2021-02-21T00:00:00+00:00,6.200,5.600,Open-Meteo Historical Weather API,"Casalecchio di Reno, Bologna, Italy",44.4756,11.2759
2021-02-21T01:00:00+00:00,6.100,5.300,Open-Meteo Historical Weather API,"Casalecchio di Reno, Bologna, Italy",44.4756,11.2759
2021-02-21T02:00:00+00:00,5.800,4.900,Open-Meteo Historical Weather API,"Casalecchio di Reno, Bologna, Italy",44.4756,11.2759
2021-02-21T03:00:00+00:00,5.400,4.600,Open-Meteo Historical Weather API,"Casalecchio di Reno, Bologna, Italy",44.4756,11.2759
2021-02-21T04:00:00+00:00,5.000,4.200,Open-Meteo Historical Weather API,"Casalecchio di Reno, Bologna, Italy",44.4756,11.2759
2021-02-21T05:00:00+00:00,4.300,3.700,Open-Meteo Historical Weather API,"Casalecchio di Reno, Bologna, Italy",44.4756,11.2759
2021-02-21T06:00:00+00:00,3.800,3.200,Open-Meteo Historical Weather API,"Casalecchio di Reno, Bologna, Italy",44.4756,11.2759
2021-02-21T07:00:00+00:00,4.900,4.100,Open-Meteo Historical Weather API,"Casalecchio di Reno, Bologna, Italy",44.4756,11.2759
2021-02-21T08:00:00+00:00,8.600,6.600,Open-Meteo Historical Weather API,"Casalecchio di Reno, Bologna, Italy",44.4756,11.2759
2021-02-21T09:00:00+00:00,10.000,7.800,Open-Meteo Historical Weather API,"Casalecchio di Reno, Bologna, Italy",44.4756,11.2759
2021-02-21T10:00:00+00:00,11.400,8.300,Open-Meteo Historical Weather API,"Casalecchio di Reno, Bologna, Italy",44.4756,11.2759
2021-02-21T11:00:00+00:00,12.600,8.500,Open-Meteo Historical Weather API,"Casalecchio di Reno, Bologna, Italy",44.4756,11.2759
2021-02-21T12:00:00+00:00,11.200,7.600,Open-Meteo Historical Weather API,"Casalecchio di Reno, Bologna, Italy",44.4756,11.2759
2021-02-21T13:00:00+00:00,11.800,7.600,Open-Meteo Historical Weather API,"Casalecchio di Reno, Bologna, Italy",44.4756,11.2759
2021-02-21T14:00:00+00:00,12.000,7.500,Open-Meteo Historical Weather API,"Casalecchio di Reno, Bologna, Italy",44.4756,11.2759
2021-02-21T15:00:00+00:00,12.100,7.500,Open-Meteo Historical Weather API,"Casalecchio di Reno, Bologna, Italy",44.4756,11.2759
2021-02-21T16:00:00+00:00,11.800,7.800,Open-Meteo Historical Weather API,"Casalecchio di Reno, Bologna, Italy",44.4756,11.2759
2021-02-21T17:00:00+00:00,8.900,7.200,Open-Meteo Historical Weather API,"Casalecchio di Reno, Bologna, Italy",44.4756,11.2759
2021-02-21T18:00:00+00:00,8.400,7.200,Open-Meteo Historical Weather API,"Casalecchio di Reno, Bologna, Italy",44.4756,11.2759
2021-02-21T19:00:00+00:00,6.600,6.000,Open-Meteo Historical Weather API,"Casalecchio di Reno, Bologna, Italy",44.4756,11.2759
2021-02-21T20:00:00+00:00,6.300,5.600,Open-Meteo Historical Weather API,"Casalecchio di Reno, Bologna, Italy",44.4756,11.2759
2021-02-21T21:00:00+00:00,5.400,5.000,Open-Meteo Historical Weather API,"Casalecchio di Reno, Bologna, Italy",44.4756,11.2759
2021-02-21T22:00:00+00:00,4.200,4.000,Open-Meteo Historical Weather API,"Casalecchio di Reno, Bologna, Italy",44.4756,11.2759
2021-02-21T23:00:00+00:00,4.400,4.000,Open-Meteo Historical Weather API,"Casalecchio di Reno, Bologna, Italy",44.4756,11.2759
2021-02-22T00:00:00+00:00,5.500,4.800,Open-Meteo Historical Weather API,"Casalecchio di Reno, Bologna, Italy",44.4756,11.2759
2021-02-22T01:00:00+00:00,6.200,5.300,Open-Meteo Historical Weather API,"Casalecchio di Reno, Bologna, Italy",44.4756,11.2759
2021-02-22T02:00:00+00:00,6.500,5.700,Open-Meteo Historical Weather API,"Casalecchio di Reno, Bologna, Italy",44.4756,11.2759
2021-02-22T03:00:00+00:00,6.800,5.800,Open-Meteo Historical Weather API,"Casalecchio di Reno, Bologna, Italy",44.4756,11.2759
2021-02-22T04:00:00+00:00,6.600,5.800,Open-Meteo Historical Weather API,"Casalecchio di Reno, Bologna, Italy",44.4756,11.2759
2021-02-22T05:00:00+00:00,6.600,5.800,Open-Meteo Historical Weather API,"Casalecchio di Reno, Bologna, Italy",44.4756,11.2759
2021-02-22T06:00:00+00:00,6.000,5.400,Open-Meteo Historical Weather API,"Casalecchio di Reno, Bologna, Italy",44.4756,11.2759
2021-02-22T07:00:00+00:00,7.100,5.900,Open-Meteo Historical Weather API,"Casalecchio di Reno, Bologna, Italy",44.4756,11.2759
2021-02-22T08:00:00+00:00,9.100,6.800,Open-Meteo Historical Weather API,"Casalecchio di Reno, Bologna, Italy",44.4756,11.2759
2021-02-22T09:00:00+00:00,10.300,7.600,Open-Meteo Historical Weather API,"Casalecchio di Reno, Bologna, Italy",44.4756,11.2759
2021-02-22T10:00:00+00:00,11.200,7.700,Open-Meteo Historical Weather API,"Casalecchio di Reno, Bologna, Italy",44.4756,11.2759
2021-02-22T11:00:00+00:00,12.100,7.900,Open-Meteo Historical Weather API,"Casalecchio di Reno, Bologna, Italy",44.4756,11.2759
2021-02-22T12:00:00+00:00,10.900,7.800,Open-Meteo Historical Weather API,"Casalecchio di Reno, Bologna, Italy",44.4756,11.2759
2021-02-22T13:00:00+00:00,11.500,7.900,Open-Meteo Historical Weather API,"Casalecchio di Reno, Bologna, Italy",44.4756,11.2759
2021-02-22T14:00:00+00:00,11.900,8.100,Open-Meteo Historical Weather API,"Casalecchio di Reno, Bologna, Italy",44.4756,11.2759
2021-02-22T15:00:00+00:00,12.000,8.200,Open-Meteo Historical Weather API,"Casalecchio di Reno, Bologna, Italy",44.4756,11.2759
2021-02-22T16:00:00+00:00,11.400,8.300,Open-Meteo Historical Weather API,"Casalecchio di Reno, Bologna, Italy",44.4756,11.2759
2021-02-22T17:00:00+00:00,9.200,7.800,Open-Meteo Historical Weather API,"Casalecchio di Reno, Bologna, Italy",44.4756,11.2759
2021-02-22T18:00:00+00:00,10.100,7.600,Open-Meteo Historical Weather API,"Casalecchio di Reno, Bologna, Italy",44.4756,11.2759
2021-02-22T19:00:00+00:00,7.800,6.800,Open-Meteo Historical Weather API,"Casalecchio di Reno, Bologna, Italy",44.4756,11.2759
2021-02-22T20:00:00+00:00,7.500,6.600,Open-Meteo Historical Weather API,"Casalecchio di Reno, Bologna, Italy",44.4756,11.2759
2021-02-22T21:00:00+00:00,7.700,6.800,Open-Meteo Historical Weather API,"Casalecchio di Reno, Bologna, Italy",44.4756,11.2759
2021-02-22T22:00:00+00:00,7.700,6.900,Open-Meteo Historical Weather API,"Casalecchio di Reno, Bologna, Italy",44.4756,11.2759
2021-02-22T23:00:00+00:00,8.000,7.200,Open-Meteo Historical Weather API,"Casalecchio di Reno, Bologna, Italy",44.4756,11.2759
2021-02-23T00:00:00+00:00,6.800,6.200,Open-Meteo Historical Weather API,"Casalecchio di Reno, Bologna, Italy",44.4756,11.2759
2021-02-23T01:00:00+00:00,6.600,5.900,Open-Meteo Historical Weather API,"Casalecchio di Reno, Bologna, Italy",44.4756,11.2759
2021-02-23T02:00:00+00:00,6.200,5.300,Open-Meteo Historical Weather API,"Casalecchio di Reno, Bologna, Italy",44.4756,11.2759
2021-02-23T03:00:00+00:00,6.200,4.900,Open-Meteo Historical Weather API,"Casalecchio di Reno, Bologna, Italy",44.4756,11.2759
2021-02-23T04:00:00+00:00,5.800,4.500,Open-Meteo Historical Weather API,"Casalecchio di Reno, Bologna, Italy",44.4756,11.2759
2021-02-23T05:00:00+00:00,5.300,4.000,Open-Meteo Historical Weather API,"Casalecchio di Reno, Bologna, Italy",44.4756,11.2759
2021-02-23T06:00:00+00:00,4.700,3.500,Open-Meteo Historical Weather API,"Casalecchio di Reno, Bologna, Italy",44.4756,11.2759
2021-02-23T07:00:00+00:00,6.100,4.200,Open-Meteo Historical Weather API,"Casalecchio di Reno, Bologna, Italy",44.4756,11.2759
2021-02-23T08:00:00+00:00,10.200,6.300,Open-Meteo Historical Weather API,"Casalecchio di Reno, Bologna, Italy",44.4756,11.2759
2021-02-23T09:00:00+00:00,12.900,6.200,Open-Meteo Historical Weather API,"Casalecchio di Reno, Bologna, Italy",44.4756,11.2759
2021-02-23T10:00:00+00:00,13.800,7.100,Open-Meteo Historical Weather API,"Casalecchio di Reno, Bologna, Italy",44.4756,11.2759
2021-02-23T11:00:00+00:00,14.600,7.600,Open-Meteo Historical Weather API,"Casalecchio di Reno, Bologna, Italy",44.4756,11.2759
2021-02-23T12:00:00+00:00,14.700,7.800,Open-Meteo Historical Weather API,"Casalecchio di Reno, Bologna, Italy",44.4756,11.2759
2021-02-23T13:00:00+00:00,15.100,7.900,Open-Meteo Historical Weather API,"Casalecchio di Reno, Bologna, Italy",44.4756,11.2759
2021-02-23T14:00:00+00:00,15.400,7.900,Open-Meteo Historical Weather API,"Casalecchio di Reno, Bologna, Italy",44.4756,11.2759
2021-02-23T15:00:00+00:00,15.200,7.900,Open-Meteo Historical Weather API,"Casalecchio di Reno, Bologna, Italy",44.4756,11.2759
2021-02-23T16:00:00+00:00,13.600,10.100,Open-Meteo Historical Weather API,"Casalecchio di Reno, Bologna, Italy",44.4756,11.2759
2021-02-23T17:00:00+00:00,12.600,7.900,Open-Meteo Historical Weather API,"Casalecchio di Reno, Bologna, Italy",44.4756,11.2759
2021-02-23T18:00:00+00:00,8.600,6.500,Open-Meteo Historical Weather API,"Casalecchio di Reno, Bologna, Italy",44.4756,11.2759
2021-02-23T19:00:00+00:00,9.400,7.100,Open-Meteo Historical Weather API,"Casalecchio di Reno, Bologna, Italy",44.4756,11.2759
2021-02-23T20:00:00+00:00,8.000,6.500,Open-Meteo Historical Weather API,"Casalecchio di Reno, Bologna, Italy",44.4756,11.2759
2021-02-23T21:00:00+00:00,6.700,5.700,Open-Meteo Historical Weather API,"Casalecchio di Reno, Bologna, Italy",44.4756,11.2759
2021-02-23T22:00:00+00:00,6.300,5.200,Open-Meteo Historical Weather API,"Casalecchio di Reno, Bologna, Italy",44.4756,11.2759
2021-02-23T23:00:00+00:00,6.300,4.900,Open-Meteo Historical Weather API,"Casalecchio di Reno, Bologna, Italy",44.4756,11.2759
2021-02-24T00:00:00+00:00,6.200,4.700,Open-Meteo Historical Weather API,"Casalecchio di Reno, Bologna, Italy",44.4756,11.2759
2021-02-24T01:00:00+00:00,6.400,4.800,Open-Meteo Historical Weather API,"Casalecchio di Reno, Bologna, Italy",44.4756,11.2759
2021-02-24T02:00:00+00:00,6.600,4.700,Open-Meteo Historical Weather API,"Casalecchio di Reno, Bologna, Italy",44.4756,11.2759
2021-02-24T03:00:00+00:00,6.700,4.400,Open-Meteo Historical Weather API,"Casalecchio di Reno, Bologna, Italy",44.4756,11.2759
2021-02-24T04:00:00+00:00,6.800,4.100,Open-Meteo Historical Weather API,"Casalecchio di Reno, Bologna, Italy",44.4756,11.2759
2021-02-24T05:00:00+00:00,6.300,3.800,Open-Meteo Historical Weather API,"Casalecchio di Reno, Bologna, Italy",44.4756,11.2759
2021-02-24T06:00:00+00:00,6.200,3.800,Open-Meteo Historical Weather API,"Casalecchio di Reno, Bologna, Italy",44.4756,11.2759
2021-02-24T07:00:00+00:00,8.100,4.800,Open-Meteo Historical Weather API,"Casalecchio di Reno, Bologna, Italy",44.4756,11.2759
2021-02-24T08:00:00+00:00,12.100,7.000,Open-Meteo Historical Weather API,"Casalecchio di Reno, Bologna, Italy",44.4756,11.2759
2021-02-24T09:00:00+00:00,14.100,7.600,Open-Meteo Historical Weather API,"Casalecchio di Reno, Bologna, Italy",44.4756,11.2759
2021-02-24T10:00:00+00:00,15.300,8.000,Open-Meteo Historical Weather API,"Casalecchio di Reno, Bologna, Italy",44.4756,11.2759
2021-02-24T11:00:00+00:00,16.500,7.900,Open-Meteo Historical Weather API,"Casalecchio di Reno, Bologna, Italy",44.4756,11.2759
2021-02-24T12:00:00+00:00,17.200,7.400,Open-Meteo Historical Weather API,"Casalecchio di Reno, Bologna, Italy",44.4756,11.2759
2021-02-24T13:00:00+00:00,17.700,7.600,Open-Meteo Historical Weather API,"Casalecchio di Reno, Bologna, Italy",44.4756,11.2759
2021-02-24T14:00:00+00:00,17.900,7.800,Open-Meteo Historical Weather API,"Casalecchio di Reno, Bologna, Italy",44.4756,11.2759
2021-02-24T15:00:00+00:00,17.500,8.600,Open-Meteo Historical Weather API,"Casalecchio di Reno, Bologna, Italy",44.4756,11.2759
2021-02-24T16:00:00+00:00,15.200,10.700,Open-Meteo Historical Weather API,"Casalecchio di Reno, Bologna, Italy",44.4756,11.2759
2021-02-24T17:00:00+00:00,10.700,7.500,Open-Meteo Historical Weather API,"Casalecchio di Reno, Bologna, Italy",44.4756,11.2759
2021-02-24T18:00:00+00:00,11.100,7.400,Open-Meteo Historical Weather API,"Casalecchio di Reno, Bologna, Italy",44.4756,11.2759
2021-02-24T19:00:00+00:00,9.700,6.700,Open-Meteo Historical Weather API,"Casalecchio di Reno, Bologna, Italy",44.4756,11.2759
2021-02-24T20:00:00+00:00,8.600,6.000,Open-Meteo Historical Weather API,"Casalecchio di Reno, Bologna, Italy",44.4756,11.2759
2021-02-24T21:00:00+00:00,7.800,5.700,Open-Meteo Historical Weather API,"Casalecchio di Reno, Bologna, Italy",44.4756,11.2759
2021-02-24T22:00:00+00:00,7.300,5.200,Open-Meteo Historical Weather API,"Casalecchio di Reno, Bologna, Italy",44.4756,11.2759
2021-02-24T23:00:00+00:00,6.900,4.800,Open-Meteo Historical Weather API,"Casalecchio di Reno, Bologna, Italy",44.4756,11.2759
2021-02-25T00:00:00+00:00,7.800,3.800,Open-Meteo Historical Weather API,"Casalecchio di Reno, Bologna, Italy",44.4756,11.2759
2021-02-25T01:00:00+00:00,7.300,3.000,Open-Meteo Historical Weather API,"Casalecchio di Reno, Bologna, Italy",44.4756,11.2759
2021-02-25T02:00:00+00:00,7.100,2.000,Open-Meteo Historical Weather API,"Casalecchio di Reno, Bologna, Italy",44.4756,11.2759
2021-02-25T03:00:00+00:00,7.100,1.400,Open-Meteo Historical Weather API,"Casalecchio di Reno, Bologna, Italy",44.4756,11.2759
2021-02-25T04:00:00+00:00,6.500,0.900,Open-Meteo Historical Weather API,"Casalecchio di Reno, Bologna, Italy",44.4756,11.2759
2021-02-25T05:00:00+00:00,6.000,0.200,Open-Meteo Historical Weather API,"Casalecchio di Reno, Bologna, Italy",44.4756,11.2759
2021-02-25T06:00:00+00:00,5.700,-0.200,Open-Meteo Historical Weather API,"Casalecchio di Reno, Bologna, Italy",44.4756,11.2759
2021-02-25T07:00:00+00:00,7.600,1.500,Open-Meteo Historical Weather API,"Casalecchio di Reno, Bologna, Italy",44.4756,11.2759
2021-02-25T08:00:00+00:00,12.400,4.700,Open-Meteo Historical Weather API,"Casalecchio di Reno, Bologna, Italy",44.4756,11.2759
2021-02-25T09:00:00+00:00,15.400,5.200,Open-Meteo Historical Weather API,"Casalecchio di Reno, Bologna, Italy",44.4756,11.2759
2021-02-25T10:00:00+00:00,16.600,6.200,Open-Meteo Historical Weather API,"Casalecchio di Reno, Bologna, Italy",44.4756,11.2759
2021-02-25T11:00:00+00:00,17.400,6.900,Open-Meteo Historical Weather API,"Casalecchio di Reno, Bologna, Italy",44.4756,11.2759
2021-02-25T12:00:00+00:00,17.900,6.300,Open-Meteo Historical Weather API,"Casalecchio di Reno, Bologna, Italy",44.4756,11.2759
2021-02-25T13:00:00+00:00,18.200,6.800,Open-Meteo Historical Weather API,"Casalecchio di Reno, Bologna, Italy",44.4756,11.2759
2021-02-25T14:00:00+00:00,18.200,7.500,Open-Meteo Historical Weather API,"Casalecchio di Reno, Bologna, Italy",44.4756,11.2759
2021-02-25T15:00:00+00:00,17.800,8.400,Open-Meteo Historical Weather API,"Casalecchio di Reno, Bologna, Italy",44.4756,11.2759
2021-02-25T16:00:00+00:00,16.400,10.600,Open-Meteo Historical Weather API,"Casalecchio di Reno, Bologna, Italy",44.4756,11.2759
2021-02-25T17:00:00+00:00,15.800,8.100,Open-Meteo Historical Weather API,"Casalecchio di Reno, Bologna, Italy",44.4756,11.2759
2021-02-25T18:00:00+00:00,10.600,7.200,Open-Meteo Historical Weather API,"Casalecchio di Reno, Bologna, Italy",44.4756,11.2759
2021-02-25T19:00:00+00:00,9.600,7.300,Open-Meteo Historical Weather API,"Casalecchio di Reno, Bologna, Italy",44.4756,11.2759
2021-02-25T20:00:00+00:00,7.100,6.200,Open-Meteo Historical Weather API,"Casalecchio di Reno, Bologna, Italy",44.4756,11.2759
2021-02-25T21:00:00+00:00,6.700,5.600,Open-Meteo Historical Weather API,"Casalecchio di Reno, Bologna, Italy",44.4756,11.2759
2021-02-25T22:00:00+00:00,6.300,5.200,Open-Meteo Historical Weather API,"Casalecchio di Reno, Bologna, Italy",44.4756,11.2759
2021-02-25T23:00:00+00:00,5.800,4.600,Open-Meteo Historical Weather API,"Casalecchio di Reno, Bologna, Italy",44.4756,11.2759
2021-02-26T00:00:00+00:00,5.400,3.700,Open-Meteo Historical Weather API,"Casalecchio di Reno, Bologna, Italy",44.4756,11.2759
2021-02-26T01:00:00+00:00,5.500,3.200,Open-Meteo Historical Weather API,"Casalecchio di Reno, Bologna, Italy",44.4756,11.2759
2021-02-26T02:00:00+00:00,5.400,3.000,Open-Meteo Historical Weather API,"Casalecchio di Reno, Bologna, Italy",44.4756,11.2759
2021-02-26T03:00:00+00:00,4.900,2.700,Open-Meteo Historical Weather API,"Casalecchio di Reno, Bologna, Italy",44.4756,11.2759
2021-02-26T04:00:00+00:00,4.200,2.300,Open-Meteo Historical Weather API,"Casalecchio di Reno, Bologna, Italy",44.4756,11.2759
2021-02-26T05:00:00+00:00,3.800,2.000,Open-Meteo Historical Weather API,"Casalecchio di Reno, Bologna, Italy",44.4756,11.2759
2021-02-26T06:00:00+00:00,3.400,1.600,Open-Meteo Historical Weather API,"Casalecchio di Reno, Bologna, Italy",44.4756,11.2759
2021-02-26T07:00:00+00:00,5.700,2.800,Open-Meteo Historical Weather API,"Casalecchio di Reno, Bologna, Italy",44.4756,11.2759
2021-02-26T08:00:00+00:00,11.500,5.400,Open-Meteo Historical Weather API,"Casalecchio di Reno, Bologna, Italy",44.4756,11.2759
2021-02-26T09:00:00+00:00,15.200,6.400,Open-Meteo Historical Weather API,"Casalecchio di Reno, Bologna, Italy",44.4756,11.2759
2021-02-26T10:00:00+00:00,16.800,6.800,Open-Meteo Historical Weather API,"Casalecchio di Reno, Bologna, Italy",44.4756,11.2759
2021-02-26T11:00:00+00:00,17.500,7.800,Open-Meteo Historical Weather API,"Casalecchio di Reno, Bologna, Italy",44.4756,11.2759
2021-02-26T12:00:00+00:00,17.500,7.400,Open-Meteo Historical Weather API,"Casalecchio di Reno, Bologna, Italy",44.4756,11.2759
2021-02-26T13:00:00+00:00,17.800,6.700,Open-Meteo Historical Weather API,"Casalecchio di Reno, Bologna, Italy",44.4756,11.2759
2021-02-26T14:00:00+00:00,17.900,6.400,Open-Meteo Historical Weather API,"Casalecchio di Reno, Bologna, Italy",44.4756,11.2759
2021-02-26T15:00:00+00:00,17.600,6.500,Open-Meteo Historical Weather API,"Casalecchio di Reno, Bologna, Italy",44.4756,11.2759
2021-02-26T16:00:00+00:00,15.800,10.600,Open-Meteo Historical Weather API,"Casalecchio di Reno, Bologna, Italy",44.4756,11.2759
2021-02-26T17:00:00+00:00,11.100,6.400,Open-Meteo Historical Weather API,"Casalecchio di Reno, Bologna, Italy",44.4756,11.2759
2021-02-26T18:00:00+00:00,10.800,6.300,Open-Meteo Historical Weather API,"Casalecchio di Reno, Bologna, Italy",44.4756,11.2759
2021-02-26T19:00:00+00:00,8.700,6.600,Open-Meteo Historical Weather API,"Casalecchio di Reno, Bologna, Italy",44.4756,11.2759
2021-02-26T20:00:00+00:00,7.800,6.200,Open-Meteo Historical Weather API,"Casalecchio di Reno, Bologna, Italy",44.4756,11.2759
2021-02-26T21:00:00+00:00,8.300,5.600,Open-Meteo Historical Weather API,"Casalecchio di Reno, Bologna, Italy",44.4756,11.2759
2021-02-26T22:00:00+00:00,8.300,5.200,Open-Meteo Historical Weather API,"Casalecchio di Reno, Bologna, Italy",44.4756,11.2759
2021-02-26T23:00:00+00:00,7.900,4.700,Open-Meteo Historical Weather API,"Casalecchio di Reno, Bologna, Italy",44.4756,11.2759
2021-02-27T00:00:00+00:00,8.100,3.800,Open-Meteo Historical Weather API,"Casalecchio di Reno, Bologna, Italy",44.4756,11.2759
2021-02-27T01:00:00+00:00,8.100,3.200,Open-Meteo Historical Weather API,"Casalecchio di Reno, Bologna, Italy",44.4756,11.2759
2021-02-27T02:00:00+00:00,8.100,2.800,Open-Meteo Historical Weather API,"Casalecchio di Reno, Bologna, Italy",44.4756,11.2759
2021-02-27T03:00:00+00:00,7.800,2.800,Open-Meteo Historical Weather API,"Casalecchio di Reno, Bologna, Italy",44.4756,11.2759
2021-02-27T04:00:00+00:00,7.100,3.000,Open-Meteo Historical Weather API,"Casalecchio di Reno, Bologna, Italy",44.4756,11.2759
2021-02-27T05:00:00+00:00,6.300,3.200,Open-Meteo Historical Weather API,"Casalecchio di Reno, Bologna, Italy",44.4756,11.2759
2021-02-27T06:00:00+00:00,5.800,3.200,Open-Meteo Historical Weather API,"Casalecchio di Reno, Bologna, Italy",44.4756,11.2759
2021-02-27T07:00:00+00:00,7.200,4.500,Open-Meteo Historical Weather API,"Casalecchio di Reno, Bologna, Italy",44.4756,11.2759
2021-02-27T08:00:00+00:00,10.900,6.000,Open-Meteo Historical Weather API,"Casalecchio di Reno, Bologna, Italy",44.4756,11.2759
2021-02-27T09:00:00+00:00,12.600,6.800,Open-Meteo Historical Weather API,"Casalecchio di Reno, Bologna, Italy",44.4756,11.2759
2021-02-27T10:00:00+00:00,13.900,7.800,Open-Meteo Historical Weather API,"Casalecchio di Reno, Bologna, Italy",44.4756,11.2759
2021-02-27T11:00:00+00:00,14.200,8.900,Open-Meteo Historical Weather API,"Casalecchio di Reno, Bologna, Italy",44.4756,11.2759
2021-02-27T12:00:00+00:00,15.300,8.400,Open-Meteo Historical Weather API,"Casalecchio di Reno, Bologna, Italy",44.4756,11.2759
2021-02-27T13:00:00+00:00,15.000,7.700,Open-Meteo Historical Weather API,"Casalecchio di Reno, Bologna, Italy",44.4756,11.2759
2021-02-27T14:00:00+00:00,14.200,6.800,Open-Meteo Historical Weather API,"Casalecchio di Reno, Bologna, Italy",44.4756,11.2759
2021-02-27T15:00:00+00:00,13.400,5.900,Open-Meteo Historical Weather API,"Casalecchio di Reno, Bologna, Italy",44.4756,11.2759
2021-02-27T16:00:00+00:00,12.100,5.700,Open-Meteo Historical Weather API,"Casalecchio di Reno, Bologna, Italy",44.4756,11.2759
2021-02-27T17:00:00+00:00,10.600,4.700,Open-Meteo Historical Weather API,"Casalecchio di Reno, Bologna, Italy",44.4756,11.2759
2021-02-27T18:00:00+00:00,9.800,4.000,Open-Meteo Historical Weather API,"Casalecchio di Reno, Bologna, Italy",44.4756,11.2759
2021-02-27T19:00:00+00:00,8.900,3.100,Open-Meteo Historical Weather API,"Casalecchio di Reno, Bologna, Italy",44.4756,11.2759
2021-02-27T20:00:00+00:00,8.300,2.500,Open-Meteo Historical Weather API,"Casalecchio di Reno, Bologna, Italy",44.4756,11.2759
2021-02-27T21:00:00+00:00,7.400,2.200,Open-Meteo Historical Weather API,"Casalecchio di Reno, Bologna, Italy",44.4756,11.2759
2021-02-27T22:00:00+00:00,7.600,1.400,Open-Meteo Historical Weather API,"Casalecchio di Reno, Bologna, Italy",44.4756,11.2759
2021-02-27T23:00:00+00:00,7.200,0.900,Open-Meteo Historical Weather API,"Casalecchio di Reno, Bologna, Italy",44.4756,11.2759
2021-02-28T00:00:00+00:00,7.300,2.300,Open-Meteo Historical Weather API,"Casalecchio di Reno, Bologna, Italy",44.4756,11.2759
2021-02-28T01:00:00+00:00,7.600,1.200,Open-Meteo Historical Weather API,"Casalecchio di Reno, Bologna, Italy",44.4756,11.2759
2021-02-28T02:00:00+00:00,6.700,1.200,Open-Meteo Historical Weather API,"Casalecchio di Reno, Bologna, Italy",44.4756,11.2759
2021-02-28T03:00:00+00:00,4.900,1.500,Open-Meteo Historical Weather API,"Casalecchio di Reno, Bologna, Italy",44.4756,11.2759
2021-02-28T04:00:00+00:00,3.800,1.100,Open-Meteo Historical Weather API,"Casalecchio di Reno, Bologna, Italy",44.4756,11.2759
2021-02-28T05:00:00+00:00,5.200,1.400,Open-Meteo Historical Weather API,"Casalecchio di Reno, Bologna, Italy",44.4756,11.2759
2021-02-28T06:00:00+00:00,2.200,0.600,Open-Meteo Historical Weather API,"Casalecchio di Reno, Bologna, Italy",44.4756,11.2759
2021-02-28T07:00:00+00:00,4.700,2.500,Open-Meteo Historical Weather API,"Casalecchio di Reno, Bologna, Italy",44.4756,11.2759
2021-02-28T08:00:00+00:00,6.400,3.300,Open-Meteo Historical Weather API,"Casalecchio di Reno, Bologna, Italy",44.4756,11.2759
2021-02-28T09:00:00+00:00,8.100,3.400,Open-Meteo Historical Weather API,"Casalecchio di Reno, Bologna, Italy",44.4756,11.2759
2021-02-28T10:00:00+00:00,9.300,2.300,Open-Meteo Historical Weather API,"Casalecchio di Reno, Bologna, Italy",44.4756,11.2759
2021-02-28T11:00:00+00:00,10.100,2.200,Open-Meteo Historical Weather API,"Casalecchio di Reno, Bologna, Italy",44.4756,11.2759
2021-02-28T12:00:00+00:00,10.300,3.000,Open-Meteo Historical Weather API,"Casalecchio di Reno, Bologna, Italy",44.4756,11.2759
2021-02-28T13:00:00+00:00,11.000,2.800,Open-Meteo Historical Weather API,"Casalecchio di Reno, Bologna, Italy",44.4756,11.2759
2021-02-28T14:00:00+00:00,11.200,2.200,Open-Meteo Historical Weather API,"Casalecchio di Reno, Bologna, Italy",44.4756,11.2759
2021-02-28T15:00:00+00:00,11.200,2.000,Open-Meteo Historical Weather API,"Casalecchio di Reno, Bologna, Italy",44.4756,11.2759
2021-02-28T16:00:00+00:00,10.600,2.700,Open-Meteo Historical Weather API,"Casalecchio di Reno, Bologna, Italy",44.4756,11.2759
2021-02-28T17:00:00+00:00,7.800,2.400,Open-Meteo Historical Weather API,"Casalecchio di Reno, Bologna, Italy",44.4756,11.2759
2021-02-28T18:00:00+00:00,7.800,2.200,Open-Meteo Historical Weather API,"Casalecchio di Reno, Bologna, Italy",44.4756,11.2759
2021-02-28T19:00:00+00:00,4.400,2.000,Open-Meteo Historical Weather API,"Casalecchio di Reno, Bologna, Italy",44.4756,11.2759
2021-02-28T20:00:00+00:00,4.300,1.800,Open-Meteo Historical Weather API,"Casalecchio di Reno, Bologna, Italy",44.4756,11.2759
2021-02-28T21:00:00+00:00,4.000,1.500,Open-Meteo Historical Weather API,"Casalecchio di Reno, Bologna, Italy",44.4756,11.2759
2021-02-28T22:00:00+00:00,3.900,1.200,Open-Meteo Historical Weather API,"Casalecchio di Reno, Bologna, Italy",44.4756,11.2759
2021-02-28T23:00:00+00:00,3.800,1.000,Open-Meteo Historical Weather API,"Casalecchio di Reno, Bologna, Italy",44.4756,11.2759
2021-03-01T00:00:00+00:00,3.500,0.200,Open-Meteo Historical Weather API,"Casalecchio di Reno, Bologna, Italy",44.4756,11.2759
2021-03-01T01:00:00+00:00,3.500,0.100,Open-Meteo Historical Weather API,"Casalecchio di Reno, Bologna, Italy",44.4756,11.2759
2021-03-01T02:00:00+00:00,3.200,-0.100,Open-Meteo Historical Weather API,"Casalecchio di Reno, Bologna, Italy",44.4756,11.2759
2021-03-01T03:00:00+00:00,2.800,-0.300,Open-Meteo Historical Weather API,"Casalecchio di Reno, Bologna, Italy",44.4756,11.2759
2021-03-01T04:00:00+00:00,3.000,-0.500,Open-Meteo Historical Weather API,"Casalecchio di Reno, Bologna, Italy",44.4756,11.2759
2021-03-01T05:00:00+00:00,2.600,-0.800,Open-Meteo Historical Weather API,"Casalecchio di Reno, Bologna, Italy",44.4756,11.2759
2021-03-01T06:00:00+00:00,2.300,-1.200,Open-Meteo Historical Weather API,"Casalecchio di Reno, Bologna, Italy",44.4756,11.2759
2021-03-01T07:00:00+00:00,4.700,-0.200,Open-Meteo Historical Weather API,"Casalecchio di Reno, Bologna, Italy",44.4756,11.2759
2021-03-01T08:00:00+00:00,7.500,0.700,Open-Meteo Historical Weather API,"Casalecchio di Reno, Bologna, Italy",44.4756,11.2759
2021-03-01T09:00:00+00:00,9.100,1.200,Open-Meteo Historical Weather API,"Casalecchio di Reno, Bologna, Italy",44.4756,11.2759
2021-03-01T10:00:00+00:00,10.200,1.500,Open-Meteo Historical Weather API,"Casalecchio di Reno, Bologna, Italy",44.4756,11.2759
2021-03-01T11:00:00+00:00,11.100,1.500,Open-Meteo Historical Weather API,"Casalecchio di Reno, Bologna, Italy",44.4756,11.2759
2021-03-01T12:00:00+00:00,12.400,1.200,Open-Meteo Historical Weather API,"Casalecchio di Reno, Bologna, Italy",44.4756,11.2759
2021-03-01T13:00:00+00:00,12.800,1.000,Open-Meteo Historical Weather API,"Casalecchio di Reno, Bologna, Italy",44.4756,11.2759
2021-03-01T14:00:00+00:00,12.900,0.600,Open-Meteo Historical Weather API,"Casalecchio di Reno, Bologna, Italy",44.4756,11.2759
2021-03-01T15:00:00+00:00,12.800,0.600,Open-Meteo Historical Weather API,"Casalecchio di Reno, Bologna, Italy",44.4756,11.2759
2021-03-01T16:00:00+00:00,12.000,4.300,Open-Meteo Historical Weather API,"Casalecchio di Reno, Bologna, Italy",44.4756,11.2759
2021-03-01T17:00:00+00:00,11.600,-0.400,Open-Meteo Historical Weather API,"Casalecchio di Reno, Bologna, Italy",44.4756,11.2759
2021-03-01T18:00:00+00:00,6.800,0.200,Open-Meteo Historical Weather API,"Casalecchio di Reno, Bologna, Italy",44.4756,11.2759
2021-03-01T19:00:00+00:00,5.700,0.000,Open-Meteo Historical Weather API,"Casalecchio di Reno, Bologna, Italy",44.4756,11.2759
2021-03-01T20:00:00+00:00,6.500,-0.400,Open-Meteo Historical Weather API,"Casalecchio di Reno, Bologna, Italy",44.4756,11.2759
2021-03-01T21:00:00+00:00,5.300,-0.300,Open-Meteo Historical Weather API,"Casalecchio di Reno, Bologna, Italy",44.4756,11.2759
2021-03-01T22:00:00+00:00,4.300,-0.600,Open-Meteo Historical Weather API,"Casalecchio di Reno, Bologna, Italy",44.4756,11.2759
2021-03-01T23:00:00+00:00,4.000,-0.800,Open-Meteo Historical Weather API,"Casalecchio di Reno, Bologna, Italy",44.4756,11.2759
2021-03-02T00:00:00+00:00,4.800,-1.400,Open-Meteo Historical Weather API,"Casalecchio di Reno, Bologna, Italy",44.4756,11.2759
2021-03-02T01:00:00+00:00,5.100,-1.600,Open-Meteo Historical Weather API,"Casalecchio di Reno, Bologna, Italy",44.4756,11.2759
2021-03-02T02:00:00+00:00,4.800,-1.900,Open-Meteo Historical Weather API,"Casalecchio di Reno, Bologna, Italy",44.4756,11.2759
2021-03-02T03:00:00+00:00,4.200,-2.000,Open-Meteo Historical Weather API,"Casalecchio di Reno, Bologna, Italy",44.4756,11.2759
2021-03-02T04:00:00+00:00,4.100,-1.900,Open-Meteo Historical Weather API,"Casalecchio di Reno, Bologna, Italy",44.4756,11.2759
2021-03-02T05:00:00+00:00,4.100,-2.000,Open-Meteo Historical Weather API,"Casalecchio di Reno, Bologna, Italy",44.4756,11.2759
2021-03-02T06:00:00+00:00,3.800,-2.000,Open-Meteo Historical Weather API,"Casalecchio di Reno, Bologna, Italy",44.4756,11.2759
2021-03-02T07:00:00+00:00,5.700,-0.300,Open-Meteo Historical Weather API,"Casalecchio di Reno, Bologna, Italy",44.4756,11.2759
2021-03-02T08:00:00+00:00,8.000,0.900,Open-Meteo Historical Weather API,"Casalecchio di Reno, Bologna, Italy",44.4756,11.2759
2021-03-02T09:00:00+00:00,9.700,2.800,Open-Meteo Historical Weather API,"Casalecchio di Reno, Bologna, Italy",44.4756,11.2759
2021-03-02T10:00:00+00:00,11.100,4.200,Open-Meteo Historical Weather API,"Casalecchio di Reno, Bologna, Italy",44.4756,11.2759
2021-03-02T11:00:00+00:00,12.100,4.900,Open-Meteo Historical Weather API,"Casalecchio di Reno, Bologna, Italy",44.4756,11.2759
2021-03-02T12:00:00+00:00,12.900,4.000,Open-Meteo Historical Weather API,"Casalecchio di Reno, Bologna, Italy",44.4756,11.2759
2021-03-02T13:00:00+00:00,13.600,3.500,Open-Meteo Historical Weather API,"Casalecchio di Reno, Bologna, Italy",44.4756,11.2759
2021-03-02T14:00:00+00:00,13.900,3.200,Open-Meteo Historical Weather API,"Casalecchio di Reno, Bologna, Italy",44.4756,11.2759
2021-03-02T15:00:00+00:00,13.700,3.300,Open-Meteo Historical Weather API,"Casalecchio di Reno, Bologna, Italy",44.4756,11.2759
2021-03-02T16:00:00+00:00,12.800,6.700,Open-Meteo Historical Weather API,"Casalecchio di Reno, Bologna, Italy",44.4756,11.2759
2021-03-02T17:00:00+00:00,12.400,3.200,Open-Meteo Historical Weather API,"Casalecchio di Reno, Bologna, Italy",44.4756,11.2759
2021-03-02T18:00:00+00:00,7.900,3.300,Open-Meteo Historical Weather API,"Casalecchio di Reno, Bologna, Italy",44.4756,11.2759
2021-03-02T19:00:00+00:00,7.300,3.200,Open-Meteo Historical Weather API,"Casalecchio di Reno, Bologna, Italy",44.4756,11.2759
2021-03-02T20:00:00+00:00,4.700,3.000,Open-Meteo Historical Weather API,"Casalecchio di Reno, Bologna, Italy",44.4756,11.2759
2021-03-02T21:00:00+00:00,3.200,2.500,Open-Meteo Historical Weather API,"Casalecchio di Reno, Bologna, Italy",44.4756,11.2759
2021-03-02T22:00:00+00:00,2.800,2.000,Open-Meteo Historical Weather API,"Casalecchio di Reno, Bologna, Italy",44.4756,11.2759
2021-03-02T23:00:00+00:00,2.400,1.500,Open-Meteo Historical Weather API,"Casalecchio di Reno, Bologna, Italy",44.4756,11.2759
2021-03-03T00:00:00+00:00,3.800,0.200,Open-Meteo Historical Weather API,"Casalecchio di Reno, Bologna, Italy",44.4756,11.2759
2021-03-03T01:00:00+00:00,2.700,0.100,Open-Meteo Historical Weather API,"Casalecchio di Reno, Bologna, Italy",44.4756,11.2759
2021-03-03T02:00:00+00:00,2.200,-0.600,Open-Meteo Historical Weather API,"Casalecchio di Reno, Bologna, Italy",44.4756,11.2759
2021-03-03T03:00:00+00:00,1.600,-1.200,Open-Meteo Historical Weather API,"Casalecchio di Reno, Bologna, Italy",44.4756,11.2759
2021-03-03T04:00:00+00:00,0.900,-1.500,Open-Meteo Historical Weather API,"Casalecchio di Reno, Bologna, Italy",44.4756,11.2759
2021-03-03T05:00:00+00:00,0.500,-1.800,Open-Meteo Historical Weather API,"Casalecchio di Reno, Bologna, Italy",44.4756,11.2759
2021-03-03T06:00:00+00:00,0.800,-1.900,Open-Meteo Historical Weather API,"Casalecchio di Reno, Bologna, Italy",44.4756,11.2759
2021-03-03T07:00:00+00:00,4.900,-0.200,Open-Meteo Historical Weather API,"Casalecchio di Reno, Bologna, Italy",44.4756,11.2759
2021-03-03T08:00:00+00:00,9.200,3.500,Open-Meteo Historical Weather API,"Casalecchio di Reno, Bologna, Italy",44.4756,11.2759
2021-03-03T09:00:00+00:00,12.500,3.200,Open-Meteo Historical Weather API,"Casalecchio di Reno, Bologna, Italy",44.4756,11.2759
2021-03-03T10:00:00+00:00,13.700,3.000,Open-Meteo Historical Weather API,"Casalecchio di Reno, Bologna, Italy",44.4756,11.2759
2021-03-03T11:00:00+00:00,14.600,3.200,Open-Meteo Historical Weather API,"Casalecchio di Reno, Bologna, Italy",44.4756,11.2759
2021-03-03T12:00:00+00:00,14.600,2.700,Open-Meteo Historical Weather API,"Casalecchio di Reno, Bologna, Italy",44.4756,11.2759
2021-03-03T13:00:00+00:00,14.900,2.500,Open-Meteo Historical Weather API,"Casalecchio di Reno, Bologna, Italy",44.4756,11.2759
2021-03-03T14:00:00+00:00,14.900,2.500,Open-Meteo Historical Weather API,"Casalecchio di Reno, Bologna, Italy",44.4756,11.2759
2021-03-03T15:00:00+00:00,14.500,2.500,Open-Meteo Historical Weather API,"Casalecchio di Reno, Bologna, Italy",44.4756,11.2759
2021-03-03T16:00:00+00:00,13.900,3.500,Open-Meteo Historical Weather API,"Casalecchio di Reno, Bologna, Italy",44.4756,11.2759
2021-03-03T17:00:00+00:00,13.100,2.500,Open-Meteo Historical Weather API,"Casalecchio di Reno, Bologna, Italy",44.4756,11.2759
2021-03-03T18:00:00+00:00,7.700,3.300,Open-Meteo Historical Weather API,"Casalecchio di Reno, Bologna, Italy",44.4756,11.2759
2021-03-03T19:00:00+00:00,7.100,3.300,Open-Meteo Historical Weather API,"Casalecchio di Reno, Bologna, Italy",44.4756,11.2759
2021-03-03T20:00:00+00:00,5.200,3.200,Open-Meteo Historical Weather API,"Casalecchio di Reno, Bologna, Italy",44.4756,11.2759
2021-03-03T21:00:00+00:00,4.000,2.700,Open-Meteo Historical Weather API,"Casalecchio di Reno, Bologna, Italy",44.4756,11.2759
2021-03-03T22:00:00+00:00,4.800,2.100,Open-Meteo Historical Weather API,"Casalecchio di Reno, Bologna, Italy",44.4756,11.2759
2021-03-03T23:00:00+00:00,5.600,1.600,Open-Meteo Historical Weather API,"Casalecchio di Reno, Bologna, Italy",44.4756,11.2759
2021-03-04T00:00:00+00:00,6.200,0.600,Open-Meteo Historical Weather API,"Casalecchio di Reno, Bologna, Italy",44.4756,11.2759
2021-03-04T01:00:00+00:00,5.900,-0.100,Open-Meteo Historical Weather API,"Casalecchio di Reno, Bologna, Italy",44.4756,11.2759
2021-03-04T02:00:00+00:00,5.700,-0.800,Open-Meteo Historical Weather API,"Casalecchio di Reno, Bologna, Italy",44.4756,11.2759
2021-03-04T03:00:00+00:00,5.400,-1.200,Open-Meteo Historical Weather API,"Casalecchio di Reno, Bologna, Italy",44.4756,11.2759
2021-03-04T04:00:00+00:00,5.000,-1.500,Open-Meteo Historical Weather API,"Casalecchio di Reno, Bologna, Italy",44.4756,11.2759
2021-03-04T05:00:00+00:00,4.800,-1.600,Open-Meteo Historical Weather API,"Casalecchio di Reno, Bologna, Italy",44.4756,11.2759
2021-03-04T06:00:00+00:00,4.900,-1.600,Open-Meteo Historical Weather API,"Casalecchio di Reno, Bologna, Italy",44.4756,11.2759
2021-03-04T07:00:00+00:00,7.400,-0.600,Open-Meteo Historical Weather API,"Casalecchio di Reno, Bologna, Italy",44.4756,11.2759
2021-03-04T08:00:00+00:00,10.800,1.100,Open-Meteo Historical Weather API,"Casalecchio di Reno, Bologna, Italy",44.4756,11.2759
2021-03-04T09:00:00+00:00,12.800,2.000,Open-Meteo Historical Weather API,"Casalecchio di Reno, Bologna, Italy",44.4756,11.2759
2021-03-04T10:00:00+00:00,13.500,3.500,Open-Meteo Historical Weather API,"Casalecchio di Reno, Bologna, Italy",44.4756,11.2759
2021-03-04T11:00:00+00:00,14.100,4.600,Open-Meteo Historical Weather API,"Casalecchio di Reno, Bologna, Italy",44.4756,11.2759
2021-03-04T12:00:00+00:00,14.400,4.600,Open-Meteo Historical Weather API,"Casalecchio di Reno, Bologna, Italy",44.4756,11.2759
2021-03-04T13:00:00+00:00,14.900,4.700,Open-Meteo Historical Weather API,"Casalecchio di Reno, Bologna, Italy",44.4756,11.2759
2021-03-04T14:00:00+00:00,15.100,5.000,Open-Meteo Historical Weather API,"Casalecchio di Reno, Bologna, Italy",44.4756,11.2759
2021-03-04T15:00:00+00:00,14.600,4.900,Open-Meteo Historical Weather API,"Casalecchio di Reno, Bologna, Italy",44.4756,11.2759
2021-03-04T16:00:00+00:00,13.600,7.200,Open-Meteo Historical Weather API,"Casalecchio di Reno, Bologna, Italy",44.4756,11.2759
2021-03-04T17:00:00+00:00,13.000,5.300,Open-Meteo Historical Weather API,"Casalecchio di Reno, Bologna, Italy",44.4756,11.2759
2021-03-04T18:00:00+00:00,10.400,4.200,Open-Meteo Historical Weather API,"Casalecchio di Reno, Bologna, Italy",44.4756,11.2759
2021-03-04T19:00:00+00:00,9.900,3.500,Open-Meteo Historical Weather API,"Casalecchio di Reno, Bologna, Italy",44.4756,11.2759
2021-03-04T20:00:00+00:00,9.400,3.300,Open-Meteo Historical Weather API,"Casalecchio di Reno, Bologna, Italy",44.4756,11.2759
2021-03-04T21:00:00+00:00,8.900,3.200,Open-Meteo Historical Weather API,"Casalecchio di Reno, Bologna, Italy",44.4756,11.2759
2021-03-04T22:00:00+00:00,8.600,4.000,Open-Meteo Historical Weather API,"Casalecchio di Reno, Bologna, Italy",44.4756,11.2759
2021-03-04T23:00:00+00:00,8.400,4.500,Open-Meteo Historical Weather API,"Casalecchio di Reno, Bologna, Italy",44.4756,11.2759
2021-03-05T00:00:00+00:00,8.600,4.800,Open-Meteo Historical Weather API,"Casalecchio di Reno, Bologna, Italy",44.4756,11.2759
2021-03-05T01:00:00+00:00,8.600,4.800,Open-Meteo Historical Weather API,"Casalecchio di Reno, Bologna, Italy",44.4756,11.2759
2021-03-05T02:00:00+00:00,8.400,4.800,Open-Meteo Historical Weather API,"Casalecchio di Reno, Bologna, Italy",44.4756,11.2759
2021-03-05T03:00:00+00:00,9.000,5.000,Open-Meteo Historical Weather API,"Casalecchio di Reno, Bologna, Italy",44.4756,11.2759
2021-03-05T04:00:00+00:00,8.900,5.300,Open-Meteo Historical Weather API,"Casalecchio di Reno, Bologna, Italy",44.4756,11.2759
2021-03-05T05:00:00+00:00,9.100,5.300,Open-Meteo Historical Weather API,"Casalecchio di Reno, Bologna, Italy",44.4756,11.2759
2021-03-05T06:00:00+00:00,9.400,5.200,Open-Meteo Historical Weather API,"Casalecchio di Reno, Bologna, Italy",44.4756,11.2759
2021-03-05T07:00:00+00:00,10.000,5.800,Open-Meteo Historical Weather API,"Casalecchio di Reno, Bologna, Italy",44.4756,11.2759
2021-03-05T08:00:00+00:00,11.800,6.200,Open-Meteo Historical Weather API,"Casalecchio di Reno, Bologna, Italy",44.4756,11.2759
2021-03-05T09:00:00+00:00,13.100,5.400,Open-Meteo Historical Weather API,"Casalecchio di Reno, Bologna, Italy",44.4756,11.2759
2021-03-05T10:00:00+00:00,13.800,5.600,Open-Meteo Historical Weather API,"Casalecchio di Reno, Bologna, Italy",44.4756,11.2759
2021-03-05T11:00:00+00:00,14.500,6.100,Open-Meteo Historical Weather API,"Casalecchio di Reno, Bologna, Italy",44.4756,11.2759
2021-03-05T12:00:00+00:00,14.500,5.700,Open-Meteo Historical Weather API,"Casalecchio di Reno, Bologna, Italy",44.4756,11.2759
2021-03-05T13:00:00+00:00,14.200,5.600,Open-Meteo Historical Weather API,"Casalecchio di Reno, Bologna, Italy",44.4756,11.2759
2021-03-05T14:00:00+00:00,14.800,5.800,Open-Meteo Historical Weather API,"Casalecchio di Reno, Bologna, Italy",44.4756,11.2759
2021-03-05T15:00:00+00:00,14.800,5.500,Open-Meteo Historical Weather API,"Casalecchio di Reno, Bologna, Italy",44.4756,11.2759
2021-03-05T16:00:00+00:00,14.000,6.200,Open-Meteo Historical Weather API,"Casalecchio di Reno, Bologna, Italy",44.4756,11.2759
2021-03-05T17:00:00+00:00,11.800,6.600,Open-Meteo Historical Weather API,"Casalecchio di Reno, Bologna, Italy",44.4756,11.2759
2021-03-05T18:00:00+00:00,9.800,5.900,Open-Meteo Historical Weather API,"Casalecchio di Reno, Bologna, Italy",44.4756,11.2759
2021-03-05T19:00:00+00:00,9.500,6.300,Open-Meteo Historical Weather API,"Casalecchio di Reno, Bologna, Italy",44.4756,11.2759
2021-03-05T20:00:00+00:00,8.900,6.300,Open-Meteo Historical Weather API,"Casalecchio di Reno, Bologna, Italy",44.4756,11.2759
2021-03-05T21:00:00+00:00,9.200,6.000,Open-Meteo Historical Weather API,"Casalecchio di Reno, Bologna, Italy",44.4756,11.2759
2021-03-05T22:00:00+00:00,6.800,5.800,Open-Meteo Historical Weather API,"Casalecchio di Reno, Bologna, Italy",44.4756,11.2759
2021-03-05T23:00:00+00:00,7.800,7.100,Open-Meteo Historical Weather API,"Casalecchio di Reno, Bologna, Italy",44.4756,11.2759
2021-03-06T00:00:00+00:00,8.100,7.100,Open-Meteo Historical Weather API,"Casalecchio di Reno, Bologna, Italy",44.4756,11.2759
2021-03-06T01:00:00+00:00,8.400,7.500,Open-Meteo Historical Weather API,"Casalecchio di Reno, Bologna, Italy",44.4756,11.2759
2021-03-06T02:00:00+00:00,8.400,7.800,Open-Meteo Historical Weather API,"Casalecchio di Reno, Bologna, Italy",44.4756,11.2759
2021-03-06T03:00:00+00:00,6.700,5.400,Open-Meteo Historical Weather API,"Casalecchio di Reno, Bologna, Italy",44.4756,11.2759
2021-03-06T04:00:00+00:00,5.200,3.700,Open-Meteo Historical Weather API,"Casalecchio di Reno, Bologna, Italy",44.4756,11.2759
2021-03-06T05:00:00+00:00,4.800,3.300,Open-Meteo Historical Weather API,"Casalecchio di Reno, Bologna, Italy",44.4756,11.2759
2021-03-06T06:00:00+00:00,4.500,3.300,Open-Meteo Historical Weather API,"Casalecchio di Reno, Bologna, Italy",44.4756,11.2759
2021-03-06T07:00:00+00:00,4.600,3.200,Open-Meteo Historical Weather API,"Casalecchio di Reno, Bologna, Italy",44.4756,11.2759
2021-03-06T08:00:00+00:00,5.200,3.100,Open-Meteo Historical Weather API,"Casalecchio di Reno, Bologna, Italy",44.4756,11.2759
2021-03-06T09:00:00+00:00,5.700,2.500,Open-Meteo Historical Weather API,"Casalecchio di Reno, Bologna, Italy",44.4756,11.2759
2021-03-06T10:00:00+00:00,6.200,1.400,Open-Meteo Historical Weather API,"Casalecchio di Reno, Bologna, Italy",44.4756,11.2759
2021-03-06T11:00:00+00:00,7.100,0.200,Open-Meteo Historical Weather API,"Casalecchio di Reno, Bologna, Italy",44.4756,11.2759
2021-03-06T12:00:00+00:00,8.100,0.900,Open-Meteo Historical Weather API,"Casalecchio di Reno, Bologna, Italy",44.4756,11.2759
2021-03-06T13:00:00+00:00,8.600,0.200,Open-Meteo Historical Weather API,"Casalecchio di Reno, Bologna, Italy",44.4756,11.2759
2021-03-06T14:00:00+00:00,8.900,-0.600,Open-Meteo Historical Weather API,"Casalecchio di Reno, Bologna, Italy",44.4756,11.2759
2021-03-06T15:00:00+00:00,8.900,-0.600,Open-Meteo Historical Weather API,"Casalecchio di Reno, Bologna, Italy",44.4756,11.2759
2021-03-06T16:00:00+00:00,8.200,-0.400,Open-Meteo Historical Weather API,"Casalecchio di Reno, Bologna, Italy",44.4756,11.2759
2021-03-06T17:00:00+00:00,5.900,-0.300,Open-Meteo Historical Weather API,"Casalecchio di Reno, Bologna, Italy",44.4756,11.2759
2021-03-06T18:00:00+00:00,4.000,-0.300,Open-Meteo Historical Weather API,"Casalecchio di Reno, Bologna, Italy",44.4756,11.2759
2021-03-06T19:00:00+00:00,2.500,-0.200,Open-Meteo Historical Weather API,"Casalecchio di Reno, Bologna, Italy",44.4756,11.2759
2021-03-06T20:00:00+00:00,2.000,-0.500,Open-Meteo Historical Weather API,"Casalecchio di Reno, Bologna, Italy",44.4756,11.2759
2021-03-06T21:00:00+00:00,2.100,-0.900,Open-Meteo Historical Weather API,"Casalecchio di Reno, Bologna, Italy",44.4756,11.2759
2021-03-06T22:00:00+00:00,1.600,-1.100,Open-Meteo Historical Weather API,"Casalecchio di Reno, Bologna, Italy",44.4756,11.2759
2021-03-06T23:00:00+00:00,1.200,-1.400,Open-Meteo Historical Weather API,"Casalecchio di Reno, Bologna, Italy",44.4756,11.2759
2021-03-07T00:00:00+00:00,1.600,-2.000,Open-Meteo Historical Weather API,"Casalecchio di Reno, Bologna, Italy",44.4756,11.2759
2021-03-07T01:00:00+00:00,1.400,-2.100,Open-Meteo Historical Weather API,"Casalecchio di Reno, Bologna, Italy",44.4756,11.2759
2021-03-07T02:00:00+00:00,0.300,-2.100,Open-Meteo Historical Weather API,"Casalecchio di Reno, Bologna, Italy",44.4756,11.2759
2021-03-07T03:00:00+00:00,-0.200,-2.300,Open-Meteo Historical Weather API,"Casalecchio di Reno, Bologna, Italy",44.4756,11.2759
2021-03-07T04:00:00+00:00,-0.400,-2.500,Open-Meteo Historical Weather API,"Casalecchio di Reno, Bologna, Italy",44.4756,11.2759
2021-03-07T05:00:00+00:00,-0.900,-2.700,Open-Meteo Historical Weather API,"Casalecchio di Reno, Bologna, Italy",44.4756,11.2759
2021-03-07T06:00:00+00:00,-1.000,-2.900,Open-Meteo Historical Weather API,"Casalecchio di Reno, Bologna, Italy",44.4756,11.2759
2021-03-07T07:00:00+00:00,2.400,-1.300,Open-Meteo Historical Weather API,"Casalecchio di Reno, Bologna, Italy",44.4756,11.2759
2021-03-07T08:00:00+00:00,5.300,-1.500,Open-Meteo Historical Weather API,"Casalecchio di Reno, Bologna, Italy",44.4756,11.2759
2021-03-07T09:00:00+00:00,6.900,-1.900,Open-Meteo Historical Weather API,"Casalecchio di Reno, Bologna, Italy",44.4756,11.2759
2021-03-07T10:00:00+00:00,8.100,-1.900,Open-Meteo Historical Weather API,"Casalecchio di Reno, Bologna, Italy",44.4756,11.2759
2021-03-07T11:00:00+00:00,9.100,-1.200,Open-Meteo Historical Weather API,"Casalecchio di Reno, Bologna, Italy",44.4756,11.2759
2021-03-07T12:00:00+00:00,9.400,-0.200,Open-Meteo Historical Weather API,"Casalecchio di Reno, Bologna, Italy",44.4756,11.2759
2021-03-07T13:00:00+00:00,9.900,0.600,Open-Meteo Historical Weather API,"Casalecchio di Reno, Bologna, Italy",44.4756,11.2759
2021-03-07T14:00:00+00:00,10.200,0.900,Open-Meteo Historical Weather API,"Casalecchio di Reno, Bologna, Italy",44.4756,11.2759
2021-03-07T15:00:00+00:00,9.900,1.000,Open-Meteo Historical Weather API,"Casalecchio di Reno, Bologna, Italy",44.4756,11.2759
2021-03-07T16:00:00+00:00,9.200,1.100,Open-Meteo Historical Weather API,"Casalecchio di Reno, Bologna, Italy",44.4756,11.2759
2021-03-07T17:00:00+00:00,6.300,2.000,Open-Meteo Historical Weather API,"Casalecchio di Reno, Bologna, Italy",44.4756,11.2759
2021-03-07T18:00:00+00:00,5.600,0.900,Open-Meteo Historical Weather API,"Casalecchio di Reno, Bologna, Italy",44.4756,11.2759
2021-03-07T19:00:00+00:00,4.700,1.100,Open-Meteo Historical Weather API,"Casalecchio di Reno, Bologna, Italy",44.4756,11.2759
2021-03-07T20:00:00+00:00,3.300,1.100,Open-Meteo Historical Weather API,"Casalecchio di Reno, Bologna, Italy",44.4756,11.2759
2021-03-07T21:00:00+00:00,2.300,1.000,Open-Meteo Historical Weather API,"Casalecchio di Reno, Bologna, Italy",44.4756,11.2759
2021-03-07T22:00:00+00:00,0.900,0.600,Open-Meteo Historical Weather API,"Casalecchio di Reno, Bologna, Italy",44.4756,11.2759
2021-03-07T23:00:00+00:00,0.600,0.100,Open-Meteo Historical Weather API,"Casalecchio di Reno, Bologna, Italy",44.4756,11.2759
2021-03-08T00:00:00+00:00,1.900,0.300,Open-Meteo Historical Weather API,"Casalecchio di Reno, Bologna, Italy",44.4756,11.2759
2021-03-08T01:00:00+00:00,1.500,0.100,Open-Meteo Historical Weather API,"Casalecchio di Reno, Bologna, Italy",44.4756,11.2759
2021-03-08T02:00:00+00:00,1.000,-0.100,Open-Meteo Historical Weather API,"Casalecchio di Reno, Bologna, Italy",44.4756,11.2759
2021-03-08T03:00:00+00:00,0.800,-0.400,Open-Meteo Historical Weather API,"Casalecchio di Reno, Bologna, Italy",44.4756,11.2759
2021-03-08T04:00:00+00:00,0.700,-0.500,Open-Meteo Historical Weather API,"Casalecchio di Reno, Bologna, Italy",44.4756,11.2759
2021-03-08T05:00:00+00:00,0.500,-0.800,Open-Meteo Historical Weather API,"Casalecchio di Reno, Bologna, Italy",44.4756,11.2759
2021-03-08T06:00:00+00:00,0.500,-0.800,Open-Meteo Historical Weather API,"Casalecchio di Reno, Bologna, Italy",44.4756,11.2759
2021-03-08T07:00:00+00:00,3.500,1.200,Open-Meteo Historical Weather API,"Casalecchio di Reno, Bologna, Italy",44.4756,11.2759
2021-03-08T08:00:00+00:00,7.100,2.500,Open-Meteo Historical Weather API,"Casalecchio di Reno, Bologna, Italy",44.4756,11.2759
2021-03-08T09:00:00+00:00,8.500,3.500,Open-Meteo Historical Weather API,"Casalecchio di Reno, Bologna, Italy",44.4756,11.2759
2021-03-08T10:00:00+00:00,9.600,4.400,Open-Meteo Historical Weather API,"Casalecchio di Reno, Bologna, Italy",44.4756,11.2759
2021-03-08T11:00:00+00:00,10.900,4.000,Open-Meteo Historical Weather API,"Casalecchio di Reno, Bologna, Italy",44.4756,11.2759
2021-03-08T12:00:00+00:00,11.100,4.200,Open-Meteo Historical Weather API,"Casalecchio di Reno, Bologna, Italy",44.4756,11.2759
2021-03-08T13:00:00+00:00,11.800,4.100,Open-Meteo Historical Weather API,"Casalecchio di Reno, Bologna, Italy",44.4756,11.2759
2021-03-08T14:00:00+00:00,11.800,4.000,Open-Meteo Historical Weather API,"Casalecchio di Reno, Bologna, Italy",44.4756,11.2759
2021-03-08T15:00:00+00:00,11.100,4.200,Open-Meteo Historical Weather API,"Casalecchio di Reno, Bologna, Italy",44.4756,11.2759
2021-03-08T16:00:00+00:00,9.600,4.300,Open-Meteo Historical Weather API,"Casalecchio di Reno, Bologna, Italy",44.4756,11.2759
2021-03-08T17:00:00+00:00,8.400,4.300,Open-Meteo Historical Weather API,"Casalecchio di Reno, Bologna, Italy",44.4756,11.2759
2021-03-08T18:00:00+00:00,6.400,4.100,Open-Meteo Historical Weather API,"Casalecchio di Reno, Bologna, Italy",44.4756,11.2759
2021-03-08T19:00:00+00:00,5.300,3.900,Open-Meteo Historical Weather API,"Casalecchio di Reno, Bologna, Italy",44.4756,11.2759
2021-03-08T20:00:00+00:00,4.400,3.300,Open-Meteo Historical Weather API,"Casalecchio di Reno, Bologna, Italy",44.4756,11.2759
2021-03-08T21:00:00+00:00,3.600,2.800,Open-Meteo Historical Weather API,"Casalecchio di Reno, Bologna, Italy",44.4756,11.2759
2021-03-08T22:00:00+00:00,3.600,2.800,Open-Meteo Historical Weather API,"Casalecchio di Reno, Bologna, Italy",44.4756,11.2759
2021-03-08T23:00:00+00:00,3.500,2.800,Open-Meteo Historical Weather API,"Casalecchio di Reno, Bologna, Italy",44.4756,11.2759
2021-03-09T00:00:00+00:00,4.600,3.800,Open-Meteo Historical Weather API,"Casalecchio di Reno, Bologna, Italy",44.4756,11.2759
2021-03-09T01:00:00+00:00,6.200,4.700,Open-Meteo Historical Weather API,"Casalecchio di Reno, Bologna, Italy",44.4756,11.2759
2021-03-09T02:00:00+00:00,5.500,4.700,Open-Meteo Historical Weather API,"Casalecchio di Reno, Bologna, Italy",44.4756,11.2759
2021-03-09T03:00:00+00:00,5.400,4.500,Open-Meteo Historical Weather API,"Casalecchio di Reno, Bologna, Italy",44.4756,11.2759
2021-03-09T04:00:00+00:00,5.000,4.300,Open-Meteo Historical Weather API,"Casalecchio di Reno, Bologna, Italy",44.4756,11.2759
2021-03-09T05:00:00+00:00,4.500,4.000,Open-Meteo Historical Weather API,"Casalecchio di Reno, Bologna, Italy",44.4756,11.2759
2021-03-09T06:00:00+00:00,4.400,4.000,Open-Meteo Historical Weather API,"Casalecchio di Reno, Bologna, Italy",44.4756,11.2759
2021-03-09T07:00:00+00:00,5.200,4.100,Open-Meteo Historical Weather API,"Casalecchio di Reno, Bologna, Italy",44.4756,11.2759
2021-03-09T08:00:00+00:00,6.400,4.100,Open-Meteo Historical Weather API,"Casalecchio di Reno, Bologna, Italy",44.4756,11.2759
2021-03-09T09:00:00+00:00,7.800,4.100,Open-Meteo Historical Weather API,"Casalecchio di Reno, Bologna, Italy",44.4756,11.2759
2021-03-09T10:00:00+00:00,9.400,4.200,Open-Meteo Historical Weather API,"Casalecchio di Reno, Bologna, Italy",44.4756,11.2759
2021-03-09T11:00:00+00:00,10.100,3.200,Open-Meteo Historical Weather API,"Casalecchio di Reno, Bologna, Italy",44.4756,11.2759
2021-03-09T12:00:00+00:00,9.500,4.100,Open-Meteo Historical Weather API,"Casalecchio di Reno, Bologna, Italy",44.4756,11.2759
2021-03-09T13:00:00+00:00,9.900,3.800,Open-Meteo Historical Weather API,"Casalecchio di Reno, Bologna, Italy",44.4756,11.2759
2021-03-09T14:00:00+00:00,11.000,3.200,Open-Meteo Historical Weather API,"Casalecchio di Reno, Bologna, Italy",44.4756,11.2759
2021-03-09T15:00:00+00:00,10.900,2.500,Open-Meteo Historical Weather API,"Casalecchio di Reno, Bologna, Italy",44.4756,11.2759
2021-03-09T16:00:00+00:00,10.500,3.200,Open-Meteo Historical Weather API,"Casalecchio di Reno, Bologna, Italy",44.4756,11.2759
2021-03-09T17:00:00+00:00,9.400,3.500,Open-Meteo Historical Weather API,"Casalecchio di Reno, Bologna, Italy",44.4756,11.2759
2021-03-09T18:00:00+00:00,8.300,3.400,Open-Meteo Historical Weather API,"Casalecchio di Reno, Bologna, Italy",44.4756,11.2759
2021-03-09T19:00:00+00:00,6.400,3.300,Open-Meteo Historical Weather API,"Casalecchio di Reno, Bologna, Italy",44.4756,11.2759
2021-03-09T20:00:00+00:00,5.200,2.800,Open-Meteo Historical Weather API,"Casalecchio di Reno, Bologna, Italy",44.4756,11.2759
2021-03-09T21:00:00+00:00,4.700,2.300,Open-Meteo Historical Weather API,"Casalecchio di Reno, Bologna, Italy",44.4756,11.2759
2021-03-09T22:00:00+00:00,3.800,1.900,Open-Meteo Historical Weather API,"Casalecchio di Reno, Bologna, Italy",44.4756,11.2759
2021-03-09T23:00:00+00:00,3.700,1.800,Open-Meteo Historical Weather API,"Casalecchio di Reno, Bologna, Italy",44.4756,11.2759
2021-03-10T00:00:00+00:00,4.800,3.300,Open-Meteo Historical Weather API,"Casalecchio di Reno, Bologna, Italy",44.4756,11.2759
2021-03-10T01:00:00+00:00,4.600,3.000,Open-Meteo Historical Weather API,"Casalecchio di Reno, Bologna, Italy",44.4756,11.2759
2021-03-10T02:00:00+00:00,3.700,2.700,Open-Meteo Historical Weather API,"Casalecchio di Reno, Bologna, Italy",44.4756,11.2759
2021-03-10T03:00:00+00:00,2.900,1.900,Open-Meteo Historical Weather API,"Casalecchio di Reno, Bologna, Italy",44.4756,11.2759
2021-03-10T04:00:00+00:00,2.500,1.100,Open-Meteo Historical Weather API,"Casalecchio di Reno, Bologna, Italy",44.4756,11.2759
2021-03-10T05:00:00+00:00,2.300,0.300,Open-Meteo Historical Weather API,"Casalecchio di Reno, Bologna, Italy",44.4756,11.2759
2021-03-10T06:00:00+00:00,2.400,0.000,Open-Meteo Historical Weather API,"Casalecchio di Reno, Bologna, Italy",44.4756,11.2759
2021-03-10T07:00:00+00:00,4.800,0.900,Open-Meteo Historical Weather API,"Casalecchio di Reno, Bologna, Italy",44.4756,11.2759
2021-03-10T08:00:00+00:00,6.800,1.200,Open-Meteo Historical Weather API,"Casalecchio di Reno, Bologna, Italy",44.4756,11.2759
2021-03-10T09:00:00+00:00,7.900,1.900,Open-Meteo Historical Weather API,"Casalecchio di Reno, Bologna, Italy",44.4756,11.2759
2021-03-10T10:00:00+00:00,9.300,2.000,Open-Meteo Historical Weather API,"Casalecchio di Reno, Bologna, Italy",44.4756,11.2759
2021-03-10T11:00:00+00:00,10.400,1.600,Open-Meteo Historical Weather API,"Casalecchio di Reno, Bologna, Italy",44.4756,11.2759
2021-03-10T12:00:00+00:00,11.200,1.800,Open-Meteo Historical Weather API,"Casalecchio di Reno, Bologna, Italy",44.4756,11.2759
2021-03-10T13:00:00+00:00,11.900,1.000,Open-Meteo Historical Weather API,"Casalecchio di Reno, Bologna, Italy",44.4756,11.2759
2021-03-10T14:00:00+00:00,12.100,0.900,Open-Meteo Historical Weather API,"Casalecchio di Reno, Bologna, Italy",44.4756,11.2759
2021-03-10T15:00:00+00:00,11.900,0.900,Open-Meteo Historical Weather API,"Casalecchio di Reno, Bologna, Italy",44.4756,11.2759
2021-03-10T16:00:00+00:00,11.300,1.900,Open-Meteo Historical Weather API,"Casalecchio di Reno, Bologna, Italy",44.4756,11.2759
2021-03-10T17:00:00+00:00,10.600,0.600,Open-Meteo Historical Weather API,"Casalecchio di Reno, Bologna, Italy",44.4756,11.2759
2021-03-10T18:00:00+00:00,6.100,0.900,Open-Meteo Historical Weather API,"Casalecchio di Reno, Bologna, Italy",44.4756,11.2759
2021-03-10T19:00:00+00:00,5.400,0.800,Open-Meteo Historical Weather API,"Casalecchio di Reno, Bologna, Italy",44.4756,11.2759
2021-03-10T20:00:00+00:00,4.800,0.300,Open-Meteo Historical Weather API,"Casalecchio di Reno, Bologna, Italy",44.4756,11.2759
2021-03-10T21:00:00+00:00,4.100,-0.400,Open-Meteo Historical Weather API,"Casalecchio di Reno, Bologna, Italy",44.4756,11.2759
2021-03-10T22:00:00+00:00,4.000,-1.200,Open-Meteo Historical Weather API,"Casalecchio di Reno, Bologna, Italy",44.4756,11.2759
2021-03-10T23:00:00+00:00,5.100,-1.600,Open-Meteo Historical Weather API,"Casalecchio di Reno, Bologna, Italy",44.4756,11.2759
2021-03-11T00:00:00+00:00,5.300,-1.800,Open-Meteo Historical Weather API,"Casalecchio di Reno, Bologna, Italy",44.4756,11.2759
2021-03-11T01:00:00+00:00,5.400,-1.300,Open-Meteo Historical Weather API,"Casalecchio di Reno, Bologna, Italy",44.4756,11.2759
2021-03-11T02:00:00+00:00,5.200,-0.800,Open-Meteo Historical Weather API,"Casalecchio di Reno, Bologna, Italy",44.4756,11.2759
2021-03-11T03:00:00+00:00,4.800,-0.400,Open-Meteo Historical Weather API,"Casalecchio di Reno, Bologna, Italy",44.4756,11.2759
2021-03-11T04:00:00+00:00,4.800,-0.100,Open-Meteo Historical Weather API,"Casalecchio di Reno, Bologna, Italy",44.4756,11.2759
2021-03-11T05:00:00+00:00,4.900,0.300,Open-Meteo Historical Weather API,"Casalecchio di Reno, Bologna, Italy",44.4756,11.2759
2021-03-11T06:00:00+00:00,5.200,0.800,Open-Meteo Historical Weather API,"Casalecchio di Reno, Bologna, Italy",44.4756,11.2759
2021-03-11T07:00:00+00:00,7.900,2.500,Open-Meteo Historical Weather API,"Casalecchio di Reno, Bologna, Italy",44.4756,11.2759
2021-03-11T08:00:00+00:00,11.000,4.100,Open-Meteo Historical Weather API,"Casalecchio di Reno, Bologna, Italy",44.4756,11.2759
2021-03-11T09:00:00+00:00,12.800,4.200,Open-Meteo Historical Weather API,"Casalecchio di Reno, Bologna, Italy",44.4756,11.2759
2021-03-11T10:00:00+00:00,13.900,4.300,Open-Meteo Historical Weather API,"Casalecchio di Reno, Bologna, Italy",44.4756,11.2759
2021-03-11T11:00:00+00:00,14.100,4.800,Open-Meteo Historical Weather API,"Casalecchio di Reno, Bologna, Italy",44.4756,11.2759
2021-03-11T12:00:00+00:00,14.200,5.100,Open-Meteo Historical Weather API,"Casalecchio di Reno, Bologna, Italy",44.4756,11.2759
2021-03-11T13:00:00+00:00,14.200,4.900,Open-Meteo Historical Weather API,"Casalecchio di Reno, Bologna, Italy",44.4756,11.2759
2021-03-11T14:00:00+00:00,13.700,5.300,Open-Meteo Historical Weather API,"Casalecchio di Reno, Bologna, Italy",44.4756,11.2759
2021-03-11T15:00:00+00:00,13.100,4.800,Open-Meteo Historical Weather API,"Casalecchio di Reno, Bologna, Italy",44.4756,11.2759
2021-03-11T16:00:00+00:00,12.600,4.100,Open-Meteo Historical Weather API,"Casalecchio di Reno, Bologna, Italy",44.4756,11.2759
2021-03-11T17:00:00+00:00,11.300,3.600,Open-Meteo Historical Weather API,"Casalecchio di Reno, Bologna, Italy",44.4756,11.2759
2021-03-11T18:00:00+00:00,10.600,4.500,Open-Meteo Historical Weather API,"Casalecchio di Reno, Bologna, Italy",44.4756,11.2759
2021-03-11T19:00:00+00:00,10.900,4.700,Open-Meteo Historical Weather API,"Casalecchio di Reno, Bologna, Italy",44.4756,11.2759
2021-03-11T20:00:00+00:00,11.000,5.000,Open-Meteo Historical Weather API,"Casalecchio di Reno, Bologna, Italy",44.4756,11.2759
2021-03-11T21:00:00+00:00,11.200,5.800,Open-Meteo Historical Weather API,"Casalecchio di Reno, Bologna, Italy",44.4756,11.2759
2021-03-11T22:00:00+00:00,11.800,6.100,Open-Meteo Historical Weather API,"Casalecchio di Reno, Bologna, Italy",44.4756,11.2759
2021-03-11T23:00:00+00:00,12.100,5.400,Open-Meteo Historical Weather API,"Casalecchio di Reno, Bologna, Italy",44.4756,11.2759
2021-03-12T00:00:00+00:00,11.200,4.400,Open-Meteo Historical Weather API,"Casalecchio di Reno, Bologna, Italy",44.4756,11.2759
2021-03-12T01:00:00+00:00,10.500,4.200,Open-Meteo Historical Weather API,"Casalecchio di Reno, Bologna, Italy",44.4756,11.2759
2021-03-12T02:00:00+00:00,9.700,3.700,Open-Meteo Historical Weather API,"Casalecchio di Reno, Bologna, Italy",44.4756,11.2759
2021-03-12T03:00:00+00:00,7.400,3.600,Open-Meteo Historical Weather API,"Casalecchio di Reno, Bologna, Italy",44.4756,11.2759
2021-03-12T04:00:00+00:00,7.900,4.500,Open-Meteo Historical Weather API,"Casalecchio di Reno, Bologna, Italy",44.4756,11.2759
2021-03-12T05:00:00+00:00,9.400,4.700,Open-Meteo Historical Weather API,"Casalecchio di Reno, Bologna, Italy",44.4756,11.2759
2021-03-12T06:00:00+00:00,10.200,5.900,Open-Meteo Historical Weather API,"Casalecchio di Reno, Bologna, Italy",44.4756,11.2759
2021-03-12T07:00:00+00:00,11.600,7.300,Open-Meteo Historical Weather API,"Casalecchio di Reno, Bologna, Italy",44.4756,11.2759
2021-03-12T08:00:00+00:00,13.800,8.200,Open-Meteo Historical Weather API,"Casalecchio di Reno, Bologna, Italy",44.4756,11.2759
2021-03-12T09:00:00+00:00,14.600,8.600,Open-Meteo Historical Weather API,"Casalecchio di Reno, Bologna, Italy",44.4756,11.2759
2021-03-12T10:00:00+00:00,15.600,8.200,Open-Meteo Historical Weather API,"Casalecchio di Reno, Bologna, Italy",44.4756,11.2759
2021-03-12T11:00:00+00:00,16.100,7.900,Open-Meteo Historical Weather API,"Casalecchio di Reno, Bologna, Italy",44.4756,11.2759
2021-03-12T12:00:00+00:00,16.200,8.200,Open-Meteo Historical Weather API,"Casalecchio di Reno, Bologna, Italy",44.4756,11.2759
2021-03-12T13:00:00+00:00,15.800,8.100,Open-Meteo Historical Weather API,"Casalecchio di Reno, Bologna, Italy",44.4756,11.2759
2021-03-12T14:00:00+00:00,15.800,9.000,Open-Meteo Historical Weather API,"Casalecchio di Reno, Bologna, Italy",44.4756,11.2759
2021-03-12T15:00:00+00:00,16.000,8.800,Open-Meteo Historical Weather API,"Casalecchio di Reno, Bologna, Italy",44.4756,11.2759
2021-03-12T16:00:00+00:00,14.900,10.100,Open-Meteo Historical Weather API,"Casalecchio di Reno, Bologna, Italy",44.4756,11.2759
2021-03-12T17:00:00+00:00,12.000,10.300,Open-Meteo Historical Weather API,"Casalecchio di Reno, Bologna, Italy",44.4756,11.2759
2021-03-12T18:00:00+00:00,10.600,9.600,Open-Meteo Historical Weather API,"Casalecchio di Reno, Bologna, Italy",44.4756,11.2759
2021-03-12T19:00:00+00:00,9.600,9.400,Open-Meteo Historical Weather API,"Casalecchio di Reno, Bologna, Italy",44.4756,11.2759
2021-03-12T20:00:00+00:00,9.200,9.200,Open-Meteo Historical Weather API,"Casalecchio di Reno, Bologna, Italy",44.4756,11.2759
2021-03-12T21:00:00+00:00,9.400,8.600,Open-Meteo Historical Weather API,"Casalecchio di Reno, Bologna, Italy",44.4756,11.2759
2021-03-12T22:00:00+00:00,7.300,6.500,Open-Meteo Historical Weather API,"Casalecchio di Reno, Bologna, Italy",44.4756,11.2759
2021-03-12T23:00:00+00:00,6.600,6.200,Open-Meteo Historical Weather API,"Casalecchio di Reno, Bologna, Italy",44.4756,11.2759
2021-03-13T00:00:00+00:00,6.800,5.800,Open-Meteo Historical Weather API,"Casalecchio di Reno, Bologna, Italy",44.4756,11.2759
2021-03-13T01:00:00+00:00,6.900,5.800,Open-Meteo Historical Weather API,"Casalecchio di Reno, Bologna, Italy",44.4756,11.2759
2021-03-13T02:00:00+00:00,7.200,6.000,Open-Meteo Historical Weather API,"Casalecchio di Reno, Bologna, Italy",44.4756,11.2759
2021-03-13T03:00:00+00:00,7.200,6.100,Open-Meteo Historical Weather API,"Casalecchio di Reno, Bologna, Italy",44.4756,11.2759
2021-03-13T04:00:00+00:00,7.200,6.100,Open-Meteo Historical Weather API,"Casalecchio di Reno, Bologna, Italy",44.4756,11.2759
2021-03-13T05:00:00+00:00,7.200,6.200,Open-Meteo Historical Weather API,"Casalecchio di Reno, Bologna, Italy",44.4756,11.2759
2021-03-13T06:00:00+00:00,7.200,6.200,Open-Meteo Historical Weather API,"Casalecchio di Reno, Bologna, Italy",44.4756,11.2759
2021-03-13T07:00:00+00:00,9.200,7.700,Open-Meteo Historical Weather API,"Casalecchio di Reno, Bologna, Italy",44.4756,11.2759
2021-03-13T08:00:00+00:00,12.200,9.200,Open-Meteo Historical Weather API,"Casalecchio di Reno, Bologna, Italy",44.4756,11.2759
2021-03-13T09:00:00+00:00,14.300,8.400,Open-Meteo Historical Weather API,"Casalecchio di Reno, Bologna, Italy",44.4756,11.2759
2021-03-13T10:00:00+00:00,15.900,6.600,Open-Meteo Historical Weather API,"Casalecchio di Reno, Bologna, Italy",44.4756,11.2759
2021-03-13T11:00:00+00:00,17.400,5.100,Open-Meteo Historical Weather API,"Casalecchio di Reno, Bologna, Italy",44.4756,11.2759
2021-03-13T12:00:00+00:00,17.400,4.000,Open-Meteo Historical Weather API,"Casalecchio di Reno, Bologna, Italy",44.4756,11.2759
2021-03-13T13:00:00+00:00,17.400,3.800,Open-Meteo Historical Weather API,"Casalecchio di Reno, Bologna, Italy",44.4756,11.2759
2021-03-13T14:00:00+00:00,16.100,3.800,Open-Meteo Historical Weather API,"Casalecchio di Reno, Bologna, Italy",44.4756,11.2759
2021-03-13T15:00:00+00:00,15.100,4.000,Open-Meteo Historical Weather API,"Casalecchio di Reno, Bologna, Italy",44.4756,11.2759
2021-03-13T16:00:00+00:00,13.600,3.900,Open-Meteo Historical Weather API,"Casalecchio di Reno, Bologna, Italy",44.4756,11.2759
2021-03-13T17:00:00+00:00,11.900,3.000,Open-Meteo Historical Weather API,"Casalecchio di Reno, Bologna, Italy",44.4756,11.2759
2021-03-13T18:00:00+00:00,10.600,3.200,Open-Meteo Historical Weather API,"Casalecchio di Reno, Bologna, Italy",44.4756,11.2759
2021-03-13T19:00:00+00:00,9.700,3.800,Open-Meteo Historical Weather API,"Casalecchio di Reno, Bologna, Italy",44.4756,11.2759
2021-03-13T20:00:00+00:00,10.900,4.900,Open-Meteo Historical Weather API,"Casalecchio di Reno, Bologna, Italy",44.4756,11.2759
2021-03-13T21:00:00+00:00,10.600,4.700,Open-Meteo Historical Weather API,"Casalecchio di Reno, Bologna, Italy",44.4756,11.2759
2021-03-13T22:00:00+00:00,10.900,4.800,Open-Meteo Historical Weather API,"Casalecchio di Reno, Bologna, Italy",44.4756,11.2759
2021-03-13T23:00:00+00:00,11.400,4.400,Open-Meteo Historical Weather API,"Casalecchio di Reno, Bologna, Italy",44.4756,11.2759
2021-03-14T00:00:00+00:00,11.200,4.300,Open-Meteo Historical Weather API,"Casalecchio di Reno, Bologna, Italy",44.4756,11.2759
2021-03-14T01:00:00+00:00,11.300,4.600,Open-Meteo Historical Weather API,"Casalecchio di Reno, Bologna, Italy",44.4756,11.2759
2021-03-14T02:00:00+00:00,11.200,5.100,Open-Meteo Historical Weather API,"Casalecchio di Reno, Bologna, Italy",44.4756,11.2759
2021-03-14T03:00:00+00:00,11.400,5.100,Open-Meteo Historical Weather API,"Casalecchio di Reno, Bologna, Italy",44.4756,11.2759
2021-03-14T04:00:00+00:00,11.100,5.100,Open-Meteo Historical Weather API,"Casalecchio di Reno, Bologna, Italy",44.4756,11.2759
2021-03-14T05:00:00+00:00,10.700,5.300,Open-Meteo Historical Weather API,"Casalecchio di Reno, Bologna, Italy",44.4756,11.2759
2021-03-14T06:00:00+00:00,10.600,4.800,Open-Meteo Historical Weather API,"Casalecchio di Reno, Bologna, Italy",44.4756,11.2759
2021-03-14T07:00:00+00:00,11.900,5.400,Open-Meteo Historical Weather API,"Casalecchio di Reno, Bologna, Italy",44.4756,11.2759
2021-03-14T08:00:00+00:00,11.900,5.800,Open-Meteo Historical Weather API,"Casalecchio di Reno, Bologna, Italy",44.4756,11.2759
2021-03-14T09:00:00+00:00,11.600,4.000,Open-Meteo Historical Weather API,"Casalecchio di Reno, Bologna, Italy",44.4756,11.2759
2021-03-14T10:00:00+00:00,12.200,2.500,Open-Meteo Historical Weather API,"Casalecchio di Reno, Bologna, Italy",44.4756,11.2759
2021-03-14T11:00:00+00:00,12.900,-6.800,Open-Meteo Historical Weather API,"Casalecchio di Reno, Bologna, Italy",44.4756,11.2759
2021-03-14T12:00:00+00:00,11.200,-1.200,Open-Meteo Historical Weather API,"Casalecchio di Reno, Bologna, Italy",44.4756,11.2759
2021-03-14T13:00:00+00:00,11.900,-2.100,Open-Meteo Historical Weather API,"Casalecchio di Reno, Bologna, Italy",44.4756,11.2759
2021-03-14T14:00:00+00:00,11.100,1.200,Open-Meteo Historical Weather API,"Casalecchio di Reno, Bologna, Italy",44.4756,11.2759
2021-03-14T15:00:00+00:00,9.900,2.200,Open-Meteo Historical Weather API,"Casalecchio di Reno, Bologna, Italy",44.4756,11.2759
2021-03-14T16:00:00+00:00,8.200,1.500,Open-Meteo Historical Weather API,"Casalecchio di Reno, Bologna, Italy",44.4756,11.2759
2021-03-14T17:00:00+00:00,7.400,1.500,Open-Meteo Historical Weather API,"Casalecchio di Reno, Bologna, Italy",44.4756,11.2759
2021-03-14T18:00:00+00:00,6.600,1.200,Open-Meteo Historical Weather API,"Casalecchio di Reno, Bologna, Italy",44.4756,11.2759
2021-03-14T19:00:00+00:00,4.600,1.600,Open-Meteo Historical Weather API,"Casalecchio di Reno, Bologna, Italy",44.4756,11.2759
2021-03-14T20:00:00+00:00,4.600,1.500,Open-Meteo Historical Weather API,"Casalecchio di Reno, Bologna, Italy",44.4756,11.2759
2021-03-14T21:00:00+00:00,3.800,1.000,Open-Meteo Historical Weather API,"Casalecchio di Reno, Bologna, Italy",44.4756,11.2759
2021-03-14T22:00:00+00:00,4.000,0.100,Open-Meteo Historical Weather API,"Casalecchio di Reno, Bologna, Italy",44.4756,11.2759
2021-03-14T23:00:00+00:00,3.800,-0.600,Open-Meteo Historical Weather API,"Casalecchio di Reno, Bologna, Italy",44.4756,11.2759
2021-03-15T00:00:00+00:00,4.900,-0.800,Open-Meteo Historical Weather API,"Casalecchio di Reno, Bologna, Italy",44.4756,11.2759
2021-03-15T01:00:00+00:00,5.400,-4.200,Open-Meteo Historical Weather API,"Casalecchio di Reno, Bologna, Italy",44.4756,11.2759
2021-03-15T02:00:00+00:00,5.100,-5.600,Open-Meteo Historical Weather API,"Casalecchio di Reno, Bologna, Italy",44.4756,11.2759
2021-03-15T03:00:00+00:00,4.800,-5.200,Open-Meteo Historical Weather API,"Casalecchio di Reno, Bologna, Italy",44.4756,11.2759
2021-03-15T04:00:00+00:00,4.600,-5.100,Open-Meteo Historical Weather API,"Casalecchio di Reno, Bologna, Italy",44.4756,11.2759
2021-03-15T05:00:00+00:00,4.200,-5.200,Open-Meteo Historical Weather API,"Casalecchio di Reno, Bologna, Italy",44.4756,11.2759
2021-03-15T06:00:00+00:00,4.400,-4.400,Open-Meteo Historical Weather API,"Casalecchio di Reno, Bologna, Italy",44.4756,11.2759
2021-03-15T07:00:00+00:00,6.800,-2.600,Open-Meteo Historical Weather API,"Casalecchio di Reno, Bologna, Italy",44.4756,11.2759
2021-03-15T08:00:00+00:00,8.800,-2.400,Open-Meteo Historical Weather API,"Casalecchio di Reno, Bologna, Italy",44.4756,11.2759
2021-03-15T09:00:00+00:00,9.900,-2.200,Open-Meteo Historical Weather API,"Casalecchio di Reno, Bologna, Italy",44.4756,11.2759
2021-03-15T10:00:00+00:00,11.300,-1.900,Open-Meteo Historical Weather API,"Casalecchio di Reno, Bologna, Italy",44.4756,11.2759
2021-03-15T11:00:00+00:00,12.200,-1.800,Open-Meteo Historical Weather API,"Casalecchio di Reno, Bologna, Italy",44.4756,11.2759
2021-03-15T12:00:00+00:00,12.800,-0.100,Open-Meteo Historical Weather API,"Casalecchio di Reno, Bologna, Italy",44.4756,11.2759
2021-03-15T13:00:00+00:00,12.900,0.600,Open-Meteo Historical Weather API,"Casalecchio di Reno, Bologna, Italy",44.4756,11.2759
2021-03-15T14:00:00+00:00,13.400,0.200,Open-Meteo Historical Weather API,"Casalecchio di Reno, Bologna, Italy",44.4756,11.2759
2021-03-15T15:00:00+00:00,13.800,-0.400,Open-Meteo Historical Weather API,"Casalecchio di Reno, Bologna, Italy",44.4756,11.2759
2021-03-15T16:00:00+00:00,13.000,2.800,Open-Meteo Historical Weather API,"Casalecchio di Reno, Bologna, Italy",44.4756,11.2759
2021-03-15T17:00:00+00:00,9.100,2.700,Open-Meteo Historical Weather API,"Casalecchio di Reno, Bologna, Italy",44.4756,11.2759
2021-03-15T18:00:00+00:00,7.900,-0.100,Open-Meteo Historical Weather API,"Casalecchio di Reno, Bologna, Italy",44.4756,11.2759
2021-03-15T19:00:00+00:00,8.100,-1.000,Open-Meteo Historical Weather API,"Casalecchio di Reno, Bologna, Italy",44.4756,11.2759
2021-03-15T20:00:00+00:00,7.700,-1.100,Open-Meteo Historical Weather API,"Casalecchio di Reno, Bologna, Italy",44.4756,11.2759
2021-03-15T21:00:00+00:00,7.300,-1.400,Open-Meteo Historical Weather API,"Casalecchio di Reno, Bologna, Italy",44.4756,11.2759
2021-03-15T22:00:00+00:00,7.400,-1.400,Open-Meteo Historical Weather API,"Casalecchio di Reno, Bologna, Italy",44.4756,11.2759
2021-03-15T23:00:00+00:00,7.100,-1.500,Open-Meteo Historical Weather API,"Casalecchio di Reno, Bologna, Italy",44.4756,11.2759
2021-03-16T00:00:00+00:00,7.500,-2.200,Open-Meteo Historical Weather API,"Casalecchio di Reno, Bologna, Italy",44.4756,11.2759
2021-03-16T01:00:00+00:00,6.800,-2.300,Open-Meteo Historical Weather API,"Casalecchio di Reno, Bologna, Italy",44.4756,11.2759
2021-03-16T02:00:00+00:00,5.400,-2.500,Open-Meteo Historical Weather API,"Casalecchio di Reno, Bologna, Italy",44.4756,11.2759
2021-03-16T03:00:00+00:00,5.200,-2.800,Open-Meteo Historical Weather API,"Casalecchio di Reno, Bologna, Italy",44.4756,11.2759
2021-03-16T04:00:00+00:00,5.200,-2.600,Open-Meteo Historical Weather API,"Casalecchio di Reno, Bologna, Italy",44.4756,11.2759
2021-03-16T05:00:00+00:00,4.700,-2.600,Open-Meteo Historical Weather API,"Casalecchio di Reno, Bologna, Italy",44.4756,11.2759
2021-03-16T06:00:00+00:00,4.900,-3.000,Open-Meteo Historical Weather API,"Casalecchio di Reno, Bologna, Italy",44.4756,11.2759
2021-03-16T07:00:00+00:00,7.200,-2.200,Open-Meteo Historical Weather API,"Casalecchio di Reno, Bologna, Italy",44.4756,11.2759
2021-03-16T08:00:00+00:00,9.100,-2.800,Open-Meteo Historical Weather API,"Casalecchio di Reno, Bologna, Italy",44.4756,11.2759
2021-03-16T09:00:00+00:00,10.600,-2.500,Open-Meteo Historical Weather API,"Casalecchio di Reno, Bologna, Italy",44.4756,11.2759
2021-03-16T10:00:00+00:00,11.600,-1.900,Open-Meteo Historical Weather API,"Casalecchio di Reno, Bologna, Italy",44.4756,11.2759
2021-03-16T11:00:00+00:00,12.900,-1.500,Open-Meteo Historical Weather API,"Casalecchio di Reno, Bologna, Italy",44.4756,11.2759
2021-03-16T12:00:00+00:00,13.900,-7.200,Open-Meteo Historical Weather API,"Casalecchio di Reno, Bologna, Italy",44.4756,11.2759
2021-03-16T13:00:00+00:00,14.100,-7.300,Open-Meteo Historical Weather API,"Casalecchio di Reno, Bologna, Italy",44.4756,11.2759
2021-03-16T14:00:00+00:00,13.900,-6.700,Open-Meteo Historical Weather API,"Casalecchio di Reno, Bologna, Italy",44.4756,11.2759
2021-03-16T15:00:00+00:00,13.600,-5.800,Open-Meteo Historical Weather API,"Casalecchio di Reno, Bologna, Italy",44.4756,11.2759
2021-03-16T16:00:00+00:00,12.600,-2.500,Open-Meteo Historical Weather API,"Casalecchio di Reno, Bologna, Italy",44.4756,11.2759
2021-03-16T17:00:00+00:00,8.900,0.600,Open-Meteo Historical Weather API,"Casalecchio di Reno, Bologna, Italy",44.4756,11.2759
2021-03-16T18:00:00+00:00,6.800,-1.500,Open-Meteo Historical Weather API,"Casalecchio di Reno, Bologna, Italy",44.4756,11.2759
2021-03-16T19:00:00+00:00,5.800,-2.200,Open-Meteo Historical Weather API,"Casalecchio di Reno, Bologna, Italy",44.4756,11.2759
2021-03-16T20:00:00+00:00,7.400,-3.500,Open-Meteo Historical Weather API,"Casalecchio di Reno, Bologna, Italy",44.4756,11.2759
2021-03-16T21:00:00+00:00,5.500,-3.500,Open-Meteo Historical Weather API,"Casalecchio di Reno, Bologna, Italy",44.4756,11.2759
2021-03-16T22:00:00+00:00,4.300,-4.400,Open-Meteo Historical Weather API,"Casalecchio di Reno, Bologna, Italy",44.4756,11.2759
2021-03-16T23:00:00+00:00,4.200,-5.200,Open-Meteo Historical Weather API,"Casalecchio di Reno, Bologna, Italy",44.4756,11.2759
2021-03-17T00:00:00+00:00,5.200,-6.800,Open-Meteo Historical Weather API,"Casalecchio di Reno, Bologna, Italy",44.4756,11.2759
2021-03-17T01:00:00+00:00,4.700,-6.800,Open-Meteo Historical Weather API,"Casalecchio di Reno, Bologna, Italy",44.4756,11.2759
2021-03-17T02:00:00+00:00,4.200,-6.200,Open-Meteo Historical Weather API,"Casalecchio di Reno, Bologna, Italy",44.4756,11.2759
2021-03-17T03:00:00+00:00,2.200,-5.600,Open-Meteo Historical Weather API,"Casalecchio di Reno, Bologna, Italy",44.4756,11.2759
2021-03-17T04:00:00+00:00,1.100,-5.800,Open-Meteo Historical Weather API,"Casalecchio di Reno, Bologna, Italy",44.4756,11.2759
2021-03-17T05:00:00+00:00,1.400,-7.400,Open-Meteo Historical Weather API,"Casalecchio di Reno, Bologna, Italy",44.4756,11.2759
2021-03-17T06:00:00+00:00,2.000,-6.600,Open-Meteo Historical Weather API,"Casalecchio di Reno, Bologna, Italy",44.4756,11.2759
2021-03-17T07:00:00+00:00,5.100,-3.200,Open-Meteo Historical Weather API,"Casalecchio di Reno, Bologna, Italy",44.4756,11.2759
2021-03-17T08:00:00+00:00,7.800,-4.100,Open-Meteo Historical Weather API,"Casalecchio di Reno, Bologna, Italy",44.4756,11.2759
2021-03-17T09:00:00+00:00,9.400,-3.700,Open-Meteo Historical Weather API,"Casalecchio di Reno, Bologna, Italy",44.4756,11.2759
2021-03-17T10:00:00+00:00,10.900,-2.800,Open-Meteo Historical Weather API,"Casalecchio di Reno, Bologna, Italy",44.4756,11.2759
2021-03-17T11:00:00+00:00,11.900,-2.200,Open-Meteo Historical Weather API,"Casalecchio di Reno, Bologna, Italy",44.4756,11.2759
2021-03-17T12:00:00+00:00,12.900,-4.900,Open-Meteo Historical Weather API,"Casalecchio di Reno, Bologna, Italy",44.4756,11.2759
2021-03-17T13:00:00+00:00,13.000,-5.200,Open-Meteo Historical Weather API,"Casalecchio di Reno, Bologna, Italy",44.4756,11.2759
2021-03-17T14:00:00+00:00,13.000,-5.800,Open-Meteo Historical Weather API,"Casalecchio di Reno, Bologna, Italy",44.4756,11.2759
2021-03-17T15:00:00+00:00,12.900,-5.600,Open-Meteo Historical Weather API,"Casalecchio di Reno, Bologna, Italy",44.4756,11.2759
2021-03-17T16:00:00+00:00,12.100,-2.000,Open-Meteo Historical Weather API,"Casalecchio di Reno, Bologna, Italy",44.4756,11.2759
2021-03-17T17:00:00+00:00,11.600,-5.500,Open-Meteo Historical Weather API,"Casalecchio di Reno, Bologna, Italy",44.4756,11.2759
2021-03-17T18:00:00+00:00,11.000,-6.800,Open-Meteo Historical Weather API,"Casalecchio di Reno, Bologna, Italy",44.4756,11.2759
2021-03-17T19:00:00+00:00,9.900,-7.300,Open-Meteo Historical Weather API,"Casalecchio di Reno, Bologna, Italy",44.4756,11.2759
2021-03-17T20:00:00+00:00,5.800,-4.400,Open-Meteo Historical Weather API,"Casalecchio di Reno, Bologna, Italy",44.4756,11.2759
2021-03-17T21:00:00+00:00,5.100,-4.300,Open-Meteo Historical Weather API,"Casalecchio di Reno, Bologna, Italy",44.4756,11.2759
2021-03-17T22:00:00+00:00,5.200,-5.300,Open-Meteo Historical Weather API,"Casalecchio di Reno, Bologna, Italy",44.4756,11.2759
2021-03-17T23:00:00+00:00,4.000,-3.500,Open-Meteo Historical Weather API,"Casalecchio di Reno, Bologna, Italy",44.4756,11.2759
2021-03-18T00:00:00+00:00,6.100,-4.600,Open-Meteo Historical Weather API,"Casalecchio di Reno, Bologna, Italy",44.4756,11.2759
2021-03-18T01:00:00+00:00,5.000,-3.500,Open-Meteo Historical Weather API,"Casalecchio di Reno, Bologna, Italy",44.4756,11.2759
2021-03-18T02:00:00+00:00,4.000,-2.100,Open-Meteo Historical Weather API,"Casalecchio di Reno, Bologna, Italy",44.4756,11.2759
2021-03-18T03:00:00+00:00,3.800,-0.600,Open-Meteo Historical Weather API,"Casalecchio di Reno, Bologna, Italy",44.4756,11.2759
2021-03-18T04:00:00+00:00,3.800,1.900,Open-Meteo Historical Weather API,"Casalecchio di Reno, Bologna, Italy",44.4756,11.2759
2021-03-18T05:00:00+00:00,3.100,1.800,Open-Meteo Historical Weather API,"Casalecchio di Reno, Bologna, Italy",44.4756,11.2759
2021-03-18T06:00:00+00:00,3.600,1.500,Open-Meteo Historical Weather API,"Casalecchio di Reno, Bologna, Italy",44.4756,11.2759
2021-03-18T07:00:00+00:00,6.300,1.200,Open-Meteo Historical Weather API,"Casalecchio di Reno, Bologna, Italy",44.4756,11.2759
2021-03-18T08:00:00+00:00,8.100,0.400,Open-Meteo Historical Weather API,"Casalecchio di Reno, Bologna, Italy",44.4756,11.2759
2021-03-18T09:00:00+00:00,8.900,-0.600,Open-Meteo Historical Weather API,"Casalecchio di Reno, Bologna, Italy",44.4756,11.2759
2021-03-18T10:00:00+00:00,7.800,0.700,Open-Meteo Historical Weather API,"Casalecchio di Reno, Bologna, Italy",44.4756,11.2759
2021-03-18T11:00:00+00:00,8.800,0.300,Open-Meteo Historical Weather API,"Casalecchio di Reno, Bologna, Italy",44.4756,11.2759
2021-03-18T12:00:00+00:00,8.900,0.100,Open-Meteo Historical Weather API,"Casalecchio di Reno, Bologna, Italy",44.4756,11.2759
2021-03-18T13:00:00+00:00,9.200,-3.500,Open-Meteo Historical Weather API,"Casalecchio di Reno, Bologna, Italy",44.4756,11.2759
2021-03-18T14:00:00+00:00,9.600,-4.200,Open-Meteo Historical Weather API,"Casalecchio di Reno, Bologna, Italy",44.4756,11.2759
2021-03-18T15:00:00+00:00,9.400,-3.700,Open-Meteo Historical Weather API,"Casalecchio di Reno, Bologna, Italy",44.4756,11.2759
2021-03-18T16:00:00+00:00,8.600,-3.000,Open-Meteo Historical Weather API,"Casalecchio di Reno, Bologna, Italy",44.4756,11.2759
2021-03-18T17:00:00+00:00,6.200,0.100,Open-Meteo Historical Weather API,"Casalecchio di Reno, Bologna, Italy",44.4756,11.2759
2021-03-18T18:00:00+00:00,4.200,-1.900,Open-Meteo Historical Weather API,"Casalecchio di Reno, Bologna, Italy",44.4756,11.2759
2021-03-18T19:00:00+00:00,4.000,-2.200,Open-Meteo Historical Weather API,"Casalecchio di Reno, Bologna, Italy",44.4756,11.2759
2021-03-18T20:00:00+00:00,3.000,-2.300,Open-Meteo Historical Weather API,"Casalecchio di Reno, Bologna, Italy",44.4756,11.2759
2021-03-18T21:00:00+00:00,2.200,-2.500,Open-Meteo Historical Weather API,"Casalecchio di Reno, Bologna, Italy",44.4756,11.2759
2021-03-18T22:00:00+00:00,1.600,-2.900,Open-Meteo Historical Weather API,"Casalecchio di Reno, Bologna, Italy",44.4756,11.2759
2021-03-18T23:00:00+00:00,1.000,-3.600,Open-Meteo Historical Weather API,"Casalecchio di Reno, Bologna, Italy",44.4756,11.2759
2021-03-19T00:00:00+00:00,0.500,-3.300,Open-Meteo Historical Weather API,"Casalecchio di Reno, Bologna, Italy",44.4756,11.2759
2021-03-19T01:00:00+00:00,1.500,-3.500,Open-Meteo Historical Weather API,"Casalecchio di Reno, Bologna, Italy",44.4756,11.2759
2021-03-19T02:00:00+00:00,1.900,-2.500,Open-Meteo Historical Weather API,"Casalecchio di Reno, Bologna, Italy",44.4756,11.2759
2021-03-19T03:00:00+00:00,1.800,-2.000,Open-Meteo Historical Weather API,"Casalecchio di Reno, Bologna, Italy",44.4756,11.2759
2021-03-19T04:00:00+00:00,1.500,-1.900,Open-Meteo Historical Weather API,"Casalecchio di Reno, Bologna, Italy",44.4756,11.2759
2021-03-19T05:00:00+00:00,0.900,-2.000,Open-Meteo Historical Weather API,"Casalecchio di Reno, Bologna, Italy",44.4756,11.2759
2021-03-19T06:00:00+00:00,1.500,-1.600,Open-Meteo Historical Weather API,"Casalecchio di Reno, Bologna, Italy",44.4756,11.2759
2021-03-19T07:00:00+00:00,4.100,-0.600,Open-Meteo Historical Weather API,"Casalecchio di Reno, Bologna, Italy",44.4756,11.2759
2021-03-19T08:00:00+00:00,5.800,0.000,Open-Meteo Historical Weather API,"Casalecchio di Reno, Bologna, Italy",44.4756,11.2759
2021-03-19T09:00:00+00:00,7.300,-0.800,Open-Meteo Historical Weather API,"Casalecchio di Reno, Bologna, Italy",44.4756,11.2759
2021-03-19T10:00:00+00:00,8.300,-0.800,Open-Meteo Historical Weather API,"Casalecchio di Reno, Bologna, Italy",44.4756,11.2759
2021-03-19T11:00:00+00:00,9.200,-0.200,Open-Meteo Historical Weather API,"Casalecchio di Reno, Bologna, Italy",44.4756,11.2759
2021-03-19T12:00:00+00:00,9.600,-1.200,Open-Meteo Historical Weather API,"Casalecchio di Reno, Bologna, Italy",44.4756,11.2759
2021-03-19T13:00:00+00:00,9.800,-2.000,Open-Meteo Historical Weather API,"Casalecchio di Reno, Bologna, Italy",44.4756,11.2759
2021-03-19T14:00:00+00:00,9.600,-3.500,Open-Meteo Historical Weather API,"Casalecchio di Reno, Bologna, Italy",44.4756,11.2759
2021-03-19T15:00:00+00:00,8.900,-4.500,Open-Meteo Historical Weather API,"Casalecchio di Reno, Bologna, Italy",44.4756,11.2759
2021-03-19T16:00:00+00:00,8.300,-4.800,Open-Meteo Historical Weather API,"Casalecchio di Reno, Bologna, Italy",44.4756,11.2759
2021-03-19T17:00:00+00:00,6.600,-4.200,Open-Meteo Historical Weather API,"Casalecchio di Reno, Bologna, Italy",44.4756,11.2759
2021-03-19T18:00:00+00:00,4.400,-4.200,Open-Meteo Historical Weather API,"Casalecchio di Reno, Bologna, Italy",44.4756,11.2759
2021-03-19T19:00:00+00:00,3.000,-3.500,Open-Meteo Historical Weather API,"Casalecchio di Reno, Bologna, Italy",44.4756,11.2759
2021-03-19T20:00:00+00:00,1.300,-2.600,Open-Meteo Historical Weather API,"Casalecchio di Reno, Bologna, Italy",44.4756,11.2759
2021-03-19T21:00:00+00:00,1.000,-2.800,Open-Meteo Historical Weather API,"Casalecchio di Reno, Bologna, Italy",44.4756,11.2759
2021-03-19T22:00:00+00:00,0.900,-2.800,Open-Meteo Historical Weather API,"Casalecchio di Reno, Bologna, Italy",44.4756,11.2759
2021-03-19T23:00:00+00:00,0.300,-2.900,Open-Meteo Historical Weather API,"Casalecchio di Reno, Bologna, Italy",44.4756,11.2759
2021-03-20T00:00:00+00:00,0.300,-2.200,Open-Meteo Historical Weather API,"Casalecchio di Reno, Bologna, Italy",44.4756,11.2759
2021-03-20T01:00:00+00:00,1.600,-2.000,Open-Meteo Historical Weather API,"Casalecchio di Reno, Bologna, Italy",44.4756,11.2759
2021-03-20T02:00:00+00:00,0.000,-2.500,Open-Meteo Historical Weather API,"Casalecchio di Reno, Bologna, Italy",44.4756,11.2759
2021-03-20T03:00:00+00:00,-0.200,-2.500,Open-Meteo Historical Weather API,"Casalecchio di Reno, Bologna, Italy",44.4756,11.2759
2021-03-20T04:00:00+00:00,0.200,-2.300,Open-Meteo Historical Weather API,"Casalecchio di Reno, Bologna, Italy",44.4756,11.2759
2021-03-20T05:00:00+00:00,-0.100,-2.500,Open-Meteo Historical Weather API,"Casalecchio di Reno, Bologna, Italy",44.4756,11.2759
2021-03-20T06:00:00+00:00,0.900,-2.200,Open-Meteo Historical Weather API,"Casalecchio di Reno, Bologna, Italy",44.4756,11.2759
2021-03-20T07:00:00+00:00,3.400,-1.000,Open-Meteo Historical Weather API,"Casalecchio di Reno, Bologna, Italy",44.4756,11.2759
2021-03-20T08:00:00+00:00,5.200,-0.200,Open-Meteo Historical Weather API,"Casalecchio di Reno, Bologna, Italy",44.4756,11.2759
2021-03-20T09:00:00+00:00,6.700,0.300,Open-Meteo Historical Weather API,"Casalecchio di Reno, Bologna, Italy",44.4756,11.2759
2021-03-20T10:00:00+00:00,8.000,0.200,Open-Meteo Historical Weather API,"Casalecchio di Reno, Bologna, Italy",44.4756,11.2759
2021-03-20T11:00:00+00:00,6.700,1.400,Open-Meteo Historical Weather API,"Casalecchio di Reno, Bologna, Italy",44.4756,11.2759
2021-03-20T12:00:00+00:00,8.800,-1.400,Open-Meteo Historical Weather API,"Casalecchio di Reno, Bologna, Italy",44.4756,11.2759
2021-03-20T13:00:00+00:00,8.800,-1.900,Open-Meteo Historical Weather API,"Casalecchio di Reno, Bologna, Italy",44.4756,11.2759
2021-03-20T14:00:00+00:00,8.400,-1.100,Open-Meteo Historical Weather API,"Casalecchio di Reno, Bologna, Italy",44.4756,11.2759
2021-03-20T15:00:00+00:00,6.800,0.200,Open-Meteo Historical Weather API,"Casalecchio di Reno, Bologna, Italy",44.4756,11.2759
2021-03-20T16:00:00+00:00,7.800,-2.000,Open-Meteo Historical Weather API,"Casalecchio di Reno, Bologna, Italy",44.4756,11.2759
2021-03-20T17:00:00+00:00,6.300,-2.200,Open-Meteo Historical Weather API,"Casalecchio di Reno, Bologna, Italy",44.4756,11.2759
2021-03-20T18:00:00+00:00,4.400,-2.500,Open-Meteo Historical Weather API,"Casalecchio di Reno, Bologna, Italy",44.4756,11.2759
2021-03-20T19:00:00+00:00,2.500,-3.000,Open-Meteo Historical Weather API,"Casalecchio di Reno, Bologna, Italy",44.4756,11.2759
2021-03-20T20:00:00+00:00,2.000,-3.200,Open-Meteo Historical Weather API,"Casalecchio di Reno, Bologna, Italy",44.4756,11.2759
2021-03-20T21:00:00+00:00,2.800,-4.100,Open-Meteo Historical Weather API,"Casalecchio di Reno, Bologna, Italy",44.4756,11.2759
2021-03-20T22:00:00+00:00,2.200,-3.200,Open-Meteo Historical Weather API,"Casalecchio di Reno, Bologna, Italy",44.4756,11.2759
2021-03-20T23:00:00+00:00,1.800,-2.000,Open-Meteo Historical Weather API,"Casalecchio di Reno, Bologna, Italy",44.4756,11.2759
2021-03-21T00:00:00+00:00,1.800,-1.200,Open-Meteo Historical Weather API,"Casalecchio di Reno, Bologna, Italy",44.4756,11.2759
2021-03-21T01:00:00+00:00,2.200,-0.500,Open-Meteo Historical Weather API,"Casalecchio di Reno, Bologna, Italy",44.4756,11.2759
2021-03-21T02:00:00+00:00,2.800,-0.400,Open-Meteo Historical Weather API,"Casalecchio di Reno, Bologna, Italy",44.4756,11.2759
2021-03-21T03:00:00+00:00,2.300,-2.700,Open-Meteo Historical Weather API,"Casalecchio di Reno, Bologna, Italy",44.4756,11.2759
2021-03-21T04:00:00+00:00,1.800,-3.800,Open-Meteo Historical Weather API,"Casalecchio di Reno, Bologna, Italy",44.4756,11.2759
2021-03-21T05:00:00+00:00,0.700,-3.600,Open-Meteo Historical Weather API,"Casalecchio di Reno, Bologna, Italy",44.4756,11.2759
2021-03-21T06:00:00+00:00,0.900,-3.000,Open-Meteo Historical Weather API,"Casalecchio di Reno, Bologna, Italy",44.4756,11.2759
2021-03-21T07:00:00+00:00,2.800,-2.300,Open-Meteo Historical Weather API,"Casalecchio di Reno, Bologna, Italy",44.4756,11.2759
2021-03-21T08:00:00+00:00,4.400,-3.000,Open-Meteo Historical Weather API,"Casalecchio di Reno, Bologna, Italy",44.4756,11.2759
2021-03-21T09:00:00+00:00,5.700,-3.700,Open-Meteo Historical Weather API,"Casalecchio di Reno, Bologna, Italy",44.4756,11.2759
2021-03-21T10:00:00+00:00,6.800,-4.300,Open-Meteo Historical Weather API,"Casalecchio di Reno, Bologna, Italy",44.4756,11.2759
2021-03-21T11:00:00+00:00,7.700,-5.200,Open-Meteo Historical Weather API,"Casalecchio di Reno, Bologna, Italy",44.4756,11.2759
2021-03-21T12:00:00+00:00,7.800,-5.400,Open-Meteo Historical Weather API,"Casalecchio di Reno, Bologna, Italy",44.4756,11.2759
2021-03-21T13:00:00+00:00,8.100,-5.800,Open-Meteo Historical Weather API,"Casalecchio di Reno, Bologna, Italy",44.4756,11.2759
2021-03-21T14:00:00+00:00,7.900,-6.200,Open-Meteo Historical Weather API,"Casalecchio di Reno, Bologna, Italy",44.4756,11.2759
2021-03-21T15:00:00+00:00,7.500,-6.800,Open-Meteo Historical Weather API,"Casalecchio di Reno, Bologna, Italy",44.4756,11.2759
2021-03-21T16:00:00+00:00,6.800,-7.100,Open-Meteo Historical Weather API,"Casalecchio di Reno, Bologna, Italy",44.4756,11.2759
2021-03-21T17:00:00+00:00,5.100,-4.000,Open-Meteo Historical Weather API,"Casalecchio di Reno, Bologna, Italy",44.4756,11.2759
2021-03-21T18:00:00+00:00,3.400,-5.200,Open-Meteo Historical Weather API,"Casalecchio di Reno, Bologna, Italy",44.4756,11.2759
2021-03-21T19:00:00+00:00,4.200,-5.900,Open-Meteo Historical Weather API,"Casalecchio di Reno, Bologna, Italy",44.4756,11.2759
2021-03-21T20:00:00+00:00,4.000,-6.200,Open-Meteo Historical Weather API,"Casalecchio di Reno, Bologna, Italy",44.4756,11.2759
2021-03-21T21:00:00+00:00,3.700,-6.500,Open-Meteo Historical Weather API,"Casalecchio di Reno, Bologna, Italy",44.4756,11.2759
2021-03-21T22:00:00+00:00,2.200,-6.700,Open-Meteo Historical Weather API,"Casalecchio di Reno, Bologna, Italy",44.4756,11.2759
2021-03-21T23:00:00+00:00,1.800,-6.700,Open-Meteo Historical Weather API,"Casalecchio di Reno, Bologna, Italy",44.4756,11.2759
2021-03-22T00:00:00+00:00,0.900,-6.100,Open-Meteo Historical Weather API,"Casalecchio di Reno, Bologna, Italy",44.4756,11.2759
2021-03-22T01:00:00+00:00,1.500,-6.600,Open-Meteo Historical Weather API,"Casalecchio di Reno, Bologna, Italy",44.4756,11.2759
2021-03-22T02:00:00+00:00,1.400,-7.200,Open-Meteo Historical Weather API,"Casalecchio di Reno, Bologna, Italy",44.4756,11.2759
2021-03-22T03:00:00+00:00,1.100,-7.600,Open-Meteo Historical Weather API,"Casalecchio di Reno, Bologna, Italy",44.4756,11.2759
2021-03-22T04:00:00+00:00,0.200,-7.200,Open-Meteo Historical Weather API,"Casalecchio di Reno, Bologna, Italy",44.4756,11.2759
2021-03-22T05:00:00+00:00,0.200,-7.400,Open-Meteo Historical Weather API,"Casalecchio di Reno, Bologna, Italy",44.4756,11.2759
2021-03-22T06:00:00+00:00,1.800,-6.400,Open-Meteo Historical Weather API,"Casalecchio di Reno, Bologna, Italy",44.4756,11.2759
2021-03-22T07:00:00+00:00,4.400,-5.200,Open-Meteo Historical Weather API,"Casalecchio di Reno, Bologna, Italy",44.4756,11.2759
2021-03-22T08:00:00+00:00,6.800,-4.700,Open-Meteo Historical Weather API,"Casalecchio di Reno, Bologna, Italy",44.4756,11.2759
2021-03-22T09:00:00+00:00,8.700,-3.800,Open-Meteo Historical Weather API,"Casalecchio di Reno, Bologna, Italy",44.4756,11.2759
2021-03-22T10:00:00+00:00,10.100,-2.900,Open-Meteo Historical Weather API,"Casalecchio di Reno, Bologna, Italy",44.4756,11.2759
2021-03-22T11:00:00+00:00,11.300,-2.800,Open-Meteo Historical Weather API,"Casalecchio di Reno, Bologna, Italy",44.4756,11.2759
2021-03-22T12:00:00+00:00,11.800,-3.200,Open-Meteo Historical Weather API,"Casalecchio di Reno, Bologna, Italy",44.4756,11.2759
2021-03-22T13:00:00+00:00,12.200,-3.100,Open-Meteo Historical Weather API,"Casalecchio di Reno, Bologna, Italy",44.4756,11.2759
2021-03-22T14:00:00+00:00,12.200,-3.000,Open-Meteo Historical Weather API,"Casalecchio di Reno, Bologna, Italy",44.4756,11.2759
2021-03-22T15:00:00+00:00,12.100,-3.500,Open-Meteo Historical Weather API,"Casalecchio di Reno, Bologna, Italy",44.4756,11.2759
2021-03-22T16:00:00+00:00,11.500,-3.200,Open-Meteo Historical Weather API,"Casalecchio di Reno, Bologna, Italy",44.4756,11.2759
2021-03-22T17:00:00+00:00,8.900,-1.500,Open-Meteo Historical Weather API,"Casalecchio di Reno, Bologna, Italy",44.4756,11.2759
2021-03-22T18:00:00+00:00,7.600,-4.100,Open-Meteo Historical Weather API,"Casalecchio di Reno, Bologna, Italy",44.4756,11.2759
2021-03-22T19:00:00+00:00,6.800,-4.600,Open-Meteo Historical Weather API,"Casalecchio di Reno, Bologna, Italy",44.4756,11.2759
2021-03-22T20:00:00+00:00,6.400,-4.900,Open-Meteo Historical Weather API,"Casalecchio di Reno, Bologna, Italy",44.4756,11.2759
2021-03-22T21:00:00+00:00,6.400,-5.300,Open-Meteo Historical Weather API,"Casalecchio di Reno, Bologna, Italy",44.4756,11.2759
2021-03-22T22:00:00+00:00,7.200,-4.400,Open-Meteo Historical Weather API,"Casalecchio di Reno, Bologna, Italy",44.4756,11.2759
2021-03-22T23:00:00+00:00,5.100,-4.000,Open-Meteo Historical Weather API,"Casalecchio di Reno, Bologna, Italy",44.4756,11.2759
2021-03-23T00:00:00+00:00,7.800,-2.300,Open-Meteo Historical Weather API,"Casalecchio di Reno, Bologna, Italy",44.4756,11.2759
2021-03-23T01:00:00+00:00,5.800,-2.500,Open-Meteo Historical Weather API,"Casalecchio di Reno, Bologna, Italy",44.4756,11.2759
2021-03-23T02:00:00+00:00,4.400,-2.500,Open-Meteo Historical Weather API,"Casalecchio di Reno, Bologna, Italy",44.4756,11.2759
2021-03-23T03:00:00+00:00,5.100,-2.800,Open-Meteo Historical Weather API,"Casalecchio di Reno, Bologna, Italy",44.4756,11.2759
2021-03-23T04:00:00+00:00,5.800,-1.500,Open-Meteo Historical Weather API,"Casalecchio di Reno, Bologna, Italy",44.4756,11.2759
2021-03-23T05:00:00+00:00,4.600,-1.500,Open-Meteo Historical Weather API,"Casalecchio di Reno, Bologna, Italy",44.4756,11.2759
2021-03-23T06:00:00+00:00,4.400,-0.800,Open-Meteo Historical Weather API,"Casalecchio di Reno, Bologna, Italy",44.4756,11.2759
2021-03-23T07:00:00+00:00,6.600,0.000,Open-Meteo Historical Weather API,"Casalecchio di Reno, Bologna, Italy",44.4756,11.2759
2021-03-23T08:00:00+00:00,8.200,-0.300,Open-Meteo Historical Weather API,"Casalecchio di Reno, Bologna, Italy",44.4756,11.2759
2021-03-23T09:00:00+00:00,9.400,-0.800,Open-Meteo Historical Weather API,"Casalecchio di Reno, Bologna, Italy",44.4756,11.2759
2021-03-23T10:00:00+00:00,10.300,-0.300,Open-Meteo Historical Weather API,"Casalecchio di Reno, Bologna, Italy",44.4756,11.2759
2021-03-23T11:00:00+00:00,11.100,-1.000,Open-Meteo Historical Weather API,"Casalecchio di Reno, Bologna, Italy",44.4756,11.2759
2021-03-23T12:00:00+00:00,11.700,-0.900,Open-Meteo Historical Weather API,"Casalecchio di Reno, Bologna, Italy",44.4756,11.2759
2021-03-23T13:00:00+00:00,11.900,-1.500,Open-Meteo Historical Weather API,"Casalecchio di Reno, Bologna, Italy",44.4756,11.2759
2021-03-23T14:00:00+00:00,12.100,-2.000,Open-Meteo Historical Weather API,"Casalecchio di Reno, Bologna, Italy",44.4756,11.2759
2021-03-23T15:00:00+00:00,12.000,-2.500,Open-Meteo Historical Weather API,"Casalecchio di Reno, Bologna, Italy",44.4756,11.2759
2021-03-23T16:00:00+00:00,11.600,-2.300,Open-Meteo Historical Weather API,"Casalecchio di Reno, Bologna, Italy",44.4756,11.2759
2021-03-23T17:00:00+00:00,11.100,-2.200,Open-Meteo Historical Weather API,"Casalecchio di Reno, Bologna, Italy",44.4756,11.2759
2021-03-23T18:00:00+00:00,7.600,-0.900,Open-Meteo Historical Weather API,"Casalecchio di Reno, Bologna, Italy",44.4756,11.2759
2021-03-23T19:00:00+00:00,6.100,-1.800,Open-Meteo Historical Weather API,"Casalecchio di Reno, Bologna, Italy",44.4756,11.2759
2021-03-23T20:00:00+00:00,4.900,-2.900,Open-Meteo Historical Weather API,"Casalecchio di Reno, Bologna, Italy",44.4756,11.2759
2021-03-23T21:00:00+00:00,5.300,-3.500,Open-Meteo Historical Weather API,"Casalecchio di Reno, Bologna, Italy",44.4756,11.2759
2021-03-23T22:00:00+00:00,4.700,-3.800,Open-Meteo Historical Weather API,"Casalecchio di Reno, Bologna, Italy",44.4756,11.2759
2021-03-23T23:00:00+00:00,3.800,-4.000,Open-Meteo Historical Weather API,"Casalecchio di Reno, Bologna, Italy",44.4756,11.2759
2021-03-24T00:00:00+00:00,4.200,-5.500,Open-Meteo Historical Weather API,"Casalecchio di Reno, Bologna, Italy",44.4756,11.2759
2021-03-24T01:00:00+00:00,4.600,-4.900,Open-Meteo Historical Weather API,"Casalecchio di Reno, Bologna, Italy",44.4756,11.2759
2021-03-24T02:00:00+00:00,4.700,-4.200,Open-Meteo Historical Weather API,"Casalecchio di Reno, Bologna, Italy",44.4756,11.2759
2021-03-24T03:00:00+00:00,4.300,-4.000,Open-Meteo Historical Weather API,"Casalecchio di Reno, Bologna, Italy",44.4756,11.2759
2021-03-24T04:00:00+00:00,4.100,-4.000,Open-Meteo Historical Weather API,"Casalecchio di Reno, Bologna, Italy",44.4756,11.2759
2021-03-24T05:00:00+00:00,3.600,-4.000,Open-Meteo Historical Weather API,"Casalecchio di Reno, Bologna, Italy",44.4756,11.2759
2021-03-24T06:00:00+00:00,4.300,-2.800,Open-Meteo Historical Weather API,"Casalecchio di Reno, Bologna, Italy",44.4756,11.2759
2021-03-24T07:00:00+00:00,7.800,-0.100,Open-Meteo Historical Weather API,"Casalecchio di Reno, Bologna, Italy",44.4756,11.2759
2021-03-24T08:00:00+00:00,10.800,-0.500,Open-Meteo Historical Weather API,"Casalecchio di Reno, Bologna, Italy",44.4756,11.2759
2021-03-24T09:00:00+00:00,12.400,0.400,Open-Meteo Historical Weather API,"Casalecchio di Reno, Bologna, Italy",44.4756,11.2759
2021-03-24T10:00:00+00:00,13.600,0.300,Open-Meteo Historical Weather API,"Casalecchio di Reno, Bologna, Italy",44.4756,11.2759
2021-03-24T11:00:00+00:00,14.500,0.200,Open-Meteo Historical Weather API,"Casalecchio di Reno, Bologna, Italy",44.4756,11.2759
2021-03-24T12:00:00+00:00,14.800,0.700,Open-Meteo Historical Weather API,"Casalecchio di Reno, Bologna, Italy",44.4756,11.2759
2021-03-24T13:00:00+00:00,15.100,0.900,Open-Meteo Historical Weather API,"Casalecchio di Reno, Bologna, Italy",44.4756,11.2759
2021-03-24T14:00:00+00:00,15.100,1.100,Open-Meteo Historical Weather API,"Casalecchio di Reno, Bologna, Italy",44.4756,11.2759
2021-03-24T15:00:00+00:00,14.900,1.000,Open-Meteo Historical Weather API,"Casalecchio di Reno, Bologna, Italy",44.4756,11.2759
2021-03-24T16:00:00+00:00,14.600,1.300,Open-Meteo Historical Weather API,"Casalecchio di Reno, Bologna, Italy",44.4756,11.2759
2021-03-24T17:00:00+00:00,11.900,4.900,Open-Meteo Historical Weather API,"Casalecchio di Reno, Bologna, Italy",44.4756,11.2759
2021-03-24T18:00:00+00:00,8.800,2.700,Open-Meteo Historical Weather API,"Casalecchio di Reno, Bologna, Italy",44.4756,11.2759
2021-03-24T19:00:00+00:00,8.600,2.100,Open-Meteo Historical Weather API,"Casalecchio di Reno, Bologna, Italy",44.4756,11.2759
2021-03-24T20:00:00+00:00,7.500,2.100,Open-Meteo Historical Weather API,"Casalecchio di Reno, Bologna, Italy",44.4756,11.2759
2021-03-24T21:00:00+00:00,5.100,2.300,Open-Meteo Historical Weather API,"Casalecchio di Reno, Bologna, Italy",44.4756,11.2759
2021-03-24T22:00:00+00:00,4.900,2.500,Open-Meteo Historical Weather API,"Casalecchio di Reno, Bologna, Italy",44.4756,11.2759
2021-03-24T23:00:00+00:00,5.600,3.200,Open-Meteo Historical Weather API,"Casalecchio di Reno, Bologna, Italy",44.4756,11.2759
2021-03-25T00:00:00+00:00,5.800,3.600,Open-Meteo Historical Weather API,"Casalecchio di Reno, Bologna, Italy",44.4756,11.2759
2021-03-25T01:00:00+00:00,5.900,3.300,Open-Meteo Historical Weather API,"Casalecchio di Reno, Bologna, Italy",44.4756,11.2759
2021-03-25T02:00:00+00:00,5.800,2.900,Open-Meteo Historical Weather API,"Casalecchio di Reno, Bologna, Italy",44.4756,11.2759
2021-03-25T03:00:00+00:00,5.600,2.500,Open-Meteo Historical Weather API,"Casalecchio di Reno, Bologna, Italy",44.4756,11.2759
2021-03-25T04:00:00+00:00,5.200,2.300,Open-Meteo Historical Weather API,"Casalecchio di Reno, Bologna, Italy",44.4756,11.2759
2021-03-25T05:00:00+00:00,4.900,2.200,Open-Meteo Historical Weather API,"Casalecchio di Reno, Bologna, Italy",44.4756,11.2759
2021-03-25T06:00:00+00:00,5.700,2.700,Open-Meteo Historical Weather API,"Casalecchio di Reno, Bologna, Italy",44.4756,11.2759
2021-03-25T07:00:00+00:00,9.700,4.400,Open-Meteo Historical Weather API,"Casalecchio di Reno, Bologna, Italy",44.4756,11.2759
2021-03-25T08:00:00+00:00,12.100,4.200,Open-Meteo Historical Weather API,"Casalecchio di Reno, Bologna, Italy",44.4756,11.2759
2021-03-25T09:00:00+00:00,13.900,4.600,Open-Meteo Historical Weather API,"Casalecchio di Reno, Bologna, Italy",44.4756,11.2759
2021-03-25T10:00:00+00:00,15.200,4.400,Open-Meteo Historical Weather API,"Casalecchio di Reno, Bologna, Italy",44.4756,11.2759
2021-03-25T11:00:00+00:00,16.300,4.400,Open-Meteo Historical Weather API,"Casalecchio di Reno, Bologna, Italy",44.4756,11.2759
2021-03-25T12:00:00+00:00,16.600,4.000,Open-Meteo Historical Weather API,"Casalecchio di Reno, Bologna, Italy",44.4756,11.2759
2021-03-25T13:00:00+00:00,17.100,3.800,Open-Meteo Historical Weather API,"Casalecchio di Reno, Bologna, Italy",44.4756,11.2759
2021-03-25T14:00:00+00:00,17.200,3.700,Open-Meteo Historical Weather API,"Casalecchio di Reno, Bologna, Italy",44.4756,11.2759
2021-03-25T15:00:00+00:00,17.000,3.500,Open-Meteo Historical Weather API,"Casalecchio di Reno, Bologna, Italy",44.4756,11.2759
2021-03-25T16:00:00+00:00,16.500,4.200,Open-Meteo Historical Weather API,"Casalecchio di Reno, Bologna, Italy",44.4756,11.2759
2021-03-25T17:00:00+00:00,14.100,5.900,Open-Meteo Historical Weather API,"Casalecchio di Reno, Bologna, Italy",44.4756,11.2759
2021-03-25T18:00:00+00:00,11.600,5.700,Open-Meteo Historical Weather API,"Casalecchio di Reno, Bologna, Italy",44.4756,11.2759
2021-03-25T19:00:00+00:00,9.900,6.400,Open-Meteo Historical Weather API,"Casalecchio di Reno, Bologna, Italy",44.4756,11.2759
2021-03-25T20:00:00+00:00,9.800,6.300,Open-Meteo Historical Weather API,"Casalecchio di Reno, Bologna, Italy",44.4756,11.2759
2021-03-25T21:00:00+00:00,9.900,5.700,Open-Meteo Historical Weather API,"Casalecchio di Reno, Bologna, Italy",44.4756,11.2759
2021-03-25T22:00:00+00:00,9.600,5.600,Open-Meteo Historical Weather API,"Casalecchio di Reno, Bologna, Italy",44.4756,11.2759
2021-03-25T23:00:00+00:00,8.900,5.700,Open-Meteo Historical Weather API,"Casalecchio di Reno, Bologna, Italy",44.4756,11.2759
2021-03-26T00:00:00+00:00,8.400,5.600,Open-Meteo Historical Weather API,"Casalecchio di Reno, Bologna, Italy",44.4756,11.2759
2021-03-26T01:00:00+00:00,8.100,5.600,Open-Meteo Historical Weather API,"Casalecchio di Reno, Bologna, Italy",44.4756,11.2759
2021-03-26T02:00:00+00:00,7.900,5.800,Open-Meteo Historical Weather API,"Casalecchio di Reno, Bologna, Italy",44.4756,11.2759
2021-03-26T03:00:00+00:00,7.400,5.800,Open-Meteo Historical Weather API,"Casalecchio di Reno, Bologna, Italy",44.4756,11.2759
2021-03-26T04:00:00+00:00,7.000,5.600,Open-Meteo Historical Weather API,"Casalecchio di Reno, Bologna, Italy",44.4756,11.2759
2021-03-26T05:00:00+00:00,6.500,5.200,Open-Meteo Historical Weather API,"Casalecchio di Reno, Bologna, Italy",44.4756,11.2759
2021-03-26T06:00:00+00:00,7.300,5.500,Open-Meteo Historical Weather API,"Casalecchio di Reno, Bologna, Italy",44.4756,11.2759
2021-03-26T07:00:00+00:00,10.400,6.500,Open-Meteo Historical Weather API,"Casalecchio di Reno, Bologna, Italy",44.4756,11.2759
2021-03-26T08:00:00+00:00,12.800,5.400,Open-Meteo Historical Weather API,"Casalecchio di Reno, Bologna, Italy",44.4756,11.2759
2021-03-26T09:00:00+00:00,14.400,5.800,Open-Meteo Historical Weather API,"Casalecchio di Reno, Bologna, Italy",44.4756,11.2759
2021-03-26T10:00:00+00:00,15.700,6.300,Open-Meteo Historical Weather API,"Casalecchio di Reno, Bologna, Italy",44.4756,11.2759
2021-03-26T11:00:00+00:00,16.600,6.800,Open-Meteo Historical Weather API,"Casalecchio di Reno, Bologna, Italy",44.4756,11.2759
2021-03-26T12:00:00+00:00,16.700,7.100,Open-Meteo Historical Weather API,"Casalecchio di Reno, Bologna, Italy",44.4756,11.2759
2021-03-26T13:00:00+00:00,16.900,7.100,Open-Meteo Historical Weather API,"Casalecchio di Reno, Bologna, Italy",44.4756,11.2759
2021-03-26T14:00:00+00:00,17.000,7.200,Open-Meteo Historical Weather API,"Casalecchio di Reno, Bologna, Italy",44.4756,11.2759
2021-03-26T15:00:00+00:00,17.600,7.400,Open-Meteo Historical Weather API,"Casalecchio di Reno, Bologna, Italy",44.4756,11.2759
2021-03-26T16:00:00+00:00,17.200,6.400,Open-Meteo Historical Weather API,"Casalecchio di Reno, Bologna, Italy",44.4756,11.2759
2021-03-26T17:00:00+00:00,15.200,6.900,Open-Meteo Historical Weather API,"Casalecchio di Reno, Bologna, Italy",44.4756,11.2759
2021-03-26T18:00:00+00:00,13.900,6.600,Open-Meteo Historical Weather API,"Casalecchio di Reno, Bologna, Italy",44.4756,11.2759
2021-03-26T19:00:00+00:00,13.100,6.700,Open-Meteo Historical Weather API,"Casalecchio di Reno, Bologna, Italy",44.4756,11.2759
2021-03-26T20:00:00+00:00,11.900,6.600,Open-Meteo Historical Weather API,"Casalecchio di Reno, Bologna, Italy",44.4756,11.2759
2021-03-26T21:00:00+00:00,11.500,6.100,Open-Meteo Historical Weather API,"Casalecchio di Reno, Bologna, Italy",44.4756,11.2759
2021-03-26T22:00:00+00:00,11.200,5.400,Open-Meteo Historical Weather API,"Casalecchio di Reno, Bologna, Italy",44.4756,11.2759
2021-03-26T23:00:00+00:00,11.100,5.200,Open-Meteo Historical Weather API,"Casalecchio di Reno, Bologna, Italy",44.4756,11.2759
2021-03-27T00:00:00+00:00,11.600,5.600,Open-Meteo Historical Weather API,"Casalecchio di Reno, Bologna, Italy",44.4756,11.2759
2021-03-27T01:00:00+00:00,11.300,5.800,Open-Meteo Historical Weather API,"Casalecchio di Reno, Bologna, Italy",44.4756,11.2759
2021-03-27T02:00:00+00:00,11.100,5.800,Open-Meteo Historical Weather API,"Casalecchio di Reno, Bologna, Italy",44.4756,11.2759
2021-03-27T03:00:00+00:00,11.100,5.400,Open-Meteo Historical Weather API,"Casalecchio di Reno, Bologna, Italy",44.4756,11.2759
2021-03-27T04:00:00+00:00,10.600,5.500,Open-Meteo Historical Weather API,"Casalecchio di Reno, Bologna, Italy",44.4756,11.2759
2021-03-27T05:00:00+00:00,10.800,5.300,Open-Meteo Historical Weather API,"Casalecchio di Reno, Bologna, Italy",44.4756,11.2759
2021-03-27T06:00:00+00:00,11.300,5.900,Open-Meteo Historical Weather API,"Casalecchio di Reno, Bologna, Italy",44.4756,11.2759
2021-03-27T07:00:00+00:00,12.900,6.900,Open-Meteo Historical Weather API,"Casalecchio di Reno, Bologna, Italy",44.4756,11.2759
2021-03-27T08:00:00+00:00,14.400,6.800,Open-Meteo Historical Weather API,"Casalecchio di Reno, Bologna, Italy",44.4756,11.2759
2021-03-27T09:00:00+00:00,15.900,6.000,Open-Meteo Historical Weather API,"Casalecchio di Reno, Bologna, Italy",44.4756,11.2759
2021-03-27T10:00:00+00:00,17.400,5.800,Open-Meteo Historical Weather API,"Casalecchio di Reno, Bologna, Italy",44.4756,11.2759
2021-03-27T11:00:00+00:00,17.800,5.900,Open-Meteo Historical Weather API,"Casalecchio di Reno, Bologna, Italy",44.4756,11.2759
2021-03-27T12:00:00+00:00,16.700,6.900,Open-Meteo Historical Weather API,"Casalecchio di Reno, Bologna, Italy",44.4756,11.2759
2021-03-27T13:00:00+00:00,15.700,7.100,Open-Meteo Historical Weather API,"Casalecchio di Reno, Bologna, Italy",44.4756,11.2759
2021-03-27T14:00:00+00:00,15.600,7.100,Open-Meteo Historical Weather API,"Casalecchio di Reno, Bologna, Italy",44.4756,11.2759
2021-03-27T15:00:00+00:00,15.800,7.300,Open-Meteo Historical Weather API,"Casalecchio di Reno, Bologna, Italy",44.4756,11.2759
2021-03-27T16:00:00+00:00,16.000,7.600,Open-Meteo Historical Weather API,"Casalecchio di Reno, Bologna, Italy",44.4756,11.2759
2021-03-27T17:00:00+00:00,14.000,9.800,Open-Meteo Historical Weather API,"Casalecchio di Reno, Bologna, Italy",44.4756,11.2759
2021-03-27T18:00:00+00:00,14.200,8.000,Open-Meteo Historical Weather API,"Casalecchio di Reno, Bologna, Italy",44.4756,11.2759
2021-03-27T19:00:00+00:00,11.500,6.800,Open-Meteo Historical Weather API,"Casalecchio di Reno, Bologna, Italy",44.4756,11.2759
2021-03-27T20:00:00+00:00,11.400,5.700,Open-Meteo Historical Weather API,"Casalecchio di Reno, Bologna, Italy",44.4756,11.2759
2021-03-27T21:00:00+00:00,11.000,6.000,Open-Meteo Historical Weather API,"Casalecchio di Reno, Bologna, Italy",44.4756,11.2759
2021-03-27T22:00:00+00:00,10.400,6.200,Open-Meteo Historical Weather API,"Casalecchio di Reno, Bologna, Italy",44.4756,11.2759
2021-03-27T23:00:00+00:00,9.900,6.400,Open-Meteo Historical Weather API,"Casalecchio di Reno, Bologna, Italy",44.4756,11.2759
2021-03-28T00:00:00+00:00,10.200,6.500,Open-Meteo Historical Weather API,"Casalecchio di Reno, Bologna, Italy",44.4756,11.2759
2021-03-28T01:00:00+00:00,9.900,6.700,Open-Meteo Historical Weather API,"Casalecchio di Reno, Bologna, Italy",44.4756,11.2759
2021-03-28T02:00:00+00:00,9.400,6.700,Open-Meteo Historical Weather API,"Casalecchio di Reno, Bologna, Italy",44.4756,11.2759
2021-03-28T03:00:00+00:00,9.100,6.600,Open-Meteo Historical Weather API,"Casalecchio di Reno, Bologna, Italy",44.4756,11.2759
2021-03-28T04:00:00+00:00,8.600,6.400,Open-Meteo Historical Weather API,"Casalecchio di Reno, Bologna, Italy",44.4756,11.2759
2021-03-28T05:00:00+00:00,7.800,6.300,Open-Meteo Historical Weather API,"Casalecchio di Reno, Bologna, Italy",44.4756,11.2759
2021-03-28T06:00:00+00:00,8.900,6.500,Open-Meteo Historical Weather API,"Casalecchio di Reno, Bologna, Italy",44.4756,11.2759
2021-03-28T07:00:00+00:00,11.900,7.300,Open-Meteo Historical Weather API,"Casalecchio di Reno, Bologna, Italy",44.4756,11.2759
2021-03-28T08:00:00+00:00,14.300,6.400,Open-Meteo Historical Weather API,"Casalecchio di Reno, Bologna, Italy",44.4756,11.2759
2021-03-28T09:00:00+00:00,15.500,7.000,Open-Meteo Historical Weather API,"Casalecchio di Reno, Bologna, Italy",44.4756,11.2759
2021-03-28T10:00:00+00:00,16.600,7.700,Open-Meteo Historical Weather API,"Casalecchio di Reno, Bologna, Italy",44.4756,11.2759
2021-03-28T11:00:00+00:00,17.500,8.200,Open-Meteo Historical Weather API,"Casalecchio di Reno, Bologna, Italy",44.4756,11.2759
2021-03-28T12:00:00+00:00,17.900,7.500,Open-Meteo Historical Weather API,"Casalecchio di Reno, Bologna, Italy",44.4756,11.2759
2021-03-28T13:00:00+00:00,18.500,7.000,Open-Meteo Historical Weather API,"Casalecchio di Reno, Bologna, Italy",44.4756,11.2759
2021-03-28T14:00:00+00:00,18.000,6.800,Open-Meteo Historical Weather API,"Casalecchio di Reno, Bologna, Italy",44.4756,11.2759
2021-03-28T15:00:00+00:00,18.400,6.800,Open-Meteo Historical Weather API,"Casalecchio di Reno, Bologna, Italy",44.4756,11.2759
2021-03-28T16:00:00+00:00,18.000,7.200,Open-Meteo Historical Weather API,"Casalecchio di Reno, Bologna, Italy",44.4756,11.2759
2021-03-28T17:00:00+00:00,16.900,7.600,Open-Meteo Historical Weather API,"Casalecchio di Reno, Bologna, Italy",44.4756,11.2759
2021-03-28T18:00:00+00:00,16.100,7.500,Open-Meteo Historical Weather API,"Casalecchio di Reno, Bologna, Italy",44.4756,11.2759
2021-03-28T19:00:00+00:00,12.600,8.100,Open-Meteo Historical Weather API,"Casalecchio di Reno, Bologna, Italy",44.4756,11.2759
2021-03-28T20:00:00+00:00,11.300,8.000,Open-Meteo Historical Weather API,"Casalecchio di Reno, Bologna, Italy",44.4756,11.2759
2021-03-28T21:00:00+00:00,10.200,7.500,Open-Meteo Historical Weather API,"Casalecchio di Reno, Bologna, Italy",44.4756,11.2759
2021-03-28T22:00:00+00:00,9.600,7.200,Open-Meteo Historical Weather API,"Casalecchio di Reno, Bologna, Italy",44.4756,11.2759
2021-03-28T23:00:00+00:00,8.600,6.900,Open-Meteo Historical Weather API,"Casalecchio di Reno, Bologna, Italy",44.4756,11.2759
2021-03-29T00:00:00+00:00,8.400,6.500,Open-Meteo Historical Weather API,"Casalecchio di Reno, Bologna, Italy",44.4756,11.2759
2021-03-29T01:00:00+00:00,8.700,6.200,Open-Meteo Historical Weather API,"Casalecchio di Reno, Bologna, Italy",44.4756,11.2759
2021-03-29T02:00:00+00:00,8.500,6.200,Open-Meteo Historical Weather API,"Casalecchio di Reno, Bologna, Italy",44.4756,11.2759
2021-03-29T03:00:00+00:00,7.400,6.100,Open-Meteo Historical Weather API,"Casalecchio di Reno, Bologna, Italy",44.4756,11.2759
2021-03-29T04:00:00+00:00,6.800,5.800,Open-Meteo Historical Weather API,"Casalecchio di Reno, Bologna, Italy",44.4756,11.2759
2021-03-29T05:00:00+00:00,6.700,5.600,Open-Meteo Historical Weather API,"Casalecchio di Reno, Bologna, Italy",44.4756,11.2759
2021-03-29T06:00:00+00:00,8.600,5.900,Open-Meteo Historical Weather API,"Casalecchio di Reno, Bologna, Italy",44.4756,11.2759
2021-03-29T07:00:00+00:00,13.000,7.600,Open-Meteo Historical Weather API,"Casalecchio di Reno, Bologna, Italy",44.4756,11.2759
2021-03-29T08:00:00+00:00,15.600,7.600,Open-Meteo Historical Weather API,"Casalecchio di Reno, Bologna, Italy",44.4756,11.2759
2021-03-29T09:00:00+00:00,17.300,7.800,Open-Meteo Historical Weather API,"Casalecchio di Reno, Bologna, Italy",44.4756,11.2759
2021-03-29T10:00:00+00:00,18.600,7.900,Open-Meteo Historical Weather API,"Casalecchio di Reno, Bologna, Italy",44.4756,11.2759
2021-03-29T11:00:00+00:00,19.500,7.700,Open-Meteo Historical Weather API,"Casalecchio di Reno, Bologna, Italy",44.4756,11.2759
2021-03-29T12:00:00+00:00,19.500,7.900,Open-Meteo Historical Weather API,"Casalecchio di Reno, Bologna, Italy",44.4756,11.2759
2021-03-29T13:00:00+00:00,19.900,8.100,Open-Meteo Historical Weather API,"Casalecchio di Reno, Bologna, Italy",44.4756,11.2759
2021-03-29T14:00:00+00:00,20.100,8.200,Open-Meteo Historical Weather API,"Casalecchio di Reno, Bologna, Italy",44.4756,11.2759
2021-03-29T15:00:00+00:00,20.000,8.200,Open-Meteo Historical Weather API,"Casalecchio di Reno, Bologna, Italy",44.4756,11.2759
2021-03-29T16:00:00+00:00,19.400,8.100,Open-Meteo Historical Weather API,"Casalecchio di Reno, Bologna, Italy",44.4756,11.2759
2021-03-29T17:00:00+00:00,16.800,11.100,Open-Meteo Historical Weather API,"Casalecchio di Reno, Bologna, Italy",44.4756,11.2759
2021-03-29T18:00:00+00:00,14.900,8.400,Open-Meteo Historical Weather API,"Casalecchio di Reno, Bologna, Italy",44.4756,11.2759
2021-03-29T19:00:00+00:00,13.500,8.300,Open-Meteo Historical Weather API,"Casalecchio di Reno, Bologna, Italy",44.4756,11.2759
2021-03-29T20:00:00+00:00,12.100,8.400,Open-Meteo Historical Weather API,"Casalecchio di Reno, Bologna, Italy",44.4756,11.2759
2021-03-29T21:00:00+00:00,10.100,8.100,Open-Meteo Historical Weather API,"Casalecchio di Reno, Bologna, Italy",44.4756,11.2759
2021-03-29T22:00:00+00:00,8.800,7.800,Open-Meteo Historical Weather API,"Casalecchio di Reno, Bologna, Italy",44.4756,11.2759
2021-03-29T23:00:00+00:00,8.100,7.400,Open-Meteo Historical Weather API,"Casalecchio di Reno, Bologna, Italy",44.4756,11.2759
2021-03-30T00:00:00+00:00,8.300,7.200,Open-Meteo Historical Weather API,"Casalecchio di Reno, Bologna, Italy",44.4756,11.2759
2021-03-30T01:00:00+00:00,8.200,6.800,Open-Meteo Historical Weather API,"Casalecchio di Reno, Bologna, Italy",44.4756,11.2759
2021-03-30T02:00:00+00:00,9.200,6.400,Open-Meteo Historical Weather API,"Casalecchio di Reno, Bologna, Italy",44.4756,11.2759
2021-03-30T03:00:00+00:00,9.400,6.100,Open-Meteo Historical Weather API,"Casalecchio di Reno, Bologna, Italy",44.4756,11.2759
2021-03-30T04:00:00+00:00,9.600,6.000,Open-Meteo Historical Weather API,"Casalecchio di Reno, Bologna, Italy",44.4756,11.2759
2021-03-30T05:00:00+00:00,8.600,5.900,Open-Meteo Historical Weather API,"Casalecchio di Reno, Bologna, Italy",44.4756,11.2759
2021-03-30T06:00:00+00:00,9.600,6.400,Open-Meteo Historical Weather API,"Casalecchio di Reno, Bologna, Italy",44.4756,11.2759
2021-03-30T07:00:00+00:00,14.900,8.100,Open-Meteo Historical Weather API,"Casalecchio di Reno, Bologna, Italy",44.4756,11.2759
2021-03-30T08:00:00+00:00,17.800,8.000,Open-Meteo Historical Weather API,"Casalecchio di Reno, Bologna, Italy",44.4756,11.2759
2021-03-30T09:00:00+00:00,19.400,8.400,Open-Meteo Historical Weather API,"Casalecchio di Reno, Bologna, Italy",44.4756,11.2759
2021-03-30T10:00:00+00:00,20.500,8.700,Open-Meteo Historical Weather API,"Casalecchio di Reno, Bologna, Italy",44.4756,11.2759
2021-03-30T11:00:00+00:00,21.300,8.900,Open-Meteo Historical Weather API,"Casalecchio di Reno, Bologna, Italy",44.4756,11.2759
2021-03-30T12:00:00+00:00,21.200,9.500,Open-Meteo Historical Weather API,"Casalecchio di Reno, Bologna, Italy",44.4756,11.2759
2021-03-30T13:00:00+00:00,21.800,9.100,Open-Meteo Historical Weather API,"Casalecchio di Reno, Bologna, Italy",44.4756,11.2759
2021-03-30T14:00:00+00:00,22.000,8.600,Open-Meteo Historical Weather API,"Casalecchio di Reno, Bologna, Italy",44.4756,11.2759
2021-03-30T15:00:00+00:00,22.000,8.400,Open-Meteo Historical Weather API,"Casalecchio di Reno, Bologna, Italy",44.4756,11.2759
2021-03-30T16:00:00+00:00,21.500,8.600,Open-Meteo Historical Weather API,"Casalecchio di Reno, Bologna, Italy",44.4756,11.2759
2021-03-30T17:00:00+00:00,18.600,11.100,Open-Meteo Historical Weather API,"Casalecchio di Reno, Bologna, Italy",44.4756,11.2759
2021-03-30T18:00:00+00:00,16.000,9.200,Open-Meteo Historical Weather API,"Casalecchio di Reno, Bologna, Italy",44.4756,11.2759
2021-03-30T19:00:00+00:00,14.800,9.200,Open-Meteo Historical Weather API,"Casalecchio di Reno, Bologna, Italy",44.4756,11.2759
2021-03-30T20:00:00+00:00,12.900,8.900,Open-Meteo Historical Weather API,"Casalecchio di Reno, Bologna, Italy",44.4756,11.2759
2021-03-30T21:00:00+00:00,10.400,8.000,Open-Meteo Historical Weather API,"Casalecchio di Reno, Bologna, Italy",44.4756,11.2759
2021-03-30T22:00:00+00:00,8.900,7.200,Open-Meteo Historical Weather API,"Casalecchio di Reno, Bologna, Italy",44.4756,11.2759
2021-03-30T23:00:00+00:00,8.400,6.500,Open-Meteo Historical Weather API,"Casalecchio di Reno, Bologna, Italy",44.4756,11.2759
2021-03-31T00:00:00+00:00,9.600,5.000,Open-Meteo Historical Weather API,"Casalecchio di Reno, Bologna, Italy",44.4756,11.2759
2021-03-31T01:00:00+00:00,9.200,4.200,Open-Meteo Historical Weather API,"Casalecchio di Reno, Bologna, Italy",44.4756,11.2759
2021-03-31T02:00:00+00:00,8.800,3.600,Open-Meteo Historical Weather API,"Casalecchio di Reno, Bologna, Italy",44.4756,11.2759
2021-03-31T03:00:00+00:00,8.500,3.100,Open-Meteo Historical Weather API,"Casalecchio di Reno, Bologna, Italy",44.4756,11.2759
2021-03-31T04:00:00+00:00,8.800,2.500,Open-Meteo Historical Weather API,"Casalecchio di Reno, Bologna, Italy",44.4756,11.2759
2021-03-31T05:00:00+00:00,9.600,2.000,Open-Meteo Historical Weather API,"Casalecchio di Reno, Bologna, Italy",44.4756,11.2759
2021-03-31T06:00:00+00:00,12.400,3.200,Open-Meteo Historical Weather API,"Casalecchio di Reno, Bologna, Italy",44.4756,11.2759
2021-03-31T07:00:00+00:00,16.200,5.400,Open-Meteo Historical Weather API,"Casalecchio di Reno, Bologna, Italy",44.4756,11.2759
2021-03-31T08:00:00+00:00,19.500,6.400,Open-Meteo Historical Weather API,"Casalecchio di Reno, Bologna, Italy",44.4756,11.2759
2021-03-31T09:00:00+00:00,21.300,6.700,Open-Meteo Historical Weather API,"Casalecchio di Reno, Bologna, Italy",44.4756,11.2759
2021-03-31T10:00:00+00:00,22.300,7.200,Open-Meteo Historical Weather API,"Casalecchio di Reno, Bologna, Italy",44.4756,11.2759
2021-03-31T11:00:00+00:00,23.100,6.700,Open-Meteo Historical Weather API,"Casalecchio di Reno, Bologna, Italy",44.4756,11.2759
2021-03-31T12:00:00+00:00,23.300,5.300,Open-Meteo Historical Weather API,"Casalecchio di Reno, Bologna, Italy",44.4756,11.2759
2021-03-31T13:00:00+00:00,23.900,5.100,Open-Meteo Historical Weather API,"Casalecchio di Reno, Bologna, Italy",44.4756,11.2759
2021-03-31T14:00:00+00:00,24.000,5.100,Open-Meteo Historical Weather API,"Casalecchio di Reno, Bologna, Italy",44.4756,11.2759
2021-03-31T15:00:00+00:00,23.700,5.200,Open-Meteo Historical Weather API,"Casalecchio di Reno, Bologna, Italy",44.4756,11.2759
2021-03-31T16:00:00+00:00,22.900,6.100,Open-Meteo Historical Weather API,"Casalecchio di Reno, Bologna, Italy",44.4756,11.2759
2021-03-31T17:00:00+00:00,20.000,8.400,Open-Meteo Historical Weather API,"Casalecchio di Reno, Bologna, Italy",44.4756,11.2759
2021-03-31T18:00:00+00:00,17.600,7.600,Open-Meteo Historical Weather API,"Casalecchio di Reno, Bologna, Italy",44.4756,11.2759
2021-03-31T19:00:00+00:00,16.300,7.400,Open-Meteo Historical Weather API,"Casalecchio di Reno, Bologna, Italy",44.4756,11.2759
2021-03-31T20:00:00+00:00,15.200,6.300,Open-Meteo Historical Weather API,"Casalecchio di Reno, Bologna, Italy",44.4756,11.2759
2021-03-31T21:00:00+00:00,14.800,5.500,Open-Meteo Historical Weather API,"Casalecchio di Reno, Bologna, Italy",44.4756,11.2759
2021-03-31T22:00:00+00:00,13.900,4.900,Open-Meteo Historical Weather API,"Casalecchio di Reno, Bologna, Italy",44.4756,11.2759
2021-03-31T23:00:00+00:00,13.200,4.000,Open-Meteo Historical Weather API,"Casalecchio di Reno, Bologna, Italy",44.4756,11.2759
2021-04-01T00:00:00+00:00,12.900,3.500,Open-Meteo Historical Weather API,"Casalecchio di Reno, Bologna, Italy",44.4756,11.2759
2021-04-01T01:00:00+00:00,12.800,3.000,Open-Meteo Historical Weather API,"Casalecchio di Reno, Bologna, Italy",44.4756,11.2759
2021-04-01T02:00:00+00:00,12.600,2.800,Open-Meteo Historical Weather API,"Casalecchio di Reno, Bologna, Italy",44.4756,11.2759
2021-04-01T03:00:00+00:00,11.900,2.900,Open-Meteo Historical Weather API,"Casalecchio di Reno, Bologna, Italy",44.4756,11.2759
2021-04-01T04:00:00+00:00,11.600,3.300,Open-Meteo Historical Weather API,"Casalecchio di Reno, Bologna, Italy",44.4756,11.2759
2021-04-01T05:00:00+00:00,11.600,3.500,Open-Meteo Historical Weather API,"Casalecchio di Reno, Bologna, Italy",44.4756,11.2759
2021-04-01T06:00:00+00:00,14.000,4.600,Open-Meteo Historical Weather API,"Casalecchio di Reno, Bologna, Italy",44.4756,11.2759
2021-04-01T07:00:00+00:00,17.500,7.000,Open-Meteo Historical Weather API,"Casalecchio di Reno, Bologna, Italy",44.4756,11.2759
2021-04-01T08:00:00+00:00,20.900,7.800,Open-Meteo Historical Weather API,"Casalecchio di Reno, Bologna, Italy",44.4756,11.2759
2021-04-01T09:00:00+00:00,22.500,8.800,Open-Meteo Historical Weather API,"Casalecchio di Reno, Bologna, Italy",44.4756,11.2759
2021-04-01T10:00:00+00:00,23.900,9.100,Open-Meteo Historical Weather API,"Casalecchio di Reno, Bologna, Italy",44.4756,11.2759
2021-04-01T11:00:00+00:00,24.900,8.100,Open-Meteo Historical Weather API,"Casalecchio di Reno, Bologna, Italy",44.4756,11.2759
2021-04-01T12:00:00+00:00,25.000,7.800,Open-Meteo Historical Weather API,"Casalecchio di Reno, Bologna, Italy",44.4756,11.2759
2021-04-01T13:00:00+00:00,25.400,6.400,Open-Meteo Historical Weather API,"Casalecchio di Reno, Bologna, Italy",44.4756,11.2759
2021-04-01T14:00:00+00:00,25.500,5.200,Open-Meteo Historical Weather API,"Casalecchio di Reno, Bologna, Italy",44.4756,11.2759
2021-04-01T15:00:00+00:00,25.500,5.200,Open-Meteo Historical Weather API,"Casalecchio di Reno, Bologna, Italy",44.4756,11.2759
2021-04-01T16:00:00+00:00,24.600,7.100,Open-Meteo Historical Weather API,"Casalecchio di Reno, Bologna, Italy",44.4756,11.2759
2021-04-01T17:00:00+00:00,22.100,7.900,Open-Meteo Historical Weather API,"Casalecchio di Reno, Bologna, Italy",44.4756,11.2759
2021-04-01T18:00:00+00:00,19.400,7.800,Open-Meteo Historical Weather API,"Casalecchio di Reno, Bologna, Italy",44.4756,11.2759
2021-04-01T19:00:00+00:00,17.900,7.800,Open-Meteo Historical Weather API,"Casalecchio di Reno, Bologna, Italy",44.4756,11.2759
2021-04-01T20:00:00+00:00,16.900,7.200,Open-Meteo Historical Weather API,"Casalecchio di Reno, Bologna, Italy",44.4756,11.2759
2021-04-01T21:00:00+00:00,16.000,7.300,Open-Meteo Historical Weather API,"Casalecchio di Reno, Bologna, Italy",44.4756,11.2759
2021-04-01T22:00:00+00:00,15.200,6.900,Open-Meteo Historical Weather API,"Casalecchio di Reno, Bologna, Italy",44.4756,11.2759
2021-04-01T23:00:00+00:00,14.600,6.600,Open-Meteo Historical Weather API,"Casalecchio di Reno, Bologna, Italy",44.4756,11.2759
2021-04-02T00:00:00+00:00,14.100,6.300,Open-Meteo Historical Weather API,"Casalecchio di Reno, Bologna, Italy",44.4756,11.2759
2021-04-02T01:00:00+00:00,13.900,6.100,Open-Meteo Historical Weather API,"Casalecchio di Reno, Bologna, Italy",44.4756,11.2759
2021-04-02T02:00:00+00:00,13.600,6.200,Open-Meteo Historical Weather API,"Casalecchio di Reno, Bologna, Italy",44.4756,11.2759
2021-04-02T03:00:00+00:00,13.100,6.300,Open-Meteo Historical Weather API,"Casalecchio di Reno, Bologna, Italy",44.4756,11.2759
2021-04-02T04:00:00+00:00,12.500,6.300,Open-Meteo Historical Weather API,"Casalecchio di Reno, Bologna, Italy",44.4756,11.2759
2021-04-02T05:00:00+00:00,11.900,6.100,Open-Meteo Historical Weather API,"Casalecchio di Reno, Bologna, Italy",44.4756,11.2759
2021-04-02T06:00:00+00:00,12.900,6.600,Open-Meteo Historical Weather API,"Casalecchio di Reno, Bologna, Italy",44.4756,11.2759
2021-04-02T07:00:00+00:00,15.900,7.400,Open-Meteo Historical Weather API,"Casalecchio di Reno, Bologna, Italy",44.4756,11.2759
2021-04-02T08:00:00+00:00,19.000,7.000,Open-Meteo Historical Weather API,"Casalecchio di Reno, Bologna, Italy",44.4756,11.2759
2021-04-02T09:00:00+00:00,20.900,6.000,Open-Meteo Historical Weather API,"Casalecchio di Reno, Bologna, Italy",44.4756,11.2759
2021-04-02T10:00:00+00:00,22.500,6.300,Open-Meteo Historical Weather API,"Casalecchio di Reno, Bologna, Italy",44.4756,11.2759
2021-04-02T11:00:00+00:00,23.800,6.400,Open-Meteo Historical Weather API,"Casalecchio di Reno, Bologna, Italy",44.4756,11.2759
2021-04-02T12:00:00+00:00,24.000,6.300,Open-Meteo Historical Weather API,"Casalecchio di Reno, Bologna, Italy",44.4756,11.2759
2021-04-02T13:00:00+00:00,24.500,7.000,Open-Meteo Historical Weather API,"Casalecchio di Reno, Bologna, Italy",44.4756,11.2759
2021-04-02T14:00:00+00:00,24.600,7.600,Open-Meteo Historical Weather API,"Casalecchio di Reno, Bologna, Italy",44.4756,11.2759
2021-04-02T15:00:00+00:00,24.300,6.800,Open-Meteo Historical Weather API,"Casalecchio di Reno, Bologna, Italy",44.4756,11.2759
2021-04-02T16:00:00+00:00,23.000,5.600,Open-Meteo Historical Weather API,"Casalecchio di Reno, Bologna, Italy",44.4756,11.2759
2021-04-02T17:00:00+00:00,20.400,4.500,Open-Meteo Historical Weather API,"Casalecchio di Reno, Bologna, Italy",44.4756,11.2759
2021-04-02T18:00:00+00:00,17.800,3.500,Open-Meteo Historical Weather API,"Casalecchio di Reno, Bologna, Italy",44.4756,11.2759
2021-04-02T19:00:00+00:00,16.500,3.400,Open-Meteo Historical Weather API,"Casalecchio di Reno, Bologna, Italy",44.4756,11.2759
2021-04-02T20:00:00+00:00,15.700,3.200,Open-Meteo Historical Weather API,"Casalecchio di Reno, Bologna, Italy",44.4756,11.2759
2021-04-02T21:00:00+00:00,15.200,2.800,Open-Meteo Historical Weather API,"Casalecchio di Reno, Bologna, Italy",44.4756,11.2759
2021-04-02T22:00:00+00:00,14.800,2.500,Open-Meteo Historical Weather API,"Casalecchio di Reno, Bologna, Italy",44.4756,11.2759
2021-04-02T23:00:00+00:00,14.400,2.900,Open-Meteo Historical Weather API,"Casalecchio di Reno, Bologna, Italy",44.4756,11.2759
2021-04-03T00:00:00+00:00,14.500,3.100,Open-Meteo Historical Weather API,"Casalecchio di Reno, Bologna, Italy",44.4756,11.2759
2021-04-03T01:00:00+00:00,14.300,3.500,Open-Meteo Historical Weather API,"Casalecchio di Reno, Bologna, Italy",44.4756,11.2759
2021-04-03T02:00:00+00:00,14.200,3.000,Open-Meteo Historical Weather API,"Casalecchio di Reno, Bologna, Italy",44.4756,11.2759
2021-04-03T03:00:00+00:00,13.100,3.200,Open-Meteo Historical Weather API,"Casalecchio di Reno, Bologna, Italy",44.4756,11.2759
2021-04-03T04:00:00+00:00,11.800,3.800,Open-Meteo Historical Weather API,"Casalecchio di Reno, Bologna, Italy",44.4756,11.2759
2021-04-03T05:00:00+00:00,10.900,4.900,Open-Meteo Historical Weather API,"Casalecchio di Reno, Bologna, Italy",44.4756,11.2759
2021-04-03T06:00:00+00:00,11.600,5.600,Open-Meteo Historical Weather API,"Casalecchio di Reno, Bologna, Italy",44.4756,11.2759
2021-04-03T07:00:00+00:00,13.900,5.200,Open-Meteo Historical Weather API,"Casalecchio di Reno, Bologna, Italy",44.4756,11.2759
2021-04-03T08:00:00+00:00,15.400,7.000,Open-Meteo Historical Weather API,"Casalecchio di Reno, Bologna, Italy",44.4756,11.2759
2021-04-03T09:00:00+00:00,15.800,9.600,Open-Meteo Historical Weather API,"Casalecchio di Reno, Bologna, Italy",44.4756,11.2759
2021-04-03T10:00:00+00:00,13.800,9.900,Open-Meteo Historical Weather API,"Casalecchio di Reno, Bologna, Italy",44.4756,11.2759
2021-04-03T11:00:00+00:00,12.800,8.800,Open-Meteo Historical Weather API,"Casalecchio di Reno, Bologna, Italy",44.4756,11.2759
2021-04-03T12:00:00+00:00,13.100,9.000,Open-Meteo Historical Weather API,"Casalecchio di Reno, Bologna, Italy",44.4756,11.2759
2021-04-03T13:00:00+00:00,14.400,8.900,Open-Meteo Historical Weather API,"Casalecchio di Reno, Bologna, Italy",44.4756,11.2759
2021-04-03T14:00:00+00:00,14.600,8.200,Open-Meteo Historical Weather API,"Casalecchio di Reno, Bologna, Italy",44.4756,11.2759
2021-04-03T15:00:00+00:00,14.900,7.700,Open-Meteo Historical Weather API,"Casalecchio di Reno, Bologna, Italy",44.4756,11.2759
2021-04-03T16:00:00+00:00,14.700,6.500,Open-Meteo Historical Weather API,"Casalecchio di Reno, Bologna, Italy",44.4756,11.2759
2021-04-03T17:00:00+00:00,13.900,5.100,Open-Meteo Historical Weather API,"Casalecchio di Reno, Bologna, Italy",44.4756,11.2759
2021-04-03T18:00:00+00:00,12.100,4.300,Open-Meteo Historical Weather API,"Casalecchio di Reno, Bologna, Italy",44.4756,11.2759
2021-04-03T19:00:00+00:00,10.900,4.600,Open-Meteo Historical Weather API,"Casalecchio di Reno, Bologna, Italy",44.4756,11.2759
2021-04-03T20:00:00+00:00,10.200,5.100,Open-Meteo Historical Weather API,"Casalecchio di Reno, Bologna, Italy",44.4756,11.2759
2021-04-03T21:00:00+00:00,9.500,5.800,Open-Meteo Historical Weather API,"Casalecchio di Reno, Bologna, Italy",44.4756,11.2759
2021-04-03T22:00:00+00:00,9.400,5.600,Open-Meteo Historical Weather API,"Casalecchio di Reno, Bologna, Italy",44.4756,11.2759
2021-04-03T23:00:00+00:00,8.800,3.500,Open-Meteo Historical Weather API,"Casalecchio di Reno, Bologna, Italy",44.4756,11.2759
2021-04-04T00:00:00+00:00,9.600,0.600,Open-Meteo Historical Weather API,"Casalecchio di Reno, Bologna, Italy",44.4756,11.2759
2021-04-04T01:00:00+00:00,9.200,1.200,Open-Meteo Historical Weather API,"Casalecchio di Reno, Bologna, Italy",44.4756,11.2759
2021-04-04T02:00:00+00:00,8.700,1.900,Open-Meteo Historical Weather API,"Casalecchio di Reno, Bologna, Italy",44.4756,11.2759
2021-04-04T03:00:00+00:00,8.100,2.000,Open-Meteo Historical Weather API,"Casalecchio di Reno, Bologna, Italy",44.4756,11.2759
2021-04-04T04:00:00+00:00,7.500,2.000,Open-Meteo Historical Weather API,"Casalecchio di Reno, Bologna, Italy",44.4756,11.2759
2021-04-04T05:00:00+00:00,6.700,1.900,Open-Meteo Historical Weather API,"Casalecchio di Reno, Bologna, Italy",44.4756,11.2759
2021-04-04T06:00:00+00:00,8.600,1.700,Open-Meteo Historical Weather API,"Casalecchio di Reno, Bologna, Italy",44.4756,11.2759
2021-04-04T07:00:00+00:00,10.600,1.200,Open-Meteo Historical Weather API,"Casalecchio di Reno, Bologna, Italy",44.4756,11.2759
2021-04-04T08:00:00+00:00,12.100,-1.200,Open-Meteo Historical Weather API,"Casalecchio di Reno, Bologna, Italy",44.4756,11.2759
2021-04-04T09:00:00+00:00,13.100,-2.500,Open-Meteo Historical Weather API,"Casalecchio di Reno, Bologna, Italy",44.4756,11.2759
2021-04-04T10:00:00+00:00,12.900,-3.000,Open-Meteo Historical Weather API,"Casalecchio di Reno, Bologna, Italy",44.4756,11.2759
2021-04-04T11:00:00+00:00,12.800,-3.700,Open-Meteo Historical Weather API,"Casalecchio di Reno, Bologna, Italy",44.4756,11.2759
2021-04-04T12:00:00+00:00,13.500,-2.200,Open-Meteo Historical Weather API,"Casalecchio di Reno, Bologna, Italy",44.4756,11.2759
2021-04-04T13:00:00+00:00,14.400,-2.500,Open-Meteo Historical Weather API,"Casalecchio di Reno, Bologna, Italy",44.4756,11.2759
2021-04-04T14:00:00+00:00,13.400,-4.100,Open-Meteo Historical Weather API,"Casalecchio di Reno, Bologna, Italy",44.4756,11.2759
2021-04-04T15:00:00+00:00,12.700,-3.800,Open-Meteo Historical Weather API,"Casalecchio di Reno, Bologna, Italy",44.4756,11.2759
2021-04-04T16:00:00+00:00,12.200,-3.200,Open-Meteo Historical Weather API,"Casalecchio di Reno, Bologna, Italy",44.4756,11.2759
2021-04-04T17:00:00+00:00,11.200,-3.300,Open-Meteo Historical Weather API,"Casalecchio di Reno, Bologna, Italy",44.4756,11.2759
2021-04-04T18:00:00+00:00,8.900,-3.200,Open-Meteo Historical Weather API,"Casalecchio di Reno, Bologna, Italy",44.4756,11.2759
2021-04-04T19:00:00+00:00,7.800,-3.000,Open-Meteo Historical Weather API,"Casalecchio di Reno, Bologna, Italy",44.4756,11.2759
2021-04-04T20:00:00+00:00,6.900,-2.800,Open-Meteo Historical Weather API,"Casalecchio di Reno, Bologna, Italy",44.4756,11.2759
2021-04-04T21:00:00+00:00,6.300,-2.200,Open-Meteo Historical Weather API,"Casalecchio di Reno, Bologna, Italy",44.4756,11.2759
2021-04-04T22:00:00+00:00,5.700,-2.000,Open-Meteo Historical Weather API,"Casalecchio di Reno, Bologna, Italy",44.4756,11.2759
2021-04-04T23:00:00+00:00,5.200,-2.300,Open-Meteo Historical Weather API,"Casalecchio di Reno, Bologna, Italy",44.4756,11.2759
2021-04-05T00:00:00+00:00,4.500,-2.800,Open-Meteo Historical Weather API,"Casalecchio di Reno, Bologna, Italy",44.4756,11.2759
2021-04-05T01:00:00+00:00,3.800,-2.700,Open-Meteo Historical Weather API,"Casalecchio di Reno, Bologna, Italy",44.4756,11.2759
2021-04-05T02:00:00+00:00,3.200,-2.200,Open-Meteo Historical Weather API,"Casalecchio di Reno, Bologna, Italy",44.4756,11.2759
2021-04-05T03:00:00+00:00,2.700,-1.600,Open-Meteo Historical Weather API,"Casalecchio di Reno, Bologna, Italy",44.4756,11.2759
2021-04-05T04:00:00+00:00,2.200,-1.200,Open-Meteo Historical Weather API,"Casalecchio di Reno, Bologna, Italy",44.4756,11.2759
2021-04-05T05:00:00+00:00,2.400,-1.000,Open-Meteo Historical Weather API,"Casalecchio di Reno, Bologna, Italy",44.4756,11.2759
2021-04-05T06:00:00+00:00,5.800,-0.100,Open-Meteo Historical Weather API,"Casalecchio di Reno, Bologna, Italy",44.4756,11.2759
2021-04-05T07:00:00+00:00,9.400,0.600,Open-Meteo Historical Weather API,"Casalecchio di Reno, Bologna, Italy",44.4756,11.2759
2021-04-05T08:00:00+00:00,11.400,-0.100,Open-Meteo Historical Weather API,"Casalecchio di Reno, Bologna, Italy",44.4756,11.2759
2021-04-05T09:00:00+00:00,13.600,-0.900,Open-Meteo Historical Weather API,"Casalecchio di Reno, Bologna, Italy",44.4756,11.2759
2021-04-05T10:00:00+00:00,15.100,-0.900,Open-Meteo Historical Weather API,"Casalecchio di Reno, Bologna, Italy",44.4756,11.2759
2021-04-05T11:00:00+00:00,16.300,-0.500,Open-Meteo Historical Weather API,"Casalecchio di Reno, Bologna, Italy",44.4756,11.2759
2021-04-05T12:00:00+00:00,16.100,0.200,Open-Meteo Historical Weather API,"Casalecchio di Reno, Bologna, Italy",44.4756,11.2759
2021-04-05T13:00:00+00:00,17.100,0.500,Open-Meteo Historical Weather API,"Casalecchio di Reno, Bologna, Italy",44.4756,11.2759
2021-04-05T14:00:00+00:00,17.500,0.900,Open-Meteo Historical Weather API,"Casalecchio di Reno, Bologna, Italy",44.4756,11.2759
2021-04-05T15:00:00+00:00,17.500,1.100,Open-Meteo Historical Weather API,"Casalecchio di Reno, Bologna, Italy",44.4756,11.2759
2021-04-05T16:00:00+00:00,16.800,1.400,Open-Meteo Historical Weather API,"Casalecchio di Reno, Bologna, Italy",44.4756,11.2759
2021-04-05T17:00:00+00:00,14.600,7.100,Open-Meteo Historical Weather API,"Casalecchio di Reno, Bologna, Italy",44.4756,11.2759
2021-04-05T18:00:00+00:00,11.900,4.000,Open-Meteo Historical Weather API,"Casalecchio di Reno, Bologna, Italy",44.4756,11.2759
2021-04-05T19:00:00+00:00,12.800,2.800,Open-Meteo Historical Weather API,"Casalecchio di Reno, Bologna, Italy",44.4756,11.2759
2021-04-05T20:00:00+00:00,11.900,2.200,Open-Meteo Historical Weather API,"Casalecchio di Reno, Bologna, Italy",44.4756,11.2759
2021-04-05T21:00:00+00:00,11.100,2.000,Open-Meteo Historical Weather API,"Casalecchio di Reno, Bologna, Italy",44.4756,11.2759
2021-04-05T22:00:00+00:00,10.600,1.500,Open-Meteo Historical Weather API,"Casalecchio di Reno, Bologna, Italy",44.4756,11.2759
2021-04-05T23:00:00+00:00,10.300,1.100,Open-Meteo Historical Weather API,"Casalecchio di Reno, Bologna, Italy",44.4756,11.2759
2021-04-06T00:00:00+00:00,9.900,2.600,Open-Meteo Historical Weather API,"Casalecchio di Reno, Bologna, Italy",44.4756,11.2759
2021-04-06T01:00:00+00:00,10.100,3.800,Open-Meteo Historical Weather API,"Casalecchio di Reno, Bologna, Italy",44.4756,11.2759
2021-04-06T02:00:00+00:00,10.400,4.400,Open-Meteo Historical Weather API,"Casalecchio di Reno, Bologna, Italy",44.4756,11.2759
2021-04-06T03:00:00+00:00,10.400,3.500,Open-Meteo Historical Weather API,"Casalecchio di Reno, Bologna, Italy",44.4756,11.2759
2021-04-06T04:00:00+00:00,10.200,2.800,Open-Meteo Historical Weather API,"Casalecchio di Reno, Bologna, Italy",44.4756,11.2759
2021-04-06T05:00:00+00:00,10.000,3.300,Open-Meteo Historical Weather API,"Casalecchio di Reno, Bologna, Italy",44.4756,11.2759
2021-04-06T06:00:00+00:00,9.900,4.800,Open-Meteo Historical Weather API,"Casalecchio di Reno, Bologna, Italy",44.4756,11.2759
2021-04-06T07:00:00+00:00,10.200,5.500,Open-Meteo Historical Weather API,"Casalecchio di Reno, Bologna, Italy",44.4756,11.2759
2021-04-06T08:00:00+00:00,9.000,7.800,Open-Meteo Historical Weather API,"Casalecchio di Reno, Bologna, Italy",44.4756,11.2759
2021-04-06T09:00:00+00:00,5.600,4.100,Open-Meteo Historical Weather API,"Casalecchio di Reno, Bologna, Italy",44.4756,11.2759
2021-04-06T10:00:00+00:00,5.800,2.800,Open-Meteo Historical Weather API,"Casalecchio di Reno, Bologna, Italy",44.4756,11.2759
2021-04-06T11:00:00+00:00,4.900,1.300,Open-Meteo Historical Weather API,"Casalecchio di Reno, Bologna, Italy",44.4756,11.2759
2021-04-06T12:00:00+00:00,6.100,3.500,Open-Meteo Historical Weather API,"Casalecchio di Reno, Bologna, Italy",44.4756,11.2759
2021-04-06T13:00:00+00:00,4.800,3.200,Open-Meteo Historical Weather API,"Casalecchio di Reno, Bologna, Italy",44.4756,11.2759
2021-04-06T14:00:00+00:00,2.800,2.200,Open-Meteo Historical Weather API,"Casalecchio di Reno, Bologna, Italy",44.4756,11.2759
2021-04-06T15:00:00+00:00,3.100,2.200,Open-Meteo Historical Weather API,"Casalecchio di Reno, Bologna, Italy",44.4756,11.2759
2021-04-06T16:00:00+00:00,3.900,1.600,Open-Meteo Historical Weather API,"Casalecchio di Reno, Bologna, Italy",44.4756,11.2759
2021-04-06T17:00:00+00:00,3.700,1.400,Open-Meteo Historical Weather API,"Casalecchio di Reno, Bologna, Italy",44.4756,11.2759
2021-04-06T18:00:00+00:00,3.700,1.700,Open-Meteo Historical Weather API,"Casalecchio di Reno, Bologna, Italy",44.4756,11.2759
2021-04-06T19:00:00+00:00,3.600,1.600,Open-Meteo Historical Weather API,"Casalecchio di Reno, Bologna, Italy",44.4756,11.2759
2021-04-06T20:00:00+00:00,1.900,1.400,Open-Meteo Historical Weather API,"Casalecchio di Reno, Bologna, Italy",44.4756,11.2759
2021-04-06T21:00:00+00:00,2.100,1.600,Open-Meteo Historical Weather API,"Casalecchio di Reno, Bologna, Italy",44.4756,11.2759
2021-04-06T22:00:00+00:00,1.800,1.300,Open-Meteo Historical Weather API,"Casalecchio di Reno, Bologna, Italy",44.4756,11.2759
2021-04-06T23:00:00+00:00,1.700,1.100,Open-Meteo Historical Weather API,"Casalecchio di Reno, Bologna, Italy",44.4756,11.2759
2021-04-07T00:00:00+00:00,3.000,2.300,Open-Meteo Historical Weather API,"Casalecchio di Reno, Bologna, Italy",44.4756,11.2759
2021-04-07T01:00:00+00:00,2.700,2.200,Open-Meteo Historical Weather API,"Casalecchio di Reno, Bologna, Italy",44.4756,11.2759
2021-04-07T02:00:00+00:00,1.200,0.800,Open-Meteo Historical Weather API,"Casalecchio di Reno, Bologna, Italy",44.4756,11.2759
2021-04-07T03:00:00+00:00,0.300,-0.300,Open-Meteo Historical Weather API,"Casalecchio di Reno, Bologna, Italy",44.4756,11.2759
2021-04-07T04:00:00+00:00,-0.200,-1.100,Open-Meteo Historical Weather API,"Casalecchio di Reno, Bologna, Italy",44.4756,11.2759
2021-04-07T05:00:00+00:00,1.100,-0.200,Open-Meteo Historical Weather API,"Casalecchio di Reno, Bologna, Italy",44.4756,11.2759
2021-04-07T06:00:00+00:00,3.000,0.100,Open-Meteo Historical Weather API,"Casalecchio di Reno, Bologna, Italy",44.4756,11.2759
2021-04-07T07:00:00+00:00,4.800,0.300,Open-Meteo Historical Weather API,"Casalecchio di Reno, Bologna, Italy",44.4756,11.2759
2021-04-07T08:00:00+00:00,6.100,-0.600,Open-Meteo Historical Weather API,"Casalecchio di Reno, Bologna, Italy",44.4756,11.2759
2021-04-07T09:00:00+00:00,7.000,-1.400,Open-Meteo Historical Weather API,"Casalecchio di Reno, Bologna, Italy",44.4756,11.2759
2021-04-07T10:00:00+00:00,8.300,-2.000,Open-Meteo Historical Weather API,"Casalecchio di Reno, Bologna, Italy",44.4756,11.2759
2021-04-07T11:00:00+00:00,9.300,-3.000,Open-Meteo Historical Weather API,"Casalecchio di Reno, Bologna, Italy",44.4756,11.2759
2021-04-07T12:00:00+00:00,10.700,-10.200,Open-Meteo Historical Weather API,"Casalecchio di Reno, Bologna, Italy",44.4756,11.2759
2021-04-07T13:00:00+00:00,10.900,-12.500,Open-Meteo Historical Weather API,"Casalecchio di Reno, Bologna, Italy",44.4756,11.2759
2021-04-07T14:00:00+00:00,10.900,-12.700,Open-Meteo Historical Weather API,"Casalecchio di Reno, Bologna, Italy",44.4756,11.2759
2021-04-07T15:00:00+00:00,10.400,-12.700,Open-Meteo Historical Weather API,"Casalecchio di Reno, Bologna, Italy",44.4756,11.2759
2021-04-07T16:00:00+00:00,10.100,-12.600,Open-Meteo Historical Weather API,"Casalecchio di Reno, Bologna, Italy",44.4756,11.2759
2021-04-07T17:00:00+00:00,9.200,-11.800,Open-Meteo Historical Weather API,"Casalecchio di Reno, Bologna, Italy",44.4756,11.2759
2021-04-07T18:00:00+00:00,4.800,-8.100,Open-Meteo Historical Weather API,"Casalecchio di Reno, Bologna, Italy",44.4756,11.2759
2021-04-07T19:00:00+00:00,3.800,-7.700,Open-Meteo Historical Weather API,"Casalecchio di Reno, Bologna, Italy",44.4756,11.2759
2021-04-07T20:00:00+00:00,4.000,-8.000,Open-Meteo Historical Weather API,"Casalecchio di Reno, Bologna, Italy",44.4756,11.2759
2021-04-07T21:00:00+00:00,2.900,-10.200,Open-Meteo Historical Weather API,"Casalecchio di Reno, Bologna, Italy",44.4756,11.2759
2021-04-07T22:00:00+00:00,3.600,-13.600,Open-Meteo Historical Weather API,"Casalecchio di Reno, Bologna, Italy",44.4756,11.2759
2021-04-07T23:00:00+00:00,3.000,-13.600,Open-Meteo Historical Weather API,"Casalecchio di Reno, Bologna, Italy",44.4756,11.2759
2021-04-08T00:00:00+00:00,2.900,-12.600,Open-Meteo Historical Weather API,"Casalecchio di Reno, Bologna, Italy",44.4756,11.2759
2021-04-08T01:00:00+00:00,2.900,-12.900,Open-Meteo Historical Weather API,"Casalecchio di Reno, Bologna, Italy",44.4756,11.2759
2021-04-08T02:00:00+00:00,2.800,-13.400,Open-Meteo Historical Weather API,"Casalecchio di Reno, Bologna, Italy",44.4756,11.2759
2021-04-08T03:00:00+00:00,2.200,-13.800,Open-Meteo Historical Weather API,"Casalecchio di Reno, Bologna, Italy",44.4756,11.2759
2021-04-08T04:00:00+00:00,1.900,-14.000,Open-Meteo Historical Weather API,"Casalecchio di Reno, Bologna, Italy",44.4756,11.2759
2021-04-08T05:00:00+00:00,1.900,-13.600,Open-Meteo Historical Weather API,"Casalecchio di Reno, Bologna, Italy",44.4756,11.2759
2021-04-08T06:00:00+00:00,3.900,-10.000,Open-Meteo Historical Weather API,"Casalecchio di Reno, Bologna, Italy",44.4756,11.2759
2021-04-08T07:00:00+00:00,8.100,-6.600,Open-Meteo Historical Weather API,"Casalecchio di Reno, Bologna, Italy",44.4756,11.2759
2021-04-08T08:00:00+00:00,10.800,-9.700,Open-Meteo Historical Weather API,"Casalecchio di Reno, Bologna, Italy",44.4756,11.2759
2021-04-08T09:00:00+00:00,12.000,-9.100,Open-Meteo Historical Weather API,"Casalecchio di Reno, Bologna, Italy",44.4756,11.2759
2021-04-08T10:00:00+00:00,13.100,-8.200,Open-Meteo Historical Weather API,"Casalecchio di Reno, Bologna, Italy",44.4756,11.2759
2021-04-08T11:00:00+00:00,13.900,-7.300,Open-Meteo Historical Weather API,"Casalecchio di Reno, Bologna, Italy",44.4756,11.2759
2021-04-08T12:00:00+00:00,15.000,-4.100,Open-Meteo Historical Weather API,"Casalecchio di Reno, Bologna, Italy",44.4756,11.2759
2021-04-08T13:00:00+00:00,15.400,-2.200,Open-Meteo Historical Weather API,"Casalecchio di Reno, Bologna, Italy",44.4756,11.2759
2021-04-08T14:00:00+00:00,15.100,-2.000,Open-Meteo Historical Weather API,"Casalecchio di Reno, Bologna, Italy",44.4756,11.2759
2021-04-08T15:00:00+00:00,14.900,-2.500,Open-Meteo Historical Weather API,"Casalecchio di Reno, Bologna, Italy",44.4756,11.2759
2021-04-08T16:00:00+00:00,14.100,-0.900,Open-Meteo Historical Weather API,"Casalecchio di Reno, Bologna, Italy",44.4756,11.2759
2021-04-08T17:00:00+00:00,13.200,3.900,Open-Meteo Historical Weather API,"Casalecchio di Reno, Bologna, Italy",44.4756,11.2759
2021-04-08T18:00:00+00:00,11.400,-0.600,Open-Meteo Historical Weather API,"Casalecchio di Reno, Bologna, Italy",44.4756,11.2759
2021-04-08T19:00:00+00:00,9.800,-0.600,Open-Meteo Historical Weather API,"Casalecchio di Reno, Bologna, Italy",44.4756,11.2759
2021-04-08T20:00:00+00:00,8.600,0.300,Open-Meteo Historical Weather API,"Casalecchio di Reno, Bologna, Italy",44.4756,11.2759
2021-04-08T21:00:00+00:00,8.300,1.100,Open-Meteo Historical Weather API,"Casalecchio di Reno, Bologna, Italy",44.4756,11.2759
2021-04-08T22:00:00+00:00,7.900,0.900,Open-Meteo Historical Weather API,"Casalecchio di Reno, Bologna, Italy",44.4756,11.2759
2021-04-08T23:00:00+00:00,7.500,0.500,Open-Meteo Historical Weather API,"Casalecchio di Reno, Bologna, Italy",44.4756,11.2759
2021-04-09T00:00:00+00:00,7.600,0.900,Open-Meteo Historical Weather API,"Casalecchio di Reno, Bologna, Italy",44.4756,11.2759
2021-04-09T01:00:00+00:00,7.400,1.200,Open-Meteo Historical Weather API,"Casalecchio di Reno, Bologna, Italy",44.4756,11.2759
2021-04-09T02:00:00+00:00,6.900,1.200,Open-Meteo Historical Weather API,"Casalecchio di Reno, Bologna, Italy",44.4756,11.2759
2021-04-09T03:00:00+00:00,5.900,1.300,Open-Meteo Historical Weather API,"Casalecchio di Reno, Bologna, Italy",44.4756,11.2759
2021-04-09T04:00:00+00:00,5.200,1.300,Open-Meteo Historical Weather API,"Casalecchio di Reno, Bologna, Italy",44.4756,11.2759
2021-04-09T05:00:00+00:00,4.900,1.400,Open-Meteo Historical Weather API,"Casalecchio di Reno, Bologna, Italy",44.4756,11.2759
2021-04-09T06:00:00+00:00,6.900,2.200,Open-Meteo Historical Weather API,"Casalecchio di Reno, Bologna, Italy",44.4756,11.2759
2021-04-09T07:00:00+00:00,10.200,3.300,Open-Meteo Historical Weather API,"Casalecchio di Reno, Bologna, Italy",44.4756,11.2759
2021-04-09T08:00:00+00:00,12.200,3.000,Open-Meteo Historical Weather API,"Casalecchio di Reno, Bologna, Italy",44.4756,11.2759
2021-04-09T09:00:00+00:00,13.600,2.800,Open-Meteo Historical Weather API,"Casalecchio di Reno, Bologna, Italy",44.4756,11.2759
2021-04-09T10:00:00+00:00,14.600,2.100,Open-Meteo Historical Weather API,"Casalecchio di Reno, Bologna, Italy",44.4756,11.2759
2021-04-09T11:00:00+00:00,15.600,2.200,Open-Meteo Historical Weather API,"Casalecchio di Reno, Bologna, Italy",44.4756,11.2759
2021-04-09T12:00:00+00:00,14.100,2.700,Open-Meteo Historical Weather API,"Casalecchio di Reno, Bologna, Italy",44.4756,11.2759
2021-04-09T13:00:00+00:00,14.300,2.700,Open-Meteo Historical Weather API,"Casalecchio di Reno, Bologna, Italy",44.4756,11.2759
2021-04-09T14:00:00+00:00,15.600,2.800,Open-Meteo Historical Weather API,"Casalecchio di Reno, Bologna, Italy",44.4756,11.2759
2021-04-09T15:00:00+00:00,16.700,1.300,Open-Meteo Historical Weather API,"Casalecchio di Reno, Bologna, Italy",44.4756,11.2759
2021-04-09T16:00:00+00:00,16.300,0.100,Open-Meteo Historical Weather API,"Casalecchio di Reno, Bologna, Italy",44.4756,11.2759
2021-04-09T17:00:00+00:00,14.200,5.200,Open-Meteo Historical Weather API,"Casalecchio di Reno, Bologna, Italy",44.4756,11.2759
2021-04-09T18:00:00+00:00,12.900,-0.300,Open-Meteo Historical Weather API,"Casalecchio di Reno, Bologna, Italy",44.4756,11.2759
2021-04-09T19:00:00+00:00,11.200,0.100,Open-Meteo Historical Weather API,"Casalecchio di Reno, Bologna, Italy",44.4756,11.2759
2021-04-09T20:00:00+00:00,10.000,-0.200,Open-Meteo Historical Weather API,"Casalecchio di Reno, Bologna, Italy",44.4756,11.2759
2021-04-09T21:00:00+00:00,9.200,-0.500,Open-Meteo Historical Weather API,"Casalecchio di Reno, Bologna, Italy",44.4756,11.2759
2021-04-09T22:00:00+00:00,8.600,-1.600,Open-Meteo Historical Weather API,"Casalecchio di Reno, Bologna, Italy",44.4756,11.2759
2021-04-09T23:00:00+00:00,8.400,-0.900,Open-Meteo Historical Weather API,"Casalecchio di Reno, Bologna, Italy",44.4756,11.2759
2021-04-10T00:00:00+00:00,9.100,0.800,Open-Meteo Historical Weather API,"Casalecchio di Reno, Bologna, Italy",44.4756,11.2759
2021-04-10T01:00:00+00:00,9.400,2.000,Open-Meteo Historical Weather API,"Casalecchio di Reno, Bologna, Italy",44.4756,11.2759
2021-04-10T02:00:00+00:00,9.600,3.000,Open-Meteo Historical Weather API,"Casalecchio di Reno, Bologna, Italy",44.4756,11.2759
2021-04-10T03:00:00+00:00,9.100,3.200,Open-Meteo Historical Weather API,"Casalecchio di Reno, Bologna, Italy",44.4756,11.2759
2021-04-10T04:00:00+00:00,9.100,3.500,Open-Meteo Historical Weather API,"Casalecchio di Reno, Bologna, Italy",44.4756,11.2759
2021-04-10T05:00:00+00:00,8.800,4.100,Open-Meteo Historical Weather API,"Casalecchio di Reno, Bologna, Italy",44.4756,11.2759
2021-04-10T06:00:00+00:00,10.100,5.000,Open-Meteo Historical Weather API,"Casalecchio di Reno, Bologna, Italy",44.4756,11.2759
2021-04-10T07:00:00+00:00,11.900,5.400,Open-Meteo Historical Weather API,"Casalecchio di Reno, Bologna, Italy",44.4756,11.2759
2021-04-10T08:00:00+00:00,13.100,5.900,Open-Meteo Historical Weather API,"Casalecchio di Reno, Bologna, Italy",44.4756,11.2759
2021-04-10T09:00:00+00:00,14.400,5.900,Open-Meteo Historical Weather API,"Casalecchio di Reno, Bologna, Italy",44.4756,11.2759
2021-04-10T10:00:00+00:00,15.400,6.100,Open-Meteo Historical Weather API,"Casalecchio di Reno, Bologna, Italy",44.4756,11.2759
2021-04-10T11:00:00+00:00,14.900,6.200,Open-Meteo Historical Weather API,"Casalecchio di Reno, Bologna, Italy",44.4756,11.2759
2021-04-10T12:00:00+00:00,15.100,5.800,Open-Meteo Historical Weather API,"Casalecchio di Reno, Bologna, Italy",44.4756,11.2759
2021-04-10T13:00:00+00:00,15.400,5.100,Open-Meteo Historical Weather API,"Casalecchio di Reno, Bologna, Italy",44.4756,11.2759
2021-04-10T14:00:00+00:00,15.400,5.800,Open-Meteo Historical Weather API,"Casalecchio di Reno, Bologna, Italy",44.4756,11.2759
2021-04-10T15:00:00+00:00,14.400,6.300,Open-Meteo Historical Weather API,"Casalecchio di Reno, Bologna, Italy",44.4756,11.2759
2021-04-10T16:00:00+00:00,13.900,6.400,Open-Meteo Historical Weather API,"Casalecchio di Reno, Bologna, Italy",44.4756,11.2759
2021-04-10T17:00:00+00:00,13.400,6.600,Open-Meteo Historical Weather API,"Casalecchio di Reno, Bologna, Italy",44.4756,11.2759
2021-04-10T18:00:00+00:00,12.600,6.800,Open-Meteo Historical Weather API,"Casalecchio di Reno, Bologna, Italy",44.4756,11.2759
2021-04-10T19:00:00+00:00,12.200,6.900,Open-Meteo Historical Weather API,"Casalecchio di Reno, Bologna, Italy",44.4756,11.2759
2021-04-10T20:00:00+00:00,11.100,7.100,Open-Meteo Historical Weather API,"Casalecchio di Reno, Bologna, Italy",44.4756,11.2759
2021-04-10T21:00:00+00:00,10.400,7.600,Open-Meteo Historical Weather API,"Casalecchio di Reno, Bologna, Italy",44.4756,11.2759
2021-04-10T22:00:00+00:00,10.300,8.300,Open-Meteo Historical Weather API,"Casalecchio di Reno, Bologna, Italy",44.4756,11.2759
2021-04-10T23:00:00+00:00,10.100,8.400,Open-Meteo Historical Weather API,"Casalecchio di Reno, Bologna, Italy",44.4756,11.2759
2021-04-11T00:00:00+00:00,10.100,8.400,Open-Meteo Historical Weather API,"Casalecchio di Reno, Bologna, Italy",44.4756,11.2759
2021-04-11T01:00:00+00:00,10.100,8.900,Open-Meteo Historical Weather API,"Casalecchio di Reno, Bologna, Italy",44.4756,11.2759
2021-04-11T02:00:00+00:00,10.000,9.100,Open-Meteo Historical Weather API,"Casalecchio di Reno, Bologna, Italy",44.4756,11.2759
2021-04-11T03:00:00+00:00,9.800,9.000,Open-Meteo Historical Weather API,"Casalecchio di Reno, Bologna, Italy",44.4756,11.2759
2021-04-11T04:00:00+00:00,9.600,9.100,Open-Meteo Historical Weather API,"Casalecchio di Reno, Bologna, Italy",44.4756,11.2759
2021-04-11T05:00:00+00:00,9.600,8.800,Open-Meteo Historical Weather API,"Casalecchio di Reno, Bologna, Italy",44.4756,11.2759
2021-04-11T06:00:00+00:00,9.900,8.200,Open-Meteo Historical Weather API,"Casalecchio di Reno, Bologna, Italy",44.4756,11.2759
2021-04-11T07:00:00+00:00,10.100,8.000,Open-Meteo Historical Weather API,"Casalecchio di Reno, Bologna, Italy",44.4756,11.2759
2021-04-11T08:00:00+00:00,10.900,7.900,Open-Meteo Historical Weather API,"Casalecchio di Reno, Bologna, Italy",44.4756,11.2759
2021-04-11T09:00:00+00:00,14.600,8.600,Open-Meteo Historical Weather API,"Casalecchio di Reno, Bologna, Italy",44.4756,11.2759
2021-04-11T10:00:00+00:00,17.100,9.200,Open-Meteo Historical Weather API,"Casalecchio di Reno, Bologna, Italy",44.4756,11.2759
2021-04-11T11:00:00+00:00,17.900,9.700,Open-Meteo Historical Weather API,"Casalecchio di Reno, Bologna, Italy",44.4756,11.2759
2021-04-11T12:00:00+00:00,16.600,9.900,Open-Meteo Historical Weather API,"Casalecchio di Reno, Bologna, Italy",44.4756,11.2759
2021-04-11T13:00:00+00:00,17.500,10.600,Open-Meteo Historical Weather API,"Casalecchio di Reno, Bologna, Italy",44.4756,11.2759
2021-04-11T14:00:00+00:00,17.000,11.200,Open-Meteo Historical Weather API,"Casalecchio di Reno, Bologna, Italy",44.4756,11.2759
2021-04-11T15:00:00+00:00,14.800,11.800,Open-Meteo Historical Weather API,"Casalecchio di Reno, Bologna, Italy",44.4756,11.2759
2021-04-11T16:00:00+00:00,13.200,11.900,Open-Meteo Historical Weather API,"Casalecchio di Reno, Bologna, Italy",44.4756,11.2759
2021-04-11T17:00:00+00:00,12.300,11.400,Open-Meteo Historical Weather API,"Casalecchio di Reno, Bologna, Italy",44.4756,11.2759
2021-04-11T18:00:00+00:00,11.800,11.000,Open-Meteo Historical Weather API,"Casalecchio di Reno, Bologna, Italy",44.4756,11.2759
2021-04-11T19:00:00+00:00,10.900,10.600,Open-Meteo Historical Weather API,"Casalecchio di Reno, Bologna, Italy",44.4756,11.2759
2021-04-11T20:00:00+00:00,10.400,10.200,Open-Meteo Historical Weather API,"Casalecchio di Reno, Bologna, Italy",44.4756,11.2759
2021-04-11T21:00:00+00:00,10.200,10.100,Open-Meteo Historical Weather API,"Casalecchio di Reno, Bologna, Italy",44.4756,11.2759
2021-04-11T22:00:00+00:00,10.100,10.100,Open-Meteo Historical Weather API,"Casalecchio di Reno, Bologna, Italy",44.4756,11.2759
2021-04-11T23:00:00+00:00,9.900,9.600,Open-Meteo Historical Weather API,"Casalecchio di Reno, Bologna, Italy",44.4756,11.2759
2021-04-12T00:00:00+00:00,9.000,9.000,Open-Meteo Historical Weather API,"Casalecchio di Reno, Bologna, Italy",44.4756,11.2759
2021-04-12T01:00:00+00:00,9.100,9.100,Open-Meteo Historical Weather API,"Casalecchio di Reno, Bologna, Italy",44.4756,11.2759
2021-04-12T02:00:00+00:00,9.200,9.100,Open-Meteo Historical Weather API,"Casalecchio di Reno, Bologna, Italy",44.4756,11.2759
2021-04-12T03:00:00+00:00,9.600,9.400,Open-Meteo Historical Weather API,"Casalecchio di Reno, Bologna, Italy",44.4756,11.2759
2021-04-12T04:00:00+00:00,9.900,9.600,Open-Meteo Historical Weather API,"Casalecchio di Reno, Bologna, Italy",44.4756,11.2759
2021-04-12T05:00:00+00:00,10.400,9.800,Open-Meteo Historical Weather API,"Casalecchio di Reno, Bologna, Italy",44.4756,11.2759
2021-04-12T06:00:00+00:00,11.100,10.300,Open-Meteo Historical Weather API,"Casalecchio di Reno, Bologna, Italy",44.4756,11.2759
2021-04-12T07:00:00+00:00,12.600,11.100,Open-Meteo Historical Weather API,"Casalecchio di Reno, Bologna, Italy",44.4756,11.2759
2021-04-12T08:00:00+00:00,13.400,12.000,Open-Meteo Historical Weather API,"Casalecchio di Reno, Bologna, Italy",44.4756,11.2759
2021-04-12T09:00:00+00:00,14.100,12.100,Open-Meteo Historical Weather API,"Casalecchio di Reno, Bologna, Italy",44.4756,11.2759
2021-04-12T10:00:00+00:00,15.600,12.100,Open-Meteo Historical Weather API,"Casalecchio di Reno, Bologna, Italy",44.4756,11.2759
2021-04-12T11:00:00+00:00,17.300,11.900,Open-Meteo Historical Weather API,"Casalecchio di Reno, Bologna, Italy",44.4756,11.2759
2021-04-12T12:00:00+00:00,17.500,9.600,Open-Meteo Historical Weather API,"Casalecchio di Reno, Bologna, Italy",44.4756,11.2759
2021-04-12T13:00:00+00:00,17.300,8.900,Open-Meteo Historical Weather API,"Casalecchio di Reno, Bologna, Italy",44.4756,11.2759
2021-04-12T14:00:00+00:00,16.800,10.300,Open-Meteo Historical Weather API,"Casalecchio di Reno, Bologna, Italy",44.4756,11.2759
2021-04-12T15:00:00+00:00,15.500,12.100,Open-Meteo Historical Weather API,"Casalecchio di Reno, Bologna, Italy",44.4756,11.2759
2021-04-12T16:00:00+00:00,14.300,11.800,Open-Meteo Historical Weather API,"Casalecchio di Reno, Bologna, Italy",44.4756,11.2759
2021-04-12T17:00:00+00:00,13.800,12.400,Open-Meteo Historical Weather API,"Casalecchio di Reno, Bologna, Italy",44.4756,11.2759
2021-04-12T18:00:00+00:00,13.100,12.300,Open-Meteo Historical Weather API,"Casalecchio di Reno, Bologna, Italy",44.4756,11.2759
2021-04-12T19:00:00+00:00,12.500,11.400,Open-Meteo Historical Weather API,"Casalecchio di Reno, Bologna, Italy",44.4756,11.2759
2021-04-12T20:00:00+00:00,11.300,10.200,Open-Meteo Historical Weather API,"Casalecchio di Reno, Bologna, Italy",44.4756,11.2759
2021-04-12T21:00:00+00:00,11.100,9.600,Open-Meteo Historical Weather API,"Casalecchio di Reno, Bologna, Italy",44.4756,11.2759
2021-04-12T22:00:00+00:00,8.800,7.600,Open-Meteo Historical Weather API,"Casalecchio di Reno, Bologna, Italy",44.4756,11.2759
2021-04-12T23:00:00+00:00,8.100,6.600,Open-Meteo Historical Weather API,"Casalecchio di Reno, Bologna, Italy",44.4756,11.2759
2021-04-13T00:00:00+00:00,9.100,7.800,Open-Meteo Historical Weather API,"Casalecchio di Reno, Bologna, Italy",44.4756,11.2759
2021-04-13T01:00:00+00:00,8.800,7.600,Open-Meteo Historical Weather API,"Casalecchio di Reno, Bologna, Italy",44.4756,11.2759
2021-04-13T02:00:00+00:00,8.400,7.300,Open-Meteo Historical Weather API,"Casalecchio di Reno, Bologna, Italy",44.4756,11.2759
2021-04-13T03:00:00+00:00,7.300,5.300,Open-Meteo Historical Weather API,"Casalecchio di Reno, Bologna, Italy",44.4756,11.2759
2021-04-13T04:00:00+00:00,6.300,3.800,Open-Meteo Historical Weather API,"Casalecchio di Reno, Bologna, Italy",44.4756,11.2759
2021-04-13T05:00:00+00:00,5.800,3.300,Open-Meteo Historical Weather API,"Casalecchio di Reno, Bologna, Italy",44.4756,11.2759
2021-04-13T06:00:00+00:00,5.700,3.500,Open-Meteo Historical Weather API,"Casalecchio di Reno, Bologna, Italy",44.4756,11.2759
2021-04-13T07:00:00+00:00,4.800,3.200,Open-Meteo Historical Weather API,"Casalecchio di Reno, Bologna, Italy",44.4756,11.2759
2021-04-13T08:00:00+00:00,4.600,3.000,Open-Meteo Historical Weather API,"Casalecchio di Reno, Bologna, Italy",44.4756,11.2759
2021-04-13T09:00:00+00:00,4.900,3.100,Open-Meteo Historical Weather API,"Casalecchio di Reno, Bologna, Italy",44.4756,11.2759
2021-04-13T10:00:00+00:00,5.200,3.200,Open-Meteo Historical Weather API,"Casalecchio di Reno, Bologna, Italy",44.4756,11.2759
2021-04-13T11:00:00+00:00,5.300,3.300,Open-Meteo Historical Weather API,"Casalecchio di Reno, Bologna, Italy",44.4756,11.2759
2021-04-13T12:00:00+00:00,7.500,5.000,Open-Meteo Historical Weather API,"Casalecchio di Reno, Bologna, Italy",44.4756,11.2759
2021-04-13T13:00:00+00:00,8.100,5.000,Open-Meteo Historical Weather API,"Casalecchio di Reno, Bologna, Italy",44.4756,11.2759
2021-04-13T14:00:00+00:00,8.100,4.800,Open-Meteo Historical Weather API,"Casalecchio di Reno, Bologna, Italy",44.4756,11.2759
2021-04-13T15:00:00+00:00,7.400,5.200,Open-Meteo Historical Weather API,"Casalecchio di Reno, Bologna, Italy",44.4756,11.2759
2021-04-13T16:00:00+00:00,7.400,5.000,Open-Meteo Historical Weather API,"Casalecchio di Reno, Bologna, Italy",44.4756,11.2759
2021-04-13T17:00:00+00:00,7.300,4.800,Open-Meteo Historical Weather API,"Casalecchio di Reno, Bologna, Italy",44.4756,11.2759
2021-04-13T18:00:00+00:00,6.800,4.600,Open-Meteo Historical Weather API,"Casalecchio di Reno, Bologna, Italy",44.4756,11.2759
2021-04-13T19:00:00+00:00,6.300,4.700,Open-Meteo Historical Weather API,"Casalecchio di Reno, Bologna, Italy",44.4756,11.2759
2021-04-13T20:00:00+00:00,5.900,4.200,Open-Meteo Historical Weather API,"Casalecchio di Reno, Bologna, Italy",44.4756,11.2759
2021-04-13T21:00:00+00:00,3.800,2.400,Open-Meteo Historical Weather API,"Casalecchio di Reno, Bologna, Italy",44.4756,11.2759
2021-04-13T22:00:00+00:00,5.300,3.500,Open-Meteo Historical Weather API,"Casalecchio di Reno, Bologna, Italy",44.4756,11.2759
2021-04-13T23:00:00+00:00,5.200,3.500,Open-Meteo Historical Weather API,"Casalecchio di Reno, Bologna, Italy",44.4756,11.2759
2021-04-14T00:00:00+00:00,6.100,4.700,Open-Meteo Historical Weather API,"Casalecchio di Reno, Bologna, Italy",44.4756,11.2759
2021-04-14T01:00:00+00:00,4.800,3.500,Open-Meteo Historical Weather API,"Casalecchio di Reno, Bologna, Italy",44.4756,11.2759
2021-04-14T02:00:00+00:00,4.800,3.800,Open-Meteo Historical Weather API,"Casalecchio di Reno, Bologna, Italy",44.4756,11.2759
2021-04-14T03:00:00+00:00,4.600,3.600,Open-Meteo Historical Weather API,"Casalecchio di Reno, Bologna, Italy",44.4756,11.2759
2021-04-14T04:00:00+00:00,3.300,2.500,Open-Meteo Historical Weather API,"Casalecchio di Reno, Bologna, Italy",44.4756,11.2759
2021-04-14T05:00:00+00:00,2.800,2.200,Open-Meteo Historical Weather API,"Casalecchio di Reno, Bologna, Italy",44.4756,11.2759
2021-04-14T06:00:00+00:00,5.600,3.600,Open-Meteo Historical Weather API,"Casalecchio di Reno, Bologna, Italy",44.4756,11.2759
2021-04-14T07:00:00+00:00,8.300,4.100,Open-Meteo Historical Weather API,"Casalecchio di Reno, Bologna, Italy",44.4756,11.2759
2021-04-14T08:00:00+00:00,9.100,2.800,Open-Meteo Historical Weather API,"Casalecchio di Reno, Bologna, Italy",44.4756,11.2759
2021-04-14T09:00:00+00:00,9.400,3.000,Open-Meteo Historical Weather API,"Casalecchio di Reno, Bologna, Italy",44.4756,11.2759
2021-04-14T10:00:00+00:00,10.100,2.700,Open-Meteo Historical Weather API,"Casalecchio di Reno, Bologna, Italy",44.4756,11.2759
2021-04-14T11:00:00+00:00,10.600,2.100,Open-Meteo Historical Weather API,"Casalecchio di Reno, Bologna, Italy",44.4756,11.2759
2021-04-14T12:00:00+00:00,11.500,2.700,Open-Meteo Historical Weather API,"Casalecchio di Reno, Bologna, Italy",44.4756,11.2759
2021-04-14T13:00:00+00:00,11.600,1.100,Open-Meteo Historical Weather API,"Casalecchio di Reno, Bologna, Italy",44.4756,11.2759
2021-04-14T14:00:00+00:00,12.100,0.200,Open-Meteo Historical Weather API,"Casalecchio di Reno, Bologna, Italy",44.4756,11.2759
2021-04-14T15:00:00+00:00,10.900,2.000,Open-Meteo Historical Weather API,"Casalecchio di Reno, Bologna, Italy",44.4756,11.2759
2021-04-14T16:00:00+00:00,10.500,0.800,Open-Meteo Historical Weather API,"Casalecchio di Reno, Bologna, Italy",44.4756,11.2759
2021-04-14T17:00:00+00:00,9.900,1.200,Open-Meteo Historical Weather API,"Casalecchio di Reno, Bologna, Italy",44.4756,11.2759
2021-04-14T18:00:00+00:00,7.400,0.900,Open-Meteo Historical Weather API,"Casalecchio di Reno, Bologna, Italy",44.4756,11.2759
2021-04-14T19:00:00+00:00,6.800,-0.200,Open-Meteo Historical Weather API,"Casalecchio di Reno, Bologna, Italy",44.4756,11.2759
2021-04-14T20:00:00+00:00,6.100,-0.900,Open-Meteo Historical Weather API,"Casalecchio di Reno, Bologna, Italy",44.4756,11.2759
2021-04-14T21:00:00+00:00,5.700,-2.000,Open-Meteo Historical Weather API,"Casalecchio di Reno, Bologna, Italy",44.4756,11.2759
2021-04-14T22:00:00+00:00,5.400,-2.700,Open-Meteo Historical Weather API,"Casalecchio di Reno, Bologna, Italy",44.4756,11.2759
2021-04-14T23:00:00+00:00,5.400,-3.500,Open-Meteo Historical Weather API,"Casalecchio di Reno, Bologna, Italy",44.4756,11.2759
2021-04-15T00:00:00+00:00,4.000,-1.900,Open-Meteo Historical Weather API,"Casalecchio di Reno, Bologna, Italy",44.4756,11.2759
2021-04-15T01:00:00+00:00,4.200,-2.000,Open-Meteo Historical Weather API,"Casalecchio di Reno, Bologna, Italy",44.4756,11.2759
2021-04-15T02:00:00+00:00,4.000,-2.500,Open-Meteo Historical Weather API,"Casalecchio di Reno, Bologna, Italy",44.4756,11.2759
2021-04-15T03:00:00+00:00,3.600,-2.400,Open-Meteo Historical Weather API,"Casalecchio di Reno, Bologna, Italy",44.4756,11.2759
2021-04-15T04:00:00+00:00,2.200,-1.800,Open-Meteo Historical Weather API,"Casalecchio di Reno, Bologna, Italy",44.4756,11.2759
2021-04-15T05:00:00+00:00,3.500,-0.500,Open-Meteo Historical Weather API,"Casalecchio di Reno, Bologna, Italy",44.4756,11.2759
2021-04-15T06:00:00+00:00,5.800,0.200,Open-Meteo Historical Weather API,"Casalecchio di Reno, Bologna, Italy",44.4756,11.2759
2021-04-15T07:00:00+00:00,7.100,1.200,Open-Meteo Historical Weather API,"Casalecchio di Reno, Bologna, Italy",44.4756,11.2759
2021-04-15T08:00:00+00:00,8.400,2.200,Open-Meteo Historical Weather API,"Casalecchio di Reno, Bologna, Italy",44.4756,11.2759
2021-04-15T09:00:00+00:00,9.400,1.600,Open-Meteo Historical Weather API,"Casalecchio di Reno, Bologna, Italy",44.4756,11.2759
2021-04-15T10:00:00+00:00,9.600,2.600,Open-Meteo Historical Weather API,"Casalecchio di Reno, Bologna, Italy",44.4756,11.2759
2021-04-15T11:00:00+00:00,10.100,4.000,Open-Meteo Historical Weather API,"Casalecchio di Reno, Bologna, Italy",44.4756,11.2759
2021-04-15T12:00:00+00:00,9.800,1.900,Open-Meteo Historical Weather API,"Casalecchio di Reno, Bologna, Italy",44.4756,11.2759
2021-04-15T13:00:00+00:00,9.900,1.500,Open-Meteo Historical Weather API,"Casalecchio di Reno, Bologna, Italy",44.4756,11.2759
2021-04-15T14:00:00+00:00,10.400,1.500,Open-Meteo Historical Weather API,"Casalecchio di Reno, Bologna, Italy",44.4756,11.2759
2021-04-15T15:00:00+00:00,10.100,2.000,Open-Meteo Historical Weather API,"Casalecchio di Reno, Bologna, Italy",44.4756,11.2759
2021-04-15T16:00:00+00:00,9.900,2.000,Open-Meteo Historical Weather API,"Casalecchio di Reno, Bologna, Italy",44.4756,11.2759
2021-04-15T17:00:00+00:00,9.100,1.800,Open-Meteo Historical Weather API,"Casalecchio di Reno, Bologna, Italy",44.4756,11.2759
2021-04-15T18:00:00+00:00,6.700,1.700,Open-Meteo Historical Weather API,"Casalecchio di Reno, Bologna, Italy",44.4756,11.2759
2021-04-15T19:00:00+00:00,5.500,1.500,Open-Meteo Historical Weather API,"Casalecchio di Reno, Bologna, Italy",44.4756,11.2759
2021-04-15T20:00:00+00:00,4.700,1.500,Open-Meteo Historical Weather API,"Casalecchio di Reno, Bologna, Italy",44.4756,11.2759
2021-04-15T21:00:00+00:00,3.800,1.200,Open-Meteo Historical Weather API,"Casalecchio di Reno, Bologna, Italy",44.4756,11.2759
2021-04-15T22:00:00+00:00,3.000,0.900,Open-Meteo Historical Weather API,"Casalecchio di Reno, Bologna, Italy",44.4756,11.2759
2021-04-15T23:00:00+00:00,2.200,0.200,Open-Meteo Historical Weather API,"Casalecchio di Reno, Bologna, Italy",44.4756,11.2759
2021-04-16T00:00:00+00:00,3.500,1.500,Open-Meteo Historical Weather API,"Casalecchio di Reno, Bologna, Italy",44.4756,11.2759
2021-04-16T01:00:00+00:00,2.900,1.200,Open-Meteo Historical Weather API,"Casalecchio di Reno, Bologna, Italy",44.4756,11.2759
2021-04-16T02:00:00+00:00,3.200,0.900,Open-Meteo Historical Weather API,"Casalecchio di Reno, Bologna, Italy",44.4756,11.2759
2021-04-16T03:00:00+00:00,3.500,0.600,Open-Meteo Historical Weather API,"Casalecchio di Reno, Bologna, Italy",44.4756,11.2759
2021-04-16T04:00:00+00:00,1.800,-0.300,Open-Meteo Historical Weather API,"Casalecchio di Reno, Bologna, Italy",44.4756,11.2759
2021-04-16T05:00:00+00:00,2.400,0.100,Open-Meteo Historical Weather API,"Casalecchio di Reno, Bologna, Italy",44.4756,11.2759
2021-04-16T06:00:00+00:00,5.200,1.800,Open-Meteo Historical Weather API,"Casalecchio di Reno, Bologna, Italy",44.4756,11.2759
2021-04-16T07:00:00+00:00,7.600,2.700,Open-Meteo Historical Weather API,"Casalecchio di Reno, Bologna, Italy",44.4756,11.2759
2021-04-16T08:00:00+00:00,9.200,3.800,Open-Meteo Historical Weather API,"Casalecchio di Reno, Bologna, Italy",44.4756,11.2759
2021-04-16T09:00:00+00:00,11.000,2.800,Open-Meteo Historical Weather API,"Casalecchio di Reno, Bologna, Italy",44.4756,11.2759
2021-04-16T10:00:00+00:00,12.100,1.500,Open-Meteo Historical Weather API,"Casalecchio di Reno, Bologna, Italy",44.4756,11.2759
2021-04-16T11:00:00+00:00,13.100,0.800,Open-Meteo Historical Weather API,"Casalecchio di Reno, Bologna, Italy",44.4756,11.2759
2021-04-16T12:00:00+00:00,12.200,1.500,Open-Meteo Historical Weather API,"Casalecchio di Reno, Bologna, Italy",44.4756,11.2759
2021-04-16T13:00:00+00:00,12.800,1.100,Open-Meteo Historical Weather API,"Casalecchio di Reno, Bologna, Italy",44.4756,11.2759
2021-04-16T14:00:00+00:00,12.800,0.600,Open-Meteo Historical Weather API,"Casalecchio di Reno, Bologna, Italy",44.4756,11.2759
2021-04-16T15:00:00+00:00,12.200,0.600,Open-Meteo Historical Weather API,"Casalecchio di Reno, Bologna, Italy",44.4756,11.2759
2021-04-16T16:00:00+00:00,11.600,-0.100,Open-Meteo Historical Weather API,"Casalecchio di Reno, Bologna, Italy",44.4756,11.2759
2021-04-16T17:00:00+00:00,10.400,0.600,Open-Meteo Historical Weather API,"Casalecchio di Reno, Bologna, Italy",44.4756,11.2759
2021-04-16T18:00:00+00:00,7.600,0.600,Open-Meteo Historical Weather API,"Casalecchio di Reno, Bologna, Italy",44.4756,11.2759
2021-04-16T19:00:00+00:00,5.200,0.800,Open-Meteo Historical Weather API,"Casalecchio di Reno, Bologna, Italy",44.4756,11.2759
2021-04-16T20:00:00+00:00,4.300,0.300,Open-Meteo Historical Weather API,"Casalecchio di Reno, Bologna, Italy",44.4756,11.2759
2021-04-16T21:00:00+00:00,4.500,-0.300,Open-Meteo Historical Weather API,"Casalecchio di Reno, Bologna, Italy",44.4756,11.2759
2021-04-16T22:00:00+00:00,3.200,-0.600,Open-Meteo Historical Weather API,"Casalecchio di Reno, Bologna, Italy",44.4756,11.2759
2021-04-16T23:00:00+00:00,4.200,-0.800,Open-Meteo Historical Weather API,"Casalecchio di Reno, Bologna, Italy",44.4756,11.2759
2021-04-17T00:00:00+00:00,4.100,0.100,Open-Meteo Historical Weather API,"Casalecchio di Reno, Bologna, Italy",44.4756,11.2759
2021-04-17T01:00:00+00:00,3.200,0.100,Open-Meteo Historical Weather API,"Casalecchio di Reno, Bologna, Italy",44.4756,11.2759
2021-04-17T02:00:00+00:00,3.200,-0.400,Open-Meteo Historical Weather API,"Casalecchio di Reno, Bologna, Italy",44.4756,11.2759
2021-04-17T03:00:00+00:00,3.200,-1.200,Open-Meteo Historical Weather API,"Casalecchio di Reno, Bologna, Italy",44.4756,11.2759
2021-04-17T04:00:00+00:00,2.700,-1.500,Open-Meteo Historical Weather API,"Casalecchio di Reno, Bologna, Italy",44.4756,11.2759
2021-04-17T05:00:00+00:00,3.500,-0.400,Open-Meteo Historical Weather API,"Casalecchio di Reno, Bologna, Italy",44.4756,11.2759
2021-04-17T06:00:00+00:00,6.100,0.100,Open-Meteo Historical Weather API,"Casalecchio di Reno, Bologna, Italy",44.4756,11.2759
2021-04-17T07:00:00+00:00,7.600,0.900,Open-Meteo Historical Weather API,"Casalecchio di Reno, Bologna, Italy",44.4756,11.2759
2021-04-17T08:00:00+00:00,8.900,2.000,Open-Meteo Historical Weather API,"Casalecchio di Reno, Bologna, Italy",44.4756,11.2759
2021-04-17T09:00:00+00:00,10.500,3.400,Open-Meteo Historical Weather API,"Casalecchio di Reno, Bologna, Italy",44.4756,11.2759
2021-04-17T10:00:00+00:00,12.200,2.500,Open-Meteo Historical Weather API,"Casalecchio di Reno, Bologna, Italy",44.4756,11.2759
2021-04-17T11:00:00+00:00,13.300,1.500,Open-Meteo Historical Weather API,"Casalecchio di Reno, Bologna, Italy",44.4756,11.2759
2021-04-17T12:00:00+00:00,12.700,1.200,Open-Meteo Historical Weather API,"Casalecchio di Reno, Bologna, Italy",44.4756,11.2759
2021-04-17T13:00:00+00:00,13.100,0.500,Open-Meteo Historical Weather API,"Casalecchio di Reno, Bologna, Italy",44.4756,11.2759
2021-04-17T14:00:00+00:00,13.600,-0.200,Open-Meteo Historical Weather API,"Casalecchio di Reno, Bologna, Italy",44.4756,11.2759
2021-04-17T15:00:00+00:00,12.900,-0.400,Open-Meteo Historical Weather API,"Casalecchio di Reno, Bologna, Italy",44.4756,11.2759
2021-04-17T16:00:00+00:00,12.000,0.200,Open-Meteo Historical Weather API,"Casalecchio di Reno, Bologna, Italy",44.4756,11.2759
2021-04-17T17:00:00+00:00,11.100,2.200,Open-Meteo Historical Weather API,"Casalecchio di Reno, Bologna, Italy",44.4756,11.2759
2021-04-17T18:00:00+00:00,7.200,2.200,Open-Meteo Historical Weather API,"Casalecchio di Reno, Bologna, Italy",44.4756,11.2759
2021-04-17T19:00:00+00:00,6.400,1.500,Open-Meteo Historical Weather API,"Casalecchio di Reno, Bologna, Italy",44.4756,11.2759
2021-04-17T20:00:00+00:00,5.900,0.900,Open-Meteo Historical Weather API,"Casalecchio di Reno, Bologna, Italy",44.4756,11.2759
2021-04-17T21:00:00+00:00,6.100,1.000,Open-Meteo Historical Weather API,"Casalecchio di Reno, Bologna, Italy",44.4756,11.2759
2021-04-17T22:00:00+00:00,5.800,-0.100,Open-Meteo Historical Weather API,"Casalecchio di Reno, Bologna, Italy",44.4756,11.2759
2021-04-17T23:00:00+00:00,6.800,0.100,Open-Meteo Historical Weather API,"Casalecchio di Reno, Bologna, Italy",44.4756,11.2759
2021-04-18T00:00:00+00:00,7.200,1.000,Open-Meteo Historical Weather API,"Casalecchio di Reno, Bologna, Italy",44.4756,11.2759
2021-04-18T01:00:00+00:00,6.000,0.800,Open-Meteo Historical Weather API,"Casalecchio di Reno, Bologna, Italy",44.4756,11.2759
2021-04-18T02:00:00+00:00,5.700,1.000,Open-Meteo Historical Weather API,"Casalecchio di Reno, Bologna, Italy",44.4756,11.2759
2021-04-18T03:00:00+00:00,5.300,0.400,Open-Meteo Historical Weather API,"Casalecchio di Reno, Bologna, Italy",44.4756,11.2759
2021-04-18T04:00:00+00:00,4.900,0.000,Open-Meteo Historical Weather API,"Casalecchio di Reno, Bologna, Italy",44.4756,11.2759
2021-04-18T05:00:00+00:00,5.800,2.300,Open-Meteo Historical Weather API,"Casalecchio di Reno, Bologna, Italy",44.4756,11.2759
2021-04-18T06:00:00+00:00,7.100,2.000,Open-Meteo Historical Weather API,"Casalecchio di Reno, Bologna, Italy",44.4756,11.2759
2021-04-18T07:00:00+00:00,7.900,3.800,Open-Meteo Historical Weather API,"Casalecchio di Reno, Bologna, Italy",44.4756,11.2759
2021-04-18T08:00:00+00:00,8.600,5.300,Open-Meteo Historical Weather API,"Casalecchio di Reno, Bologna, Italy",44.4756,11.2759
2021-04-18T09:00:00+00:00,9.600,5.600,Open-Meteo Historical Weather API,"Casalecchio di Reno, Bologna, Italy",44.4756,11.2759
2021-04-18T10:00:00+00:00,10.800,6.100,Open-Meteo Historical Weather API,"Casalecchio di Reno, Bologna, Italy",44.4756,11.2759
2021-04-18T11:00:00+00:00,11.900,6.400,Open-Meteo Historical Weather API,"Casalecchio di Reno, Bologna, Italy",44.4756,11.2759
2021-04-18T12:00:00+00:00,12.100,4.400,Open-Meteo Historical Weather API,"Casalecchio di Reno, Bologna, Italy",44.4756,11.2759
2021-04-18T13:00:00+00:00,9.900,5.500,Open-Meteo Historical Weather API,"Casalecchio di Reno, Bologna, Italy",44.4756,11.2759
2021-04-18T14:00:00+00:00,11.900,3.000,Open-Meteo Historical Weather API,"Casalecchio di Reno, Bologna, Italy",44.4756,11.2759
2021-04-18T15:00:00+00:00,12.400,1.400,Open-Meteo Historical Weather API,"Casalecchio di Reno, Bologna, Italy",44.4756,11.2759
2021-04-18T16:00:00+00:00,12.000,1.600,Open-Meteo Historical Weather API,"Casalecchio di Reno, Bologna, Italy",44.4756,11.2759
2021-04-18T17:00:00+00:00,10.800,2.800,Open-Meteo Historical Weather API,"Casalecchio di Reno, Bologna, Italy",44.4756,11.2759
2021-04-18T18:00:00+00:00,7.700,3.000,Open-Meteo Historical Weather API,"Casalecchio di Reno, Bologna, Italy",44.4756,11.2759
2021-04-18T19:00:00+00:00,6.200,2.800,Open-Meteo Historical Weather API,"Casalecchio di Reno, Bologna, Italy",44.4756,11.2759
2021-04-18T20:00:00+00:00,5.800,2.600,Open-Meteo Historical Weather API,"Casalecchio di Reno, Bologna, Italy",44.4756,11.2759
2021-04-18T21:00:00+00:00,7.100,2.400,Open-Meteo Historical Weather API,"Casalecchio di Reno, Bologna, Italy",44.4756,11.2759
2021-04-18T22:00:00+00:00,6.300,2.300,Open-Meteo Historical Weather API,"Casalecchio di Reno, Bologna, Italy",44.4756,11.2759
2021-04-18T23:00:00+00:00,5.200,2.300,Open-Meteo Historical Weather API,"Casalecchio di Reno, Bologna, Italy",44.4756,11.2759
2021-04-19T00:00:00+00:00,6.100,3.000,Open-Meteo Historical Weather API,"Casalecchio di Reno, Bologna, Italy",44.4756,11.2759
2021-04-19T01:00:00+00:00,5.600,2.500,Open-Meteo Historical Weather API,"Casalecchio di Reno, Bologna, Italy",44.4756,11.2759
2021-04-19T02:00:00+00:00,5.300,2.500,Open-Meteo Historical Weather API,"Casalecchio di Reno, Bologna, Italy",44.4756,11.2759
2021-04-19T03:00:00+00:00,5.200,2.500,Open-Meteo Historical Weather API,"Casalecchio di Reno, Bologna, Italy",44.4756,11.2759
2021-04-19T04:00:00+00:00,4.900,2.500,Open-Meteo Historical Weather API,"Casalecchio di Reno, Bologna, Italy",44.4756,11.2759
2021-04-19T05:00:00+00:00,5.800,2.500,Open-Meteo Historical Weather API,"Casalecchio di Reno, Bologna, Italy",44.4756,11.2759
2021-04-19T06:00:00+00:00,7.700,3.100,Open-Meteo Historical Weather API,"Casalecchio di Reno, Bologna, Italy",44.4756,11.2759
2021-04-19T07:00:00+00:00,9.500,3.600,Open-Meteo Historical Weather API,"Casalecchio di Reno, Bologna, Italy",44.4756,11.2759
2021-04-19T08:00:00+00:00,10.900,4.200,Open-Meteo Historical Weather API,"Casalecchio di Reno, Bologna, Italy",44.4756,11.2759
2021-04-19T09:00:00+00:00,12.200,4.300,Open-Meteo Historical Weather API,"Casalecchio di Reno, Bologna, Italy",44.4756,11.2759
2021-04-19T10:00:00+00:00,13.300,4.300,Open-Meteo Historical Weather API,"Casalecchio di Reno, Bologna, Italy",44.4756,11.2759
2021-04-19T11:00:00+00:00,14.200,4.700,Open-Meteo Historical Weather API,"Casalecchio di Reno, Bologna, Italy",44.4756,11.2759
2021-04-19T12:00:00+00:00,14.600,4.000,Open-Meteo Historical Weather API,"Casalecchio di Reno, Bologna, Italy",44.4756,11.2759
2021-04-19T13:00:00+00:00,12.400,5.800,Open-Meteo Historical Weather API,"Casalecchio di Reno, Bologna, Italy",44.4756,11.2759
2021-04-19T14:00:00+00:00,13.600,4.000,Open-Meteo Historical Weather API,"Casalecchio di Reno, Bologna, Italy",44.4756,11.2759
2021-04-19T15:00:00+00:00,14.300,2.800,Open-Meteo Historical Weather API,"Casalecchio di Reno, Bologna, Italy",44.4756,11.2759
2021-04-19T16:00:00+00:00,13.700,3.000,Open-Meteo Historical Weather API,"Casalecchio di Reno, Bologna, Italy",44.4756,11.2759
2021-04-19T17:00:00+00:00,12.400,4.800,Open-Meteo Historical Weather API,"Casalecchio di Reno, Bologna, Italy",44.4756,11.2759
2021-04-19T18:00:00+00:00,9.600,4.900,Open-Meteo Historical Weather API,"Casalecchio di Reno, Bologna, Italy",44.4756,11.2759
2021-04-19T19:00:00+00:00,8.300,4.200,Open-Meteo Historical Weather API,"Casalecchio di Reno, Bologna, Italy",44.4756,11.2759
2021-04-19T20:00:00+00:00,7.200,3.700,Open-Meteo Historical Weather API,"Casalecchio di Reno, Bologna, Italy",44.4756,11.2759
2021-04-19T21:00:00+00:00,5.200,3.200,Open-Meteo Historical Weather API,"Casalecchio di Reno, Bologna, Italy",44.4756,11.2759
2021-04-19T22:00:00+00:00,5.800,2.300,Open-Meteo Historical Weather API,"Casalecchio di Reno, Bologna, Italy",44.4756,11.2759
2021-04-19T23:00:00+00:00,6.000,1.900,Open-Meteo Historical Weather API,"Casalecchio di Reno, Bologna, Italy",44.4756,11.2759
2021-04-20T00:00:00+00:00,6.400,2.000,Open-Meteo Historical Weather API,"Casalecchio di Reno, Bologna, Italy",44.4756,11.2759
2021-04-20T01:00:00+00:00,6.500,1.800,Open-Meteo Historical Weather API,"Casalecchio di Reno, Bologna, Italy",44.4756,11.2759
2021-04-20T02:00:00+00:00,6.200,1.500,Open-Meteo Historical Weather API,"Casalecchio di Reno, Bologna, Italy",44.4756,11.2759
2021-04-20T03:00:00+00:00,5.900,1.100,Open-Meteo Historical Weather API,"Casalecchio di Reno, Bologna, Italy",44.4756,11.2759
2021-04-20T04:00:00+00:00,5.600,0.800,Open-Meteo Historical Weather API,"Casalecchio di Reno, Bologna, Italy",44.4756,11.2759
2021-04-20T05:00:00+00:00,5.700,0.800,Open-Meteo Historical Weather API,"Casalecchio di Reno, Bologna, Italy",44.4756,11.2759
2021-04-20T06:00:00+00:00,8.400,2.700,Open-Meteo Historical Weather API,"Casalecchio di Reno, Bologna, Italy",44.4756,11.2759
2021-04-20T07:00:00+00:00,12.400,3.800,Open-Meteo Historical Weather API,"Casalecchio di Reno, Bologna, Italy",44.4756,11.2759
2021-04-20T08:00:00+00:00,14.400,3.300,Open-Meteo Historical Weather API,"Casalecchio di Reno, Bologna, Italy",44.4756,11.2759
2021-04-20T09:00:00+00:00,15.600,3.100,Open-Meteo Historical Weather API,"Casalecchio di Reno, Bologna, Italy",44.4756,11.2759
2021-04-20T10:00:00+00:00,16.500,3.100,Open-Meteo Historical Weather API,"Casalecchio di Reno, Bologna, Italy",44.4756,11.2759
2021-04-20T11:00:00+00:00,17.300,3.000,Open-Meteo Historical Weather API,"Casalecchio di Reno, Bologna, Italy",44.4756,11.2759
2021-04-20T12:00:00+00:00,17.700,3.200,Open-Meteo Historical Weather API,"Casalecchio di Reno, Bologna, Italy",44.4756,11.2759
2021-04-20T13:00:00+00:00,17.100,2.500,Open-Meteo Historical Weather API,"Casalecchio di Reno, Bologna, Italy",44.4756,11.2759
2021-04-20T14:00:00+00:00,16.800,4.100,Open-Meteo Historical Weather API,"Casalecchio di Reno, Bologna, Italy",44.4756,11.2759
2021-04-20T15:00:00+00:00,17.000,3.000,Open-Meteo Historical Weather API,"Casalecchio di Reno, Bologna, Italy",44.4756,11.2759
2021-04-20T16:00:00+00:00,15.400,4.600,Open-Meteo Historical Weather API,"Casalecchio di Reno, Bologna, Italy",44.4756,11.2759
2021-04-20T17:00:00+00:00,14.000,7.300,Open-Meteo Historical Weather API,"Casalecchio di Reno, Bologna, Italy",44.4756,11.2759
2021-04-20T18:00:00+00:00,12.000,6.500,Open-Meteo Historical Weather API,"Casalecchio di Reno, Bologna, Italy",44.4756,11.2759
2021-04-20T19:00:00+00:00,10.900,6.100,Open-Meteo Historical Weather API,"Casalecchio di Reno, Bologna, Italy",44.4756,11.2759
2021-04-20T20:00:00+00:00,9.900,6.000,Open-Meteo Historical Weather API,"Casalecchio di Reno, Bologna, Italy",44.4756,11.2759
2021-04-20T21:00:00+00:00,9.600,6.100,Open-Meteo Historical Weather API,"Casalecchio di Reno, Bologna, Italy",44.4756,11.2759
2021-04-20T22:00:00+00:00,9.400,6.300,Open-Meteo Historical Weather API,"Casalecchio di Reno, Bologna, Italy",44.4756,11.2759
2021-04-20T23:00:00+00:00,9.200,6.400,Open-Meteo Historical Weather API,"Casalecchio di Reno, Bologna, Italy",44.4756,11.2759
2021-04-21T00:00:00+00:00,9.700,6.100,Open-Meteo Historical Weather API,"Casalecchio di Reno, Bologna, Italy",44.4756,11.2759
2021-04-21T01:00:00+00:00,9.400,5.500,Open-Meteo Historical Weather API,"Casalecchio di Reno, Bologna, Italy",44.4756,11.2759
2021-04-21T02:00:00+00:00,8.400,5.300,Open-Meteo Historical Weather API,"Casalecchio di Reno, Bologna, Italy",44.4756,11.2759
2021-04-21T03:00:00+00:00,7.400,5.500,Open-Meteo Historical Weather API,"Casalecchio di Reno, Bologna, Italy",44.4756,11.2759
2021-04-21T04:00:00+00:00,7.100,5.700,Open-Meteo Historical Weather API,"Casalecchio di Reno, Bologna, Italy",44.4756,11.2759
2021-04-21T05:00:00+00:00,7.300,5.700,Open-Meteo Historical Weather API,"Casalecchio di Reno, Bologna, Italy",44.4756,11.2759
2021-04-21T06:00:00+00:00,9.900,6.600,Open-Meteo Historical Weather API,"Casalecchio di Reno, Bologna, Italy",44.4756,11.2759
2021-04-21T07:00:00+00:00,12.800,7.200,Open-Meteo Historical Weather API,"Casalecchio di Reno, Bologna, Italy",44.4756,11.2759
2021-04-21T08:00:00+00:00,14.600,4.900,Open-Meteo Historical Weather API,"Casalecchio di Reno, Bologna, Italy",44.4756,11.2759
2021-04-21T09:00:00+00:00,15.700,4.800,Open-Meteo Historical Weather API,"Casalecchio di Reno, Bologna, Italy",44.4756,11.2759
2021-04-21T10:00:00+00:00,16.700,5.100,Open-Meteo Historical Weather API,"Casalecchio di Reno, Bologna, Italy",44.4756,11.2759
2021-04-21T11:00:00+00:00,17.300,4.900,Open-Meteo Historical Weather API,"Casalecchio di Reno, Bologna, Italy",44.4756,11.2759
2021-04-21T12:00:00+00:00,17.700,2.800,Open-Meteo Historical Weather API,"Casalecchio di Reno, Bologna, Italy",44.4756,11.2759
2021-04-21T13:00:00+00:00,18.000,2.200,Open-Meteo Historical Weather API,"Casalecchio di Reno, Bologna, Italy",44.4756,11.2759
2021-04-21T14:00:00+00:00,18.100,2.200,Open-Meteo Historical Weather API,"Casalecchio di Reno, Bologna, Italy",44.4756,11.2759
2021-04-21T15:00:00+00:00,17.800,2.700,Open-Meteo Historical Weather API,"Casalecchio di Reno, Bologna, Italy",44.4756,11.2759
2021-04-21T16:00:00+00:00,17.200,3.500,Open-Meteo Historical Weather API,"Casalecchio di Reno, Bologna, Italy",44.4756,11.2759
2021-04-21T17:00:00+00:00,15.900,5.600,Open-Meteo Historical Weather API,"Casalecchio di Reno, Bologna, Italy",44.4756,11.2759
2021-04-21T18:00:00+00:00,13.200,4.800,Open-Meteo Historical Weather API,"Casalecchio di Reno, Bologna, Italy",44.4756,11.2759
2021-04-21T19:00:00+00:00,12.100,4.000,Open-Meteo Historical Weather API,"Casalecchio di Reno, Bologna, Italy",44.4756,11.2759
2021-04-21T20:00:00+00:00,11.400,4.000,Open-Meteo Historical Weather API,"Casalecchio di Reno, Bologna, Italy",44.4756,11.2759
2021-04-21T21:00:00+00:00,11.300,4.000,Open-Meteo Historical Weather API,"Casalecchio di Reno, Bologna, Italy",44.4756,11.2759
2021-04-21T22:00:00+00:00,11.400,4.400,Open-Meteo Historical Weather API,"Casalecchio di Reno, Bologna, Italy",44.4756,11.2759
2021-04-21T23:00:00+00:00,11.100,4.700,Open-Meteo Historical Weather API,"Casalecchio di Reno, Bologna, Italy",44.4756,11.2759
2021-04-22T00:00:00+00:00,10.700,6.400,Open-Meteo Historical Weather API,"Casalecchio di Reno, Bologna, Italy",44.4756,11.2759
2021-04-22T01:00:00+00:00,10.900,6.700,Open-Meteo Historical Weather API,"Casalecchio di Reno, Bologna, Italy",44.4756,11.2759
2021-04-22T02:00:00+00:00,10.400,6.700,Open-Meteo Historical Weather API,"Casalecchio di Reno, Bologna, Italy",44.4756,11.2759
2021-04-22T03:00:00+00:00,10.400,6.700,Open-Meteo Historical Weather API,"Casalecchio di Reno, Bologna, Italy",44.4756,11.2759
2021-04-22T04:00:00+00:00,9.900,6.700,Open-Meteo Historical Weather API,"Casalecchio di Reno, Bologna, Italy",44.4756,11.2759
2021-04-22T05:00:00+00:00,9.600,7.100,Open-Meteo Historical Weather API,"Casalecchio di Reno, Bologna, Italy",44.4756,11.2759
2021-04-22T06:00:00+00:00,10.400,7.300,Open-Meteo Historical Weather API,"Casalecchio di Reno, Bologna, Italy",44.4756,11.2759
2021-04-22T07:00:00+00:00,11.400,7.400,Open-Meteo Historical Weather API,"Casalecchio di Reno, Bologna, Italy",44.4756,11.2759
2021-04-22T08:00:00+00:00,12.900,7.800,Open-Meteo Historical Weather API,"Casalecchio di Reno, Bologna, Italy",44.4756,11.2759
2021-04-22T09:00:00+00:00,13.400,8.200,Open-Meteo Historical Weather API,"Casalecchio di Reno, Bologna, Italy",44.4756,11.2759
2021-04-22T10:00:00+00:00,14.800,8.600,Open-Meteo Historical Weather API,"Casalecchio di Reno, Bologna, Italy",44.4756,11.2759
2021-04-22T11:00:00+00:00,16.100,8.200,Open-Meteo Historical Weather API,"Casalecchio di Reno, Bologna, Italy",44.4756,11.2759
2021-04-22T12:00:00+00:00,16.400,8.000,Open-Meteo Historical Weather API,"Casalecchio di Reno, Bologna, Italy",44.4756,11.2759
2021-04-22T13:00:00+00:00,17.300,8.900,Open-Meteo Historical Weather API,"Casalecchio di Reno, Bologna, Italy",44.4756,11.2759
2021-04-22T14:00:00+00:00,15.200,10.100,Open-Meteo Historical Weather API,"Casalecchio di Reno, Bologna, Italy",44.4756,11.2759
2021-04-22T15:00:00+00:00,15.400,9.200,Open-Meteo Historical Weather API,"Casalecchio di Reno, Bologna, Italy",44.4756,11.2759
2021-04-22T16:00:00+00:00,15.900,8.100,Open-Meteo Historical Weather API,"Casalecchio di Reno, Bologna, Italy",44.4756,11.2759
2021-04-22T17:00:00+00:00,15.400,9.100,Open-Meteo Historical Weather API,"Casalecchio di Reno, Bologna, Italy",44.4756,11.2759
2021-04-22T18:00:00+00:00,13.300,8.600,Open-Meteo Historical Weather API,"Casalecchio di Reno, Bologna, Italy",44.4756,11.2759
2021-04-22T19:00:00+00:00,10.900,8.200,Open-Meteo Historical Weather API,"Casalecchio di Reno, Bologna, Italy",44.4756,11.2759
2021-04-22T20:00:00+00:00,10.400,8.600,Open-Meteo Historical Weather API,"Casalecchio di Reno, Bologna, Italy",44.4756,11.2759
2021-04-22T21:00:00+00:00,9.400,7.900,Open-Meteo Historical Weather API,"Casalecchio di Reno, Bologna, Italy",44.4756,11.2759
2021-04-22T22:00:00+00:00,7.900,7.100,Open-Meteo Historical Weather API,"Casalecchio di Reno, Bologna, Italy",44.4756,11.2759
2021-04-22T23:00:00+00:00,7.200,6.400,Open-Meteo Historical Weather API,"Casalecchio di Reno, Bologna, Italy",44.4756,11.2759
2021-04-23T00:00:00+00:00,7.600,6.400,Open-Meteo Historical Weather API,"Casalecchio di Reno, Bologna, Italy",44.4756,11.2759
2021-04-23T01:00:00+00:00,7.000,5.800,Open-Meteo Historical Weather API,"Casalecchio di Reno, Bologna, Italy",44.4756,11.2759
2021-04-23T02:00:00+00:00,6.400,5.300,Open-Meteo Historical Weather API,"Casalecchio di Reno, Bologna, Italy",44.4756,11.2759
2021-04-23T03:00:00+00:00,6.400,4.800,Open-Meteo Historical Weather API,"Casalecchio di Reno, Bologna, Italy",44.4756,11.2759
2021-04-23T04:00:00+00:00,6.400,4.100,Open-Meteo Historical Weather API,"Casalecchio di Reno, Bologna, Italy",44.4756,11.2759
2021-04-23T05:00:00+00:00,7.400,4.300,Open-Meteo Historical Weather API,"Casalecchio di Reno, Bologna, Italy",44.4756,11.2759
2021-04-23T06:00:00+00:00,10.600,6.200,Open-Meteo Historical Weather API,"Casalecchio di Reno, Bologna, Italy",44.4756,11.2759
2021-04-23T07:00:00+00:00,12.600,8.900,Open-Meteo Historical Weather API,"Casalecchio di Reno, Bologna, Italy",44.4756,11.2759
2021-04-23T08:00:00+00:00,14.100,9.800,Open-Meteo Historical Weather API,"Casalecchio di Reno, Bologna, Italy",44.4756,11.2759
2021-04-23T09:00:00+00:00,15.400,9.000,Open-Meteo Historical Weather API,"Casalecchio di Reno, Bologna, Italy",44.4756,11.2759
2021-04-23T10:00:00+00:00,16.300,8.300,Open-Meteo Historical Weather API,"Casalecchio di Reno, Bologna, Italy",44.4756,11.2759
2021-04-23T11:00:00+00:00,17.000,7.600,Open-Meteo Historical Weather API,"Casalecchio di Reno, Bologna, Italy",44.4756,11.2759
2021-04-23T12:00:00+00:00,17.100,7.800,Open-Meteo Historical Weather API,"Casalecchio di Reno, Bologna, Italy",44.4756,11.2759
2021-04-23T13:00:00+00:00,17.500,8.100,Open-Meteo Historical Weather API,"Casalecchio di Reno, Bologna, Italy",44.4756,11.2759
2021-04-23T14:00:00+00:00,17.500,8.100,Open-Meteo Historical Weather API,"Casalecchio di Reno, Bologna, Italy",44.4756,11.2759
2021-04-23T15:00:00+00:00,17.700,7.800,Open-Meteo Historical Weather API,"Casalecchio di Reno, Bologna, Italy",44.4756,11.2759
2021-04-23T16:00:00+00:00,17.400,7.700,Open-Meteo Historical Weather API,"Casalecchio di Reno, Bologna, Italy",44.4756,11.2759
2021-04-23T17:00:00+00:00,16.400,8.400,Open-Meteo Historical Weather API,"Casalecchio di Reno, Bologna, Italy",44.4756,11.2759
2021-04-23T18:00:00+00:00,13.600,8.000,Open-Meteo Historical Weather API,"Casalecchio di Reno, Bologna, Italy",44.4756,11.2759
2021-04-23T19:00:00+00:00,11.900,7.600,Open-Meteo Historical Weather API,"Casalecchio di Reno, Bologna, Italy",44.4756,11.2759
2021-04-23T20:00:00+00:00,10.600,7.300,Open-Meteo Historical Weather API,"Casalecchio di Reno, Bologna, Italy",44.4756,11.2759
2021-04-23T21:00:00+00:00,9.400,6.800,Open-Meteo Historical Weather API,"Casalecchio di Reno, Bologna, Italy",44.4756,11.2759
2021-04-23T22:00:00+00:00,8.200,6.200,Open-Meteo Historical Weather API,"Casalecchio di Reno, Bologna, Italy",44.4756,11.2759
2021-04-23T23:00:00+00:00,7.600,5.600,Open-Meteo Historical Weather API,"Casalecchio di Reno, Bologna, Italy",44.4756,11.2759
2021-04-24T00:00:00+00:00,9.900,3.700,Open-Meteo Historical Weather API,"Casalecchio di Reno, Bologna, Italy",44.4756,11.2759
2021-04-24T01:00:00+00:00,9.900,3.000,Open-Meteo Historical Weather API,"Casalecchio di Reno, Bologna, Italy",44.4756,11.2759
2021-04-24T02:00:00+00:00,9.000,2.800,Open-Meteo Historical Weather API,"Casalecchio di Reno, Bologna, Italy",44.4756,11.2759
2021-04-24T03:00:00+00:00,8.400,2.600,Open-Meteo Historical Weather API,"Casalecchio di Reno, Bologna, Italy",44.4756,11.2759
2021-04-24T04:00:00+00:00,7.800,2.300,Open-Meteo Historical Weather API,"Casalecchio di Reno, Bologna, Italy",44.4756,11.2759
2021-04-24T05:00:00+00:00,7.700,3.000,Open-Meteo Historical Weather API,"Casalecchio di Reno, Bologna, Italy",44.4756,11.2759
2021-04-24T06:00:00+00:00,11.800,5.700,Open-Meteo Historical Weather API,"Casalecchio di Reno, Bologna, Italy",44.4756,11.2759
2021-04-24T07:00:00+00:00,15.400,6.600,Open-Meteo Historical Weather API,"Casalecchio di Reno, Bologna, Italy",44.4756,11.2759
2021-04-24T08:00:00+00:00,17.000,5.700,Open-Meteo Historical Weather API,"Casalecchio di Reno, Bologna, Italy",44.4756,11.2759
2021-04-24T09:00:00+00:00,18.200,5.800,Open-Meteo Historical Weather API,"Casalecchio di Reno, Bologna, Italy",44.4756,11.2759
2021-04-24T10:00:00+00:00,19.100,5.800,Open-Meteo Historical Weather API,"Casalecchio di Reno, Bologna, Italy",44.4756,11.2759
2021-04-24T11:00:00+00:00,19.800,5.800,Open-Meteo Historical Weather API,"Casalecchio di Reno, Bologna, Italy",44.4756,11.2759
2021-04-24T12:00:00+00:00,19.500,5.400,Open-Meteo Historical Weather API,"Casalecchio di Reno, Bologna, Italy",44.4756,11.2759
2021-04-24T13:00:00+00:00,20.000,4.900,Open-Meteo Historical Weather API,"Casalecchio di Reno, Bologna, Italy",44.4756,11.2759
2021-04-24T14:00:00+00:00,20.200,4.400,Open-Meteo Historical Weather API,"Casalecchio di Reno, Bologna, Italy",44.4756,11.2759
2021-04-24T15:00:00+00:00,20.100,4.400,Open-Meteo Historical Weather API,"Casalecchio di Reno, Bologna, Italy",44.4756,11.2759
2021-04-24T16:00:00+00:00,19.600,4.700,Open-Meteo Historical Weather API,"Casalecchio di Reno, Bologna, Italy",44.4756,11.2759
2021-04-24T17:00:00+00:00,18.100,7.700,Open-Meteo Historical Weather API,"Casalecchio di Reno, Bologna, Italy",44.4756,11.2759
2021-04-24T18:00:00+00:00,15.300,6.600,Open-Meteo Historical Weather API,"Casalecchio di Reno, Bologna, Italy",44.4756,11.2759
2021-04-24T19:00:00+00:00,13.600,5.800,Open-Meteo Historical Weather API,"Casalecchio di Reno, Bologna, Italy",44.4756,11.2759
2021-04-24T20:00:00+00:00,12.600,5.200,Open-Meteo Historical Weather API,"Casalecchio di Reno, Bologna, Italy",44.4756,11.2759
2021-04-24T21:00:00+00:00,11.500,4.600,Open-Meteo Historical Weather API,"Casalecchio di Reno, Bologna, Italy",44.4756,11.2759
2021-04-24T22:00:00+00:00,10.800,4.100,Open-Meteo Historical Weather API,"Casalecchio di Reno, Bologna, Italy",44.4756,11.2759
2021-04-24T23:00:00+00:00,9.800,3.800,Open-Meteo Historical Weather API,"Casalecchio di Reno, Bologna, Italy",44.4756,11.2759
2021-04-25T00:00:00+00:00,9.400,2.800,Open-Meteo Historical Weather API,"Casalecchio di Reno, Bologna, Italy",44.4756,11.2759
2021-04-25T01:00:00+00:00,9.700,2.000,Open-Meteo Historical Weather API,"Casalecchio di Reno, Bologna, Italy",44.4756,11.2759
2021-04-25T02:00:00+00:00,9.600,0.900,Open-Meteo Historical Weather API,"Casalecchio di Reno, Bologna, Italy",44.4756,11.2759
2021-04-25T03:00:00+00:00,8.800,0.700,Open-Meteo Historical Weather API,"Casalecchio di Reno, Bologna, Italy",44.4756,11.2759
2021-04-25T04:00:00+00:00,8.400,1.300,Open-Meteo Historical Weather API,"Casalecchio di Reno, Bologna, Italy",44.4756,11.2759
2021-04-25T05:00:00+00:00,9.100,2.700,Open-Meteo Historical Weather API,"Casalecchio di Reno, Bologna, Italy",44.4756,11.2759
2021-04-25T06:00:00+00:00,12.000,5.500,Open-Meteo Historical Weather API,"Casalecchio di Reno, Bologna, Italy",44.4756,11.2759
2021-04-25T07:00:00+00:00,16.000,7.400,Open-Meteo Historical Weather API,"Casalecchio di Reno, Bologna, Italy",44.4756,11.2759
2021-04-25T08:00:00+00:00,18.100,6.800,Open-Meteo Historical Weather API,"Casalecchio di Reno, Bologna, Italy",44.4756,11.2759
2021-04-25T09:00:00+00:00,19.800,6.400,Open-Meteo Historical Weather API,"Casalecchio di Reno, Bologna, Italy",44.4756,11.2759
2021-04-25T10:00:00+00:00,21.000,6.600,Open-Meteo Historical Weather API,"Casalecchio di Reno, Bologna, Italy",44.4756,11.2759
2021-04-25T11:00:00+00:00,21.800,7.200,Open-Meteo Historical Weather API,"Casalecchio di Reno, Bologna, Italy",44.4756,11.2759
2021-04-25T12:00:00+00:00,21.800,7.700,Open-Meteo Historical Weather API,"Casalecchio di Reno, Bologna, Italy",44.4756,11.2759
2021-04-25T13:00:00+00:00,22.200,8.100,Open-Meteo Historical Weather API,"Casalecchio di Reno, Bologna, Italy",44.4756,11.2759
2021-04-25T14:00:00+00:00,22.500,8.200,Open-Meteo Historical Weather API,"Casalecchio di Reno, Bologna, Italy",44.4756,11.2759
2021-04-25T15:00:00+00:00,22.400,8.200,Open-Meteo Historical Weather API,"Casalecchio di Reno, Bologna, Italy",44.4756,11.2759
2021-04-25T16:00:00+00:00,21.900,8.600,Open-Meteo Historical Weather API,"Casalecchio di Reno, Bologna, Italy",44.4756,11.2759
2021-04-25T17:00:00+00:00,20.600,10.400,Open-Meteo Historical Weather API,"Casalecchio di Reno, Bologna, Italy",44.4756,11.2759
2021-04-25T18:00:00+00:00,18.300,9.500,Open-Meteo Historical Weather API,"Casalecchio di Reno, Bologna, Italy",44.4756,11.2759
2021-04-25T19:00:00+00:00,16.400,9.000,Open-Meteo Historical Weather API,"Casalecchio di Reno, Bologna, Italy",44.4756,11.2759
2021-04-25T20:00:00+00:00,16.100,4.500,Open-Meteo Historical Weather API,"Casalecchio di Reno, Bologna, Italy",44.4756,11.2759
2021-04-25T21:00:00+00:00,15.600,3.600,Open-Meteo Historical Weather API,"Casalecchio di Reno, Bologna, Italy",44.4756,11.2759
2021-04-25T22:00:00+00:00,15.100,3.000,Open-Meteo Historical Weather API,"Casalecchio di Reno, Bologna, Italy",44.4756,11.2759
2021-04-25T23:00:00+00:00,14.300,2.700,Open-Meteo Historical Weather API,"Casalecchio di Reno, Bologna, Italy",44.4756,11.2759
2021-04-26T00:00:00+00:00,15.000,-0.200,Open-Meteo Historical Weather API,"Casalecchio di Reno, Bologna, Italy",44.4756,11.2759
2021-04-26T01:00:00+00:00,14.300,-0.200,Open-Meteo Historical Weather API,"Casalecchio di Reno, Bologna, Italy",44.4756,11.2759
2021-04-26T02:00:00+00:00,13.900,0.100,Open-Meteo Historical Weather API,"Casalecchio di Reno, Bologna, Italy",44.4756,11.2759
2021-04-26T03:00:00+00:00,11.800,1.900,Open-Meteo Historical Weather API,"Casalecchio di Reno, Bologna, Italy",44.4756,11.2759
2021-04-26T04:00:00+00:00,11.400,1.600,Open-Meteo Historical Weather API,"Casalecchio di Reno, Bologna, Italy",44.4756,11.2759
2021-04-26T05:00:00+00:00,13.200,-0.800,Open-Meteo Historical Weather API,"Casalecchio di Reno, Bologna, Italy",44.4756,11.2759
2021-04-26T06:00:00+00:00,13.100,3.200,Open-Meteo Historical Weather API,"Casalecchio di Reno, Bologna, Italy",44.4756,11.2759
2021-04-26T07:00:00+00:00,14.500,3.800,Open-Meteo Historical Weather API,"Casalecchio di Reno, Bologna, Italy",44.4756,11.2759
2021-04-26T08:00:00+00:00,15.600,4.800,Open-Meteo Historical Weather API,"Casalecchio di Reno, Bologna, Italy",44.4756,11.2759
2021-04-26T09:00:00+00:00,17.000,6.000,Open-Meteo Historical Weather API,"Casalecchio di Reno, Bologna, Italy",44.4756,11.2759
2021-04-26T10:00:00+00:00,17.600,6.700,Open-Meteo Historical Weather API,"Casalecchio di Reno, Bologna, Italy",44.4756,11.2759
2021-04-26T11:00:00+00:00,17.500,7.200,Open-Meteo Historical Weather API,"Casalecchio di Reno, Bologna, Italy",44.4756,11.2759
2021-04-26T12:00:00+00:00,15.400,7.800,Open-Meteo Historical Weather API,"Casalecchio di Reno, Bologna, Italy",44.4756,11.2759
2021-04-26T13:00:00+00:00,16.800,8.300,Open-Meteo Historical Weather API,"Casalecchio di Reno, Bologna, Italy",44.4756,11.2759
2021-04-26T14:00:00+00:00,16.800,8.100,Open-Meteo Historical Weather API,"Casalecchio di Reno, Bologna, Italy",44.4756,11.2759
2021-04-26T15:00:00+00:00,16.900,9.200,Open-Meteo Historical Weather API,"Casalecchio di Reno, Bologna, Italy",44.4756,11.2759
2021-04-26T16:00:00+00:00,16.000,10.100,Open-Meteo Historical Weather API,"Casalecchio di Reno, Bologna, Italy",44.4756,11.2759
2021-04-26T17:00:00+00:00,14.400,10.200,Open-Meteo Historical Weather API,"Casalecchio di Reno, Bologna, Italy",44.4756,11.2759
2021-04-26T18:00:00+00:00,12.900,9.800,Open-Meteo Historical Weather API,"Casalecchio di Reno, Bologna, Italy",44.4756,11.2759
2021-04-26T19:00:00+00:00,12.200,9.600,Open-Meteo Historical Weather API,"Casalecchio di Reno, Bologna, Italy",44.4756,11.2759
2021-04-26T20:00:00+00:00,12.300,10.100,Open-Meteo Historical Weather API,"Casalecchio di Reno, Bologna, Italy",44.4756,11.2759
2021-04-26T21:00:00+00:00,11.900,10.800,Open-Meteo Historical Weather API,"Casalecchio di Reno, Bologna, Italy",44.4756,11.2759
2021-04-26T22:00:00+00:00,11.900,11.300,Open-Meteo Historical Weather API,"Casalecchio di Reno, Bologna, Italy",44.4756,11.2759
2021-04-26T23:00:00+00:00,12.000,11.500,Open-Meteo Historical Weather API,"Casalecchio di Reno, Bologna, Italy",44.4756,11.2759
2021-04-27T00:00:00+00:00,11.600,10.600,Open-Meteo Historical Weather API,"Casalecchio di Reno, Bologna, Italy",44.4756,11.2759
2021-04-27T01:00:00+00:00,11.200,10.600,Open-Meteo Historical Weather API,"Casalecchio di Reno, Bologna, Italy",44.4756,11.2759
2021-04-27T02:00:00+00:00,11.200,10.400,Open-Meteo Historical Weather API,"Casalecchio di Reno, Bologna, Italy",44.4756,11.2759
2021-04-27T03:00:00+00:00,11.000,10.400,Open-Meteo Historical Weather API,"Casalecchio di Reno, Bologna, Italy",44.4756,11.2759
2021-04-27T04:00:00+00:00,10.800,10.100,Open-Meteo Historical Weather API,"Casalecchio di Reno, Bologna, Italy",44.4756,11.2759
2021-04-27T05:00:00+00:00,10.600,9.900,Open-Meteo Historical Weather API,"Casalecchio di Reno, Bologna, Italy",44.4756,11.2759
2021-04-27T06:00:00+00:00,10.700,9.600,Open-Meteo Historical Weather API,"Casalecchio di Reno, Bologna, Italy",44.4756,11.2759
2021-04-27T07:00:00+00:00,11.400,9.100,Open-Meteo Historical Weather API,"Casalecchio di Reno, Bologna, Italy",44.4756,11.2759
2021-04-27T08:00:00+00:00,13.000,8.500,Open-Meteo Historical Weather API,"Casalecchio di Reno, Bologna, Italy",44.4756,11.2759
2021-04-27T09:00:00+00:00,13.400,7.800,Open-Meteo Historical Weather API,"Casalecchio di Reno, Bologna, Italy",44.4756,11.2759
2021-04-27T10:00:00+00:00,13.500,8.200,Open-Meteo Historical Weather API,"Casalecchio di Reno, Bologna, Italy",44.4756,11.2759
2021-04-27T11:00:00+00:00,13.600,9.400,Open-Meteo Historical Weather API,"Casalecchio di Reno, Bologna, Italy",44.4756,11.2759
2021-04-27T12:00:00+00:00,12.900,9.000,Open-Meteo Historical Weather API,"Casalecchio di Reno, Bologna, Italy",44.4756,11.2759
2021-04-27T13:00:00+00:00,13.200,8.800,Open-Meteo Historical Weather API,"Casalecchio di Reno, Bologna, Italy",44.4756,11.2759
2021-04-27T14:00:00+00:00,13.800,8.600,Open-Meteo Historical Weather API,"Casalecchio di Reno, Bologna, Italy",44.4756,11.2759
2021-04-27T15:00:00+00:00,13.800,9.000,Open-Meteo Historical Weather API,"Casalecchio di Reno, Bologna, Italy",44.4756,11.2759
2021-04-27T16:00:00+00:00,13.100,9.800,Open-Meteo Historical Weather API,"Casalecchio di Reno, Bologna, Italy",44.4756,11.2759
2021-04-27T17:00:00+00:00,12.900,9.800,Open-Meteo Historical Weather API,"Casalecchio di Reno, Bologna, Italy",44.4756,11.2759
2021-04-27T18:00:00+00:00,12.600,9.900,Open-Meteo Historical Weather API,"Casalecchio di Reno, Bologna, Italy",44.4756,11.2759
2021-04-27T19:00:00+00:00,12.100,9.900,Open-Meteo Historical Weather API,"Casalecchio di Reno, Bologna, Italy",44.4756,11.2759
2021-04-27T20:00:00+00:00,11.800,9.700,Open-Meteo Historical Weather API,"Casalecchio di Reno, Bologna, Italy",44.4756,11.2759
2021-04-27T21:00:00+00:00,11.200,9.600,Open-Meteo Historical Weather API,"Casalecchio di Reno, Bologna, Italy",44.4756,11.2759
2021-04-27T22:00:00+00:00,10.900,9.600,Open-Meteo Historical Weather API,"Casalecchio di Reno, Bologna, Italy",44.4756,11.2759
2021-04-27T23:00:00+00:00,10.600,9.500,Open-Meteo Historical Weather API,"Casalecchio di Reno, Bologna, Italy",44.4756,11.2759
2021-04-28T00:00:00+00:00,10.600,10.200,Open-Meteo Historical Weather API,"Casalecchio di Reno, Bologna, Italy",44.4756,11.2759
2021-04-28T01:00:00+00:00,10.400,10.000,Open-Meteo Historical Weather API,"Casalecchio di Reno, Bologna, Italy",44.4756,11.2759
2021-04-28T02:00:00+00:00,10.600,10.100,Open-Meteo Historical Weather API,"Casalecchio di Reno, Bologna, Italy",44.4756,11.2759
2021-04-28T03:00:00+00:00,10.400,10.200,Open-Meteo Historical Weather API,"Casalecchio di Reno, Bologna, Italy",44.4756,11.2759
2021-04-28T04:00:00+00:00,10.400,9.900,Open-Meteo Historical Weather API,"Casalecchio di Reno, Bologna, Italy",44.4756,11.2759
2021-04-28T05:00:00+00:00,10.400,9.900,Open-Meteo Historical Weather API,"Casalecchio di Reno, Bologna, Italy",44.4756,11.2759
2021-04-28T06:00:00+00:00,11.100,9.600,Open-Meteo Historical Weather API,"Casalecchio di Reno, Bologna, Italy",44.4756,11.2759
2021-04-28T07:00:00+00:00,12.000,9.900,Open-Meteo Historical Weather API,"Casalecchio di Reno, Bologna, Italy",44.4756,11.2759
2021-04-28T08:00:00+00:00,13.100,9.800,Open-Meteo Historical Weather API,"Casalecchio di Reno, Bologna, Italy",44.4756,11.2759
2021-04-28T09:00:00+00:00,14.400,9.600,Open-Meteo Historical Weather API,"Casalecchio di Reno, Bologna, Italy",44.4756,11.2759
2021-04-28T10:00:00+00:00,15.100,9.300,Open-Meteo Historical Weather API,"Casalecchio di Reno, Bologna, Italy",44.4756,11.2759
2021-04-28T11:00:00+00:00,15.400,9.400,Open-Meteo Historical Weather API,"Casalecchio di Reno, Bologna, Italy",44.4756,11.2759
2021-04-28T12:00:00+00:00,14.400,9.700,Open-Meteo Historical Weather API,"Casalecchio di Reno, Bologna, Italy",44.4756,11.2759
2021-04-28T13:00:00+00:00,14.600,9.900,Open-Meteo Historical Weather API,"Casalecchio di Reno, Bologna, Italy",44.4756,11.2759
2021-04-28T14:00:00+00:00,15.000,9.900,Open-Meteo Historical Weather API,"Casalecchio di Reno, Bologna, Italy",44.4756,11.2759
2021-04-28T15:00:00+00:00,15.000,10.100,Open-Meteo Historical Weather API,"Casalecchio di Reno, Bologna, Italy",44.4756,11.2759
2021-04-28T16:00:00+00:00,15.200,10.200,Open-Meteo Historical Weather API,"Casalecchio di Reno, Bologna, Italy",44.4756,11.2759
2021-04-28T17:00:00+00:00,14.900,10.400,Open-Meteo Historical Weather API,"Casalecchio di Reno, Bologna, Italy",44.4756,11.2759
2021-04-28T18:00:00+00:00,13.100,10.600,Open-Meteo Historical Weather API,"Casalecchio di Reno, Bologna, Italy",44.4756,11.2759
2021-04-28T19:00:00+00:00,12.600,10.800,Open-Meteo Historical Weather API,"Casalecchio di Reno, Bologna, Italy",44.4756,11.2759
2021-04-28T20:00:00+00:00,12.100,10.900,Open-Meteo Historical Weather API,"Casalecchio di Reno, Bologna, Italy",44.4756,11.2759
2021-04-28T21:00:00+00:00,11.500,10.700,Open-Meteo Historical Weather API,"Casalecchio di Reno, Bologna, Italy",44.4756,11.2759
2021-04-28T22:00:00+00:00,10.900,10.100,Open-Meteo Historical Weather API,"Casalecchio di Reno, Bologna, Italy",44.4756,11.2759
2021-04-28T23:00:00+00:00,10.600,9.600,Open-Meteo Historical Weather API,"Casalecchio di Reno, Bologna, Italy",44.4756,11.2759
2021-04-29T00:00:00+00:00,13.100,10.600,Open-Meteo Historical Weather API,"Casalecchio di Reno, Bologna, Italy",44.4756,11.2759
2021-04-29T01:00:00+00:00,13.600,10.500,Open-Meteo Historical Weather API,"Casalecchio di Reno, Bologna, Italy",44.4756,11.2759
2021-04-29T02:00:00+00:00,12.700,10.300,Open-Meteo Historical Weather API,"Casalecchio di Reno, Bologna, Italy",44.4756,11.2759
2021-04-29T03:00:00+00:00,12.400,10.200,Open-Meteo Historical Weather API,"Casalecchio di Reno, Bologna, Italy",44.4756,11.2759
2021-04-29T04:00:00+00:00,12.100,10.200,Open-Meteo Historical Weather API,"Casalecchio di Reno, Bologna, Italy",44.4756,11.2759
2021-04-29T05:00:00+00:00,12.700,10.600,Open-Meteo Historical Weather API,"Casalecchio di Reno, Bologna, Italy",44.4756,11.2759
2021-04-29T06:00:00+00:00,14.600,11.400,Open-Meteo Historical Weather API,"Casalecchio di Reno, Bologna, Italy",44.4756,11.2759
2021-04-29T07:00:00+00:00,16.400,12.100,Open-Meteo Historical Weather API,"Casalecchio di Reno, Bologna, Italy",44.4756,11.2759
2021-04-29T08:00:00+00:00,17.800,11.900,Open-Meteo Historical Weather API,"Casalecchio di Reno, Bologna, Italy",44.4756,11.2759
2021-04-29T09:00:00+00:00,19.000,11.200,Open-Meteo Historical Weather API,"Casalecchio di Reno, Bologna, Italy",44.4756,11.2759
2021-04-29T10:00:00+00:00,19.900,11.600,Open-Meteo Historical Weather API,"Casalecchio di Reno, Bologna, Italy",44.4756,11.2759
2021-04-29T11:00:00+00:00,20.200,11.600,Open-Meteo Historical Weather API,"Casalecchio di Reno, Bologna, Italy",44.4756,11.2759
2021-04-29T12:00:00+00:00,19.900,10.200,Open-Meteo Historical Weather API,"Casalecchio di Reno, Bologna, Italy",44.4756,11.2759
2021-04-29T13:00:00+00:00,20.000,10.900,Open-Meteo Historical Weather API,"Casalecchio di Reno, Bologna, Italy",44.4756,11.2759
2021-04-29T14:00:00+00:00,18.800,12.400,Open-Meteo Historical Weather API,"Casalecchio di Reno, Bologna, Italy",44.4756,11.2759
2021-04-29T15:00:00+00:00,19.100,12.800,Open-Meteo Historical Weather API,"Casalecchio di Reno, Bologna, Italy",44.4756,11.2759
2021-04-29T16:00:00+00:00,19.100,12.100,Open-Meteo Historical Weather API,"Casalecchio di Reno, Bologna, Italy",44.4756,11.2759
2021-04-29T17:00:00+00:00,17.600,13.600,Open-Meteo Historical Weather API,"Casalecchio di Reno, Bologna, Italy",44.4756,11.2759
2021-04-29T18:00:00+00:00,16.000,13.200,Open-Meteo Historical Weather API,"Casalecchio di Reno, Bologna, Italy",44.4756,11.2759
2021-04-29T19:00:00+00:00,15.800,10.700,Open-Meteo Historical Weather API,"Casalecchio di Reno, Bologna, Italy",44.4756,11.2759
2021-04-29T20:00:00+00:00,15.100,10.900,Open-Meteo Historical Weather API,"Casalecchio di Reno, Bologna, Italy",44.4756,11.2759
2021-04-29T21:00:00+00:00,14.900,11.000,Open-Meteo Historical Weather API,"Casalecchio di Reno, Bologna, Italy",44.4756,11.2759
2021-04-29T22:00:00+00:00,14.800,11.000,Open-Meteo Historical Weather API,"Casalecchio di Reno, Bologna, Italy",44.4756,11.2759
2021-04-29T23:00:00+00:00,14.600,11.100,Open-Meteo Historical Weather API,"Casalecchio di Reno, Bologna, Italy",44.4756,11.2759
2021-04-30T00:00:00+00:00,15.200,11.900,Open-Meteo Historical Weather API,"Casalecchio di Reno, Bologna, Italy",44.4756,11.2759
2021-04-30T01:00:00+00:00,14.800,11.400,Open-Meteo Historical Weather API,"Casalecchio di Reno, Bologna, Italy",44.4756,11.2759
2021-04-30T02:00:00+00:00,14.400,11.000,Open-Meteo Historical Weather API,"Casalecchio di Reno, Bologna, Italy",44.4756,11.2759
2021-04-30T03:00:00+00:00,14.400,10.900,Open-Meteo Historical Weather API,"Casalecchio di Reno, Bologna, Italy",44.4756,11.2759
2021-04-30T04:00:00+00:00,14.500,11.100,Open-Meteo Historical Weather API,"Casalecchio di Reno, Bologna, Italy",44.4756,11.2759
2021-04-30T05:00:00+00:00,14.900,11.400,Open-Meteo Historical Weather API,"Casalecchio di Reno, Bologna, Italy",44.4756,11.2759
2021-04-30T06:00:00+00:00,16.200,11.800,Open-Meteo Historical Weather API,"Casalecchio di Reno, Bologna, Italy",44.4756,11.2759
2021-04-30T07:00:00+00:00,18.200,11.700,Open-Meteo Historical Weather API,"Casalecchio di Reno, Bologna, Italy",44.4756,11.2759
2021-04-30T08:00:00+00:00,19.500,11.500,Open-Meteo Historical Weather API,"Casalecchio di Reno, Bologna, Italy",44.4756,11.2759
2021-04-30T09:00:00+00:00,20.700,11.600,Open-Meteo Historical Weather API,"Casalecchio di Reno, Bologna, Italy",44.4756,11.2759
2021-04-30T10:00:00+00:00,21.700,11.700,Open-Meteo Historical Weather API,"Casalecchio di Reno, Bologna, Italy",44.4756,11.2759
2021-04-30T11:00:00+00:00,22.100,11.200,Open-Meteo Historical Weather API,"Casalecchio di Reno, Bologna, Italy",44.4756,11.2759
2021-04-30T12:00:00+00:00,22.400,9.500,Open-Meteo Historical Weather API,"Casalecchio di Reno, Bologna, Italy",44.4756,11.2759
2021-04-30T13:00:00+00:00,23.000,9.300,Open-Meteo Historical Weather API,"Casalecchio di Reno, Bologna, Italy",44.4756,11.2759
2021-04-30T14:00:00+00:00,22.700,9.400,Open-Meteo Historical Weather API,"Casalecchio di Reno, Bologna, Italy",44.4756,11.2759
2021-04-30T15:00:00+00:00,21.400,11.500,Open-Meteo Historical Weather API,"Casalecchio di Reno, Bologna, Italy",44.4756,11.2759
2021-04-30T16:00:00+00:00,19.700,12.600,Open-Meteo Historical Weather API,"Casalecchio di Reno, Bologna, Italy",44.4756,11.2759
2021-04-30T17:00:00+00:00,19.100,12.200,Open-Meteo Historical Weather API,"Casalecchio di Reno, Bologna, Italy",44.4756,11.2759
2021-04-30T18:00:00+00:00,18.000,10.100,Open-Meteo Historical Weather API,"Casalecchio di Reno, Bologna, Italy",44.4756,11.2759
2021-04-30T19:00:00+00:00,17.100,8.900,Open-Meteo Historical Weather API,"Casalecchio di Reno, Bologna, Italy",44.4756,11.2759
2021-04-30T20:00:00+00:00,16.700,8.100,Open-Meteo Historical Weather API,"Casalecchio di Reno, Bologna, Italy",44.4756,11.2759
2021-04-30T21:00:00+00:00,15.700,8.600,Open-Meteo Historical Weather API,"Casalecchio di Reno, Bologna, Italy",44.4756,11.2759
2021-04-30T22:00:00+00:00,15.600,8.900,Open-Meteo Historical Weather API,"Casalecchio di Reno, Bologna, Italy",44.4756,11.2759
2021-04-30T23:00:00+00:00,14.400,10.100,Open-Meteo Historical Weather API,"Casalecchio di Reno, Bologna, Italy",44.4756,11.2759
2021-05-01T00:00:00+00:00,15.200,10.600,Open-Meteo Historical Weather API,"Casalecchio di Reno, Bologna, Italy",44.4756,11.2759
2021-05-01T01:00:00+00:00,13.900,10.700,Open-Meteo Historical Weather API,"Casalecchio di Reno, Bologna, Italy",44.4756,11.2759
2021-05-01T02:00:00+00:00,12.800,10.600,Open-Meteo Historical Weather API,"Casalecchio di Reno, Bologna, Italy",44.4756,11.2759
2021-05-01T03:00:00+00:00,12.200,10.200,Open-Meteo Historical Weather API,"Casalecchio di Reno, Bologna, Italy",44.4756,11.2759
2021-05-01T04:00:00+00:00,11.900,9.800,Open-Meteo Historical Weather API,"Casalecchio di Reno, Bologna, Italy",44.4756,11.2759
2021-05-01T05:00:00+00:00,12.600,9.900,Open-Meteo Historical Weather API,"Casalecchio di Reno, Bologna, Italy",44.4756,11.2759
2021-05-01T06:00:00+00:00,14.900,10.800,Open-Meteo Historical Weather API,"Casalecchio di Reno, Bologna, Italy",44.4756,11.2759
2021-05-01T07:00:00+00:00,16.400,11.600,Open-Meteo Historical Weather API,"Casalecchio di Reno, Bologna, Italy",44.4756,11.2759
2021-05-01T08:00:00+00:00,17.900,12.400,Open-Meteo Historical Weather API,"Casalecchio di Reno, Bologna, Italy",44.4756,11.2759
2021-05-01T09:00:00+00:00,19.500,12.600,Open-Meteo Historical Weather API,"Casalecchio di Reno, Bologna, Italy",44.4756,11.2759
2021-05-01T10:00:00+00:00,20.700,13.100,Open-Meteo Historical Weather API,"Casalecchio di Reno, Bologna, Italy",44.4756,11.2759
2021-05-01T11:00:00+00:00,21.600,13.100,Open-Meteo Historical Weather API,"Casalecchio di Reno, Bologna, Italy",44.4756,11.2759
2021-05-01T12:00:00+00:00,20.900,13.600,Open-Meteo Historical Weather API,"Casalecchio di Reno, Bologna, Italy",44.4756,11.2759
2021-05-01T13:00:00+00:00,20.500,14.200,Open-Meteo Historical Weather API,"Casalecchio di Reno, Bologna, Italy",44.4756,11.2759
2021-05-01T14:00:00+00:00,18.900,14.800,Open-Meteo Historical Weather API,"Casalecchio di Reno, Bologna, Italy",44.4756,11.2759
2021-05-01T15:00:00+00:00,18.900,15.400,Open-Meteo Historical Weather API,"Casalecchio di Reno, Bologna, Italy",44.4756,11.2759
2021-05-01T16:00:00+00:00,18.600,15.900,Open-Meteo Historical Weather API,"Casalecchio di Reno, Bologna, Italy",44.4756,11.2759
2021-05-01T17:00:00+00:00,17.500,15.600,Open-Meteo Historical Weather API,"Casalecchio di Reno, Bologna, Italy",44.4756,11.2759
2021-05-01T18:00:00+00:00,16.500,13.700,Open-Meteo Historical Weather API,"Casalecchio di Reno, Bologna, Italy",44.4756,11.2759
2021-05-01T19:00:00+00:00,16.200,12.600,Open-Meteo Historical Weather API,"Casalecchio di Reno, Bologna, Italy",44.4756,11.2759
2021-05-01T20:00:00+00:00,15.500,11.800,Open-Meteo Historical Weather API,"Casalecchio di Reno, Bologna, Italy",44.4756,11.2759
2021-05-01T21:00:00+00:00,15.400,11.700,Open-Meteo Historical Weather API,"Casalecchio di Reno, Bologna, Italy",44.4756,11.2759
2021-05-01T22:00:00+00:00,15.200,11.700,Open-Meteo Historical Weather API,"Casalecchio di Reno, Bologna, Italy",44.4756,11.2759
2021-05-01T23:00:00+00:00,14.800,10.900,Open-Meteo Historical Weather API,"Casalecchio di Reno, Bologna, Italy",44.4756,11.2759
2021-05-02T00:00:00+00:00,14.600,10.800,Open-Meteo Historical Weather API,"Casalecchio di Reno, Bologna, Italy",44.4756,11.2759
2021-05-02T01:00:00+00:00,15.200,10.200,Open-Meteo Historical Weather API,"Casalecchio di Reno, Bologna, Italy",44.4756,11.2759
2021-05-02T02:00:00+00:00,14.200,8.100,Open-Meteo Historical Weather API,"Casalecchio di Reno, Bologna, Italy",44.4756,11.2759
2021-05-02T03:00:00+00:00,13.100,8.200,Open-Meteo Historical Weather API,"Casalecchio di Reno, Bologna, Italy",44.4756,11.2759
2021-05-02T04:00:00+00:00,12.900,8.400,Open-Meteo Historical Weather API,"Casalecchio di Reno, Bologna, Italy",44.4756,11.2759
2021-05-02T05:00:00+00:00,14.000,8.900,Open-Meteo Historical Weather API,"Casalecchio di Reno, Bologna, Italy",44.4756,11.2759
2021-05-02T06:00:00+00:00,14.900,8.900,Open-Meteo Historical Weather API,"Casalecchio di Reno, Bologna, Italy",44.4756,11.2759
2021-05-02T07:00:00+00:00,16.100,8.800,Open-Meteo Historical Weather API,"Casalecchio di Reno, Bologna, Italy",44.4756,11.2759
2021-05-02T08:00:00+00:00,17.500,8.600,Open-Meteo Historical Weather API,"Casalecchio di Reno, Bologna, Italy",44.4756,11.2759
2021-05-02T09:00:00+00:00,18.900,7.600,Open-Meteo Historical Weather API,"Casalecchio di Reno, Bologna, Italy",44.4756,11.2759
2021-05-02T10:00:00+00:00,19.900,6.700,Open-Meteo Historical Weather API,"Casalecchio di Reno, Bologna, Italy",44.4756,11.2759
2021-05-02T11:00:00+00:00,20.000,5.800,Open-Meteo Historical Weather API,"Casalecchio di Reno, Bologna, Italy",44.4756,11.2759
2021-05-02T12:00:00+00:00,20.900,5.400,Open-Meteo Historical Weather API,"Casalecchio di Reno, Bologna, Italy",44.4756,11.2759
2021-05-02T13:00:00+00:00,20.500,5.700,Open-Meteo Historical Weather API,"Casalecchio di Reno, Bologna, Italy",44.4756,11.2759
2021-05-02T14:00:00+00:00,19.800,5.800,Open-Meteo Historical Weather API,"Casalecchio di Reno, Bologna, Italy",44.4756,11.2759
2021-05-02T15:00:00+00:00,18.700,5.100,Open-Meteo Historical Weather API,"Casalecchio di Reno, Bologna, Italy",44.4756,11.2759
2021-05-02T16:00:00+00:00,17.600,4.800,Open-Meteo Historical Weather API,"Casalecchio di Reno, Bologna, Italy",44.4756,11.2759
2021-05-02T17:00:00+00:00,16.400,5.200,Open-Meteo Historical Weather API,"Casalecchio di Reno, Bologna, Italy",44.4756,11.2759
2021-05-02T18:00:00+00:00,14.700,4.800,Open-Meteo Historical Weather API,"Casalecchio di Reno, Bologna, Italy",44.4756,11.2759
2021-05-02T19:00:00+00:00,13.600,5.000,Open-Meteo Historical Weather API,"Casalecchio di Reno, Bologna, Italy",44.4756,11.2759
2021-05-02T20:00:00+00:00,12.900,5.800,Open-Meteo Historical Weather API,"Casalecchio di Reno, Bologna, Italy",44.4756,11.2759
2021-05-02T21:00:00+00:00,12.300,6.100,Open-Meteo Historical Weather API,"Casalecchio di Reno, Bologna, Italy",44.4756,11.2759
2021-05-02T22:00:00+00:00,10.600,7.100,Open-Meteo Historical Weather API,"Casalecchio di Reno, Bologna, Italy",44.4756,11.2759
2021-05-02T23:00:00+00:00,10.100,6.700,Open-Meteo Historical Weather API,"Casalecchio di Reno, Bologna, Italy",44.4756,11.2759
2021-05-03T00:00:00+00:00,10.600,6.400,Open-Meteo Historical Weather API,"Casalecchio di Reno, Bologna, Italy",44.4756,11.2759
2021-05-03T01:00:00+00:00,10.900,5.800,Open-Meteo Historical Weather API,"Casalecchio di Reno, Bologna, Italy",44.4756,11.2759
2021-05-03T02:00:00+00:00,10.800,5.600,Open-Meteo Historical Weather API,"Casalecchio di Reno, Bologna, Italy",44.4756,11.2759
2021-05-03T03:00:00+00:00,10.600,5.900,Open-Meteo Historical Weather API,"Casalecchio di Reno, Bologna, Italy",44.4756,11.2759
2021-05-03T04:00:00+00:00,8.600,6.300,Open-Meteo Historical Weather API,"Casalecchio di Reno, Bologna, Italy",44.4756,11.2759
2021-05-03T05:00:00+00:00,9.900,8.200,Open-Meteo Historical Weather API,"Casalecchio di Reno, Bologna, Italy",44.4756,11.2759
2021-05-03T06:00:00+00:00,11.200,9.300,Open-Meteo Historical Weather API,"Casalecchio di Reno, Bologna, Italy",44.4756,11.2759
2021-05-03T07:00:00+00:00,12.300,8.800,Open-Meteo Historical Weather API,"Casalecchio di Reno, Bologna, Italy",44.4756,11.2759
2021-05-03T08:00:00+00:00,13.700,8.100,Open-Meteo Historical Weather API,"Casalecchio di Reno, Bologna, Italy",44.4756,11.2759
2021-05-03T09:00:00+00:00,14.900,7.700,Open-Meteo Historical Weather API,"Casalecchio di Reno, Bologna, Italy",44.4756,11.2759
2021-05-03T10:00:00+00:00,16.000,7.600,Open-Meteo Historical Weather API,"Casalecchio di Reno, Bologna, Italy",44.4756,11.2759
2021-05-03T11:00:00+00:00,16.400,7.500,Open-Meteo Historical Weather API,"Casalecchio di Reno, Bologna, Italy",44.4756,11.2759
2021-05-03T12:00:00+00:00,15.900,8.600,Open-Meteo Historical Weather API,"Casalecchio di Reno, Bologna, Italy",44.4756,11.2759
2021-05-03T13:00:00+00:00,17.000,8.000,Open-Meteo Historical Weather API,"Casalecchio di Reno, Bologna, Italy",44.4756,11.2759
2021-05-03T14:00:00+00:00,17.600,7.100,Open-Meteo Historical Weather API,"Casalecchio di Reno, Bologna, Italy",44.4756,11.2759
2021-05-03T15:00:00+00:00,17.400,7.300,Open-Meteo Historical Weather API,"Casalecchio di Reno, Bologna, Italy",44.4756,11.2759
2021-05-03T16:00:00+00:00,17.300,7.300,Open-Meteo Historical Weather API,"Casalecchio di Reno, Bologna, Italy",44.4756,11.2759
2021-05-03T17:00:00+00:00,17.000,8.300,Open-Meteo Historical Weather API,"Casalecchio di Reno, Bologna, Italy",44.4756,11.2759
2021-05-03T18:00:00+00:00,14.600,10.400,Open-Meteo Historical Weather API,"Casalecchio di Reno, Bologna, Italy",44.4756,11.2759
2021-05-03T19:00:00+00:00,13.400,9.600,Open-Meteo Historical Weather API,"Casalecchio di Reno, Bologna, Italy",44.4756,11.2759
2021-05-03T20:00:00+00:00,11.800,9.200,Open-Meteo Historical Weather API,"Casalecchio di Reno, Bologna, Italy",44.4756,11.2759
2021-05-03T21:00:00+00:00,10.600,8.900,Open-Meteo Historical Weather API,"Casalecchio di Reno, Bologna, Italy",44.4756,11.2759
2021-05-03T22:00:00+00:00,10.100,8.100,Open-Meteo Historical Weather API,"Casalecchio di Reno, Bologna, Italy",44.4756,11.2759
2021-05-03T23:00:00+00:00,10.100,6.900,Open-Meteo Historical Weather API,"Casalecchio di Reno, Bologna, Italy",44.4756,11.2759
2021-05-04T00:00:00+00:00,11.000,6.000,Open-Meteo Historical Weather API,"Casalecchio di Reno, Bologna, Italy",44.4756,11.2759
2021-05-04T01:00:00+00:00,10.700,5.600,Open-Meteo Historical Weather API,"Casalecchio di Reno, Bologna, Italy",44.4756,11.2759
2021-05-04T02:00:00+00:00,10.200,4.500,Open-Meteo Historical Weather API,"Casalecchio di Reno, Bologna, Italy",44.4756,11.2759
2021-05-04T03:00:00+00:00,9.900,3.600,Open-Meteo Historical Weather API,"Casalecchio di Reno, Bologna, Italy",44.4756,11.2759
2021-05-04T04:00:00+00:00,9.700,3.600,Open-Meteo Historical Weather API,"Casalecchio di Reno, Bologna, Italy",44.4756,11.2759
2021-05-04T05:00:00+00:00,10.400,4.200,Open-Meteo Historical Weather API,"Casalecchio di Reno, Bologna, Italy",44.4756,11.2759
2021-05-04T06:00:00+00:00,13.200,5.600,Open-Meteo Historical Weather API,"Casalecchio di Reno, Bologna, Italy",44.4756,11.2759
2021-05-04T07:00:00+00:00,16.000,6.300,Open-Meteo Historical Weather API,"Casalecchio di Reno, Bologna, Italy",44.4756,11.2759
2021-05-04T08:00:00+00:00,17.800,4.400,Open-Meteo Historical Weather API,"Casalecchio di Reno, Bologna, Italy",44.4756,11.2759
2021-05-04T09:00:00+00:00,18.800,4.800,Open-Meteo Historical Weather API,"Casalecchio di Reno, Bologna, Italy",44.4756,11.2759
2021-05-04T10:00:00+00:00,19.900,6.000,Open-Meteo Historical Weather API,"Casalecchio di Reno, Bologna, Italy",44.4756,11.2759
2021-05-04T11:00:00+00:00,20.800,6.200,Open-Meteo Historical Weather API,"Casalecchio di Reno, Bologna, Italy",44.4756,11.2759
2021-05-04T12:00:00+00:00,20.000,5.600,Open-Meteo Historical Weather API,"Casalecchio di Reno, Bologna, Italy",44.4756,11.2759
2021-05-04T13:00:00+00:00,21.400,5.800,Open-Meteo Historical Weather API,"Casalecchio di Reno, Bologna, Italy",44.4756,11.2759
2021-05-04T14:00:00+00:00,20.600,4.900,Open-Meteo Historical Weather API,"Casalecchio di Reno, Bologna, Italy",44.4756,11.2759
2021-05-04T15:00:00+00:00,20.000,5.000,Open-Meteo Historical Weather API,"Casalecchio di Reno, Bologna, Italy",44.4756,11.2759
2021-05-04T16:00:00+00:00,18.700,4.900,Open-Meteo Historical Weather API,"Casalecchio di Reno, Bologna, Italy",44.4756,11.2759
2021-05-04T17:00:00+00:00,17.400,5.400,Open-Meteo Historical Weather API,"Casalecchio di Reno, Bologna, Italy",44.4756,11.2759
2021-05-04T18:00:00+00:00,15.600,5.800,Open-Meteo Historical Weather API,"Casalecchio di Reno, Bologna, Italy",44.4756,11.2759
2021-05-04T19:00:00+00:00,14.400,4.700,Open-Meteo Historical Weather API,"Casalecchio di Reno, Bologna, Italy",44.4756,11.2759
2021-05-04T20:00:00+00:00,13.900,2.800,Open-Meteo Historical Weather API,"Casalecchio di Reno, Bologna, Italy",44.4756,11.2759
2021-05-04T21:00:00+00:00,13.300,3.300,Open-Meteo Historical Weather API,"Casalecchio di Reno, Bologna, Italy",44.4756,11.2759
2021-05-04T22:00:00+00:00,13.100,3.100,Open-Meteo Historical Weather API,"Casalecchio di Reno, Bologna, Italy",44.4756,11.2759
2021-05-04T23:00:00+00:00,12.900,3.000,Open-Meteo Historical Weather API,"Casalecchio di Reno, Bologna, Italy",44.4756,11.2759
2021-05-05T00:00:00+00:00,12.600,5.700,Open-Meteo Historical Weather API,"Casalecchio di Reno, Bologna, Italy",44.4756,11.2759
2021-05-05T01:00:00+00:00,12.600,4.800,Open-Meteo Historical Weather API,"Casalecchio di Reno, Bologna, Italy",44.4756,11.2759
2021-05-05T02:00:00+00:00,12.300,4.100,Open-Meteo Historical Weather API,"Casalecchio di Reno, Bologna, Italy",44.4756,11.2759
2021-05-05T03:00:00+00:00,11.800,4.100,Open-Meteo Historical Weather API,"Casalecchio di Reno, Bologna, Italy",44.4756,11.2759
2021-05-05T04:00:00+00:00,11.800,4.400,Open-Meteo Historical Weather API,"Casalecchio di Reno, Bologna, Italy",44.4756,11.2759
2021-05-05T05:00:00+00:00,12.300,6.100,Open-Meteo Historical Weather API,"Casalecchio di Reno, Bologna, Italy",44.4756,11.2759
2021-05-05T06:00:00+00:00,13.400,7.300,Open-Meteo Historical Weather API,"Casalecchio di Reno, Bologna, Italy",44.4756,11.2759
2021-05-05T07:00:00+00:00,15.200,7.600,Open-Meteo Historical Weather API,"Casalecchio di Reno, Bologna, Italy",44.4756,11.2759
2021-05-05T08:00:00+00:00,16.700,8.300,Open-Meteo Historical Weather API,"Casalecchio di Reno, Bologna, Italy",44.4756,11.2759
2021-05-05T09:00:00+00:00,17.700,8.600,Open-Meteo Historical Weather API,"Casalecchio di Reno, Bologna, Italy",44.4756,11.2759
2021-05-05T10:00:00+00:00,19.100,8.700,Open-Meteo Historical Weather API,"Casalecchio di Reno, Bologna, Italy",44.4756,11.2759
2021-05-05T11:00:00+00:00,19.800,8.500,Open-Meteo Historical Weather API,"Casalecchio di Reno, Bologna, Italy",44.4756,11.2759
2021-05-05T12:00:00+00:00,21.000,8.400,Open-Meteo Historical Weather API,"Casalecchio di Reno, Bologna, Italy",44.4756,11.2759
2021-05-05T13:00:00+00:00,20.200,8.400,Open-Meteo Historical Weather API,"Casalecchio di Reno, Bologna, Italy",44.4756,11.2759
2021-05-05T14:00:00+00:00,20.400,8.400,Open-Meteo Historical Weather API,"Casalecchio di Reno, Bologna, Italy",44.4756,11.2759
2021-05-05T15:00:00+00:00,19.500,8.500,Open-Meteo Historical Weather API,"Casalecchio di Reno, Bologna, Italy",44.4756,11.2759
2021-05-05T16:00:00+00:00,18.900,8.900,Open-Meteo Historical Weather API,"Casalecchio di Reno, Bologna, Italy",44.4756,11.2759
2021-05-05T17:00:00+00:00,17.600,9.400,Open-Meteo Historical Weather API,"Casalecchio di Reno, Bologna, Italy",44.4756,11.2759
2021-05-05T18:00:00+00:00,16.300,9.100,Open-Meteo Historical Weather API,"Casalecchio di Reno, Bologna, Italy",44.4756,11.2759
2021-05-05T19:00:00+00:00,15.100,8.800,Open-Meteo Historical Weather API,"Casalecchio di Reno, Bologna, Italy",44.4756,11.2759
2021-05-05T20:00:00+00:00,14.600,8.800,Open-Meteo Historical Weather API,"Casalecchio di Reno, Bologna, Italy",44.4756,11.2759
2021-05-05T21:00:00+00:00,14.400,9.100,Open-Meteo Historical Weather API,"Casalecchio di Reno, Bologna, Italy",44.4756,11.2759
2021-05-05T22:00:00+00:00,14.500,9.100,Open-Meteo Historical Weather API,"Casalecchio di Reno, Bologna, Italy",44.4756,11.2759
2021-05-05T23:00:00+00:00,14.400,9.100,Open-Meteo Historical Weather API,"Casalecchio di Reno, Bologna, Italy",44.4756,11.2759
2021-05-06T00:00:00+00:00,14.700,8.500,Open-Meteo Historical Weather API,"Casalecchio di Reno, Bologna, Italy",44.4756,11.2759
2021-05-06T01:00:00+00:00,14.400,8.800,Open-Meteo Historical Weather API,"Casalecchio di Reno, Bologna, Italy",44.4756,11.2759
2021-05-06T02:00:00+00:00,14.200,8.600,Open-Meteo Historical Weather API,"Casalecchio di Reno, Bologna, Italy",44.4756,11.2759
2021-05-06T03:00:00+00:00,14.100,8.400,Open-Meteo Historical Weather API,"Casalecchio di Reno, Bologna, Italy",44.4756,11.2759
2021-05-06T04:00:00+00:00,13.900,8.400,Open-Meteo Historical Weather API,"Casalecchio di Reno, Bologna, Italy",44.4756,11.2759
2021-05-06T05:00:00+00:00,14.100,8.900,Open-Meteo Historical Weather API,"Casalecchio di Reno, Bologna, Italy",44.4756,11.2759
2021-05-06T06:00:00+00:00,15.300,9.700,Open-Meteo Historical Weather API,"Casalecchio di Reno, Bologna, Italy",44.4756,11.2759
2021-05-06T07:00:00+00:00,16.500,9.900,Open-Meteo Historical Weather API,"Casalecchio di Reno, Bologna, Italy",44.4756,11.2759
2021-05-06T08:00:00+00:00,17.800,9.800,Open-Meteo Historical Weather API,"Casalecchio di Reno, Bologna, Italy",44.4756,11.2759
2021-05-06T09:00:00+00:00,18.600,10.100,Open-Meteo Historical Weather API,"Casalecchio di Reno, Bologna, Italy",44.4756,11.2759
2021-05-06T10:00:00+00:00,19.500,9.800,Open-Meteo Historical Weather API,"Casalecchio di Reno, Bologna, Italy",44.4756,11.2759
2021-05-06T11:00:00+00:00,20.600,7.900,Open-Meteo Historical Weather API,"Casalecchio di Reno, Bologna, Italy",44.4756,11.2759
2021-05-06T12:00:00+00:00,20.900,6.900,Open-Meteo Historical Weather API,"Casalecchio di Reno, Bologna, Italy",44.4756,11.2759
2021-05-06T13:00:00+00:00,21.000,6.500,Open-Meteo Historical Weather API,"Casalecchio di Reno, Bologna, Italy",44.4756,11.2759
2021-05-06T14:00:00+00:00,21.000,6.800,Open-Meteo Historical Weather API,"Casalecchio di Reno, Bologna, Italy",44.4756,11.2759
2021-05-06T15:00:00+00:00,20.400,7.300,Open-Meteo Historical Weather API,"Casalecchio di Reno, Bologna, Italy",44.4756,11.2759
2021-05-06T16:00:00+00:00,19.500,7.300,Open-Meteo Historical Weather API,"Casalecchio di Reno, Bologna, Italy",44.4756,11.2759
2021-05-06T17:00:00+00:00,18.400,7.800,Open-Meteo Historical Weather API,"Casalecchio di Reno, Bologna, Italy",44.4756,11.2759
2021-05-06T18:00:00+00:00,16.900,8.000,Open-Meteo Historical Weather API,"Casalecchio di Reno, Bologna, Italy",44.4756,11.2759
2021-05-06T19:00:00+00:00,15.800,7.800,Open-Meteo Historical Weather API,"Casalecchio di Reno, Bologna, Italy",44.4756,11.2759
2021-05-06T20:00:00+00:00,15.800,8.100,Open-Meteo Historical Weather API,"Casalecchio di Reno, Bologna, Italy",44.4756,11.2759
2021-05-06T21:00:00+00:00,15.900,8.400,Open-Meteo Historical Weather API,"Casalecchio di Reno, Bologna, Italy",44.4756,11.2759
2021-05-06T22:00:00+00:00,15.900,8.600,Open-Meteo Historical Weather API,"Casalecchio di Reno, Bologna, Italy",44.4756,11.2759
2021-05-06T23:00:00+00:00,15.700,9.200,Open-Meteo Historical Weather API,"Casalecchio di Reno, Bologna, Italy",44.4756,11.2759
2021-05-07T00:00:00+00:00,15.400,9.600,Open-Meteo Historical Weather API,"Casalecchio di Reno, Bologna, Italy",44.4756,11.2759
2021-05-07T01:00:00+00:00,15.800,9.600,Open-Meteo Historical Weather API,"Casalecchio di Reno, Bologna, Italy",44.4756,11.2759
2021-05-07T02:00:00+00:00,15.600,9.600,Open-Meteo Historical Weather API,"Casalecchio di Reno, Bologna, Italy",44.4756,11.2759
2021-05-07T03:00:00+00:00,15.400,9.900,Open-Meteo Historical Weather API,"Casalecchio di Reno, Bologna, Italy",44.4756,11.2759
2021-05-07T04:00:00+00:00,16.000,9.800,Open-Meteo Historical Weather API,"Casalecchio di Reno, Bologna, Italy",44.4756,11.2759
2021-05-07T05:00:00+00:00,16.200,10.100,Open-Meteo Historical Weather API,"Casalecchio di Reno, Bologna, Italy",44.4756,11.2759
2021-05-07T06:00:00+00:00,16.500,10.400,Open-Meteo Historical Weather API,"Casalecchio di Reno, Bologna, Italy",44.4756,11.2759
2021-05-07T07:00:00+00:00,17.400,10.800,Open-Meteo Historical Weather API,"Casalecchio di Reno, Bologna, Italy",44.4756,11.2759
2021-05-07T08:00:00+00:00,18.500,11.400,Open-Meteo Historical Weather API,"Casalecchio di Reno, Bologna, Italy",44.4756,11.2759
2021-05-07T09:00:00+00:00,19.700,11.600,Open-Meteo Historical Weather API,"Casalecchio di Reno, Bologna, Italy",44.4756,11.2759
2021-05-07T10:00:00+00:00,21.400,11.400,Open-Meteo Historical Weather API,"Casalecchio di Reno, Bologna, Italy",44.4756,11.2759
2021-05-07T11:00:00+00:00,22.800,10.800,Open-Meteo Historical Weather API,"Casalecchio di Reno, Bologna, Italy",44.4756,11.2759
2021-05-07T12:00:00+00:00,24.200,9.800,Open-Meteo Historical Weather API,"Casalecchio di Reno, Bologna, Italy",44.4756,11.2759
2021-05-07T13:00:00+00:00,24.400,9.600,Open-Meteo Historical Weather API,"Casalecchio di Reno, Bologna, Italy",44.4756,11.2759
2021-05-07T14:00:00+00:00,24.100,8.800,Open-Meteo Historical Weather API,"Casalecchio di Reno, Bologna, Italy",44.4756,11.2759
2021-05-07T15:00:00+00:00,23.300,8.900,Open-Meteo Historical Weather API,"Casalecchio di Reno, Bologna, Italy",44.4756,11.2759
2021-05-07T16:00:00+00:00,22.500,9.100,Open-Meteo Historical Weather API,"Casalecchio di Reno, Bologna, Italy",44.4756,11.2759
2021-05-07T17:00:00+00:00,21.500,9.900,Open-Meteo Historical Weather API,"Casalecchio di Reno, Bologna, Italy",44.4756,11.2759
2021-05-07T18:00:00+00:00,19.700,10.400,Open-Meteo Historical Weather API,"Casalecchio di Reno, Bologna, Italy",44.4756,11.2759
2021-05-07T19:00:00+00:00,17.600,10.600,Open-Meteo Historical Weather API,"Casalecchio di Reno, Bologna, Italy",44.4756,11.2759
2021-05-07T20:00:00+00:00,16.200,10.700,Open-Meteo Historical Weather API,"Casalecchio di Reno, Bologna, Italy",44.4756,11.2759
2021-05-07T21:00:00+00:00,15.100,10.900,Open-Meteo Historical Weather API,"Casalecchio di Reno, Bologna, Italy",44.4756,11.2759
2021-05-07T22:00:00+00:00,12.700,11.000,Open-Meteo Historical Weather API,"Casalecchio di Reno, Bologna, Italy",44.4756,11.2759
2021-05-07T23:00:00+00:00,12.100,11.100,Open-Meteo Historical Weather API,"Casalecchio di Reno, Bologna, Italy",44.4756,11.2759
2021-05-08T00:00:00+00:00,14.400,11.100,Open-Meteo Historical Weather API,"Casalecchio di Reno, Bologna, Italy",44.4756,11.2759
2021-05-08T01:00:00+00:00,13.100,11.100,Open-Meteo Historical Weather API,"Casalecchio di Reno, Bologna, Italy",44.4756,11.2759
2021-05-08T02:00:00+00:00,13.600,11.900,Open-Meteo Historical Weather API,"Casalecchio di Reno, Bologna, Italy",44.4756,11.2759
2021-05-08T03:00:00+00:00,13.400,10.700,Open-Meteo Historical Weather API,"Casalecchio di Reno, Bologna, Italy",44.4756,11.2759
2021-05-08T04:00:00+00:00,13.100,10.800,Open-Meteo Historical Weather API,"Casalecchio di Reno, Bologna, Italy",44.4756,11.2759
2021-05-08T05:00:00+00:00,13.100,10.600,Open-Meteo Historical Weather API,"Casalecchio di Reno, Bologna, Italy",44.4756,11.2759
2021-05-08T06:00:00+00:00,13.800,10.500,Open-Meteo Historical Weather API,"Casalecchio di Reno, Bologna, Italy",44.4756,11.2759
2021-05-08T07:00:00+00:00,14.200,9.600,Open-Meteo Historical Weather API,"Casalecchio di Reno, Bologna, Italy",44.4756,11.2759
2021-05-08T08:00:00+00:00,14.800,9.100,Open-Meteo Historical Weather API,"Casalecchio di Reno, Bologna, Italy",44.4756,11.2759
2021-05-08T09:00:00+00:00,15.800,9.400,Open-Meteo Historical Weather API,"Casalecchio di Reno, Bologna, Italy",44.4756,11.2759
2021-05-08T10:00:00+00:00,16.800,9.400,Open-Meteo Historical Weather API,"Casalecchio di Reno, Bologna, Italy",44.4756,11.2759
2021-05-08T11:00:00+00:00,17.800,9.400,Open-Meteo Historical Weather API,"Casalecchio di Reno, Bologna, Italy",44.4756,11.2759
2021-05-08T12:00:00+00:00,16.300,9.100,Open-Meteo Historical Weather API,"Casalecchio di Reno, Bologna, Italy",44.4756,11.2759
2021-05-08T13:00:00+00:00,18.400,10.000,Open-Meteo Historical Weather API,"Casalecchio di Reno, Bologna, Italy",44.4756,11.2759
2021-05-08T14:00:00+00:00,19.900,10.400,Open-Meteo Historical Weather API,"Casalecchio di Reno, Bologna, Italy",44.4756,11.2759
2021-05-08T15:00:00+00:00,19.800,10.000,Open-Meteo Historical Weather API,"Casalecchio di Reno, Bologna, Italy",44.4756,11.2759
2021-05-08T16:00:00+00:00,19.300,9.600,Open-Meteo Historical Weather API,"Casalecchio di Reno, Bologna, Italy",44.4756,11.2759
2021-05-08T17:00:00+00:00,18.400,9.100,Open-Meteo Historical Weather API,"Casalecchio di Reno, Bologna, Italy",44.4756,11.2759
2021-05-08T18:00:00+00:00,16.500,8.800,Open-Meteo Historical Weather API,"Casalecchio di Reno, Bologna, Italy",44.4756,11.2759
2021-05-08T19:00:00+00:00,14.900,7.800,Open-Meteo Historical Weather API,"Casalecchio di Reno, Bologna, Italy",44.4756,11.2759
2021-05-08T20:00:00+00:00,14.600,6.900,Open-Meteo Historical Weather API,"Casalecchio di Reno, Bologna, Italy",44.4756,11.2759
2021-05-08T21:00:00+00:00,14.400,7.400,Open-Meteo Historical Weather API,"Casalecchio di Reno, Bologna, Italy",44.4756,11.2759
2021-05-08T22:00:00+00:00,13.600,8.200,Open-Meteo Historical Weather API,"Casalecchio di Reno, Bologna, Italy",44.4756,11.2759
2021-05-08T23:00:00+00:00,12.800,8.700,Open-Meteo Historical Weather API,"Casalecchio di Reno, Bologna, Italy",44.4756,11.2759
2021-05-09T00:00:00+00:00,11.100,9.400,Open-Meteo Historical Weather API,"Casalecchio di Reno, Bologna, Italy",44.4756,11.2759
2021-05-09T01:00:00+00:00,10.600,9.400,Open-Meteo Historical Weather API,"Casalecchio di Reno, Bologna, Italy",44.4756,11.2759
2021-05-09T02:00:00+00:00,10.200,9.200,Open-Meteo Historical Weather API,"Casalecchio di Reno, Bologna, Italy",44.4756,11.2759
2021-05-09T03:00:00+00:00,9.900,8.900,Open-Meteo Historical Weather API,"Casalecchio di Reno, Bologna, Italy",44.4756,11.2759
2021-05-09T04:00:00+00:00,9.600,8.500,Open-Meteo Historical Weather API,"Casalecchio di Reno, Bologna, Italy",44.4756,11.2759
2021-05-09T05:00:00+00:00,11.400,8.600,Open-Meteo Historical Weather API,"Casalecchio di Reno, Bologna, Italy",44.4756,11.2759
2021-05-09T06:00:00+00:00,14.300,8.500,Open-Meteo Historical Weather API,"Casalecchio di Reno, Bologna, Italy",44.4756,11.2759
2021-05-09T07:00:00+00:00,16.400,7.000,Open-Meteo Historical Weather API,"Casalecchio di Reno, Bologna, Italy",44.4756,11.2759
2021-05-09T08:00:00+00:00,18.200,6.400,Open-Meteo Historical Weather API,"Casalecchio di Reno, Bologna, Italy",44.4756,11.2759
2021-05-09T09:00:00+00:00,19.900,6.600,Open-Meteo Historical Weather API,"Casalecchio di Reno, Bologna, Italy",44.4756,11.2759
2021-05-09T10:00:00+00:00,21.400,7.200,Open-Meteo Historical Weather API,"Casalecchio di Reno, Bologna, Italy",44.4756,11.2759
2021-05-09T11:00:00+00:00,22.400,8.200,Open-Meteo Historical Weather API,"Casalecchio di Reno, Bologna, Italy",44.4756,11.2759
2021-05-09T12:00:00+00:00,22.100,9.400,Open-Meteo Historical Weather API,"Casalecchio di Reno, Bologna, Italy",44.4756,11.2759
2021-05-09T13:00:00+00:00,22.800,9.600,Open-Meteo Historical Weather API,"Casalecchio di Reno, Bologna, Italy",44.4756,11.2759
2021-05-09T14:00:00+00:00,22.600,9.400,Open-Meteo Historical Weather API,"Casalecchio di Reno, Bologna, Italy",44.4756,11.2759
2021-05-09T15:00:00+00:00,22.300,9.200,Open-Meteo Historical Weather API,"Casalecchio di Reno, Bologna, Italy",44.4756,11.2759
2021-05-09T16:00:00+00:00,21.300,8.900,Open-Meteo Historical Weather API,"Casalecchio di Reno, Bologna, Italy",44.4756,11.2759
2021-05-09T17:00:00+00:00,19.900,8.200,Open-Meteo Historical Weather API,"Casalecchio di Reno, Bologna, Italy",44.4756,11.2759
2021-05-09T18:00:00+00:00,18.100,7.900,Open-Meteo Historical Weather API,"Casalecchio di Reno, Bologna, Italy",44.4756,11.2759
2021-05-09T19:00:00+00:00,16.200,7.500,Open-Meteo Historical Weather API,"Casalecchio di Reno, Bologna, Italy",44.4756,11.2759
2021-05-09T20:00:00+00:00,14.900,7.600,Open-Meteo Historical Weather API,"Casalecchio di Reno, Bologna, Italy",44.4756,11.2759
2021-05-09T21:00:00+00:00,13.200,8.800,Open-Meteo Historical Weather API,"Casalecchio di Reno, Bologna, Italy",44.4756,11.2759
2021-05-09T22:00:00+00:00,12.900,9.500,Open-Meteo Historical Weather API,"Casalecchio di Reno, Bologna, Italy",44.4756,11.2759
2021-05-09T23:00:00+00:00,12.400,10.700,Open-Meteo Historical Weather API,"Casalecchio di Reno, Bologna, Italy",44.4756,11.2759
2021-05-10T00:00:00+00:00,11.800,10.900,Open-Meteo Historical Weather API,"Casalecchio di Reno, Bologna, Italy",44.4756,11.2759
2021-05-10T01:00:00+00:00,11.800,10.900,Open-Meteo Historical Weather API,"Casalecchio di Reno, Bologna, Italy",44.4756,11.2759
2021-05-10T02:00:00+00:00,12.300,11.100,Open-Meteo Historical Weather API,"Casalecchio di Reno, Bologna, Italy",44.4756,11.2759
2021-05-10T03:00:00+00:00,12.400,11.200,Open-Meteo Historical Weather API,"Casalecchio di Reno, Bologna, Italy",44.4756,11.2759
2021-05-10T04:00:00+00:00,12.500,11.200,Open-Meteo Historical Weather API,"Casalecchio di Reno, Bologna, Italy",44.4756,11.2759
2021-05-10T05:00:00+00:00,14.400,11.600,Open-Meteo Historical Weather API,"Casalecchio di Reno, Bologna, Italy",44.4756,11.2759
2021-05-10T06:00:00+00:00,17.600,12.100,Open-Meteo Historical Weather API,"Casalecchio di Reno, Bologna, Italy",44.4756,11.2759
2021-05-10T07:00:00+00:00,20.500,11.600,Open-Meteo Historical Weather API,"Casalecchio di Reno, Bologna, Italy",44.4756,11.2759
2021-05-10T08:00:00+00:00,22.000,11.200,Open-Meteo Historical Weather API,"Casalecchio di Reno, Bologna, Italy",44.4756,11.2759
2021-05-10T09:00:00+00:00,23.500,10.800,Open-Meteo Historical Weather API,"Casalecchio di Reno, Bologna, Italy",44.4756,11.2759
2021-05-10T10:00:00+00:00,24.800,10.400,Open-Meteo Historical Weather API,"Casalecchio di Reno, Bologna, Italy",44.4756,11.2759
2021-05-10T11:00:00+00:00,26.100,9.400,Open-Meteo Historical Weather API,"Casalecchio di Reno, Bologna, Italy",44.4756,11.2759
2021-05-10T12:00:00+00:00,26.700,10.200,Open-Meteo Historical Weather API,"Casalecchio di Reno, Bologna, Italy",44.4756,11.2759
2021-05-10T13:00:00+00:00,27.100,9.400,Open-Meteo Historical Weather API,"Casalecchio di Reno, Bologna, Italy",44.4756,11.2759
2021-05-10T14:00:00+00:00,26.900,8.900,Open-Meteo Historical Weather API,"Casalecchio di Reno, Bologna, Italy",44.4756,11.2759
2021-05-10T15:00:00+00:00,26.500,9.900,Open-Meteo Historical Weather API,"Casalecchio di Reno, Bologna, Italy",44.4756,11.2759
2021-05-10T16:00:00+00:00,25.600,11.100,Open-Meteo Historical Weather API,"Casalecchio di Reno, Bologna, Italy",44.4756,11.2759
2021-05-10T17:00:00+00:00,23.800,13.200,Open-Meteo Historical Weather API,"Casalecchio di Reno, Bologna, Italy",44.4756,11.2759
2021-05-10T18:00:00+00:00,21.200,13.100,Open-Meteo Historical Weather API,"Casalecchio di Reno, Bologna, Italy",44.4756,11.2759
2021-05-10T19:00:00+00:00,19.300,12.700,Open-Meteo Historical Weather API,"Casalecchio di Reno, Bologna, Italy",44.4756,11.2759
2021-05-10T20:00:00+00:00,18.500,12.800,Open-Meteo Historical Weather API,"Casalecchio di Reno, Bologna, Italy",44.4756,11.2759
2021-05-10T21:00:00+00:00,18.000,12.800,Open-Meteo Historical Weather API,"Casalecchio di Reno, Bologna, Italy",44.4756,11.2759
2021-05-10T22:00:00+00:00,17.300,12.600,Open-Meteo Historical Weather API,"Casalecchio di Reno, Bologna, Italy",44.4756,11.2759
2021-05-10T23:00:00+00:00,16.400,12.900,Open-Meteo Historical Weather API,"Casalecchio di Reno, Bologna, Italy",44.4756,11.2759
2021-05-11T00:00:00+00:00,17.900,9.900,Open-Meteo Historical Weather API,"Casalecchio di Reno, Bologna, Italy",44.4756,11.2759
2021-05-11T01:00:00+00:00,15.900,10.900,Open-Meteo Historical Weather API,"Casalecchio di Reno, Bologna, Italy",44.4756,11.2759
2021-05-11T02:00:00+00:00,14.200,10.300,Open-Meteo Historical Weather API,"Casalecchio di Reno, Bologna, Italy",44.4756,11.2759
2021-05-11T03:00:00+00:00,14.600,10.900,Open-Meteo Historical Weather API,"Casalecchio di Reno, Bologna, Italy",44.4756,11.2759
2021-05-11T04:00:00+00:00,14.700,11.200,Open-Meteo Historical Weather API,"Casalecchio di Reno, Bologna, Italy",44.4756,11.2759
2021-05-11T05:00:00+00:00,15.400,11.900,Open-Meteo Historical Weather API,"Casalecchio di Reno, Bologna, Italy",44.4756,11.2759
2021-05-11T06:00:00+00:00,16.400,10.500,Open-Meteo Historical Weather API,"Casalecchio di Reno, Bologna, Italy",44.4756,11.2759
2021-05-11T07:00:00+00:00,14.900,12.800,Open-Meteo Historical Weather API,"Casalecchio di Reno, Bologna, Italy",44.4756,11.2759
2021-05-11T08:00:00+00:00,15.100,12.900,Open-Meteo Historical Weather API,"Casalecchio di Reno, Bologna, Italy",44.4756,11.2759
2021-05-11T09:00:00+00:00,16.200,13.400,Open-Meteo Historical Weather API,"Casalecchio di Reno, Bologna, Italy",44.4756,11.2759
2021-05-11T10:00:00+00:00,17.400,13.200,Open-Meteo Historical Weather API,"Casalecchio di Reno, Bologna, Italy",44.4756,11.2759
2021-05-11T11:00:00+00:00,19.400,12.300,Open-Meteo Historical Weather API,"Casalecchio di Reno, Bologna, Italy",44.4756,11.2759
2021-05-11T12:00:00+00:00,16.400,13.900,Open-Meteo Historical Weather API,"Casalecchio di Reno, Bologna, Italy",44.4756,11.2759
2021-05-11T13:00:00+00:00,16.800,14.900,Open-Meteo Historical Weather API,"Casalecchio di Reno, Bologna, Italy",44.4756,11.2759
2021-05-11T14:00:00+00:00,17.100,15.200,Open-Meteo Historical Weather API,"Casalecchio di Reno, Bologna, Italy",44.4756,11.2759
2021-05-11T15:00:00+00:00,16.800,14.300,Open-Meteo Historical Weather API,"Casalecchio di Reno, Bologna, Italy",44.4756,11.2759
2021-05-11T16:00:00+00:00,16.000,13.100,Open-Meteo Historical Weather API,"Casalecchio di Reno, Bologna, Italy",44.4756,11.2759
2021-05-11T17:00:00+00:00,16.000,11.600,Open-Meteo Historical Weather API,"Casalecchio di Reno, Bologna, Italy",44.4756,11.2759
2021-05-11T18:00:00+00:00,15.300,10.800,Open-Meteo Historical Weather API,"Casalecchio di Reno, Bologna, Italy",44.4756,11.2759
2021-05-11T19:00:00+00:00,14.800,10.500,Open-Meteo Historical Weather API,"Casalecchio di Reno, Bologna, Italy",44.4756,11.2759
2021-05-11T20:00:00+00:00,14.200,10.600,Open-Meteo Historical Weather API,"Casalecchio di Reno, Bologna, Italy",44.4756,11.2759
2021-05-11T21:00:00+00:00,13.200,10.500,Open-Meteo Historical Weather API,"Casalecchio di Reno, Bologna, Italy",44.4756,11.2759
2021-05-11T22:00:00+00:00,12.800,10.100,Open-Meteo Historical Weather API,"Casalecchio di Reno, Bologna, Italy",44.4756,11.2759
2021-05-11T23:00:00+00:00,12.500,9.900,Open-Meteo Historical Weather API,"Casalecchio di Reno, Bologna, Italy",44.4756,11.2759
2021-05-12T00:00:00+00:00,14.000,10.900,Open-Meteo Historical Weather API,"Casalecchio di Reno, Bologna, Italy",44.4756,11.2759
2021-05-12T01:00:00+00:00,14.100,10.700,Open-Meteo Historical Weather API,"Casalecchio di Reno, Bologna, Italy",44.4756,11.2759
2021-05-12T02:00:00+00:00,13.600,10.600,Open-Meteo Historical Weather API,"Casalecchio di Reno, Bologna, Italy",44.4756,11.2759
2021-05-12T03:00:00+00:00,12.100,10.600,Open-Meteo Historical Weather API,"Casalecchio di Reno, Bologna, Italy",44.4756,11.2759
2021-05-12T04:00:00+00:00,11.800,10.400,Open-Meteo Historical Weather API,"Casalecchio di Reno, Bologna, Italy",44.4756,11.2759
2021-05-12T05:00:00+00:00,13.100,10.900,Open-Meteo Historical Weather API,"Casalecchio di Reno, Bologna, Italy",44.4756,11.2759
2021-05-12T06:00:00+00:00,14.500,11.300,Open-Meteo Historical Weather API,"Casalecchio di Reno, Bologna, Italy",44.4756,11.2759
2021-05-12T07:00:00+00:00,15.200,11.600,Open-Meteo Historical Weather API,"Casalecchio di Reno, Bologna, Italy",44.4756,11.2759
2021-05-12T08:00:00+00:00,16.400,11.300,Open-Meteo Historical Weather API,"Casalecchio di Reno, Bologna, Italy",44.4756,11.2759
2021-05-12T09:00:00+00:00,18.100,9.600,Open-Meteo Historical Weather API,"Casalecchio di Reno, Bologna, Italy",44.4756,11.2759
2021-05-12T10:00:00+00:00,18.900,8.600,Open-Meteo Historical Weather API,"Casalecchio di Reno, Bologna, Italy",44.4756,11.2759
2021-05-12T11:00:00+00:00,19.100,8.800,Open-Meteo Historical Weather API,"Casalecchio di Reno, Bologna, Italy",44.4756,11.2759
2021-05-12T12:00:00+00:00,18.800,12.400,Open-Meteo Historical Weather API,"Casalecchio di Reno, Bologna, Italy",44.4756,11.2759
2021-05-12T13:00:00+00:00,19.000,11.500,Open-Meteo Historical Weather API,"Casalecchio di Reno, Bologna, Italy",44.4756,11.2759
2021-05-12T14:00:00+00:00,17.700,13.100,Open-Meteo Historical Weather API,"Casalecchio di Reno, Bologna, Italy",44.4756,11.2759
2021-05-12T15:00:00+00:00,18.700,11.800,Open-Meteo Historical Weather API,"Casalecchio di Reno, Bologna, Italy",44.4756,11.2759
2021-05-12T16:00:00+00:00,19.100,9.400,Open-Meteo Historical Weather API,"Casalecchio di Reno, Bologna, Italy",44.4756,11.2759
2021-05-12T17:00:00+00:00,17.900,10.100,Open-Meteo Historical Weather API,"Casalecchio di Reno, Bologna, Italy",44.4756,11.2759
2021-05-12T18:00:00+00:00,16.500,9.100,Open-Meteo Historical Weather API,"Casalecchio di Reno, Bologna, Italy",44.4756,11.2759
2021-05-12T19:00:00+00:00,15.000,8.600,Open-Meteo Historical Weather API,"Casalecchio di Reno, Bologna, Italy",44.4756,11.2759
2021-05-12T20:00:00+00:00,14.000,7.300,Open-Meteo Historical Weather API,"Casalecchio di Reno, Bologna, Italy",44.4756,11.2759
2021-05-12T21:00:00+00:00,13.100,6.900,Open-Meteo Historical Weather API,"Casalecchio di Reno, Bologna, Italy",44.4756,11.2759
2021-05-12T22:00:00+00:00,12.600,6.900,Open-Meteo Historical Weather API,"Casalecchio di Reno, Bologna, Italy",44.4756,11.2759
2021-05-12T23:00:00+00:00,12.100,6.800,Open-Meteo Historical Weather API,"Casalecchio di Reno, Bologna, Italy",44.4756,11.2759
2021-05-13T00:00:00+00:00,12.100,6.400,Open-Meteo Historical Weather API,"Casalecchio di Reno, Bologna, Italy",44.4756,11.2759
2021-05-13T01:00:00+00:00,11.400,6.200,Open-Meteo Historical Weather API,"Casalecchio di Reno, Bologna, Italy",44.4756,11.2759
2021-05-13T02:00:00+00:00,11.700,6.000,Open-Meteo Historical Weather API,"Casalecchio di Reno, Bologna, Italy",44.4756,11.2759
2021-05-13T03:00:00+00:00,11.400,5.800,Open-Meteo Historical Weather API,"Casalecchio di Reno, Bologna, Italy",44.4756,11.2759
2021-05-13T04:00:00+00:00,11.300,5.900,Open-Meteo Historical Weather API,"Casalecchio di Reno, Bologna, Italy",44.4756,11.2759
2021-05-13T05:00:00+00:00,13.400,6.900,Open-Meteo Historical Weather API,"Casalecchio di Reno, Bologna, Italy",44.4756,11.2759
2021-05-13T06:00:00+00:00,15.600,7.600,Open-Meteo Historical Weather API,"Casalecchio di Reno, Bologna, Italy",44.4756,11.2759
2021-05-13T07:00:00+00:00,17.500,7.400,Open-Meteo Historical Weather API,"Casalecchio di Reno, Bologna, Italy",44.4756,11.2759
2021-05-13T08:00:00+00:00,18.600,6.700,Open-Meteo Historical Weather API,"Casalecchio di Reno, Bologna, Italy",44.4756,11.2759
2021-05-13T09:00:00+00:00,19.500,6.200,Open-Meteo Historical Weather API,"Casalecchio di Reno, Bologna, Italy",44.4756,11.2759
2021-05-13T10:00:00+00:00,20.000,6.400,Open-Meteo Historical Weather API,"Casalecchio di Reno, Bologna, Italy",44.4756,11.2759
2021-05-13T11:00:00+00:00,21.000,7.000,Open-Meteo Historical Weather API,"Casalecchio di Reno, Bologna, Italy",44.4756,11.2759
2021-05-13T12:00:00+00:00,17.800,9.600,Open-Meteo Historical Weather API,"Casalecchio di Reno, Bologna, Italy",44.4756,11.2759
2021-05-13T13:00:00+00:00,19.900,8.600,Open-Meteo Historical Weather API,"Casalecchio di Reno, Bologna, Italy",44.4756,11.2759
2021-05-13T14:00:00+00:00,20.000,8.900,Open-Meteo Historical Weather API,"Casalecchio di Reno, Bologna, Italy",44.4756,11.2759
2021-05-13T15:00:00+00:00,20.600,9.100,Open-Meteo Historical Weather API,"Casalecchio di Reno, Bologna, Italy",44.4756,11.2759
2021-05-13T16:00:00+00:00,18.500,9.800,Open-Meteo Historical Weather API,"Casalecchio di Reno, Bologna, Italy",44.4756,11.2759
2021-05-13T17:00:00+00:00,18.000,8.700,Open-Meteo Historical Weather API,"Casalecchio di Reno, Bologna, Italy",44.4756,11.2759
2021-05-13T18:00:00+00:00,16.500,8.100,Open-Meteo Historical Weather API,"Casalecchio di Reno, Bologna, Italy",44.4756,11.2759
2021-05-13T19:00:00+00:00,14.600,7.900,Open-Meteo Historical Weather API,"Casalecchio di Reno, Bologna, Italy",44.4756,11.2759
2021-05-13T20:00:00+00:00,13.400,7.700,Open-Meteo Historical Weather API,"Casalecchio di Reno, Bologna, Italy",44.4756,11.2759
2021-05-13T21:00:00+00:00,12.800,7.800,Open-Meteo Historical Weather API,"Casalecchio di Reno, Bologna, Italy",44.4756,11.2759
2021-05-13T22:00:00+00:00,12.600,7.900,Open-Meteo Historical Weather API,"Casalecchio di Reno, Bologna, Italy",44.4756,11.2759
2021-05-13T23:00:00+00:00,12.800,8.200,Open-Meteo Historical Weather API,"Casalecchio di Reno, Bologna, Italy",44.4756,11.2759
2021-05-14T00:00:00+00:00,13.100,8.900,Open-Meteo Historical Weather API,"Casalecchio di Reno, Bologna, Italy",44.4756,11.2759
2021-05-14T01:00:00+00:00,13.100,8.500,Open-Meteo Historical Weather API,"Casalecchio di Reno, Bologna, Italy",44.4756,11.2759
2021-05-14T02:00:00+00:00,12.600,8.600,Open-Meteo Historical Weather API,"Casalecchio di Reno, Bologna, Italy",44.4756,11.2759
2021-05-14T03:00:00+00:00,12.300,9.100,Open-Meteo Historical Weather API,"Casalecchio di Reno, Bologna, Italy",44.4756,11.2759
2021-05-14T04:00:00+00:00,12.500,9.400,Open-Meteo Historical Weather API,"Casalecchio di Reno, Bologna, Italy",44.4756,11.2759
2021-05-14T05:00:00+00:00,13.900,9.800,Open-Meteo Historical Weather API,"Casalecchio di Reno, Bologna, Italy",44.4756,11.2759
2021-05-14T06:00:00+00:00,15.900,10.200,Open-Meteo Historical Weather API,"Casalecchio di Reno, Bologna, Italy",44.4756,11.2759
2021-05-14T07:00:00+00:00,17.700,9.900,Open-Meteo Historical Weather API,"Casalecchio di Reno, Bologna, Italy",44.4756,11.2759
2021-05-14T08:00:00+00:00,18.900,9.400,Open-Meteo Historical Weather API,"Casalecchio di Reno, Bologna, Italy",44.4756,11.2759
2021-05-14T09:00:00+00:00,19.000,9.200,Open-Meteo Historical Weather API,"Casalecchio di Reno, Bologna, Italy",44.4756,11.2759
2021-05-14T10:00:00+00:00,20.400,9.400,Open-Meteo Historical Weather API,"Casalecchio di Reno, Bologna, Italy",44.4756,11.2759
2021-05-14T11:00:00+00:00,19.800,9.600,Open-Meteo Historical Weather API,"Casalecchio di Reno, Bologna, Italy",44.4756,11.2759
2021-05-14T12:00:00+00:00,18.500,8.900,Open-Meteo Historical Weather API,"Casalecchio di Reno, Bologna, Italy",44.4756,11.2759
2021-05-14T13:00:00+00:00,18.000,8.900,Open-Meteo Historical Weather API,"Casalecchio di Reno, Bologna, Italy",44.4756,11.2759
2021-05-14T14:00:00+00:00,17.800,8.400,Open-Meteo Historical Weather API,"Casalecchio di Reno, Bologna, Italy",44.4756,11.2759
2021-05-14T15:00:00+00:00,18.100,7.900,Open-Meteo Historical Weather API,"Casalecchio di Reno, Bologna, Italy",44.4756,11.2759
2021-05-14T16:00:00+00:00,17.600,7.700,Open-Meteo Historical Weather API,"Casalecchio di Reno, Bologna, Italy",44.4756,11.2759
2021-05-14T17:00:00+00:00,15.800,8.700,Open-Meteo Historical Weather API,"Casalecchio di Reno, Bologna, Italy",44.4756,11.2759
2021-05-14T18:00:00+00:00,14.400,10.900,Open-Meteo Historical Weather API,"Casalecchio di Reno, Bologna, Italy",44.4756,11.2759
2021-05-14T19:00:00+00:00,14.000,12.000,Open-Meteo Historical Weather API,"Casalecchio di Reno, Bologna, Italy",44.4756,11.2759
2021-05-14T20:00:00+00:00,13.600,12.100,Open-Meteo Historical Weather API,"Casalecchio di Reno, Bologna, Italy",44.4756,11.2759
2021-05-14T21:00:00+00:00,13.200,11.900,Open-Meteo Historical Weather API,"Casalecchio di Reno, Bologna, Italy",44.4756,11.2759
2021-05-14T22:00:00+00:00,12.900,11.900,Open-Meteo Historical Weather API,"Casalecchio di Reno, Bologna, Italy",44.4756,11.2759
2021-05-14T23:00:00+00:00,12.900,11.900,Open-Meteo Historical Weather API,"Casalecchio di Reno, Bologna, Italy",44.4756,11.2759
2021-05-15T00:00:00+00:00,11.400,10.400,Open-Meteo Historical Weather API,"Casalecchio di Reno, Bologna, Italy",44.4756,11.2759
2021-05-15T01:00:00+00:00,10.700,9.500,Open-Meteo Historical Weather API,"Casalecchio di Reno, Bologna, Italy",44.4756,11.2759
2021-05-15T02:00:00+00:00,10.200,9.000,Open-Meteo Historical Weather API,"Casalecchio di Reno, Bologna, Italy",44.4756,11.2759
2021-05-15T03:00:00+00:00,10.800,9.100,Open-Meteo Historical Weather API,"Casalecchio di Reno, Bologna, Italy",44.4756,11.2759
2021-05-15T04:00:00+00:00,11.000,9.400,Open-Meteo Historical Weather API,"Casalecchio di Reno, Bologna, Italy",44.4756,11.2759
2021-05-15T05:00:00+00:00,11.200,9.200,Open-Meteo Historical Weather API,"Casalecchio di Reno, Bologna, Italy",44.4756,11.2759
2021-05-15T06:00:00+00:00,12.600,9.400,Open-Meteo Historical Weather API,"Casalecchio di Reno, Bologna, Italy",44.4756,11.2759
2021-05-15T07:00:00+00:00,14.200,10.200,Open-Meteo Historical Weather API,"Casalecchio di Reno, Bologna, Italy",44.4756,11.2759
2021-05-15T08:00:00+00:00,15.600,9.700,Open-Meteo Historical Weather API,"Casalecchio di Reno, Bologna, Italy",44.4756,11.2759
2021-05-15T09:00:00+00:00,17.700,8.500,Open-Meteo Historical Weather API,"Casalecchio di Reno, Bologna, Italy",44.4756,11.2759
2021-05-15T10:00:00+00:00,19.000,7.600,Open-Meteo Historical Weather API,"Casalecchio di Reno, Bologna, Italy",44.4756,11.2759
2021-05-15T11:00:00+00:00,19.700,7.700,Open-Meteo Historical Weather API,"Casalecchio di Reno, Bologna, Italy",44.4756,11.2759
2021-05-15T12:00:00+00:00,19.800,7.300,Open-Meteo Historical Weather API,"Casalecchio di Reno, Bologna, Italy",44.4756,11.2759
2021-05-15T13:00:00+00:00,20.600,6.800,Open-Meteo Historical Weather API,"Casalecchio di Reno, Bologna, Italy",44.4756,11.2759
2021-05-15T14:00:00+00:00,20.600,5.800,Open-Meteo Historical Weather API,"Casalecchio di Reno, Bologna, Italy",44.4756,11.2759
2021-05-15T15:00:00+00:00,20.200,5.300,Open-Meteo Historical Weather API,"Casalecchio di Reno, Bologna, Italy",44.4756,11.2759
2021-05-15T16:00:00+00:00,18.700,4.700,Open-Meteo Historical Weather API,"Casalecchio di Reno, Bologna, Italy",44.4756,11.2759
2021-05-15T17:00:00+00:00,17.500,6.100,Open-Meteo Historical Weather API,"Casalecchio di Reno, Bologna, Italy",44.4756,11.2759
2021-05-15T18:00:00+00:00,15.900,7.100,Open-Meteo Historical Weather API,"Casalecchio di Reno, Bologna, Italy",44.4756,11.2759
2021-05-15T19:00:00+00:00,14.800,8.400,Open-Meteo Historical Weather API,"Casalecchio di Reno, Bologna, Italy",44.4756,11.2759
2021-05-15T20:00:00+00:00,15.400,9.900,Open-Meteo Historical Weather API,"Casalecchio di Reno, Bologna, Italy",44.4756,11.2759
2021-05-15T21:00:00+00:00,15.200,10.100,Open-Meteo Historical Weather API,"Casalecchio di Reno, Bologna, Italy",44.4756,11.2759
2021-05-15T22:00:00+00:00,15.100,9.900,Open-Meteo Historical Weather API,"Casalecchio di Reno, Bologna, Italy",44.4756,11.2759
2021-05-15T23:00:00+00:00,14.300,9.600,Open-Meteo Historical Weather API,"Casalecchio di Reno, Bologna, Italy",44.4756,11.2759
2021-05-16T00:00:00+00:00,14.400,9.500,Open-Meteo Historical Weather API,"Casalecchio di Reno, Bologna, Italy",44.4756,11.2759
2021-05-16T01:00:00+00:00,14.400,10.000,Open-Meteo Historical Weather API,"Casalecchio di Reno, Bologna, Italy",44.4756,11.2759
2021-05-16T02:00:00+00:00,14.600,9.900,Open-Meteo Historical Weather API,"Casalecchio di Reno, Bologna, Italy",44.4756,11.2759
2021-05-16T03:00:00+00:00,14.200,10.100,Open-Meteo Historical Weather API,"Casalecchio di Reno, Bologna, Italy",44.4756,11.2759
2021-05-16T04:00:00+00:00,13.800,10.600,Open-Meteo Historical Weather API,"Casalecchio di Reno, Bologna, Italy",44.4756,11.2759
2021-05-16T05:00:00+00:00,14.600,11.200,Open-Meteo Historical Weather API,"Casalecchio di Reno, Bologna, Italy",44.4756,11.2759
2021-05-16T06:00:00+00:00,16.200,11.800,Open-Meteo Historical Weather API,"Casalecchio di Reno, Bologna, Italy",44.4756,11.2759
2021-05-16T07:00:00+00:00,17.400,11.900,Open-Meteo Historical Weather API,"Casalecchio di Reno, Bologna, Italy",44.4756,11.2759
2021-05-16T08:00:00+00:00,18.200,11.900,Open-Meteo Historical Weather API,"Casalecchio di Reno, Bologna, Italy",44.4756,11.2759
2021-05-16T09:00:00+00:00,18.900,12.100,Open-Meteo Historical Weather API,"Casalecchio di Reno, Bologna, Italy",44.4756,11.2759
2021-05-16T10:00:00+00:00,19.100,11.600,Open-Meteo Historical Weather API,"Casalecchio di Reno, Bologna, Italy",44.4756,11.2759
2021-05-16T11:00:00+00:00,19.500,11.800,Open-Meteo Historical Weather API,"Casalecchio di Reno, Bologna, Italy",44.4756,11.2759
2021-05-16T12:00:00+00:00,19.400,11.600,Open-Meteo Historical Weather API,"Casalecchio di Reno, Bologna, Italy",44.4756,11.2759
2021-05-16T13:00:00+00:00,19.400,11.600,Open-Meteo Historical Weather API,"Casalecchio di Reno, Bologna, Italy",44.4756,11.2759
2021-05-16T14:00:00+00:00,18.900,11.700,Open-Meteo Historical Weather API,"Casalecchio di Reno, Bologna, Italy",44.4756,11.2759
2021-05-16T15:00:00+00:00,18.500,12.100,Open-Meteo Historical Weather API,"Casalecchio di Reno, Bologna, Italy",44.4756,11.2759
2021-05-16T16:00:00+00:00,18.700,12.100,Open-Meteo Historical Weather API,"Casalecchio di Reno, Bologna, Italy",44.4756,11.2759
2021-05-16T17:00:00+00:00,18.600,11.800,Open-Meteo Historical Weather API,"Casalecchio di Reno, Bologna, Italy",44.4756,11.2759
2021-05-16T18:00:00+00:00,17.500,11.900,Open-Meteo Historical Weather API,"Casalecchio di Reno, Bologna, Italy",44.4756,11.2759
2021-05-16T19:00:00+00:00,17.400,11.900,Open-Meteo Historical Weather API,"Casalecchio di Reno, Bologna, Italy",44.4756,11.2759
2021-05-16T20:00:00+00:00,17.300,11.800,Open-Meteo Historical Weather API,"Casalecchio di Reno, Bologna, Italy",44.4756,11.2759
2021-05-16T21:00:00+00:00,17.000,11.200,Open-Meteo Historical Weather API,"Casalecchio di Reno, Bologna, Italy",44.4756,11.2759
2021-05-16T22:00:00+00:00,16.900,10.700,Open-Meteo Historical Weather API,"Casalecchio di Reno, Bologna, Italy",44.4756,11.2759
2021-05-16T23:00:00+00:00,16.300,10.900,Open-Meteo Historical Weather API,"Casalecchio di Reno, Bologna, Italy",44.4756,11.2759
2021-05-17T00:00:00+00:00,16.600,10.900,Open-Meteo Historical Weather API,"Casalecchio di Reno, Bologna, Italy",44.4756,11.2759
2021-05-17T01:00:00+00:00,15.900,10.600,Open-Meteo Historical Weather API,"Casalecchio di Reno, Bologna, Italy",44.4756,11.2759
2021-05-17T02:00:00+00:00,15.900,10.300,Open-Meteo Historical Weather API,"Casalecchio di Reno, Bologna, Italy",44.4756,11.2759
2021-05-17T03:00:00+00:00,14.800,10.700,Open-Meteo Historical Weather API,"Casalecchio di Reno, Bologna, Italy",44.4756,11.2759
2021-05-17T04:00:00+00:00,13.400,10.900,Open-Meteo Historical Weather API,"Casalecchio di Reno, Bologna, Italy",44.4756,11.2759
2021-05-17T05:00:00+00:00,14.400,11.400,Open-Meteo Historical Weather API,"Casalecchio di Reno, Bologna, Italy",44.4756,11.2759
2021-05-17T06:00:00+00:00,16.900,11.200,Open-Meteo Historical Weather API,"Casalecchio di Reno, Bologna, Italy",44.4756,11.2759
2021-05-17T07:00:00+00:00,18.600,10.400,Open-Meteo Historical Weather API,"Casalecchio di Reno, Bologna, Italy",44.4756,11.2759
2021-05-17T08:00:00+00:00,19.600,10.800,Open-Meteo Historical Weather API,"Casalecchio di Reno, Bologna, Italy",44.4756,11.2759
2021-05-17T09:00:00+00:00,20.400,10.200,Open-Meteo Historical Weather API,"Casalecchio di Reno, Bologna, Italy",44.4756,11.2759
2021-05-17T10:00:00+00:00,21.500,8.700,Open-Meteo Historical Weather API,"Casalecchio di Reno, Bologna, Italy",44.4756,11.2759
2021-05-17T11:00:00+00:00,22.500,4.100,Open-Meteo Historical Weather API,"Casalecchio di Reno, Bologna, Italy",44.4756,11.2759
2021-05-17T12:00:00+00:00,23.400,-2.100,Open-Meteo Historical Weather API,"Casalecchio di Reno, Bologna, Italy",44.4756,11.2759
2021-05-17T13:00:00+00:00,21.100,4.600,Open-Meteo Historical Weather API,"Casalecchio di Reno, Bologna, Italy",44.4756,11.2759
2021-05-17T14:00:00+00:00,21.100,6.700,Open-Meteo Historical Weather API,"Casalecchio di Reno, Bologna, Italy",44.4756,11.2759
2021-05-17T15:00:00+00:00,21.600,4.200,Open-Meteo Historical Weather API,"Casalecchio di Reno, Bologna, Italy",44.4756,11.2759
2021-05-17T16:00:00+00:00,21.600,2.100,Open-Meteo Historical Weather API,"Casalecchio di Reno, Bologna, Italy",44.4756,11.2759
2021-05-17T17:00:00+00:00,20.900,3.400,Open-Meteo Historical Weather API,"Casalecchio di Reno, Bologna, Italy",44.4756,11.2759
2021-05-17T18:00:00+00:00,18.800,5.800,Open-Meteo Historical Weather API,"Casalecchio di Reno, Bologna, Italy",44.4756,11.2759
2021-05-17T19:00:00+00:00,16.500,7.600,Open-Meteo Historical Weather API,"Casalecchio di Reno, Bologna, Italy",44.4756,11.2759
2021-05-17T20:00:00+00:00,15.800,8.600,Open-Meteo Historical Weather API,"Casalecchio di Reno, Bologna, Italy",44.4756,11.2759
2021-05-17T21:00:00+00:00,14.900,8.400,Open-Meteo Historical Weather API,"Casalecchio di Reno, Bologna, Italy",44.4756,11.2759
2021-05-17T22:00:00+00:00,14.200,7.800,Open-Meteo Historical Weather API,"Casalecchio di Reno, Bologna, Italy",44.4756,11.2759
2021-05-17T23:00:00+00:00,13.700,7.300,Open-Meteo Historical Weather API,"Casalecchio di Reno, Bologna, Italy",44.4756,11.2759
2021-05-18T00:00:00+00:00,13.600,7.600,Open-Meteo Historical Weather API,"Casalecchio di Reno, Bologna, Italy",44.4756,11.2759
2021-05-18T01:00:00+00:00,13.500,7.200,Open-Meteo Historical Weather API,"Casalecchio di Reno, Bologna, Italy",44.4756,11.2759
2021-05-18T02:00:00+00:00,13.100,7.400,Open-Meteo Historical Weather API,"Casalecchio di Reno, Bologna, Italy",44.4756,11.2759
2021-05-18T03:00:00+00:00,12.500,7.800,Open-Meteo Historical Weather API,"Casalecchio di Reno, Bologna, Italy",44.4756,11.2759
2021-05-18T04:00:00+00:00,12.600,8.400,Open-Meteo Historical Weather API,"Casalecchio di Reno, Bologna, Italy",44.4756,11.2759
2021-05-18T05:00:00+00:00,14.100,9.400,Open-Meteo Historical Weather API,"Casalecchio di Reno, Bologna, Italy",44.4756,11.2759
2021-05-18T06:00:00+00:00,16.400,10.200,Open-Meteo Historical Weather API,"Casalecchio di Reno, Bologna, Italy",44.4756,11.2759
2021-05-18T07:00:00+00:00,18.500,10.300,Open-Meteo Historical Weather API,"Casalecchio di Reno, Bologna, Italy",44.4756,11.2759
2021-05-18T08:00:00+00:00,20.500,8.800,Open-Meteo Historical Weather API,"Casalecchio di Reno, Bologna, Italy",44.4756,11.2759
2021-05-18T09:00:00+00:00,22.000,7.300,Open-Meteo Historical Weather API,"Casalecchio di Reno, Bologna, Italy",44.4756,11.2759
2021-05-18T10:00:00+00:00,23.000,5.900,Open-Meteo Historical Weather API,"Casalecchio di Reno, Bologna, Italy",44.4756,11.2759
2021-05-18T11:00:00+00:00,22.800,7.200,Open-Meteo Historical Weather API,"Casalecchio di Reno, Bologna, Italy",44.4756,11.2759
2021-05-18T12:00:00+00:00,22.400,6.900,Open-Meteo Historical Weather API,"Casalecchio di Reno, Bologna, Italy",44.4756,11.2759
2021-05-18T13:00:00+00:00,23.000,6.200,Open-Meteo Historical Weather API,"Casalecchio di Reno, Bologna, Italy",44.4756,11.2759
2021-05-18T14:00:00+00:00,22.500,5.100,Open-Meteo Historical Weather API,"Casalecchio di Reno, Bologna, Italy",44.4756,11.2759
2021-05-18T15:00:00+00:00,21.400,4.400,Open-Meteo Historical Weather API,"Casalecchio di Reno, Bologna, Italy",44.4756,11.2759
2021-05-18T16:00:00+00:00,20.000,5.700,Open-Meteo Historical Weather API,"Casalecchio di Reno, Bologna, Italy",44.4756,11.2759
2021-05-18T17:00:00+00:00,18.100,4.800,Open-Meteo Historical Weather API,"Casalecchio di Reno, Bologna, Italy",44.4756,11.2759
2021-05-18T18:00:00+00:00,16.600,6.400,Open-Meteo Historical Weather API,"Casalecchio di Reno, Bologna, Italy",44.4756,11.2759
2021-05-18T19:00:00+00:00,15.900,6.800,Open-Meteo Historical Weather API,"Casalecchio di Reno, Bologna, Italy",44.4756,11.2759
2021-05-18T20:00:00+00:00,15.400,7.500,Open-Meteo Historical Weather API,"Casalecchio di Reno, Bologna, Italy",44.4756,11.2759
2021-05-18T21:00:00+00:00,14.900,8.100,Open-Meteo Historical Weather API,"Casalecchio di Reno, Bologna, Italy",44.4756,11.2759
2021-05-18T22:00:00+00:00,14.500,8.400,Open-Meteo Historical Weather API,"Casalecchio di Reno, Bologna, Italy",44.4756,11.2759
2021-05-18T23:00:00+00:00,14.900,9.100,Open-Meteo Historical Weather API,"Casalecchio di Reno, Bologna, Italy",44.4756,11.2759
2021-05-19T00:00:00+00:00,14.200,12.000,Open-Meteo Historical Weather API,"Casalecchio di Reno, Bologna, Italy",44.4756,11.2759
2021-05-19T01:00:00+00:00,14.100,11.800,Open-Meteo Historical Weather API,"Casalecchio di Reno, Bologna, Italy",44.4756,11.2759
2021-05-19T02:00:00+00:00,13.100,11.300,Open-Meteo Historical Weather API,"Casalecchio di Reno, Bologna, Italy",44.4756,11.2759
2021-05-19T03:00:00+00:00,12.600,11.000,Open-Meteo Historical Weather API,"Casalecchio di Reno, Bologna, Italy",44.4756,11.2759
2021-05-19T04:00:00+00:00,12.400,10.900,Open-Meteo Historical Weather API,"Casalecchio di Reno, Bologna, Italy",44.4756,11.2759
2021-05-19T05:00:00+00:00,12.400,11.000,Open-Meteo Historical Weather API,"Casalecchio di Reno, Bologna, Italy",44.4756,11.2759
2021-05-19T06:00:00+00:00,12.900,10.900,Open-Meteo Historical Weather API,"Casalecchio di Reno, Bologna, Italy",44.4756,11.2759
2021-05-19T07:00:00+00:00,13.800,9.900,Open-Meteo Historical Weather API,"Casalecchio di Reno, Bologna, Italy",44.4756,11.2759
2021-05-19T08:00:00+00:00,15.100,8.900,Open-Meteo Historical Weather API,"Casalecchio di Reno, Bologna, Italy",44.4756,11.2759
2021-05-19T09:00:00+00:00,16.600,7.300,Open-Meteo Historical Weather API,"Casalecchio di Reno, Bologna, Italy",44.4756,11.2759
2021-05-19T10:00:00+00:00,18.100,6.700,Open-Meteo Historical Weather API,"Casalecchio di Reno, Bologna, Italy",44.4756,11.2759
2021-05-19T11:00:00+00:00,19.000,6.200,Open-Meteo Historical Weather API,"Casalecchio di Reno, Bologna, Italy",44.4756,11.2759
2021-05-19T12:00:00+00:00,19.500,6.400,Open-Meteo Historical Weather API,"Casalecchio di Reno, Bologna, Italy",44.4756,11.2759
2021-05-19T13:00:00+00:00,20.500,5.800,Open-Meteo Historical Weather API,"Casalecchio di Reno, Bologna, Italy",44.4756,11.2759
2021-05-19T14:00:00+00:00,20.400,5.200,Open-Meteo Historical Weather API,"Casalecchio di Reno, Bologna, Italy",44.4756,11.2759
2021-05-19T15:00:00+00:00,20.000,5.300,Open-Meteo Historical Weather API,"Casalecchio di Reno, Bologna, Italy",44.4756,11.2759
2021-05-19T16:00:00+00:00,19.900,4.900,Open-Meteo Historical Weather API,"Casalecchio di Reno, Bologna, Italy",44.4756,11.2759
2021-05-19T17:00:00+00:00,16.500,7.900,Open-Meteo Historical Weather API,"Casalecchio di Reno, Bologna, Italy",44.4756,11.2759
2021-05-19T18:00:00+00:00,14.700,10.800,Open-Meteo Historical Weather API,"Casalecchio di Reno, Bologna, Italy",44.4756,11.2759
2021-05-19T19:00:00+00:00,13.400,11.100,Open-Meteo Historical Weather API,"Casalecchio di Reno, Bologna, Italy",44.4756,11.2759
2021-05-19T20:00:00+00:00,13.100,9.100,Open-Meteo Historical Weather API,"Casalecchio di Reno, Bologna, Italy",44.4756,11.2759
2021-05-19T21:00:00+00:00,11.800,8.000,Open-Meteo Historical Weather API,"Casalecchio di Reno, Bologna, Italy",44.4756,11.2759
2021-05-19T22:00:00+00:00,11.600,7.700,Open-Meteo Historical Weather API,"Casalecchio di Reno, Bologna, Italy",44.4756,11.2759
2021-05-19T23:00:00+00:00,10.600,7.400,Open-Meteo Historical Weather API,"Casalecchio di Reno, Bologna, Italy",44.4756,11.2759
2021-05-20T00:00:00+00:00,10.300,6.300,Open-Meteo Historical Weather API,"Casalecchio di Reno, Bologna, Italy",44.4756,11.2759
2021-05-20T01:00:00+00:00,10.500,5.900,Open-Meteo Historical Weather API,"Casalecchio di Reno, Bologna, Italy",44.4756,11.2759
2021-05-20T02:00:00+00:00,9.800,5.400,Open-Meteo Historical Weather API,"Casalecchio di Reno, Bologna, Italy",44.4756,11.2759
2021-05-20T03:00:00+00:00,9.300,4.900,Open-Meteo Historical Weather API,"Casalecchio di Reno, Bologna, Italy",44.4756,11.2759
2021-05-20T04:00:00+00:00,9.400,4.200,Open-Meteo Historical Weather API,"Casalecchio di Reno, Bologna, Italy",44.4756,11.2759
2021-05-20T05:00:00+00:00,11.800,4.300,Open-Meteo Historical Weather API,"Casalecchio di Reno, Bologna, Italy",44.4756,11.2759
2021-05-20T06:00:00+00:00,15.000,4.300,Open-Meteo Historical Weather API,"Casalecchio di Reno, Bologna, Italy",44.4756,11.2759
2021-05-20T07:00:00+00:00,17.000,4.800,Open-Meteo Historical Weather API,"Casalecchio di Reno, Bologna, Italy",44.4756,11.2759
2021-05-20T08:00:00+00:00,18.600,4.900,Open-Meteo Historical Weather API,"Casalecchio di Reno, Bologna, Italy",44.4756,11.2759
2021-05-20T09:00:00+00:00,20.000,4.400,Open-Meteo Historical Weather API,"Casalecchio di Reno, Bologna, Italy",44.4756,11.2759
2021-05-20T10:00:00+00:00,21.000,3.700,Open-Meteo Historical Weather API,"Casalecchio di Reno, Bologna, Italy",44.4756,11.2759
2021-05-20T11:00:00+00:00,21.900,1.900,Open-Meteo Historical Weather API,"Casalecchio di Reno, Bologna, Italy",44.4756,11.2759
2021-05-20T12:00:00+00:00,22.400,1.300,Open-Meteo Historical Weather API,"Casalecchio di Reno, Bologna, Italy",44.4756,11.2759
2021-05-20T13:00:00+00:00,23.000,0.900,Open-Meteo Historical Weather API,"Casalecchio di Reno, Bologna, Italy",44.4756,11.2759
2021-05-20T14:00:00+00:00,23.000,0.200,Open-Meteo Historical Weather API,"Casalecchio di Reno, Bologna, Italy",44.4756,11.2759
2021-05-20T15:00:00+00:00,22.500,-0.300,Open-Meteo Historical Weather API,"Casalecchio di Reno, Bologna, Italy",44.4756,11.2759
2021-05-20T16:00:00+00:00,22.400,-0.900,Open-Meteo Historical Weather API,"Casalecchio di Reno, Bologna, Italy",44.4756,11.2759
2021-05-20T17:00:00+00:00,21.600,-0.700,Open-Meteo Historical Weather API,"Casalecchio di Reno, Bologna, Italy",44.4756,11.2759
2021-05-20T18:00:00+00:00,18.500,5.900,Open-Meteo Historical Weather API,"Casalecchio di Reno, Bologna, Italy",44.4756,11.2759
2021-05-20T19:00:00+00:00,15.800,4.000,Open-Meteo Historical Weather API,"Casalecchio di Reno, Bologna, Italy",44.4756,11.2759
2021-05-20T20:00:00+00:00,15.500,4.100,Open-Meteo Historical Weather API,"Casalecchio di Reno, Bologna, Italy",44.4756,11.2759
2021-05-20T21:00:00+00:00,14.900,6.300,Open-Meteo Historical Weather API,"Casalecchio di Reno, Bologna, Italy",44.4756,11.2759
2021-05-20T22:00:00+00:00,14.400,6.300,Open-Meteo Historical Weather API,"Casalecchio di Reno, Bologna, Italy",44.4756,11.2759
2021-05-20T23:00:00+00:00,13.700,5.800,Open-Meteo Historical Weather API,"Casalecchio di Reno, Bologna, Italy",44.4756,11.2759
2021-05-21T00:00:00+00:00,13.900,4.600,Open-Meteo Historical Weather API,"Casalecchio di Reno, Bologna, Italy",44.4756,11.2759
2021-05-21T01:00:00+00:00,14.300,4.000,Open-Meteo Historical Weather API,"Casalecchio di Reno, Bologna, Italy",44.4756,11.2759
2021-05-21T02:00:00+00:00,14.400,3.800,Open-Meteo Historical Weather API,"Casalecchio di Reno, Bologna, Italy",44.4756,11.2759
2021-05-21T03:00:00+00:00,14.100,3.900,Open-Meteo Historical Weather API,"Casalecchio di Reno, Bologna, Italy",44.4756,11.2759
2021-05-21T04:00:00+00:00,14.000,3.700,Open-Meteo Historical Weather API,"Casalecchio di Reno, Bologna, Italy",44.4756,11.2759
2021-05-21T05:00:00+00:00,15.100,3.800,Open-Meteo Historical Weather API,"Casalecchio di Reno, Bologna, Italy",44.4756,11.2759
2021-05-21T06:00:00+00:00,17.200,4.700,Open-Meteo Historical Weather API,"Casalecchio di Reno, Bologna, Italy",44.4756,11.2759
2021-05-21T07:00:00+00:00,19.700,4.100,Open-Meteo Historical Weather API,"Casalecchio di Reno, Bologna, Italy",44.4756,11.2759
2021-05-21T08:00:00+00:00,20.600,2.700,Open-Meteo Historical Weather API,"Casalecchio di Reno, Bologna, Italy",44.4756,11.2759
2021-05-21T09:00:00+00:00,22.400,3.400,Open-Meteo Historical Weather API,"Casalecchio di Reno, Bologna, Italy",44.4756,11.2759
2021-05-21T10:00:00+00:00,23.500,4.700,Open-Meteo Historical Weather API,"Casalecchio di Reno, Bologna, Italy",44.4756,11.2759
2021-05-21T11:00:00+00:00,24.100,5.000,Open-Meteo Historical Weather API,"Casalecchio di Reno, Bologna, Italy",44.4756,11.2759
2021-05-21T12:00:00+00:00,23.600,4.200,Open-Meteo Historical Weather API,"Casalecchio di Reno, Bologna, Italy",44.4756,11.2759
2021-05-21T13:00:00+00:00,23.200,4.900,Open-Meteo Historical Weather API,"Casalecchio di Reno, Bologna, Italy",44.4756,11.2759
2021-05-21T14:00:00+00:00,22.900,6.400,Open-Meteo Historical Weather API,"Casalecchio di Reno, Bologna, Italy",44.4756,11.2759
2021-05-21T15:00:00+00:00,22.300,6.200,Open-Meteo Historical Weather API,"Casalecchio di Reno, Bologna, Italy",44.4756,11.2759
2021-05-21T16:00:00+00:00,21.000,5.800,Open-Meteo Historical Weather API,"Casalecchio di Reno, Bologna, Italy",44.4756,11.2759
2021-05-21T17:00:00+00:00,19.600,7.200,Open-Meteo Historical Weather API,"Casalecchio di Reno, Bologna, Italy",44.4756,11.2759
2021-05-21T18:00:00+00:00,18.200,8.000,Open-Meteo Historical Weather API,"Casalecchio di Reno, Bologna, Italy",44.4756,11.2759
2021-05-21T19:00:00+00:00,16.800,8.400,Open-Meteo Historical Weather API,"Casalecchio di Reno, Bologna, Italy",44.4756,11.2759
2021-05-21T20:00:00+00:00,16.100,9.100,Open-Meteo Historical Weather API,"Casalecchio di Reno, Bologna, Italy",44.4756,11.2759
2021-05-21T21:00:00+00:00,15.900,9.000,Open-Meteo Historical Weather API,"Casalecchio di Reno, Bologna, Italy",44.4756,11.2759
2021-05-21T22:00:00+00:00,16.000,8.800,Open-Meteo Historical Weather API,"Casalecchio di Reno, Bologna, Italy",44.4756,11.2759
2021-05-21T23:00:00+00:00,15.900,8.500,Open-Meteo Historical Weather API,"Casalecchio di Reno, Bologna, Italy",44.4756,11.2759
2021-05-22T00:00:00+00:00,15.600,7.500,Open-Meteo Historical Weather API,"Casalecchio di Reno, Bologna, Italy",44.4756,11.2759
2021-05-22T01:00:00+00:00,15.900,7.600,Open-Meteo Historical Weather API,"Casalecchio di Reno, Bologna, Italy",44.4756,11.2759
2021-05-22T02:00:00+00:00,15.400,7.800,Open-Meteo Historical Weather API,"Casalecchio di Reno, Bologna, Italy",44.4756,11.2759
2021-05-22T03:00:00+00:00,15.200,8.600,Open-Meteo Historical Weather API,"Casalecchio di Reno, Bologna, Italy",44.4756,11.2759
2021-05-22T04:00:00+00:00,15.400,9.200,Open-Meteo Historical Weather API,"Casalecchio di Reno, Bologna, Italy",44.4756,11.2759
2021-05-22T05:00:00+00:00,15.700,9.900,Open-Meteo Historical Weather API,"Casalecchio di Reno, Bologna, Italy",44.4756,11.2759
2021-05-22T06:00:00+00:00,16.500,10.400,Open-Meteo Historical Weather API,"Casalecchio di Reno, Bologna, Italy",44.4756,11.2759
2021-05-22T07:00:00+00:00,18.500,10.300,Open-Meteo Historical Weather API,"Casalecchio di Reno, Bologna, Italy",44.4756,11.2759
2021-05-22T08:00:00+00:00,20.300,9.200,Open-Meteo Historical Weather API,"Casalecchio di Reno, Bologna, Italy",44.4756,11.2759
2021-05-22T09:00:00+00:00,21.300,9.100,Open-Meteo Historical Weather API,"Casalecchio di Reno, Bologna, Italy",44.4756,11.2759
2021-05-22T10:00:00+00:00,22.000,9.400,Open-Meteo Historical Weather API,"Casalecchio di Reno, Bologna, Italy",44.4756,11.2759
2021-05-22T11:00:00+00:00,22.400,9.800,Open-Meteo Historical Weather API,"Casalecchio di Reno, Bologna, Italy",44.4756,11.2759
2021-05-22T12:00:00+00:00,22.000,8.900,Open-Meteo Historical Weather API,"Casalecchio di Reno, Bologna, Italy",44.4756,11.2759
2021-05-22T13:00:00+00:00,23.500,8.200,Open-Meteo Historical Weather API,"Casalecchio di Reno, Bologna, Italy",44.4756,11.2759
2021-05-22T14:00:00+00:00,21.700,11.100,Open-Meteo Historical Weather API,"Casalecchio di Reno, Bologna, Italy",44.4756,11.2759
2021-05-22T15:00:00+00:00,20.900,12.400,Open-Meteo Historical Weather API,"Casalecchio di Reno, Bologna, Italy",44.4756,11.2759
2021-05-22T16:00:00+00:00,21.000,12.400,Open-Meteo Historical Weather API,"Casalecchio di Reno, Bologna, Italy",44.4756,11.2759
2021-05-22T17:00:00+00:00,20.500,12.500,Open-Meteo Historical Weather API,"Casalecchio di Reno, Bologna, Italy",44.4756,11.2759
2021-05-22T18:00:00+00:00,19.400,12.700,Open-Meteo Historical Weather API,"Casalecchio di Reno, Bologna, Italy",44.4756,11.2759
2021-05-22T19:00:00+00:00,17.900,12.400,Open-Meteo Historical Weather API,"Casalecchio di Reno, Bologna, Italy",44.4756,11.2759
2021-05-22T20:00:00+00:00,17.400,12.600,Open-Meteo Historical Weather API,"Casalecchio di Reno, Bologna, Italy",44.4756,11.2759
2021-05-22T21:00:00+00:00,16.600,12.900,Open-Meteo Historical Weather API,"Casalecchio di Reno, Bologna, Italy",44.4756,11.2759
2021-05-22T22:00:00+00:00,16.500,12.900,Open-Meteo Historical Weather API,"Casalecchio di Reno, Bologna, Italy",44.4756,11.2759
2021-05-22T23:00:00+00:00,16.400,12.900,Open-Meteo Historical Weather API,"Casalecchio di Reno, Bologna, Italy",44.4756,11.2759
2021-05-23T00:00:00+00:00,15.400,13.400,Open-Meteo Historical Weather API,"Casalecchio di Reno, Bologna, Italy",44.4756,11.2759
2021-05-23T01:00:00+00:00,17.000,13.100,Open-Meteo Historical Weather API,"Casalecchio di Reno, Bologna, Italy",44.4756,11.2759
2021-05-23T02:00:00+00:00,17.000,12.400,Open-Meteo Historical Weather API,"Casalecchio di Reno, Bologna, Italy",44.4756,11.2759
2021-05-23T03:00:00+00:00,16.200,12.200,Open-Meteo Historical Weather API,"Casalecchio di Reno, Bologna, Italy",44.4756,11.2759
2021-05-23T04:00:00+00:00,16.100,12.100,Open-Meteo Historical Weather API,"Casalecchio di Reno, Bologna, Italy",44.4756,11.2759
2021-05-23T05:00:00+00:00,17.400,12.400,Open-Meteo Historical Weather API,"Casalecchio di Reno, Bologna, Italy",44.4756,11.2759
2021-05-23T06:00:00+00:00,18.900,12.600,Open-Meteo Historical Weather API,"Casalecchio di Reno, Bologna, Italy",44.4756,11.2759
2021-05-23T07:00:00+00:00,20.500,12.600,Open-Meteo Historical Weather API,"Casalecchio di Reno, Bologna, Italy",44.4756,11.2759
2021-05-23T08:00:00+00:00,21.800,12.700,Open-Meteo Historical Weather API,"Casalecchio di Reno, Bologna, Italy",44.4756,11.2759
2021-05-23T09:00:00+00:00,23.400,11.800,Open-Meteo Historical Weather API,"Casalecchio di Reno, Bologna, Italy",44.4756,11.2759
2021-05-23T10:00:00+00:00,24.700,10.400,Open-Meteo Historical Weather API,"Casalecchio di Reno, Bologna, Italy",44.4756,11.2759
2021-05-23T11:00:00+00:00,24.900,9.300,Open-Meteo Historical Weather API,"Casalecchio di Reno, Bologna, Italy",44.4756,11.2759
2021-05-23T12:00:00+00:00,24.900,11.900,Open-Meteo Historical Weather API,"Casalecchio di Reno, Bologna, Italy",44.4756,11.2759
2021-05-23T13:00:00+00:00,26.100,8.900,Open-Meteo Historical Weather API,"Casalecchio di Reno, Bologna, Italy",44.4756,11.2759
2021-05-23T14:00:00+00:00,26.000,7.800,Open-Meteo Historical Weather API,"Casalecchio di Reno, Bologna, Italy",44.4756,11.2759
2021-05-23T15:00:00+00:00,26.100,6.200,Open-Meteo Historical Weather API,"Casalecchio di Reno, Bologna, Italy",44.4756,11.2759
2021-05-23T16:00:00+00:00,25.500,4.700,Open-Meteo Historical Weather API,"Casalecchio di Reno, Bologna, Italy",44.4756,11.2759
2021-05-23T17:00:00+00:00,23.400,9.200,Open-Meteo Historical Weather API,"Casalecchio di Reno, Bologna, Italy",44.4756,11.2759
2021-05-23T18:00:00+00:00,21.900,10.600,Open-Meteo Historical Weather API,"Casalecchio di Reno, Bologna, Italy",44.4756,11.2759
2021-05-23T19:00:00+00:00,20.300,10.900,Open-Meteo Historical Weather API,"Casalecchio di Reno, Bologna, Italy",44.4756,11.2759
2021-05-23T20:00:00+00:00,19.000,11.100,Open-Meteo Historical Weather API,"Casalecchio di Reno, Bologna, Italy",44.4756,11.2759
2021-05-23T21:00:00+00:00,17.800,10.400,Open-Meteo Historical Weather API,"Casalecchio di Reno, Bologna, Italy",44.4756,11.2759
2021-05-23T22:00:00+00:00,16.900,10.100,Open-Meteo Historical Weather API,"Casalecchio di Reno, Bologna, Italy",44.4756,11.2759
2021-05-23T23:00:00+00:00,15.800,9.100,Open-Meteo Historical Weather API,"Casalecchio di Reno, Bologna, Italy",44.4756,11.2759
2021-05-24T00:00:00+00:00,15.900,9.900,Open-Meteo Historical Weather API,"Casalecchio di Reno, Bologna, Italy",44.4756,11.2759
2021-05-24T01:00:00+00:00,15.900,11.700,Open-Meteo Historical Weather API,"Casalecchio di Reno, Bologna, Italy",44.4756,11.2759
2021-05-24T02:00:00+00:00,16.100,10.800,Open-Meteo Historical Weather API,"Casalecchio di Reno, Bologna, Italy",44.4756,11.2759
2021-05-24T03:00:00+00:00,15.600,13.100,Open-Meteo Historical Weather API,"Casalecchio di Reno, Bologna, Italy",44.4756,11.2759
2021-05-24T04:00:00+00:00,15.400,13.200,Open-Meteo Historical Weather API,"Casalecchio di Reno, Bologna, Italy",44.4756,11.2759
2021-05-24T05:00:00+00:00,15.700,14.100,Open-Meteo Historical Weather API,"Casalecchio di Reno, Bologna, Italy",44.4756,11.2759
2021-05-24T06:00:00+00:00,15.800,14.600,Open-Meteo Historical Weather API,"Casalecchio di Reno, Bologna, Italy",44.4756,11.2759
2021-05-24T07:00:00+00:00,16.200,15.400,Open-Meteo Historical Weather API,"Casalecchio di Reno, Bologna, Italy",44.4756,11.2759
2021-05-24T08:00:00+00:00,16.700,15.900,Open-Meteo Historical Weather API,"Casalecchio di Reno, Bologna, Italy",44.4756,11.2759
2021-05-24T09:00:00+00:00,17.200,16.200,Open-Meteo Historical Weather API,"Casalecchio di Reno, Bologna, Italy",44.4756,11.2759
2021-05-24T10:00:00+00:00,18.600,14.900,Open-Meteo Historical Weather API,"Casalecchio di Reno, Bologna, Italy",44.4756,11.2759
2021-05-24T11:00:00+00:00,18.200,16.000,Open-Meteo Historical Weather API,"Casalecchio di Reno, Bologna, Italy",44.4756,11.2759
2021-05-24T12:00:00+00:00,15.900,13.600,Open-Meteo Historical Weather API,"Casalecchio di Reno, Bologna, Italy",44.4756,11.2759
2021-05-24T13:00:00+00:00,17.200,14.100,Open-Meteo Historical Weather API,"Casalecchio di Reno, Bologna, Italy",44.4756,11.2759
2021-05-24T14:00:00+00:00,17.400,14.500,Open-Meteo Historical Weather API,"Casalecchio di Reno, Bologna, Italy",44.4756,11.2759
2021-05-24T15:00:00+00:00,16.800,15.700,Open-Meteo Historical Weather API,"Casalecchio di Reno, Bologna, Italy",44.4756,11.2759
2021-05-24T16:00:00+00:00,16.800,15.800,Open-Meteo Historical Weather API,"Casalecchio di Reno, Bologna, Italy",44.4756,11.2759
2021-05-24T17:00:00+00:00,16.200,15.600,Open-Meteo Historical Weather API,"Casalecchio di Reno, Bologna, Italy",44.4756,11.2759
2021-05-24T18:00:00+00:00,15.800,15.300,Open-Meteo Historical Weather API,"Casalecchio di Reno, Bologna, Italy",44.4756,11.2759
2021-05-24T19:00:00+00:00,15.500,15.100,Open-Meteo Historical Weather API,"Casalecchio di Reno, Bologna, Italy",44.4756,11.2759
2021-05-24T20:00:00+00:00,15.100,14.600,Open-Meteo Historical Weather API,"Casalecchio di Reno, Bologna, Italy",44.4756,11.2759
2021-05-24T21:00:00+00:00,15.200,14.900,Open-Meteo Historical Weather API,"Casalecchio di Reno, Bologna, Italy",44.4756,11.2759
2021-05-24T22:00:00+00:00,15.100,14.800,Open-Meteo Historical Weather API,"Casalecchio di Reno, Bologna, Italy",44.4756,11.2759
2021-05-24T23:00:00+00:00,14.700,13.900,Open-Meteo Historical Weather API,"Casalecchio di Reno, Bologna, Italy",44.4756,11.2759
2021-05-25T00:00:00+00:00,13.300,11.900,Open-Meteo Historical Weather API,"Casalecchio di Reno, Bologna, Italy",44.4756,11.2759
2021-05-25T01:00:00+00:00,13.100,11.900,Open-Meteo Historical Weather API,"Casalecchio di Reno, Bologna, Italy",44.4756,11.2759
2021-05-25T02:00:00+00:00,11.900,11.100,Open-Meteo Historical Weather API,"Casalecchio di Reno, Bologna, Italy",44.4756,11.2759
2021-05-25T03:00:00+00:00,11.500,10.300,Open-Meteo Historical Weather API,"Casalecchio di Reno, Bologna, Italy",44.4756,11.2759
2021-05-25T04:00:00+00:00,13.800,10.700,Open-Meteo Historical Weather API,"Casalecchio di Reno, Bologna, Italy",44.4756,11.2759
2021-05-25T05:00:00+00:00,13.600,11.600,Open-Meteo Historical Weather API,"Casalecchio di Reno, Bologna, Italy",44.4756,11.2759
2021-05-25T06:00:00+00:00,15.000,12.400,Open-Meteo Historical Weather API,"Casalecchio di Reno, Bologna, Italy",44.4756,11.2759
2021-05-25T07:00:00+00:00,16.500,13.200,Open-Meteo Historical Weather API,"Casalecchio di Reno, Bologna, Italy",44.4756,11.2759
2021-05-25T08:00:00+00:00,18.300,12.500,Open-Meteo Historical Weather API,"Casalecchio di Reno, Bologna, Italy",44.4756,11.2759
2021-05-25T09:00:00+00:00,20.100,9.400,Open-Meteo Historical Weather API,"Casalecchio di Reno, Bologna, Italy",44.4756,11.2759
2021-05-25T10:00:00+00:00,21.400,7.900,Open-Meteo Historical Weather API,"Casalecchio di Reno, Bologna, Italy",44.4756,11.2759
2021-05-25T11:00:00+00:00,22.200,6.600,Open-Meteo Historical Weather API,"Casalecchio di Reno, Bologna, Italy",44.4756,11.2759
2021-05-25T12:00:00+00:00,22.200,7.600,Open-Meteo Historical Weather API,"Casalecchio di Reno, Bologna, Italy",44.4756,11.2759
2021-05-25T13:00:00+00:00,22.900,5.900,Open-Meteo Historical Weather API,"Casalecchio di Reno, Bologna, Italy",44.4756,11.2759
2021-05-25T14:00:00+00:00,21.900,8.700,Open-Meteo Historical Weather API,"Casalecchio di Reno, Bologna, Italy",44.4756,11.2759
2021-05-25T15:00:00+00:00,21.400,8.400,Open-Meteo Historical Weather API,"Casalecchio di Reno, Bologna, Italy",44.4756,11.2759
2021-05-25T16:00:00+00:00,21.600,6.600,Open-Meteo Historical Weather API,"Casalecchio di Reno, Bologna, Italy",44.4756,11.2759
2021-05-25T17:00:00+00:00,20.500,8.400,Open-Meteo Historical Weather API,"Casalecchio di Reno, Bologna, Italy",44.4756,11.2759
2021-05-25T18:00:00+00:00,17.800,9.400,Open-Meteo Historical Weather API,"Casalecchio di Reno, Bologna, Italy",44.4756,11.2759
2021-05-25T19:00:00+00:00,16.200,9.100,Open-Meteo Historical Weather API,"Casalecchio di Reno, Bologna, Italy",44.4756,11.2759
2021-05-25T20:00:00+00:00,14.900,8.600,Open-Meteo Historical Weather API,"Casalecchio di Reno, Bologna, Italy",44.4756,11.2759
2021-05-25T21:00:00+00:00,14.100,8.100,Open-Meteo Historical Weather API,"Casalecchio di Reno, Bologna, Italy",44.4756,11.2759
2021-05-25T22:00:00+00:00,13.600,7.800,Open-Meteo Historical Weather API,"Casalecchio di Reno, Bologna, Italy",44.4756,11.2759
2021-05-25T23:00:00+00:00,12.900,7.800,Open-Meteo Historical Weather API,"Casalecchio di Reno, Bologna, Italy",44.4756,11.2759
2021-05-26T00:00:00+00:00,12.600,8.100,Open-Meteo Historical Weather API,"Casalecchio di Reno, Bologna, Italy",44.4756,11.2759
2021-05-26T01:00:00+00:00,11.200,8.400,Open-Meteo Historical Weather API,"Casalecchio di Reno, Bologna, Italy",44.4756,11.2759
2021-05-26T02:00:00+00:00,10.600,8.400,Open-Meteo Historical Weather API,"Casalecchio di Reno, Bologna, Italy",44.4756,11.2759
2021-05-26T03:00:00+00:00,10.200,8.100,Open-Meteo Historical Weather API,"Casalecchio di Reno, Bologna, Italy",44.4756,11.2759
2021-05-26T04:00:00+00:00,9.700,8.000,Open-Meteo Historical Weather API,"Casalecchio di Reno, Bologna, Italy",44.4756,11.2759
2021-05-26T05:00:00+00:00,11.400,8.400,Open-Meteo Historical Weather API,"Casalecchio di Reno, Bologna, Italy",44.4756,11.2759
2021-05-26T06:00:00+00:00,14.100,8.400,Open-Meteo Historical Weather API,"Casalecchio di Reno, Bologna, Italy",44.4756,11.2759
2021-05-26T07:00:00+00:00,15.700,9.200,Open-Meteo Historical Weather API,"Casalecchio di Reno, Bologna, Italy",44.4756,11.2759
2021-05-26T08:00:00+00:00,17.000,10.400,Open-Meteo Historical Weather API,"Casalecchio di Reno, Bologna, Italy",44.4756,11.2759
2021-05-26T09:00:00+00:00,18.500,10.500,Open-Meteo Historical Weather API,"Casalecchio di Reno, Bologna, Italy",44.4756,11.2759
2021-05-26T10:00:00+00:00,20.100,10.400,Open-Meteo Historical Weather API,"Casalecchio di Reno, Bologna, Italy",44.4756,11.2759
2021-05-26T11:00:00+00:00,21.500,10.400,Open-Meteo Historical Weather API,"Casalecchio di Reno, Bologna, Italy",44.4756,11.2759
2021-05-26T12:00:00+00:00,22.100,11.100,Open-Meteo Historical Weather API,"Casalecchio di Reno, Bologna, Italy",44.4756,11.2759
2021-05-26T13:00:00+00:00,22.500,11.200,Open-Meteo Historical Weather API,"Casalecchio di Reno, Bologna, Italy",44.4756,11.2759
2021-05-26T14:00:00+00:00,22.900,10.800,Open-Meteo Historical Weather API,"Casalecchio di Reno, Bologna, Italy",44.4756,11.2759
2021-05-26T15:00:00+00:00,23.000,10.500,Open-Meteo Historical Weather API,"Casalecchio di Reno, Bologna, Italy",44.4756,11.2759
2021-05-26T16:00:00+00:00,22.200,9.900,Open-Meteo Historical Weather API,"Casalecchio di Reno, Bologna, Italy",44.4756,11.2759
2021-05-26T17:00:00+00:00,21.500,9.900,Open-Meteo Historical Weather API,"Casalecchio di Reno, Bologna, Italy",44.4756,11.2759
2021-05-26T18:00:00+00:00,19.700,9.300,Open-Meteo Historical Weather API,"Casalecchio di Reno, Bologna, Italy",44.4756,11.2759
2021-05-26T19:00:00+00:00,17.700,8.600,Open-Meteo Historical Weather API,"Casalecchio di Reno, Bologna, Italy",44.4756,11.2759
2021-05-26T20:00:00+00:00,16.500,8.100,Open-Meteo Historical Weather API,"Casalecchio di Reno, Bologna, Italy",44.4756,11.2759
2021-05-26T21:00:00+00:00,15.900,7.000,Open-Meteo Historical Weather API,"Casalecchio di Reno, Bologna, Italy",44.4756,11.2759
2021-05-26T22:00:00+00:00,15.400,5.700,Open-Meteo Historical Weather API,"Casalecchio di Reno, Bologna, Italy",44.4756,11.2759
2021-05-26T23:00:00+00:00,14.800,4.800,Open-Meteo Historical Weather API,"Casalecchio di Reno, Bologna, Italy",44.4756,11.2759
2021-05-27T00:00:00+00:00,14.400,3.500,Open-Meteo Historical Weather API,"Casalecchio di Reno, Bologna, Italy",44.4756,11.2759
2021-05-27T01:00:00+00:00,14.100,3.600,Open-Meteo Historical Weather API,"Casalecchio di Reno, Bologna, Italy",44.4756,11.2759
2021-05-27T02:00:00+00:00,13.900,4.200,Open-Meteo Historical Weather API,"Casalecchio di Reno, Bologna, Italy",44.4756,11.2759
2021-05-27T03:00:00+00:00,13.200,5.000,Open-Meteo Historical Weather API,"Casalecchio di Reno, Bologna, Italy",44.4756,11.2759
2021-05-27T04:00:00+00:00,12.700,5.600,Open-Meteo Historical Weather API,"Casalecchio di Reno, Bologna, Italy",44.4756,11.2759
2021-05-27T05:00:00+00:00,13.900,6.800,Open-Meteo Historical Weather API,"Casalecchio di Reno, Bologna, Italy",44.4756,11.2759
2021-05-27T06:00:00+00:00,16.600,8.200,Open-Meteo Historical Weather API,"Casalecchio di Reno, Bologna, Italy",44.4756,11.2759
2021-05-27T07:00:00+00:00,19.100,6.200,Open-Meteo Historical Weather API,"Casalecchio di Reno, Bologna, Italy",44.4756,11.2759
2021-05-27T08:00:00+00:00,20.400,6.100,Open-Meteo Historical Weather API,"Casalecchio di Reno, Bologna, Italy",44.4756,11.2759
2021-05-27T09:00:00+00:00,21.800,7.100,Open-Meteo Historical Weather API,"Casalecchio di Reno, Bologna, Italy",44.4756,11.2759
2021-05-27T10:00:00+00:00,22.900,8.300,Open-Meteo Historical Weather API,"Casalecchio di Reno, Bologna, Italy",44.4756,11.2759
2021-05-27T11:00:00+00:00,23.800,8.900,Open-Meteo Historical Weather API,"Casalecchio di Reno, Bologna, Italy",44.4756,11.2759
2021-05-27T12:00:00+00:00,24.200,10.600,Open-Meteo Historical Weather API,"Casalecchio di Reno, Bologna, Italy",44.4756,11.2759
2021-05-27T13:00:00+00:00,25.000,10.300,Open-Meteo Historical Weather API,"Casalecchio di Reno, Bologna, Italy",44.4756,11.2759
2021-05-27T14:00:00+00:00,25.200,10.000,Open-Meteo Historical Weather API,"Casalecchio di Reno, Bologna, Italy",44.4756,11.2759
2021-05-27T15:00:00+00:00,24.800,10.100,Open-Meteo Historical Weather API,"Casalecchio di Reno, Bologna, Italy",44.4756,11.2759
2021-05-27T16:00:00+00:00,24.200,10.200,Open-Meteo Historical Weather API,"Casalecchio di Reno, Bologna, Italy",44.4756,11.2759
2021-05-27T17:00:00+00:00,23.500,10.900,Open-Meteo Historical Weather API,"Casalecchio di Reno, Bologna, Italy",44.4756,11.2759
2021-05-27T18:00:00+00:00,21.400,13.500,Open-Meteo Historical Weather API,"Casalecchio di Reno, Bologna, Italy",44.4756,11.2759
2021-05-27T19:00:00+00:00,18.500,12.900,Open-Meteo Historical Weather API,"Casalecchio di Reno, Bologna, Italy",44.4756,11.2759
2021-05-27T20:00:00+00:00,17.000,12.300,Open-Meteo Historical Weather API,"Casalecchio di Reno, Bologna, Italy",44.4756,11.2759
2021-05-27T21:00:00+00:00,16.800,11.500,Open-Meteo Historical Weather API,"Casalecchio di Reno, Bologna, Italy",44.4756,11.2759
2021-05-27T22:00:00+00:00,14.700,11.700,Open-Meteo Historical Weather API,"Casalecchio di Reno, Bologna, Italy",44.4756,11.2759
2021-05-27T23:00:00+00:00,13.800,12.000,Open-Meteo Historical Weather API,"Casalecchio di Reno, Bologna, Italy",44.4756,11.2759
2021-05-28T00:00:00+00:00,14.400,12.000,Open-Meteo Historical Weather API,"Casalecchio di Reno, Bologna, Italy",44.4756,11.2759
2021-05-28T01:00:00+00:00,13.100,11.200,Open-Meteo Historical Weather API,"Casalecchio di Reno, Bologna, Italy",44.4756,11.2759
2021-05-28T02:00:00+00:00,12.400,10.900,Open-Meteo Historical Weather API,"Casalecchio di Reno, Bologna, Italy",44.4756,11.2759
2021-05-28T03:00:00+00:00,12.500,10.600,Open-Meteo Historical Weather API,"Casalecchio di Reno, Bologna, Italy",44.4756,11.2759
2021-05-28T04:00:00+00:00,14.100,10.400,Open-Meteo Historical Weather API,"Casalecchio di Reno, Bologna, Italy",44.4756,11.2759
2021-05-28T05:00:00+00:00,14.900,11.200,Open-Meteo Historical Weather API,"Casalecchio di Reno, Bologna, Italy",44.4756,11.2759
2021-05-28T06:00:00+00:00,16.400,12.400,Open-Meteo Historical Weather API,"Casalecchio di Reno, Bologna, Italy",44.4756,11.2759
2021-05-28T07:00:00+00:00,18.100,12.900,Open-Meteo Historical Weather API,"Casalecchio di Reno, Bologna, Italy",44.4756,11.2759
2021-05-28T08:00:00+00:00,19.800,13.100,Open-Meteo Historical Weather API,"Casalecchio di Reno, Bologna, Italy",44.4756,11.2759
2021-05-28T09:00:00+00:00,21.500,12.600,Open-Meteo Historical Weather API,"Casalecchio di Reno, Bologna, Italy",44.4756,11.2759
2021-05-28T10:00:00+00:00,22.800,11.100,Open-Meteo Historical Weather API,"Casalecchio di Reno, Bologna, Italy",44.4756,11.2759
2021-05-28T11:00:00+00:00,23.600,9.700,Open-Meteo Historical Weather API,"Casalecchio di Reno, Bologna, Italy",44.4756,11.2759
2021-05-28T12:00:00+00:00,24.100,10.700,Open-Meteo Historical Weather API,"Casalecchio di Reno, Bologna, Italy",44.4756,11.2759
2021-05-28T13:00:00+00:00,24.400,10.100,Open-Meteo Historical Weather API,"Casalecchio di Reno, Bologna, Italy",44.4756,11.2759
2021-05-28T14:00:00+00:00,24.800,9.200,Open-Meteo Historical Weather API,"Casalecchio di Reno, Bologna, Italy",44.4756,11.2759
2021-05-28T15:00:00+00:00,24.500,8.600,Open-Meteo Historical Weather API,"Casalecchio di Reno, Bologna, Italy",44.4756,11.2759
2021-05-28T16:00:00+00:00,23.700,7.900,Open-Meteo Historical Weather API,"Casalecchio di Reno, Bologna, Italy",44.4756,11.2759
2021-05-28T17:00:00+00:00,22.700,7.600,Open-Meteo Historical Weather API,"Casalecchio di Reno, Bologna, Italy",44.4756,11.2759
2021-05-28T18:00:00+00:00,21.100,7.400,Open-Meteo Historical Weather API,"Casalecchio di Reno, Bologna, Italy",44.4756,11.2759
2021-05-28T19:00:00+00:00,19.500,7.400,Open-Meteo Historical Weather API,"Casalecchio di Reno, Bologna, Italy",44.4756,11.2759
2021-05-28T20:00:00+00:00,18.500,7.900,Open-Meteo Historical Weather API,"Casalecchio di Reno, Bologna, Italy",44.4756,11.2759
2021-05-28T21:00:00+00:00,18.000,8.600,Open-Meteo Historical Weather API,"Casalecchio di Reno, Bologna, Italy",44.4756,11.2759
2021-05-28T22:00:00+00:00,17.000,9.100,Open-Meteo Historical Weather API,"Casalecchio di Reno, Bologna, Italy",44.4756,11.2759
2021-05-28T23:00:00+00:00,16.000,9.400,Open-Meteo Historical Weather API,"Casalecchio di Reno, Bologna, Italy",44.4756,11.2759
2021-05-29T00:00:00+00:00,15.400,9.100,Open-Meteo Historical Weather API,"Casalecchio di Reno, Bologna, Italy",44.4756,11.2759
2021-05-29T01:00:00+00:00,15.000,8.500,Open-Meteo Historical Weather API,"Casalecchio di Reno, Bologna, Italy",44.4756,11.2759
2021-05-29T02:00:00+00:00,14.400,8.100,Open-Meteo Historical Weather API,"Casalecchio di Reno, Bologna, Italy",44.4756,11.2759
2021-05-29T03:00:00+00:00,13.700,8.100,Open-Meteo Historical Weather API,"Casalecchio di Reno, Bologna, Italy",44.4756,11.2759
2021-05-29T04:00:00+00:00,13.900,8.100,Open-Meteo Historical Weather API,"Casalecchio di Reno, Bologna, Italy",44.4756,11.2759
2021-05-29T05:00:00+00:00,15.800,8.700,Open-Meteo Historical Weather API,"Casalecchio di Reno, Bologna, Italy",44.4756,11.2759
2021-05-29T06:00:00+00:00,18.200,8.800,Open-Meteo Historical Weather API,"Casalecchio di Reno, Bologna, Italy",44.4756,11.2759
2021-05-29T07:00:00+00:00,20.200,8.100,Open-Meteo Historical Weather API,"Casalecchio di Reno, Bologna, Italy",44.4756,11.2759
2021-05-29T08:00:00+00:00,22.100,7.200,Open-Meteo Historical Weather API,"Casalecchio di Reno, Bologna, Italy",44.4756,11.2759
2021-05-29T09:00:00+00:00,23.800,6.400,Open-Meteo Historical Weather API,"Casalecchio di Reno, Bologna, Italy",44.4756,11.2759
2021-05-29T10:00:00+00:00,24.900,6.300,Open-Meteo Historical Weather API,"Casalecchio di Reno, Bologna, Italy",44.4756,11.2759
2021-05-29T11:00:00+00:00,25.600,6.700,Open-Meteo Historical Weather API,"Casalecchio di Reno, Bologna, Italy",44.4756,11.2759
2021-05-29T12:00:00+00:00,25.800,7.900,Open-Meteo Historical Weather API,"Casalecchio di Reno, Bologna, Italy",44.4756,11.2759
2021-05-29T13:00:00+00:00,26.000,8.100,Open-Meteo Historical Weather API,"Casalecchio di Reno, Bologna, Italy",44.4756,11.2759
2021-05-29T14:00:00+00:00,25.800,8.200,Open-Meteo Historical Weather API,"Casalecchio di Reno, Bologna, Italy",44.4756,11.2759
2021-05-29T15:00:00+00:00,25.100,8.300,Open-Meteo Historical Weather API,"Casalecchio di Reno, Bologna, Italy",44.4756,11.2759
2021-05-29T16:00:00+00:00,24.500,9.600,Open-Meteo Historical Weather API,"Casalecchio di Reno, Bologna, Italy",44.4756,11.2759
2021-05-29T17:00:00+00:00,23.200,11.000,Open-Meteo Historical Weather API,"Casalecchio di Reno, Bologna, Italy",44.4756,11.2759
2021-05-29T18:00:00+00:00,21.800,9.700,Open-Meteo Historical Weather API,"Casalecchio di Reno, Bologna, Italy",44.4756,11.2759
2021-05-29T19:00:00+00:00,20.100,9.600,Open-Meteo Historical Weather API,"Casalecchio di Reno, Bologna, Italy",44.4756,11.2759
2021-05-29T20:00:00+00:00,18.500,11.400,Open-Meteo Historical Weather API,"Casalecchio di Reno, Bologna, Italy",44.4756,11.2759
2021-05-29T21:00:00+00:00,17.600,12.200,Open-Meteo Historical Weather API,"Casalecchio di Reno, Bologna, Italy",44.4756,11.2759
2021-05-29T22:00:00+00:00,17.000,11.900,Open-Meteo Historical Weather API,"Casalecchio di Reno, Bologna, Italy",44.4756,11.2759
2021-05-29T23:00:00+00:00,16.100,11.900,Open-Meteo Historical Weather API,"Casalecchio di Reno, Bologna, Italy",44.4756,11.2759
2021-05-30T00:00:00+00:00,16.600,13.100,Open-Meteo Historical Weather API,"Casalecchio di Reno, Bologna, Italy",44.4756,11.2759
2021-05-30T01:00:00+00:00,16.400,13.200,Open-Meteo Historical Weather API,"Casalecchio di Reno, Bologna, Italy",44.4756,11.2759
2021-05-30T02:00:00+00:00,15.200,13.400,Open-Meteo Historical Weather API,"Casalecchio di Reno, Bologna, Italy",44.4756,11.2759
2021-05-30T03:00:00+00:00,14.800,12.900,Open-Meteo Historical Weather API,"Casalecchio di Reno, Bologna, Italy",44.4756,11.2759
2021-05-30T04:00:00+00:00,13.800,12.200,Open-Meteo Historical Weather API,"Casalecchio di Reno, Bologna, Italy",44.4756,11.2759
2021-05-30T05:00:00+00:00,15.200,11.900,Open-Meteo Historical Weather API,"Casalecchio di Reno, Bologna, Italy",44.4756,11.2759
2021-05-30T06:00:00+00:00,16.600,11.200,Open-Meteo Historical Weather API,"Casalecchio di Reno, Bologna, Italy",44.4756,11.2759
2021-05-30T07:00:00+00:00,18.100,10.600,Open-Meteo Historical Weather API,"Casalecchio di Reno, Bologna, Italy",44.4756,11.2759
2021-05-30T08:00:00+00:00,19.600,8.600,Open-Meteo Historical Weather API,"Casalecchio di Reno, Bologna, Italy",44.4756,11.2759
2021-05-30T09:00:00+00:00,20.800,7.100,Open-Meteo Historical Weather API,"Casalecchio di Reno, Bologna, Italy",44.4756,11.2759
2021-05-30T10:00:00+00:00,21.800,5.300,Open-Meteo Historical Weather API,"Casalecchio di Reno, Bologna, Italy",44.4756,11.2759
2021-05-30T11:00:00+00:00,22.400,4.700,Open-Meteo Historical Weather API,"Casalecchio di Reno, Bologna, Italy",44.4756,11.2759
2021-05-30T12:00:00+00:00,21.600,6.200,Open-Meteo Historical Weather API,"Casalecchio di Reno, Bologna, Italy",44.4756,11.2759
2021-05-30T13:00:00+00:00,22.300,5.200,Open-Meteo Historical Weather API,"Casalecchio di Reno, Bologna, Italy",44.4756,11.2759
2021-05-30T14:00:00+00:00,22.600,4.200,Open-Meteo Historical Weather API,"Casalecchio di Reno, Bologna, Italy",44.4756,11.2759
2021-05-30T15:00:00+00:00,22.800,3.800,Open-Meteo Historical Weather API,"Casalecchio di Reno, Bologna, Italy",44.4756,11.2759
2021-05-30T16:00:00+00:00,22.500,3.300,Open-Meteo Historical Weather API,"Casalecchio di Reno, Bologna, Italy",44.4756,11.2759
2021-05-30T17:00:00+00:00,21.800,2.600,Open-Meteo Historical Weather API,"Casalecchio di Reno, Bologna, Italy",44.4756,11.2759
2021-05-30T18:00:00+00:00,20.300,2.300,Open-Meteo Historical Weather API,"Casalecchio di Reno, Bologna, Italy",44.4756,11.2759
2021-05-30T19:00:00+00:00,18.300,2.500,Open-Meteo Historical Weather API,"Casalecchio di Reno, Bologna, Italy",44.4756,11.2759
2021-05-30T20:00:00+00:00,17.000,3.300,Open-Meteo Historical Weather API,"Casalecchio di Reno, Bologna, Italy",44.4756,11.2759
2021-05-30T21:00:00+00:00,15.900,3.800,Open-Meteo Historical Weather API,"Casalecchio di Reno, Bologna, Italy",44.4756,11.2759
2021-05-30T22:00:00+00:00,15.400,3.600,Open-Meteo Historical Weather API,"Casalecchio di Reno, Bologna, Italy",44.4756,11.2759
2021-05-30T23:00:00+00:00,15.100,3.400,Open-Meteo Historical Weather API,"Casalecchio di Reno, Bologna, Italy",44.4756,11.2759
2021-05-31T00:00:00+00:00,15.400,4.200,Open-Meteo Historical Weather API,"Casalecchio di Reno, Bologna, Italy",44.4756,11.2759
2021-05-31T01:00:00+00:00,14.700,5.400,Open-Meteo Historical Weather API,"Casalecchio di Reno, Bologna, Italy",44.4756,11.2759
2021-05-31T02:00:00+00:00,14.200,7.200,Open-Meteo Historical Weather API,"Casalecchio di Reno, Bologna, Italy",44.4756,11.2759
2021-05-31T03:00:00+00:00,14.400,8.400,Open-Meteo Historical Weather API,"Casalecchio di Reno, Bologna, Italy",44.4756,11.2759
2021-05-31T04:00:00+00:00,14.900,8.600,Open-Meteo Historical Weather API,"Casalecchio di Reno, Bologna, Italy",44.4756,11.2759
2021-05-31T05:00:00+00:00,15.800,8.600,Open-Meteo Historical Weather API,"Casalecchio di Reno, Bologna, Italy",44.4756,11.2759
2021-05-31T06:00:00+00:00,16.800,7.600,Open-Meteo Historical Weather API,"Casalecchio di Reno, Bologna, Italy",44.4756,11.2759
2021-05-31T07:00:00+00:00,17.500,6.300,Open-Meteo Historical Weather API,"Casalecchio di Reno, Bologna, Italy",44.4756,11.2759
2021-05-31T08:00:00+00:00,19.000,4.900,Open-Meteo Historical Weather API,"Casalecchio di Reno, Bologna, Italy",44.4756,11.2759
2021-05-31T09:00:00+00:00,20.500,4.800,Open-Meteo Historical Weather API,"Casalecchio di Reno, Bologna, Italy",44.4756,11.2759
2021-05-31T10:00:00+00:00,21.500,4.900,Open-Meteo Historical Weather API,"Casalecchio di Reno, Bologna, Italy",44.4756,11.2759
2021-05-31T11:00:00+00:00,22.400,4.900,Open-Meteo Historical Weather API,"Casalecchio di Reno, Bologna, Italy",44.4756,11.2759
2021-05-31T12:00:00+00:00,22.600,6.400,Open-Meteo Historical Weather API,"Casalecchio di Reno, Bologna, Italy",44.4756,11.2759
2021-05-31T13:00:00+00:00,23.200,6.000,Open-Meteo Historical Weather API,"Casalecchio di Reno, Bologna, Italy",44.4756,11.2759
2021-05-31T14:00:00+00:00,23.300,5.700,Open-Meteo Historical Weather API,"Casalecchio di Reno, Bologna, Italy",44.4756,11.2759
2021-05-31T15:00:00+00:00,23.000,5.800,Open-Meteo Historical Weather API,"Casalecchio di Reno, Bologna, Italy",44.4756,11.2759
2021-05-31T16:00:00+00:00,22.600,5.400,Open-Meteo Historical Weather API,"Casalecchio di Reno, Bologna, Italy",44.4756,11.2759
2021-05-31T17:00:00+00:00,22.200,5.300,Open-Meteo Historical Weather API,"Casalecchio di Reno, Bologna, Italy",44.4756,11.2759
2021-05-31T18:00:00+00:00,20.900,6.200,Open-Meteo Historical Weather API,"Casalecchio di Reno, Bologna, Italy",44.4756,11.2759
2021-05-31T19:00:00+00:00,18.400,6.400,Open-Meteo Historical Weather API,"Casalecchio di Reno, Bologna, Italy",44.4756,11.2759
2021-05-31T20:00:00+00:00,17.100,6.600,Open-Meteo Historical Weather API,"Casalecchio di Reno, Bologna, Italy",44.4756,11.2759
2021-05-31T21:00:00+00:00,15.900,6.800,Open-Meteo Historical Weather API,"Casalecchio di Reno, Bologna, Italy",44.4756,11.2759
2021-05-31T22:00:00+00:00,15.100,7.100,Open-Meteo Historical Weather API,"Casalecchio di Reno, Bologna, Italy",44.4756,11.2759
2021-05-31T23:00:00+00:00,14.600,6.900,Open-Meteo Historical Weather API,"Casalecchio di Reno, Bologna, Italy",44.4756,11.2759
2021-06-01T00:00:00+00:00,14.600,6.300,Open-Meteo Historical Weather API,"Casalecchio di Reno, Bologna, Italy",44.4756,11.2759
2021-06-01T01:00:00+00:00,14.300,6.000,Open-Meteo Historical Weather API,"Casalecchio di Reno, Bologna, Italy",44.4756,11.2759
2021-06-01T02:00:00+00:00,14.100,5.800,Open-Meteo Historical Weather API,"Casalecchio di Reno, Bologna, Italy",44.4756,11.2759
2021-06-01T03:00:00+00:00,13.400,5.400,Open-Meteo Historical Weather API,"Casalecchio di Reno, Bologna, Italy",44.4756,11.2759
2021-06-01T04:00:00+00:00,12.900,5.100,Open-Meteo Historical Weather API,"Casalecchio di Reno, Bologna, Italy",44.4756,11.2759
2021-06-01T05:00:00+00:00,15.100,5.100,Open-Meteo Historical Weather API,"Casalecchio di Reno, Bologna, Italy",44.4756,11.2759
2021-06-01T06:00:00+00:00,18.600,4.800,Open-Meteo Historical Weather API,"Casalecchio di Reno, Bologna, Italy",44.4756,11.2759
2021-06-01T07:00:00+00:00,21.200,1.100,Open-Meteo Historical Weather API,"Casalecchio di Reno, Bologna, Italy",44.4756,11.2759
2021-06-01T08:00:00+00:00,23.000,-0.600,Open-Meteo Historical Weather API,"Casalecchio di Reno, Bologna, Italy",44.4756,11.2759
2021-06-01T09:00:00+00:00,24.500,-1.100,Open-Meteo Historical Weather API,"Casalecchio di Reno, Bologna, Italy",44.4756,11.2759
2021-06-01T10:00:00+00:00,25.600,-0.500,Open-Meteo Historical Weather API,"Casalecchio di Reno, Bologna, Italy",44.4756,11.2759
2021-06-01T11:00:00+00:00,26.500,0.100,Open-Meteo Historical Weather API,"Casalecchio di Reno, Bologna, Italy",44.4756,11.2759
2021-06-01T12:00:00+00:00,25.600,1.500,Open-Meteo Historical Weather API,"Casalecchio di Reno, Bologna, Italy",44.4756,11.2759
2021-06-01T13:00:00+00:00,26.400,1.900,Open-Meteo Historical Weather API,"Casalecchio di Reno, Bologna, Italy",44.4756,11.2759
2021-06-01T14:00:00+00:00,26.600,2.300,Open-Meteo Historical Weather API,"Casalecchio di Reno, Bologna, Italy",44.4756,11.2759
2021-06-01T15:00:00+00:00,26.700,3.000,Open-Meteo Historical Weather API,"Casalecchio di Reno, Bologna, Italy",44.4756,11.2759
2021-06-01T16:00:00+00:00,24.500,7.300,Open-Meteo Historical Weather API,"Casalecchio di Reno, Bologna, Italy",44.4756,11.2759
2021-06-01T17:00:00+00:00,22.500,7.200,Open-Meteo Historical Weather API,"Casalecchio di Reno, Bologna, Italy",44.4756,11.2759
2021-06-01T18:00:00+00:00,21.200,6.300,Open-Meteo Historical Weather API,"Casalecchio di Reno, Bologna, Italy",44.4756,11.2759
2021-06-01T19:00:00+00:00,19.500,6.000,Open-Meteo Historical Weather API,"Casalecchio di Reno, Bologna, Italy",44.4756,11.2759
2021-06-01T20:00:00+00:00,18.300,6.300,Open-Meteo Historical Weather API,"Casalecchio di Reno, Bologna, Italy",44.4756,11.2759
2021-06-01T21:00:00+00:00,17.400,7.100,Open-Meteo Historical Weather API,"Casalecchio di Reno, Bologna, Italy",44.4756,11.2759
2021-06-01T22:00:00+00:00,16.400,7.500,Open-Meteo Historical Weather API,"Casalecchio di Reno, Bologna, Italy",44.4756,11.2759
2021-06-01T23:00:00+00:00,15.300,7.800,Open-Meteo Historical Weather API,"Casalecchio di Reno, Bologna, Italy",44.4756,11.2759
2021-06-02T00:00:00+00:00,15.200,9.600,Open-Meteo Historical Weather API,"Casalecchio di Reno, Bologna, Italy",44.4756,11.2759
2021-06-02T01:00:00+00:00,15.100,10.400,Open-Meteo Historical Weather API,"Casalecchio di Reno, Bologna, Italy",44.4756,11.2759
2021-06-02T02:00:00+00:00,14.600,11.100,Open-Meteo Historical Weather API,"Casalecchio di Reno, Bologna, Italy",44.4756,11.2759
2021-06-02T03:00:00+00:00,14.500,11.000,Open-Meteo Historical Weather API,"Casalecchio di Reno, Bologna, Italy",44.4756,11.2759
2021-06-02T04:00:00+00:00,14.500,10.700,Open-Meteo Historical Weather API,"Casalecchio di Reno, Bologna, Italy",44.4756,11.2759
2021-06-02T05:00:00+00:00,16.100,10.400,Open-Meteo Historical Weather API,"Casalecchio di Reno, Bologna, Italy",44.4756,11.2759
2021-06-02T06:00:00+00:00,18.400,10.400,Open-Meteo Historical Weather API,"Casalecchio di Reno, Bologna, Italy",44.4756,11.2759
2021-06-02T07:00:00+00:00,20.200,10.300,Open-Meteo Historical Weather API,"Casalecchio di Reno, Bologna, Italy",44.4756,11.2759
2021-06-02T08:00:00+00:00,22.000,10.100,Open-Meteo Historical Weather API,"Casalecchio di Reno, Bologna, Italy",44.4756,11.2759
2021-06-02T09:00:00+00:00,23.900,10.100,Open-Meteo Historical Weather API,"Casalecchio di Reno, Bologna, Italy",44.4756,11.2759
2021-06-02T10:00:00+00:00,25.400,9.200,Open-Meteo Historical Weather API,"Casalecchio di Reno, Bologna, Italy",44.4756,11.2759
2021-06-02T11:00:00+00:00,26.200,7.400,Open-Meteo Historical Weather API,"Casalecchio di Reno, Bologna, Italy",44.4756,11.2759
2021-06-02T12:00:00+00:00,26.200,8.100,Open-Meteo Historical Weather API,"Casalecchio di Reno, Bologna, Italy",44.4756,11.2759
2021-06-02T13:00:00+00:00,26.900,7.300,Open-Meteo Historical Weather API,"Casalecchio di Reno, Bologna, Italy",44.4756,11.2759
2021-06-02T14:00:00+00:00,26.900,6.900,Open-Meteo Historical Weather API,"Casalecchio di Reno, Bologna, Italy",44.4756,11.2759
2021-06-02T15:00:00+00:00,26.500,7.200,Open-Meteo Historical Weather API,"Casalecchio di Reno, Bologna, Italy",44.4756,11.2759
2021-06-02T16:00:00+00:00,26.000,7.800,Open-Meteo Historical Weather API,"Casalecchio di Reno, Bologna, Italy",44.4756,11.2759
2021-06-02T17:00:00+00:00,25.600,7.800,Open-Meteo Historical Weather API,"Casalecchio di Reno, Bologna, Italy",44.4756,11.2759
2021-06-02T18:00:00+00:00,24.000,11.800,Open-Meteo Historical Weather API,"Casalecchio di Reno, Bologna, Italy",44.4756,11.2759
2021-06-02T19:00:00+00:00,22.200,10.100,Open-Meteo Historical Weather API,"Casalecchio di Reno, Bologna, Italy",44.4756,11.2759
2021-06-02T20:00:00+00:00,20.600,10.900,Open-Meteo Historical Weather API,"Casalecchio di Reno, Bologna, Italy",44.4756,11.2759
2021-06-02T21:00:00+00:00,19.100,10.900,Open-Meteo Historical Weather API,"Casalecchio di Reno, Bologna, Italy",44.4756,11.2759
2021-06-02T22:00:00+00:00,19.100,8.800,Open-Meteo Historical Weather API,"Casalecchio di Reno, Bologna, Italy",44.4756,11.2759
2021-06-02T23:00:00+00:00,18.500,7.800,Open-Meteo Historical Weather API,"Casalecchio di Reno, Bologna, Italy",44.4756,11.2759
2021-06-03T00:00:00+00:00,19.400,10.200,Open-Meteo Historical Weather API,"Casalecchio di Reno, Bologna, Italy",44.4756,11.2759
2021-06-03T01:00:00+00:00,18.800,10.000,Open-Meteo Historical Weather API,"Casalecchio di Reno, Bologna, Italy",44.4756,11.2759
2021-06-03T02:00:00+00:00,17.600,8.900,Open-Meteo Historical Weather API,"Casalecchio di Reno, Bologna, Italy",44.4756,11.2759
2021-06-03T03:00:00+00:00,17.000,7.200,Open-Meteo Historical Weather API,"Casalecchio di Reno, Bologna, Italy",44.4756,11.2759
2021-06-03T04:00:00+00:00,16.600,6.400,Open-Meteo Historical Weather API,"Casalecchio di Reno, Bologna, Italy",44.4756,11.2759
2021-06-03T05:00:00+00:00,18.000,6.800,Open-Meteo Historical Weather API,"Casalecchio di Reno, Bologna, Italy",44.4756,11.2759
2021-06-03T06:00:00+00:00,21.000,8.400,Open-Meteo Historical Weather API,"Casalecchio di Reno, Bologna, Italy",44.4756,11.2759
2021-06-03T07:00:00+00:00,22.700,10.100,Open-Meteo Historical Weather API,"Casalecchio di Reno, Bologna, Italy",44.4756,11.2759
2021-06-03T08:00:00+00:00,24.200,10.400,Open-Meteo Historical Weather API,"Casalecchio di Reno, Bologna, Italy",44.4756,11.2759
2021-06-03T09:00:00+00:00,25.600,9.700,Open-Meteo Historical Weather API,"Casalecchio di Reno, Bologna, Italy",44.4756,11.2759
2021-06-03T10:00:00+00:00,26.900,9.000,Open-Meteo Historical Weather API,"Casalecchio di Reno, Bologna, Italy",44.4756,11.2759
2021-06-03T11:00:00+00:00,28.000,8.400,Open-Meteo Historical Weather API,"Casalecchio di Reno, Bologna, Italy",44.4756,11.2759
2021-06-03T12:00:00+00:00,27.200,10.100,Open-Meteo Historical Weather API,"Casalecchio di Reno, Bologna, Italy",44.4756,11.2759
2021-06-03T13:00:00+00:00,27.900,9.700,Open-Meteo Historical Weather API,"Casalecchio di Reno, Bologna, Italy",44.4756,11.2759
2021-06-03T14:00:00+00:00,28.900,9.000,Open-Meteo Historical Weather API,"Casalecchio di Reno, Bologna, Italy",44.4756,11.2759
2021-06-03T15:00:00+00:00,29.200,8.200,Open-Meteo Historical Weather API,"Casalecchio di Reno, Bologna, Italy",44.4756,11.2759
2021-06-03T16:00:00+00:00,28.800,7.100,Open-Meteo Historical Weather API,"Casalecchio di Reno, Bologna, Italy",44.4756,11.2759
2021-06-03T17:00:00+00:00,28.100,6.100,Open-Meteo Historical Weather API,"Casalecchio di Reno, Bologna, Italy",44.4756,11.2759
2021-06-03T18:00:00+00:00,27.000,5.900,Open-Meteo Historical Weather API,"Casalecchio di Reno, Bologna, Italy",44.4756,11.2759
2021-06-03T19:00:00+00:00,23.000,8.100,Open-Meteo Historical Weather API,"Casalecchio di Reno, Bologna, Italy",44.4756,11.2759
2021-06-03T20:00:00+00:00,22.000,10.100,Open-Meteo Historical Weather API,"Casalecchio di Reno, Bologna, Italy",44.4756,11.2759
2021-06-03T21:00:00+00:00,20.700,11.000,Open-Meteo Historical Weather API,"Casalecchio di Reno, Bologna, Italy",44.4756,11.2759
2021-06-03T22:00:00+00:00,20.000,12.100,Open-Meteo Historical Weather API,"Casalecchio di Reno, Bologna, Italy",44.4756,11.2759
2021-06-03T23:00:00+00:00,19.300,11.900,Open-Meteo Historical Weather API,"Casalecchio di Reno, Bologna, Italy",44.4756,11.2759
2021-06-04T00:00:00+00:00,19.500,10.700,Open-Meteo Historical Weather API,"Casalecchio di Reno, Bologna, Italy",44.4756,11.2759
2021-06-04T01:00:00+00:00,20.100,10.700,Open-Meteo Historical Weather API,"Casalecchio di Reno, Bologna, Italy",44.4756,11.2759
2021-06-04T02:00:00+00:00,20.400,10.400,Open-Meteo Historical Weather API,"Casalecchio di Reno, Bologna, Italy",44.4756,11.2759
2021-06-04T03:00:00+00:00,20.000,9.900,Open-Meteo Historical Weather API,"Casalecchio di Reno, Bologna, Italy",44.4756,11.2759
2021-06-04T04:00:00+00:00,19.900,9.000,Open-Meteo Historical Weather API,"Casalecchio di Reno, Bologna, Italy",44.4756,11.2759
2021-06-04T05:00:00+00:00,20.900,8.500,Open-Meteo Historical Weather API,"Casalecchio di Reno, Bologna, Italy",44.4756,11.2759
2021-06-04T06:00:00+00:00,22.900,8.900,Open-Meteo Historical Weather API,"Casalecchio di Reno, Bologna, Italy",44.4756,11.2759
2021-06-04T07:00:00+00:00,24.900,9.900,Open-Meteo Historical Weather API,"Casalecchio di Reno, Bologna, Italy",44.4756,11.2759
2021-06-04T08:00:00+00:00,26.500,10.000,Open-Meteo Historical Weather API,"Casalecchio di Reno, Bologna, Italy",44.4756,11.2759
2021-06-04T09:00:00+00:00,27.900,9.100,Open-Meteo Historical Weather API,"Casalecchio di Reno, Bologna, Italy",44.4756,11.2759
2021-06-04T10:00:00+00:00,29.200,7.400,Open-Meteo Historical Weather API,"Casalecchio di Reno, Bologna, Italy",44.4756,11.2759
2021-06-04T11:00:00+00:00,30.300,6.200,Open-Meteo Historical Weather API,"Casalecchio di Reno, Bologna, Italy",44.4756,11.2759
2021-06-04T12:00:00+00:00,29.300,10.100,Open-Meteo Historical Weather API,"Casalecchio di Reno, Bologna, Italy",44.4756,11.2759
2021-06-04T13:00:00+00:00,30.300,8.900,Open-Meteo Historical Weather API,"Casalecchio di Reno, Bologna, Italy",44.4756,11.2759
2021-06-04T14:00:00+00:00,31.000,7.100,Open-Meteo Historical Weather API,"Casalecchio di Reno, Bologna, Italy",44.4756,11.2759
2021-06-04T15:00:00+00:00,30.800,5.600,Open-Meteo Historical Weather API,"Casalecchio di Reno, Bologna, Italy",44.4756,11.2759
2021-06-04T16:00:00+00:00,29.600,5.700,Open-Meteo Historical Weather API,"Casalecchio di Reno, Bologna, Italy",44.4756,11.2759
2021-06-04T17:00:00+00:00,28.500,7.300,Open-Meteo Historical Weather API,"Casalecchio di Reno, Bologna, Italy",44.4756,11.2759
2021-06-04T18:00:00+00:00,26.600,8.900,Open-Meteo Historical Weather API,"Casalecchio di Reno, Bologna, Italy",44.4756,11.2759
2021-06-04T19:00:00+00:00,24.600,10.300,Open-Meteo Historical Weather API,"Casalecchio di Reno, Bologna, Italy",44.4756,11.2759
2021-06-04T20:00:00+00:00,23.900,11.100,Open-Meteo Historical Weather API,"Casalecchio di Reno, Bologna, Italy",44.4756,11.2759
2021-06-04T21:00:00+00:00,23.600,10.500,Open-Meteo Historical Weather API,"Casalecchio di Reno, Bologna, Italy",44.4756,11.2759
2021-06-04T22:00:00+00:00,22.800,9.800,Open-Meteo Historical Weather API,"Casalecchio di Reno, Bologna, Italy",44.4756,11.2759
2021-06-04T23:00:00+00:00,22.100,9.400,Open-Meteo Historical Weather API,"Casalecchio di Reno, Bologna, Italy",44.4756,11.2759
2021-06-05T00:00:00+00:00,22.000,9.100,Open-Meteo Historical Weather API,"Casalecchio di Reno, Bologna, Italy",44.4756,11.2759
2021-06-05T01:00:00+00:00,21.600,9.000,Open-Meteo Historical Weather API,"Casalecchio di Reno, Bologna, Italy",44.4756,11.2759
2021-06-05T02:00:00+00:00,21.200,9.100,Open-Meteo Historical Weather API,"Casalecchio di Reno, Bologna, Italy",44.4756,11.2759
2021-06-05T03:00:00+00:00,21.200,9.200,Open-Meteo Historical Weather API,"Casalecchio di Reno, Bologna, Italy",44.4756,11.2759
2021-06-05T04:00:00+00:00,21.200,9.300,Open-Meteo Historical Weather API,"Casalecchio di Reno, Bologna, Italy",44.4756,11.2759
2021-06-05T05:00:00+00:00,22.100,9.300,Open-Meteo Historical Weather API,"Casalecchio di Reno, Bologna, Italy",44.4756,11.2759
2021-06-05T06:00:00+00:00,22.300,9.400,Open-Meteo Historical Weather API,"Casalecchio di Reno, Bologna, Italy",44.4756,11.2759
2021-06-05T07:00:00+00:00,23.300,9.800,Open-Meteo Historical Weather API,"Casalecchio di Reno, Bologna, Italy",44.4756,11.2759
2021-06-05T08:00:00+00:00,25.600,9.600,Open-Meteo Historical Weather API,"Casalecchio di Reno, Bologna, Italy",44.4756,11.2759
2021-06-05T09:00:00+00:00,25.800,9.900,Open-Meteo Historical Weather API,"Casalecchio di Reno, Bologna, Italy",44.4756,11.2759
2021-06-05T10:00:00+00:00,27.600,10.600,Open-Meteo Historical Weather API,"Casalecchio di Reno, Bologna, Italy",44.4756,11.2759
2021-06-05T11:00:00+00:00,29.000,11.800,Open-Meteo Historical Weather API,"Casalecchio di Reno, Bologna, Italy",44.4756,11.2759
2021-06-05T12:00:00+00:00,26.500,14.300,Open-Meteo Historical Weather API,"Casalecchio di Reno, Bologna, Italy",44.4756,11.2759
2021-06-05T13:00:00+00:00,27.400,13.600,Open-Meteo Historical Weather API,"Casalecchio di Reno, Bologna, Italy",44.4756,11.2759
2021-06-05T14:00:00+00:00,27.500,14.100,Open-Meteo Historical Weather API,"Casalecchio di Reno, Bologna, Italy",44.4756,11.2759
2021-06-05T15:00:00+00:00,27.900,13.900,Open-Meteo Historical Weather API,"Casalecchio di Reno, Bologna, Italy",44.4756,11.2759
2021-06-05T16:00:00+00:00,27.200,13.700,Open-Meteo Historical Weather API,"Casalecchio di Reno, Bologna, Italy",44.4756,11.2759
2021-06-05T17:00:00+00:00,24.300,16.500,Open-Meteo Historical Weather API,"Casalecchio di Reno, Bologna, Italy",44.4756,11.2759
2021-06-05T18:00:00+00:00,23.500,17.200,Open-Meteo Historical Weather API,"Casalecchio di Reno, Bologna, Italy",44.4756,11.2759
2021-06-05T19:00:00+00:00,22.400,17.000,Open-Meteo Historical Weather API,"Casalecchio di Reno, Bologna, Italy",44.4756,11.2759
2021-06-05T20:00:00+00:00,21.500,15.900,Open-Meteo Historical Weather API,"Casalecchio di Reno, Bologna, Italy",44.4756,11.2759
2021-06-05T21:00:00+00:00,20.500,15.900,Open-Meteo Historical Weather API,"Casalecchio di Reno, Bologna, Italy",44.4756,11.2759
2021-06-05T22:00:00+00:00,20.000,15.800,Open-Meteo Historical Weather API,"Casalecchio di Reno, Bologna, Italy",44.4756,11.2759
2021-06-05T23:00:00+00:00,19.700,15.500,Open-Meteo Historical Weather API,"Casalecchio di Reno, Bologna, Italy",44.4756,11.2759
2021-06-06T00:00:00+00:00,19.400,14.400,Open-Meteo Historical Weather API,"Casalecchio di Reno, Bologna, Italy",44.4756,11.2759
2021-06-06T01:00:00+00:00,19.000,14.400,Open-Meteo Historical Weather API,"Casalecchio di Reno, Bologna, Italy",44.4756,11.2759
2021-06-06T02:00:00+00:00,18.500,14.400,Open-Meteo Historical Weather API,"Casalecchio di Reno, Bologna, Italy",44.4756,11.2759
2021-06-06T03:00:00+00:00,17.800,14.200,Open-Meteo Historical Weather API,"Casalecchio di Reno, Bologna, Italy",44.4756,11.2759
2021-06-06T04:00:00+00:00,17.900,14.100,Open-Meteo Historical Weather API,"Casalecchio di Reno, Bologna, Italy",44.4756,11.2759
2021-06-06T05:00:00+00:00,19.200,14.200,Open-Meteo Historical Weather API,"Casalecchio di Reno, Bologna, Italy",44.4756,11.2759
2021-06-06T06:00:00+00:00,21.100,13.600,Open-Meteo Historical Weather API,"Casalecchio di Reno, Bologna, Italy",44.4756,11.2759
2021-06-06T07:00:00+00:00,22.200,13.600,Open-Meteo Historical Weather API,"Casalecchio di Reno, Bologna, Italy",44.4756,11.2759
2021-06-06T08:00:00+00:00,23.700,13.500,Open-Meteo Historical Weather API,"Casalecchio di Reno, Bologna, Italy",44.4756,11.2759
2021-06-06T09:00:00+00:00,25.000,13.300,Open-Meteo Historical Weather API,"Casalecchio di Reno, Bologna, Italy",44.4756,11.2759
2021-06-06T10:00:00+00:00,25.800,13.100,Open-Meteo Historical Weather API,"Casalecchio di Reno, Bologna, Italy",44.4756,11.2759
2021-06-06T11:00:00+00:00,26.400,12.900,Open-Meteo Historical Weather API,"Casalecchio di Reno, Bologna, Italy",44.4756,11.2759
2021-06-06T12:00:00+00:00,26.800,13.300,Open-Meteo Historical Weather API,"Casalecchio di Reno, Bologna, Italy",44.4756,11.2759
2021-06-06T13:00:00+00:00,24.700,17.000,Open-Meteo Historical Weather API,"Casalecchio di Reno, Bologna, Italy",44.4756,11.2759
2021-06-06T14:00:00+00:00,25.000,16.000,Open-Meteo Historical Weather API,"Casalecchio di Reno, Bologna, Italy",44.4756,11.2759
2021-06-06T15:00:00+00:00,24.000,15.600,Open-Meteo Historical Weather API,"Casalecchio di Reno, Bologna, Italy",44.4756,11.2759
2021-06-06T16:00:00+00:00,24.700,14.900,Open-Meteo Historical Weather API,"Casalecchio di Reno, Bologna, Italy",44.4756,11.2759
2021-06-06T17:00:00+00:00,23.400,15.300,Open-Meteo Historical Weather API,"Casalecchio di Reno, Bologna, Italy",44.4756,11.2759
2021-06-06T18:00:00+00:00,21.800,16.800,Open-Meteo Historical Weather API,"Casalecchio di Reno, Bologna, Italy",44.4756,11.2759
2021-06-06T19:00:00+00:00,20.800,17.800,Open-Meteo Historical Weather API,"Casalecchio di Reno, Bologna, Italy",44.4756,11.2759
2021-06-06T20:00:00+00:00,20.000,18.100,Open-Meteo Historical Weather API,"Casalecchio di Reno, Bologna, Italy",44.4756,11.2759
2021-06-06T21:00:00+00:00,19.700,18.200,Open-Meteo Historical Weather API,"Casalecchio di Reno, Bologna, Italy",44.4756,11.2759
2021-06-06T22:00:00+00:00,18.400,17.400,Open-Meteo Historical Weather API,"Casalecchio di Reno, Bologna, Italy",44.4756,11.2759
2021-06-06T23:00:00+00:00,18.400,17.100,Open-Meteo Historical Weather API,"Casalecchio di Reno, Bologna, Italy",44.4756,11.2759
2021-06-07T00:00:00+00:00,18.000,17.200,Open-Meteo Historical Weather API,"Casalecchio di Reno, Bologna, Italy",44.4756,11.2759
2021-06-07T01:00:00+00:00,17.900,17.400,Open-Meteo Historical Weather API,"Casalecchio di Reno, Bologna, Italy",44.4756,11.2759
2021-06-07T02:00:00+00:00,17.600,17.400,Open-Meteo Historical Weather API,"Casalecchio di Reno, Bologna, Italy",44.4756,11.2759
2021-06-07T03:00:00+00:00,17.400,17.000,Open-Meteo Historical Weather API,"Casalecchio di Reno, Bologna, Italy",44.4756,11.2759
2021-06-07T04:00:00+00:00,17.300,16.800,Open-Meteo Historical Weather API,"Casalecchio di Reno, Bologna, Italy",44.4756,11.2759
2021-06-07T05:00:00+00:00,17.900,16.900,Open-Meteo Historical Weather API,"Casalecchio di Reno, Bologna, Italy",44.4756,11.2759
2021-06-07T06:00:00+00:00,18.800,16.800,Open-Meteo Historical Weather API,"Casalecchio di Reno, Bologna, Italy",44.4756,11.2759
2021-06-07T07:00:00+00:00,20.000,16.700,Open-Meteo Historical Weather API,"Casalecchio di Reno, Bologna, Italy",44.4756,11.2759
2021-06-07T08:00:00+00:00,21.200,17.300,Open-Meteo Historical Weather API,"Casalecchio di Reno, Bologna, Italy",44.4756,11.2759
2021-06-07T09:00:00+00:00,21.900,16.400,Open-Meteo Historical Weather API,"Casalecchio di Reno, Bologna, Italy",44.4756,11.2759
2021-06-07T10:00:00+00:00,22.900,16.500,Open-Meteo Historical Weather API,"Casalecchio di Reno, Bologna, Italy",44.4756,11.2759
2021-06-07T11:00:00+00:00,21.400,17.200,Open-Meteo Historical Weather API,"Casalecchio di Reno, Bologna, Italy",44.4756,11.2759
2021-06-07T12:00:00+00:00,22.800,16.600,Open-Meteo Historical Weather API,"Casalecchio di Reno, Bologna, Italy",44.4756,11.2759
2021-06-07T13:00:00+00:00,23.300,16.300,Open-Meteo Historical Weather API,"Casalecchio di Reno, Bologna, Italy",44.4756,11.2759
2021-06-07T14:00:00+00:00,23.500,16.500,Open-Meteo Historical Weather API,"Casalecchio di Reno, Bologna, Italy",44.4756,11.2759
2021-06-07T15:00:00+00:00,21.000,17.600,Open-Meteo Historical Weather API,"Casalecchio di Reno, Bologna, Italy",44.4756,11.2759
2021-06-07T16:00:00+00:00,20.900,17.200,Open-Meteo Historical Weather API,"Casalecchio di Reno, Bologna, Italy",44.4756,11.2759
2021-06-07T17:00:00+00:00,19.900,17.100,Open-Meteo Historical Weather API,"Casalecchio di Reno, Bologna, Italy",44.4756,11.2759
2021-06-07T18:00:00+00:00,19.500,17.200,Open-Meteo Historical Weather API,"Casalecchio di Reno, Bologna, Italy",44.4756,11.2759
2021-06-07T19:00:00+00:00,18.500,17.400,Open-Meteo Historical Weather API,"Casalecchio di Reno, Bologna, Italy",44.4756,11.2759
2021-06-07T20:00:00+00:00,18.000,17.000,Open-Meteo Historical Weather API,"Casalecchio di Reno, Bologna, Italy",44.4756,11.2759
2021-06-07T21:00:00+00:00,17.800,16.900,Open-Meteo Historical Weather API,"Casalecchio di Reno, Bologna, Italy",44.4756,11.2759
2021-06-07T22:00:00+00:00,17.900,16.600,Open-Meteo Historical Weather API,"Casalecchio di Reno, Bologna, Italy",44.4756,11.2759
2021-06-07T23:00:00+00:00,17.200,16.500,Open-Meteo Historical Weather API,"Casalecchio di Reno, Bologna, Italy",44.4756,11.2759
2021-06-08T00:00:00+00:00,17.500,17.200,Open-Meteo Historical Weather API,"Casalecchio di Reno, Bologna, Italy",44.4756,11.2759
2021-06-08T01:00:00+00:00,17.800,17.100,Open-Meteo Historical Weather API,"Casalecchio di Reno, Bologna, Italy",44.4756,11.2759
2021-06-08T02:00:00+00:00,17.800,17.200,Open-Meteo Historical Weather API,"Casalecchio di Reno, Bologna, Italy",44.4756,11.2759
2021-06-08T03:00:00+00:00,17.600,17.100,Open-Meteo Historical Weather API,"Casalecchio di Reno, Bologna, Italy",44.4756,11.2759
2021-06-08T04:00:00+00:00,17.500,17.000,Open-Meteo Historical Weather API,"Casalecchio di Reno, Bologna, Italy",44.4756,11.2759
2021-06-08T05:00:00+00:00,17.800,17.000,Open-Meteo Historical Weather API,"Casalecchio di Reno, Bologna, Italy",44.4756,11.2759
2021-06-08T06:00:00+00:00,18.200,17.200,Open-Meteo Historical Weather API,"Casalecchio di Reno, Bologna, Italy",44.4756,11.2759
2021-06-08T07:00:00+00:00,19.100,17.000,Open-Meteo Historical Weather API,"Casalecchio di Reno, Bologna, Italy",44.4756,11.2759
2021-06-08T08:00:00+00:00,20.100,17.000,Open-Meteo Historical Weather API,"Casalecchio di Reno, Bologna, Italy",44.4756,11.2759
2021-06-08T09:00:00+00:00,21.600,17.400,Open-Meteo Historical Weather API,"Casalecchio di Reno, Bologna, Italy",44.4756,11.2759
2021-06-08T10:00:00+00:00,22.800,17.800,Open-Meteo Historical Weather API,"Casalecchio di Reno, Bologna, Italy",44.4756,11.2759
2021-06-08T11:00:00+00:00,23.500,18.000,Open-Meteo Historical Weather API,"Casalecchio di Reno, Bologna, Italy",44.4756,11.2759
2021-06-08T12:00:00+00:00,24.000,16.800,Open-Meteo Historical Weather API,"Casalecchio di Reno, Bologna, Italy",44.4756,11.2759
2021-06-08T13:00:00+00:00,21.400,17.300,Open-Meteo Historical Weather API,"Casalecchio di Reno, Bologna, Italy",44.4756,11.2759
2021-06-08T14:00:00+00:00,22.100,17.500,Open-Meteo Historical Weather API,"Casalecchio di Reno, Bologna, Italy",44.4756,11.2759
2021-06-08T15:00:00+00:00,22.900,16.500,Open-Meteo Historical Weather API,"Casalecchio di Reno, Bologna, Italy",44.4756,11.2759
2021-06-08T16:00:00+00:00,23.100,17.100,Open-Meteo Historical Weather API,"Casalecchio di Reno, Bologna, Italy",44.4756,11.2759
2021-06-08T17:00:00+00:00,22.600,17.900,Open-Meteo Historical Weather API,"Casalecchio di Reno, Bologna, Italy",44.4756,11.2759
2021-06-08T18:00:00+00:00,21.600,18.500,Open-Meteo Historical Weather API,"Casalecchio di Reno, Bologna, Italy",44.4756,11.2759
2021-06-08T19:00:00+00:00,19.700,18.100,Open-Meteo Historical Weather API,"Casalecchio di Reno, Bologna, Italy",44.4756,11.2759
2021-06-08T20:00:00+00:00,18.900,17.500,Open-Meteo Historical Weather API,"Casalecchio di Reno, Bologna, Italy",44.4756,11.2759
2021-06-08T21:00:00+00:00,18.600,17.200,Open-Meteo Historical Weather API,"Casalecchio di Reno, Bologna, Italy",44.4756,11.2759
2021-06-08T22:00:00+00:00,18.100,16.800,Open-Meteo Historical Weather API,"Casalecchio di Reno, Bologna, Italy",44.4756,11.2759
2021-06-08T23:00:00+00:00,17.900,16.200,Open-Meteo Historical Weather API,"Casalecchio di Reno, Bologna, Italy",44.4756,11.2759
2021-06-09T00:00:00+00:00,16.900,14.100,Open-Meteo Historical Weather API,"Casalecchio di Reno, Bologna, Italy",44.4756,11.2759
2021-06-09T01:00:00+00:00,16.800,13.800,Open-Meteo Historical Weather API,"Casalecchio di Reno, Bologna, Italy",44.4756,11.2759
2021-06-09T02:00:00+00:00,16.700,13.600,Open-Meteo Historical Weather API,"Casalecchio di Reno, Bologna, Italy",44.4756,11.2759
2021-06-09T03:00:00+00:00,16.400,13.400,Open-Meteo Historical Weather API,"Casalecchio di Reno, Bologna, Italy",44.4756,11.2759
2021-06-09T04:00:00+00:00,16.700,13.300,Open-Meteo Historical Weather API,"Casalecchio di Reno, Bologna, Italy",44.4756,11.2759
2021-06-09T05:00:00+00:00,18.800,14.200,Open-Meteo Historical Weather API,"Casalecchio di Reno, Bologna, Italy",44.4756,11.2759
2021-06-09T06:00:00+00:00,20.800,14.900,Open-Meteo Historical Weather API,"Casalecchio di Reno, Bologna, Italy",44.4756,11.2759
2021-06-09T07:00:00+00:00,21.900,15.400,Open-Meteo Historical Weather API,"Casalecchio di Reno, Bologna, Italy",44.4756,11.2759
2021-06-09T08:00:00+00:00,23.200,16.100,Open-Meteo Historical Weather API,"Casalecchio di Reno, Bologna, Italy",44.4756,11.2759
2021-06-09T09:00:00+00:00,24.600,16.200,Open-Meteo Historical Weather API,"Casalecchio di Reno, Bologna, Italy",44.4756,11.2759
2021-06-09T10:00:00+00:00,25.500,16.400,Open-Meteo Historical Weather API,"Casalecchio di Reno, Bologna, Italy",44.4756,11.2759
2021-06-09T11:00:00+00:00,26.000,15.500,Open-Meteo Historical Weather API,"Casalecchio di Reno, Bologna, Italy",44.4756,11.2759
2021-06-09T12:00:00+00:00,26.000,16.400,Open-Meteo Historical Weather API,"Casalecchio di Reno, Bologna, Italy",44.4756,11.2759
2021-06-09T13:00:00+00:00,25.200,16.100,Open-Meteo Historical Weather API,"Casalecchio di Reno, Bologna, Italy",44.4756,11.2759
2021-06-09T14:00:00+00:00,25.200,16.100,Open-Meteo Historical Weather API,"Casalecchio di Reno, Bologna, Italy",44.4756,11.2759
2021-06-09T15:00:00+00:00,25.500,15.200,Open-Meteo Historical Weather API,"Casalecchio di Reno, Bologna, Italy",44.4756,11.2759
2021-06-09T16:00:00+00:00,25.500,15.000,Open-Meteo Historical Weather API,"Casalecchio di Reno, Bologna, Italy",44.4756,11.2759
2021-06-09T17:00:00+00:00,24.800,15.800,Open-Meteo Historical Weather API,"Casalecchio di Reno, Bologna, Italy",44.4756,11.2759
2021-06-09T18:00:00+00:00,23.400,16.600,Open-Meteo Historical Weather API,"Casalecchio di Reno, Bologna, Italy",44.4756,11.2759
2021-06-09T19:00:00+00:00,21.600,16.100,Open-Meteo Historical Weather API,"Casalecchio di Reno, Bologna, Italy",44.4756,11.2759
2021-06-09T20:00:00+00:00,20.700,15.900,Open-Meteo Historical Weather API,"Casalecchio di Reno, Bologna, Italy",44.4756,11.2759
2021-06-09T21:00:00+00:00,19.700,15.400,Open-Meteo Historical Weather API,"Casalecchio di Reno, Bologna, Italy",44.4756,11.2759
2021-06-09T22:00:00+00:00,18.800,14.900,Open-Meteo Historical Weather API,"Casalecchio di Reno, Bologna, Italy",44.4756,11.2759
2021-06-09T23:00:00+00:00,18.200,14.600,Open-Meteo Historical Weather API,"Casalecchio di Reno, Bologna, Italy",44.4756,11.2759
2021-06-10T00:00:00+00:00,17.800,14.600,Open-Meteo Historical Weather API,"Casalecchio di Reno, Bologna, Italy",44.4756,11.2759
2021-06-10T01:00:00+00:00,16.900,14.500,Open-Meteo Historical Weather API,"Casalecchio di Reno, Bologna, Italy",44.4756,11.2759
2021-06-10T02:00:00+00:00,16.200,14.200,Open-Meteo Historical Weather API,"Casalecchio di Reno, Bologna, Italy",44.4756,11.2759
2021-06-10T03:00:00+00:00,15.900,13.900,Open-Meteo Historical Weather API,"Casalecchio di Reno, Bologna, Italy",44.4756,11.2759
2021-06-10T04:00:00+00:00,16.100,13.700,Open-Meteo Historical Weather API,"Casalecchio di Reno, Bologna, Italy",44.4756,11.2759
2021-06-10T05:00:00+00:00,18.400,14.800,Open-Meteo Historical Weather API,"Casalecchio di Reno, Bologna, Italy",44.4756,11.2759
2021-06-10T06:00:00+00:00,21.500,15.900,Open-Meteo Historical Weather API,"Casalecchio di Reno, Bologna, Italy",44.4756,11.2759
2021-06-10T07:00:00+00:00,22.100,16.000,Open-Meteo Historical Weather API,"Casalecchio di Reno, Bologna, Italy",44.4756,11.2759
2021-06-10T08:00:00+00:00,23.400,15.600,Open-Meteo Historical Weather API,"Casalecchio di Reno, Bologna, Italy",44.4756,11.2759
2021-06-10T09:00:00+00:00,24.400,15.600,Open-Meteo Historical Weather API,"Casalecchio di Reno, Bologna, Italy",44.4756,11.2759
2021-06-10T10:00:00+00:00,25.500,15.800,Open-Meteo Historical Weather API,"Casalecchio di Reno, Bologna, Italy",44.4756,11.2759
2021-06-10T11:00:00+00:00,26.100,15.600,Open-Meteo Historical Weather API,"Casalecchio di Reno, Bologna, Italy",44.4756,11.2759
2021-06-10T12:00:00+00:00,22.100,17.100,Open-Meteo Historical Weather API,"Casalecchio di Reno, Bologna, Italy",44.4756,11.2759
2021-06-10T13:00:00+00:00,24.400,16.800,Open-Meteo Historical Weather API,"Casalecchio di Reno, Bologna, Italy",44.4756,11.2759
2021-06-10T14:00:00+00:00,25.800,15.900,Open-Meteo Historical Weather API,"Casalecchio di Reno, Bologna, Italy",44.4756,11.2759
2021-06-10T15:00:00+00:00,26.000,15.100,Open-Meteo Historical Weather API,"Casalecchio di Reno, Bologna, Italy",44.4756,11.2759
2021-06-10T16:00:00+00:00,25.400,15.500,Open-Meteo Historical Weather API,"Casalecchio di Reno, Bologna, Italy",44.4756,11.2759
2021-06-10T17:00:00+00:00,24.900,15.400,Open-Meteo Historical Weather API,"Casalecchio di Reno, Bologna, Italy",44.4756,11.2759
2021-06-10T18:00:00+00:00,23.500,18.500,Open-Meteo Historical Weather API,"Casalecchio di Reno, Bologna, Italy",44.4756,11.2759
2021-06-10T19:00:00+00:00,22.100,16.200,Open-Meteo Historical Weather API,"Casalecchio di Reno, Bologna, Italy",44.4756,11.2759
2021-06-10T20:00:00+00:00,20.000,16.400,Open-Meteo Historical Weather API,"Casalecchio di Reno, Bologna, Italy",44.4756,11.2759
2021-06-10T21:00:00+00:00,19.000,16.100,Open-Meteo Historical Weather API,"Casalecchio di Reno, Bologna, Italy",44.4756,11.2759
2021-06-10T22:00:00+00:00,17.900,15.800,Open-Meteo Historical Weather API,"Casalecchio di Reno, Bologna, Italy",44.4756,11.2759
2021-06-10T23:00:00+00:00,17.000,15.400,Open-Meteo Historical Weather API,"Casalecchio di Reno, Bologna, Italy",44.4756,11.2759
2021-06-11T00:00:00+00:00,16.500,16.000,Open-Meteo Historical Weather API,"Casalecchio di Reno, Bologna, Italy",44.4756,11.2759
2021-06-11T01:00:00+00:00,17.300,15.400,Open-Meteo Historical Weather API,"Casalecchio di Reno, Bologna, Italy",44.4756,11.2759
2021-06-11T02:00:00+00:00,17.100,14.600,Open-Meteo Historical Weather API,"Casalecchio di Reno, Bologna, Italy",44.4756,11.2759
2021-06-11T03:00:00+00:00,16.900,13.900,Open-Meteo Historical Weather API,"Casalecchio di Reno, Bologna, Italy",44.4756,11.2759
2021-06-11T04:00:00+00:00,16.600,13.200,Open-Meteo Historical Weather API,"Casalecchio di Reno, Bologna, Italy",44.4756,11.2759
2021-06-11T05:00:00+00:00,18.400,14.000,Open-Meteo Historical Weather API,"Casalecchio di Reno, Bologna, Italy",44.4756,11.2759
2021-06-11T06:00:00+00:00,21.500,15.100,Open-Meteo Historical Weather API,"Casalecchio di Reno, Bologna, Italy",44.4756,11.2759
2021-06-11T07:00:00+00:00,23.000,14.900,Open-Meteo Historical Weather API,"Casalecchio di Reno, Bologna, Italy",44.4756,11.2759
2021-06-11T08:00:00+00:00,24.200,15.400,Open-Meteo Historical Weather API,"Casalecchio di Reno, Bologna, Italy",44.4756,11.2759
2021-06-11T09:00:00+00:00,25.300,15.400,Open-Meteo Historical Weather API,"Casalecchio di Reno, Bologna, Italy",44.4756,11.2759
2021-06-11T10:00:00+00:00,25.800,15.800,Open-Meteo Historical Weather API,"Casalecchio di Reno, Bologna, Italy",44.4756,11.2759
2021-06-11T11:00:00+00:00,25.900,15.700,Open-Meteo Historical Weather API,"Casalecchio di Reno, Bologna, Italy",44.4756,11.2759
2021-06-11T12:00:00+00:00,22.500,16.800,Open-Meteo Historical Weather API,"Casalecchio di Reno, Bologna, Italy",44.4756,11.2759
2021-06-11T13:00:00+00:00,22.900,17.000,Open-Meteo Historical Weather API,"Casalecchio di Reno, Bologna, Italy",44.4756,11.2759
2021-06-11T14:00:00+00:00,25.200,13.600,Open-Meteo Historical Weather API,"Casalecchio di Reno, Bologna, Italy",44.4756,11.2759
2021-06-11T15:00:00+00:00,26.000,12.800,Open-Meteo Historical Weather API,"Casalecchio di Reno, Bologna, Italy",44.4756,11.2759
2021-06-11T16:00:00+00:00,25.800,12.600,Open-Meteo Historical Weather API,"Casalecchio di Reno, Bologna, Italy",44.4756,11.2759
2021-06-11T17:00:00+00:00,24.500,13.800,Open-Meteo Historical Weather API,"Casalecchio di Reno, Bologna, Italy",44.4756,11.2759
2021-06-11T18:00:00+00:00,23.000,17.100,Open-Meteo Historical Weather API,"Casalecchio di Reno, Bologna, Italy",44.4756,11.2759
2021-06-11T19:00:00+00:00,23.100,13.600,Open-Meteo Historical Weather API,"Casalecchio di Reno, Bologna, Italy",44.4756,11.2759
2021-06-11T20:00:00+00:00,20.700,14.000,Open-Meteo Historical Weather API,"Casalecchio di Reno, Bologna, Italy",44.4756,11.2759
2021-06-11T21:00:00+00:00,19.500,13.600,Open-Meteo Historical Weather API,"Casalecchio di Reno, Bologna, Italy",44.4756,11.2759
2021-06-11T22:00:00+00:00,17.500,13.700,Open-Meteo Historical Weather API,"Casalecchio di Reno, Bologna, Italy",44.4756,11.2759
2021-06-11T23:00:00+00:00,15.800,13.400,Open-Meteo Historical Weather API,"Casalecchio di Reno, Bologna, Italy",44.4756,11.2759
2021-06-12T00:00:00+00:00,16.300,12.800,Open-Meteo Historical Weather API,"Casalecchio di Reno, Bologna, Italy",44.4756,11.2759
2021-06-12T01:00:00+00:00,15.900,12.900,Open-Meteo Historical Weather API,"Casalecchio di Reno, Bologna, Italy",44.4756,11.2759
2021-06-12T02:00:00+00:00,15.900,12.800,Open-Meteo Historical Weather API,"Casalecchio di Reno, Bologna, Italy",44.4756,11.2759
2021-06-12T03:00:00+00:00,15.800,12.500,Open-Meteo Historical Weather API,"Casalecchio di Reno, Bologna, Italy",44.4756,11.2759
2021-06-12T04:00:00+00:00,16.500,11.900,Open-Meteo Historical Weather API,"Casalecchio di Reno, Bologna, Italy",44.4756,11.2759
2021-06-12T05:00:00+00:00,18.400,12.600,Open-Meteo Historical Weather API,"Casalecchio di Reno, Bologna, Italy",44.4756,11.2759
2021-06-12T06:00:00+00:00,21.500,14.700,Open-Meteo Historical Weather API,"Casalecchio di Reno, Bologna, Italy",44.4756,11.2759
2021-06-12T07:00:00+00:00,24.400,13.400,Open-Meteo Historical Weather API,"Casalecchio di Reno, Bologna, Italy",44.4756,11.2759
2021-06-12T08:00:00+00:00,25.500,13.400,Open-Meteo Historical Weather API,"Casalecchio di Reno, Bologna, Italy",44.4756,11.2759
2021-06-12T09:00:00+00:00,26.400,13.600,Open-Meteo Historical Weather API,"Casalecchio di Reno, Bologna, Italy",44.4756,11.2759
2021-06-12T10:00:00+00:00,27.400,13.400,Open-Meteo Historical Weather API,"Casalecchio di Reno, Bologna, Italy",44.4756,11.2759
2021-06-12T11:00:00+00:00,28.400,13.100,Open-Meteo Historical Weather API,"Casalecchio di Reno, Bologna, Italy",44.4756,11.2759
2021-06-12T12:00:00+00:00,28.700,13.700,Open-Meteo Historical Weather API,"Casalecchio di Reno, Bologna, Italy",44.4756,11.2759
2021-06-12T13:00:00+00:00,29.200,13.200,Open-Meteo Historical Weather API,"Casalecchio di Reno, Bologna, Italy",44.4756,11.2759
2021-06-12T14:00:00+00:00,29.200,13.000,Open-Meteo Historical Weather API,"Casalecchio di Reno, Bologna, Italy",44.4756,11.2759
2021-06-12T15:00:00+00:00,29.100,13.100,Open-Meteo Historical Weather API,"Casalecchio di Reno, Bologna, Italy",44.4756,11.2759
2021-06-12T16:00:00+00:00,28.800,13.400,Open-Meteo Historical Weather API,"Casalecchio di Reno, Bologna, Italy",44.4756,11.2759
2021-06-12T17:00:00+00:00,28.100,14.400,Open-Meteo Historical Weather API,"Casalecchio di Reno, Bologna, Italy",44.4756,11.2759
2021-06-12T18:00:00+00:00,25.600,17.900,Open-Meteo Historical Weather API,"Casalecchio di Reno, Bologna, Italy",44.4756,11.2759
2021-06-12T19:00:00+00:00,23.400,14.100,Open-Meteo Historical Weather API,"Casalecchio di Reno, Bologna, Italy",44.4756,11.2759
2021-06-12T20:00:00+00:00,22.600,13.700,Open-Meteo Historical Weather API,"Casalecchio di Reno, Bologna, Italy",44.4756,11.2759
2021-06-12T21:00:00+00:00,22.200,14.800,Open-Meteo Historical Weather API,"Casalecchio di Reno, Bologna, Italy",44.4756,11.2759
2021-06-12T22:00:00+00:00,22.000,14.800,Open-Meteo Historical Weather API,"Casalecchio di Reno, Bologna, Italy",44.4756,11.2759
2021-06-12T23:00:00+00:00,21.400,14.400,Open-Meteo Historical Weather API,"Casalecchio di Reno, Bologna, Italy",44.4756,11.2759
2021-06-13T00:00:00+00:00,21.400,14.600,Open-Meteo Historical Weather API,"Casalecchio di Reno, Bologna, Italy",44.4756,11.2759
2021-06-13T01:00:00+00:00,21.400,14.800,Open-Meteo Historical Weather API,"Casalecchio di Reno, Bologna, Italy",44.4756,11.2759
2021-06-13T02:00:00+00:00,20.800,14.600,Open-Meteo Historical Weather API,"Casalecchio di Reno, Bologna, Italy",44.4756,11.2759
2021-06-13T03:00:00+00:00,20.200,14.200,Open-Meteo Historical Weather API,"Casalecchio di Reno, Bologna, Italy",44.4756,11.2759
2021-06-13T04:00:00+00:00,19.900,14.200,Open-Meteo Historical Weather API,"Casalecchio di Reno, Bologna, Italy",44.4756,11.2759
2021-06-13T05:00:00+00:00,21.000,15.200,Open-Meteo Historical Weather API,"Casalecchio di Reno, Bologna, Italy",44.4756,11.2759
2021-06-13T06:00:00+00:00,23.900,16.500,Open-Meteo Historical Weather API,"Casalecchio di Reno, Bologna, Italy",44.4756,11.2759
2021-06-13T07:00:00+00:00,26.000,15.100,Open-Meteo Historical Weather API,"Casalecchio di Reno, Bologna, Italy",44.4756,11.2759
2021-06-13T08:00:00+00:00,27.300,15.100,Open-Meteo Historical Weather API,"Casalecchio di Reno, Bologna, Italy",44.4756,11.2759
2021-06-13T09:00:00+00:00,28.400,15.600,Open-Meteo Historical Weather API,"Casalecchio di Reno, Bologna, Italy",44.4756,11.2759
2021-06-13T10:00:00+00:00,29.400,16.000,Open-Meteo Historical Weather API,"Casalecchio di Reno, Bologna, Italy",44.4756,11.2759
2021-06-13T11:00:00+00:00,30.100,16.000,Open-Meteo Historical Weather API,"Casalecchio di Reno, Bologna, Italy",44.4756,11.2759
2021-06-13T12:00:00+00:00,31.000,15.900,Open-Meteo Historical Weather API,"Casalecchio di Reno, Bologna, Italy",44.4756,11.2759
2021-06-13T13:00:00+00:00,31.500,15.600,Open-Meteo Historical Weather API,"Casalecchio di Reno, Bologna, Italy",44.4756,11.2759
2021-06-13T14:00:00+00:00,31.500,15.400,Open-Meteo Historical Weather API,"Casalecchio di Reno, Bologna, Italy",44.4756,11.2759
2021-06-13T15:00:00+00:00,31.200,15.600,Open-Meteo Historical Weather API,"Casalecchio di Reno, Bologna, Italy",44.4756,11.2759
2021-06-13T16:00:00+00:00,31.200,14.900,Open-Meteo Historical Weather API,"Casalecchio di Reno, Bologna, Italy",44.4756,11.2759
2021-06-13T17:00:00+00:00,29.500,16.200,Open-Meteo Historical Weather API,"Casalecchio di Reno, Bologna, Italy",44.4756,11.2759
2021-06-13T18:00:00+00:00,27.000,18.000,Open-Meteo Historical Weather API,"Casalecchio di Reno, Bologna, Italy",44.4756,11.2759
2021-06-13T19:00:00+00:00,25.400,17.500,Open-Meteo Historical Weather API,"Casalecchio di Reno, Bologna, Italy",44.4756,11.2759
2021-06-13T20:00:00+00:00,24.000,17.800,Open-Meteo Historical Weather API,"Casalecchio di Reno, Bologna, Italy",44.4756,11.2759
2021-06-13T21:00:00+00:00,22.900,18.300,Open-Meteo Historical Weather API,"Casalecchio di Reno, Bologna, Italy",44.4756,11.2759
2021-06-13T22:00:00+00:00,22.200,18.500,Open-Meteo Historical Weather API,"Casalecchio di Reno, Bologna, Italy",44.4756,11.2759
2021-06-13T23:00:00+00:00,21.500,18.400,Open-Meteo Historical Weather API,"Casalecchio di Reno, Bologna, Italy",44.4756,11.2759
2021-06-14T00:00:00+00:00,20.200,18.400,Open-Meteo Historical Weather API,"Casalecchio di Reno, Bologna, Italy",44.4756,11.2759
2021-06-14T01:00:00+00:00,20.000,18.000,Open-Meteo Historical Weather API,"Casalecchio di Reno, Bologna, Italy",44.4756,11.2759
2021-06-14T02:00:00+00:00,19.600,17.800,Open-Meteo Historical Weather API,"Casalecchio di Reno, Bologna, Italy",44.4756,11.2759
2021-06-14T03:00:00+00:00,19.200,17.600,Open-Meteo Historical Weather API,"Casalecchio di Reno, Bologna, Italy",44.4756,11.2759
2021-06-14T04:00:00+00:00,19.500,18.100,Open-Meteo Historical Weather API,"Casalecchio di Reno, Bologna, Italy",44.4756,11.2759
2021-06-14T05:00:00+00:00,21.000,19.000,Open-Meteo Historical Weather API,"Casalecchio di Reno, Bologna, Italy",44.4756,11.2759
2021-06-14T06:00:00+00:00,22.500,19.700,Open-Meteo Historical Weather API,"Casalecchio di Reno, Bologna, Italy",44.4756,11.2759
2021-06-14T07:00:00+00:00,24.200,19.100,Open-Meteo Historical Weather API,"Casalecchio di Reno, Bologna, Italy",44.4756,11.2759
2021-06-14T08:00:00+00:00,25.400,18.500,Open-Meteo Historical Weather API,"Casalecchio di Reno, Bologna, Italy",44.4756,11.2759
2021-06-14T09:00:00+00:00,26.600,17.300,Open-Meteo Historical Weather API,"Casalecchio di Reno, Bologna, Italy",44.4756,11.2759
2021-06-14T10:00:00+00:00,27.500,17.000,Open-Meteo Historical Weather API,"Casalecchio di Reno, Bologna, Italy",44.4756,11.2759
2021-06-14T11:00:00+00:00,27.600,16.800,Open-Meteo Historical Weather API,"Casalecchio di Reno, Bologna, Italy",44.4756,11.2759
2021-06-14T12:00:00+00:00,28.600,16.400,Open-Meteo Historical Weather API,"Casalecchio di Reno, Bologna, Italy",44.4756,11.2759
2021-06-14T13:00:00+00:00,28.600,15.700,Open-Meteo Historical Weather API,"Casalecchio di Reno, Bologna, Italy",44.4756,11.2759
2021-06-14T14:00:00+00:00,28.500,15.200,Open-Meteo Historical Weather API,"Casalecchio di Reno, Bologna, Italy",44.4756,11.2759
2021-06-14T15:00:00+00:00,27.800,14.900,Open-Meteo Historical Weather API,"Casalecchio di Reno, Bologna, Italy",44.4756,11.2759
2021-06-14T16:00:00+00:00,26.900,14.600,Open-Meteo Historical Weather API,"Casalecchio di Reno, Bologna, Italy",44.4756,11.2759
2021-06-14T17:00:00+00:00,26.000,14.200,Open-Meteo Historical Weather API,"Casalecchio di Reno, Bologna, Italy",44.4756,11.2759
2021-06-14T18:00:00+00:00,24.500,13.700,Open-Meteo Historical Weather API,"Casalecchio di Reno, Bologna, Italy",44.4756,11.2759
2021-06-14T19:00:00+00:00,22.800,12.500,Open-Meteo Historical Weather API,"Casalecchio di Reno, Bologna, Italy",44.4756,11.2759
2021-06-14T20:00:00+00:00,21.600,12.200,Open-Meteo Historical Weather API,"Casalecchio di Reno, Bologna, Italy",44.4756,11.2759
2021-06-14T21:00:00+00:00,20.800,12.200,Open-Meteo Historical Weather API,"Casalecchio di Reno, Bologna, Italy",44.4756,11.2759
2021-06-14T22:00:00+00:00,20.000,11.600,Open-Meteo Historical Weather API,"Casalecchio di Reno, Bologna, Italy",44.4756,11.2759
2021-06-14T23:00:00+00:00,19.200,11.300,Open-Meteo Historical Weather API,"Casalecchio di Reno, Bologna, Italy",44.4756,11.2759
2021-06-15T00:00:00+00:00,19.500,11.300,Open-Meteo Historical Weather API,"Casalecchio di Reno, Bologna, Italy",44.4756,11.2759
2021-06-15T01:00:00+00:00,19.000,11.200,Open-Meteo Historical Weather API,"Casalecchio di Reno, Bologna, Italy",44.4756,11.2759
2021-06-15T02:00:00+00:00,18.500,11.100,Open-Meteo Historical Weather API,"Casalecchio di Reno, Bologna, Italy",44.4756,11.2759
2021-06-15T03:00:00+00:00,18.100,10.400,Open-Meteo Historical Weather API,"Casalecchio di Reno, Bologna, Italy",44.4756,11.2759
2021-06-15T04:00:00+00:00,18.100,9.500,Open-Meteo Historical Weather API,"Casalecchio di Reno, Bologna, Italy",44.4756,11.2759
2021-06-15T05:00:00+00:00,19.200,9.900,Open-Meteo Historical Weather API,"Casalecchio di Reno, Bologna, Italy",44.4756,11.2759
2021-06-15T06:00:00+00:00,21.100,10.100,Open-Meteo Historical Weather API,"Casalecchio di Reno, Bologna, Italy",44.4756,11.2759
2021-06-15T07:00:00+00:00,23.000,10.400,Open-Meteo Historical Weather API,"Casalecchio di Reno, Bologna, Italy",44.4756,11.2759
2021-06-15T08:00:00+00:00,24.600,10.100,Open-Meteo Historical Weather API,"Casalecchio di Reno, Bologna, Italy",44.4756,11.2759
2021-06-15T09:00:00+00:00,25.900,10.100,Open-Meteo Historical Weather API,"Casalecchio di Reno, Bologna, Italy",44.4756,11.2759
2021-06-15T10:00:00+00:00,26.900,11.000,Open-Meteo Historical Weather API,"Casalecchio di Reno, Bologna, Italy",44.4756,11.2759
2021-06-15T11:00:00+00:00,27.800,11.600,Open-Meteo Historical Weather API,"Casalecchio di Reno, Bologna, Italy",44.4756,11.2759
2021-06-15T12:00:00+00:00,27.800,12.100,Open-Meteo Historical Weather API,"Casalecchio di Reno, Bologna, Italy",44.4756,11.2759
2021-06-15T13:00:00+00:00,28.200,12.100,Open-Meteo Historical Weather API,"Casalecchio di Reno, Bologna, Italy",44.4756,11.2759
2021-06-15T14:00:00+00:00,28.500,11.900,Open-Meteo Historical Weather API,"Casalecchio di Reno, Bologna, Italy",44.4756,11.2759
2021-06-15T15:00:00+00:00,28.500,11.900,Open-Meteo Historical Weather API,"Casalecchio di Reno, Bologna, Italy",44.4756,11.2759
2021-06-15T16:00:00+00:00,27.900,12.000,Open-Meteo Historical Weather API,"Casalecchio di Reno, Bologna, Italy",44.4756,11.2759
2021-06-15T17:00:00+00:00,26.900,12.100,Open-Meteo Historical Weather API,"Casalecchio di Reno, Bologna, Italy",44.4756,11.2759
2021-06-15T18:00:00+00:00,25.200,12.700,Open-Meteo Historical Weather API,"Casalecchio di Reno, Bologna, Italy",44.4756,11.2759
2021-06-15T19:00:00+00:00,23.100,12.100,Open-Meteo Historical Weather API,"Casalecchio di Reno, Bologna, Italy",44.4756,11.2759
2021-06-15T20:00:00+00:00,21.900,11.600,Open-Meteo Historical Weather API,"Casalecchio di Reno, Bologna, Italy",44.4756,11.2759
2021-06-15T21:00:00+00:00,20.800,11.600,Open-Meteo Historical Weather API,"Casalecchio di Reno, Bologna, Italy",44.4756,11.2759
2021-06-15T22:00:00+00:00,19.900,12.600,Open-Meteo Historical Weather API,"Casalecchio di Reno, Bologna, Italy",44.4756,11.2759
2021-06-15T23:00:00+00:00,19.100,13.600,Open-Meteo Historical Weather API,"Casalecchio di Reno, Bologna, Italy",44.4756,11.2759
2021-06-16T00:00:00+00:00,19.300,13.900,Open-Meteo Historical Weather API,"Casalecchio di Reno, Bologna, Italy",44.4756,11.2759
2021-06-16T01:00:00+00:00,18.500,14.400,Open-Meteo Historical Weather API,"Casalecchio di Reno, Bologna, Italy",44.4756,11.2759
2021-06-16T02:00:00+00:00,17.900,15.000,Open-Meteo Historical Weather API,"Casalecchio di Reno, Bologna, Italy",44.4756,11.2759
2021-06-16T03:00:00+00:00,17.400,15.500,Open-Meteo Historical Weather API,"Casalecchio di Reno, Bologna, Italy",44.4756,11.2759
2021-06-16T04:00:00+00:00,17.400,15.700,Open-Meteo Historical Weather API,"Casalecchio di Reno, Bologna, Italy",44.4756,11.2759
2021-06-16T05:00:00+00:00,20.000,16.700,Open-Meteo Historical Weather API,"Casalecchio di Reno, Bologna, Italy",44.4756,11.2759
2021-06-16T06:00:00+00:00,22.500,16.800,Open-Meteo Historical Weather API,"Casalecchio di Reno, Bologna, Italy",44.4756,11.2759
2021-06-16T07:00:00+00:00,24.100,14.400,Open-Meteo Historical Weather API,"Casalecchio di Reno, Bologna, Italy",44.4756,11.2759
2021-06-16T08:00:00+00:00,25.800,12.400,Open-Meteo Historical Weather API,"Casalecchio di Reno, Bologna, Italy",44.4756,11.2759
2021-06-16T09:00:00+00:00,27.300,11.900,Open-Meteo Historical Weather API,"Casalecchio di Reno, Bologna, Italy",44.4756,11.2759
2021-06-16T10:00:00+00:00,28.500,12.600,Open-Meteo Historical Weather API,"Casalecchio di Reno, Bologna, Italy",44.4756,11.2759
2021-06-16T11:00:00+00:00,29.300,13.100,Open-Meteo Historical Weather API,"Casalecchio di Reno, Bologna, Italy",44.4756,11.2759
2021-06-16T12:00:00+00:00,29.000,15.400,Open-Meteo Historical Weather API,"Casalecchio di Reno, Bologna, Italy",44.4756,11.2759
2021-06-16T13:00:00+00:00,28.900,15.600,Open-Meteo Historical Weather API,"Casalecchio di Reno, Bologna, Italy",44.4756,11.2759
2021-06-16T14:00:00+00:00,28.900,15.600,Open-Meteo Historical Weather API,"Casalecchio di Reno, Bologna, Italy",44.4756,11.2759
2021-06-16T15:00:00+00:00,28.800,15.500,Open-Meteo Historical Weather API,"Casalecchio di Reno, Bologna, Italy",44.4756,11.2759
2021-06-16T16:00:00+00:00,28.600,15.400,Open-Meteo Historical Weather API,"Casalecchio di Reno, Bologna, Italy",44.4756,11.2759
2021-06-16T17:00:00+00:00,28.000,15.800,Open-Meteo Historical Weather API,"Casalecchio di Reno, Bologna, Italy",44.4756,11.2759
2021-06-16T18:00:00+00:00,26.800,16.100,Open-Meteo Historical Weather API,"Casalecchio di Reno, Bologna, Italy",44.4756,11.2759
2021-06-16T19:00:00+00:00,24.900,15.500,Open-Meteo Historical Weather API,"Casalecchio di Reno, Bologna, Italy",44.4756,11.2759
2021-06-16T20:00:00+00:00,23.600,15.100,Open-Meteo Historical Weather API,"Casalecchio di Reno, Bologna, Italy",44.4756,11.2759
2021-06-16T21:00:00+00:00,22.500,15.100,Open-Meteo Historical Weather API,"Casalecchio di Reno, Bologna, Italy",44.4756,11.2759
2021-06-16T22:00:00+00:00,21.400,15.900,Open-Meteo Historical Weather API,"Casalecchio di Reno, Bologna, Italy",44.4756,11.2759
2021-06-16T23:00:00+00:00,20.900,16.900,Open-Meteo Historical Weather API,"Casalecchio di Reno, Bologna, Italy",44.4756,11.2759
2021-06-17T00:00:00+00:00,20.500,18.900,Open-Meteo Historical Weather API,"Casalecchio di Reno, Bologna, Italy",44.4756,11.2759
2021-06-17T01:00:00+00:00,20.800,18.600,Open-Meteo Historical Weather API,"Casalecchio di Reno, Bologna, Italy",44.4756,11.2759
2021-06-17T02:00:00+00:00,20.500,18.000,Open-Meteo Historical Weather API,"Casalecchio di Reno, Bologna, Italy",44.4756,11.2759
2021-06-17T03:00:00+00:00,20.200,17.500,Open-Meteo Historical Weather API,"Casalecchio di Reno, Bologna, Italy",44.4756,11.2759
2021-06-17T04:00:00+00:00,20.000,17.800,Open-Meteo Historical Weather API,"Casalecchio di Reno, Bologna, Italy",44.4756,11.2759
2021-06-17T05:00:00+00:00,21.300,18.500,Open-Meteo Historical Weather API,"Casalecchio di Reno, Bologna, Italy",44.4756,11.2759
2021-06-17T06:00:00+00:00,23.100,18.500,Open-Meteo Historical Weather API,"Casalecchio di Reno, Bologna, Italy",44.4756,11.2759
2021-06-17T07:00:00+00:00,24.300,17.400,Open-Meteo Historical Weather API,"Casalecchio di Reno, Bologna, Italy",44.4756,11.2759
2021-06-17T08:00:00+00:00,26.100,16.500,Open-Meteo Historical Weather API,"Casalecchio di Reno, Bologna, Italy",44.4756,11.2759
2021-06-17T09:00:00+00:00,27.700,16.000,Open-Meteo Historical Weather API,"Casalecchio di Reno, Bologna, Italy",44.4756,11.2759
2021-06-17T10:00:00+00:00,29.000,16.400,Open-Meteo Historical Weather API,"Casalecchio di Reno, Bologna, Italy",44.4756,11.2759
2021-06-17T11:00:00+00:00,29.800,16.900,Open-Meteo Historical Weather API,"Casalecchio di Reno, Bologna, Italy",44.4756,11.2759
2021-06-17T12:00:00+00:00,29.800,17.900,Open-Meteo Historical Weather API,"Casalecchio di Reno, Bologna, Italy",44.4756,11.2759
2021-06-17T13:00:00+00:00,29.500,17.500,Open-Meteo Historical Weather API,"Casalecchio di Reno, Bologna, Italy",44.4756,11.2759
2021-06-17T14:00:00+00:00,28.000,19.200,Open-Meteo Historical Weather API,"Casalecchio di Reno, Bologna, Italy",44.4756,11.2759
2021-06-17T15:00:00+00:00,29.400,18.200,Open-Meteo Historical Weather API,"Casalecchio di Reno, Bologna, Italy",44.4756,11.2759
2021-06-17T16:00:00+00:00,29.500,17.900,Open-Meteo Historical Weather API,"Casalecchio di Reno, Bologna, Italy",44.4756,11.2759
2021-06-17T17:00:00+00:00,29.100,18.000,Open-Meteo Historical Weather API,"Casalecchio di Reno, Bologna, Italy",44.4756,11.2759
2021-06-17T18:00:00+00:00,28.000,19.300,Open-Meteo Historical Weather API,"Casalecchio di Reno, Bologna, Italy",44.4756,11.2759
2021-06-17T19:00:00+00:00,25.600,19.000,Open-Meteo Historical Weather API,"Casalecchio di Reno, Bologna, Italy",44.4756,11.2759
2021-06-17T20:00:00+00:00,24.500,18.500,Open-Meteo Historical Weather API,"Casalecchio di Reno, Bologna, Italy",44.4756,11.2759
2021-06-17T21:00:00+00:00,24.100,17.100,Open-Meteo Historical Weather API,"Casalecchio di Reno, Bologna, Italy",44.4756,11.2759
2021-06-17T22:00:00+00:00,24.400,16.600,Open-Meteo Historical Weather API,"Casalecchio di Reno, Bologna, Italy",44.4756,11.2759
2021-06-17T23:00:00+00:00,23.700,15.600,Open-Meteo Historical Weather API,"Casalecchio di Reno, Bologna, Italy",44.4756,11.2759
2021-06-18T00:00:00+00:00,23.000,15.100,Open-Meteo Historical Weather API,"Casalecchio di Reno, Bologna, Italy",44.4756,11.2759
2021-06-18T01:00:00+00:00,23.700,11.100,Open-Meteo Historical Weather API,"Casalecchio di Reno, Bologna, Italy",44.4756,11.2759
2021-06-18T02:00:00+00:00,23.000,10.200,Open-Meteo Historical Weather API,"Casalecchio di Reno, Bologna, Italy",44.4756,11.2759
2021-06-18T03:00:00+00:00,21.800,11.300,Open-Meteo Historical Weather API,"Casalecchio di Reno, Bologna, Italy",44.4756,11.2759
2021-06-18T04:00:00+00:00,21.000,13.600,Open-Meteo Historical Weather API,"Casalecchio di Reno, Bologna, Italy",44.4756,11.2759
2021-06-18T05:00:00+00:00,22.400,12.100,Open-Meteo Historical Weather API,"Casalecchio di Reno, Bologna, Italy",44.4756,11.2759
2021-06-18T06:00:00+00:00,23.600,11.800,Open-Meteo Historical Weather API,"Casalecchio di Reno, Bologna, Italy",44.4756,11.2759
2021-06-18T07:00:00+00:00,25.400,12.400,Open-Meteo Historical Weather API,"Casalecchio di Reno, Bologna, Italy",44.4756,11.2759
2021-06-18T08:00:00+00:00,27.300,12.800,Open-Meteo Historical Weather API,"Casalecchio di Reno, Bologna, Italy",44.4756,11.2759
2021-06-18T09:00:00+00:00,29.000,13.200,Open-Meteo Historical Weather API,"Casalecchio di Reno, Bologna, Italy",44.4756,11.2759
2021-06-18T10:00:00+00:00,30.100,13.400,Open-Meteo Historical Weather API,"Casalecchio di Reno, Bologna, Italy",44.4756,11.2759
2021-06-18T11:00:00+00:00,31.200,13.600,Open-Meteo Historical Weather API,"Casalecchio di Reno, Bologna, Italy",44.4756,11.2759
2021-06-18T12:00:00+00:00,29.500,17.800,Open-Meteo Historical Weather API,"Casalecchio di Reno, Bologna, Italy",44.4756,11.2759
2021-06-18T13:00:00+00:00,31.300,16.500,Open-Meteo Historical Weather API,"Casalecchio di Reno, Bologna, Italy",44.4756,11.2759
2021-06-18T14:00:00+00:00,32.200,15.100,Open-Meteo Historical Weather API,"Casalecchio di Reno, Bologna, Italy",44.4756,11.2759
2021-06-18T15:00:00+00:00,32.400,12.900,Open-Meteo Historical Weather API,"Casalecchio di Reno, Bologna, Italy",44.4756,11.2759
2021-06-18T16:00:00+00:00,31.800,12.400,Open-Meteo Historical Weather API,"Casalecchio di Reno, Bologna, Italy",44.4756,11.2759
2021-06-18T17:00:00+00:00,30.900,12.900,Open-Meteo Historical Weather API,"Casalecchio di Reno, Bologna, Italy",44.4756,11.2759
2021-06-18T18:00:00+00:00,29.000,14.900,Open-Meteo Historical Weather API,"Casalecchio di Reno, Bologna, Italy",44.4756,11.2759
2021-06-18T19:00:00+00:00,26.200,15.500,Open-Meteo Historical Weather API,"Casalecchio di Reno, Bologna, Italy",44.4756,11.2759
2021-06-18T20:00:00+00:00,25.400,15.600,Open-Meteo Historical Weather API,"Casalecchio di Reno, Bologna, Italy",44.4756,11.2759
2021-06-18T21:00:00+00:00,25.300,14.800,Open-Meteo Historical Weather API,"Casalecchio di Reno, Bologna, Italy",44.4756,11.2759
2021-06-18T22:00:00+00:00,25.000,10.600,Open-Meteo Historical Weather API,"Casalecchio di Reno, Bologna, Italy",44.4756,11.2759
2021-06-18T23:00:00+00:00,24.100,7.800,Open-Meteo Historical Weather API,"Casalecchio di Reno, Bologna, Italy",44.4756,11.2759
2021-06-19T00:00:00+00:00,23.500,8.900,Open-Meteo Historical Weather API,"Casalecchio di Reno, Bologna, Italy",44.4756,11.2759
2021-06-19T01:00:00+00:00,22.900,8.100,Open-Meteo Historical Weather API,"Casalecchio di Reno, Bologna, Italy",44.4756,11.2759
2021-06-19T02:00:00+00:00,22.300,8.000,Open-Meteo Historical Weather API,"Casalecchio di Reno, Bologna, Italy",44.4756,11.2759
2021-06-19T03:00:00+00:00,21.500,8.100,Open-Meteo Historical Weather API,"Casalecchio di Reno, Bologna, Italy",44.4756,11.2759
2021-06-19T04:00:00+00:00,21.000,8.400,Open-Meteo Historical Weather API,"Casalecchio di Reno, Bologna, Italy",44.4756,11.2759
2021-06-19T05:00:00+00:00,22.000,9.800,Open-Meteo Historical Weather API,"Casalecchio di Reno, Bologna, Italy",44.4756,11.2759
2021-06-19T06:00:00+00:00,24.400,11.300,Open-Meteo Historical Weather API,"Casalecchio di Reno, Bologna, Italy",44.4756,11.2759
2021-06-19T07:00:00+00:00,26.900,11.400,Open-Meteo Historical Weather API,"Casalecchio di Reno, Bologna, Italy",44.4756,11.2759
2021-06-19T08:00:00+00:00,28.700,11.400,Open-Meteo Historical Weather API,"Casalecchio di Reno, Bologna, Italy",44.4756,11.2759
2021-06-19T09:00:00+00:00,30.500,11.200,Open-Meteo Historical Weather API,"Casalecchio di Reno, Bologna, Italy",44.4756,11.2759
2021-06-19T10:00:00+00:00,31.800,11.000,Open-Meteo Historical Weather API,"Casalecchio di Reno, Bologna, Italy",44.4756,11.2759
2021-06-19T11:00:00+00:00,32.800,10.800,Open-Meteo Historical Weather API,"Casalecchio di Reno, Bologna, Italy",44.4756,11.2759
2021-06-19T12:00:00+00:00,32.100,11.900,Open-Meteo Historical Weather API,"Casalecchio di Reno, Bologna, Italy",44.4756,11.2759
2021-06-19T13:00:00+00:00,33.000,12.200,Open-Meteo Historical Weather API,"Casalecchio di Reno, Bologna, Italy",44.4756,11.2759
2021-06-19T14:00:00+00:00,33.200,12.600,Open-Meteo Historical Weather API,"Casalecchio di Reno, Bologna, Italy",44.4756,11.2759
2021-06-19T15:00:00+00:00,33.000,13.000,Open-Meteo Historical Weather API,"Casalecchio di Reno, Bologna, Italy",44.4756,11.2759
2021-06-19T16:00:00+00:00,32.700,13.400,Open-Meteo Historical Weather API,"Casalecchio di Reno, Bologna, Italy",44.4756,11.2759
2021-06-19T17:00:00+00:00,32.000,14.400,Open-Meteo Historical Weather API,"Casalecchio di Reno, Bologna, Italy",44.4756,11.2759
2021-06-19T18:00:00+00:00,30.500,22.800,Open-Meteo Historical Weather API,"Casalecchio di Reno, Bologna, Italy",44.4756,11.2759
2021-06-19T19:00:00+00:00,28.100,15.600,Open-Meteo Historical Weather API,"Casalecchio di Reno, Bologna, Italy",44.4756,11.2759
2021-06-19T20:00:00+00:00,26.100,16.200,Open-Meteo Historical Weather API,"Casalecchio di Reno, Bologna, Italy",44.4756,11.2759
2021-06-19T21:00:00+00:00,25.400,16.100,Open-Meteo Historical Weather API,"Casalecchio di Reno, Bologna, Italy",44.4756,11.2759
2021-06-19T22:00:00+00:00,24.700,15.800,Open-Meteo Historical Weather API,"Casalecchio di Reno, Bologna, Italy",44.4756,11.2759
2021-06-19T23:00:00+00:00,24.000,14.900,Open-Meteo Historical Weather API,"Casalecchio di Reno, Bologna, Italy",44.4756,11.2759
2021-06-20T00:00:00+00:00,23.500,13.800,Open-Meteo Historical Weather API,"Casalecchio di Reno, Bologna, Italy",44.4756,11.2759
2021-06-20T01:00:00+00:00,22.900,13.900,Open-Meteo Historical Weather API,"Casalecchio di Reno, Bologna, Italy",44.4756,11.2759
2021-06-20T02:00:00+00:00,22.100,14.100,Open-Meteo Historical Weather API,"Casalecchio di Reno, Bologna, Italy",44.4756,11.2759
2021-06-20T03:00:00+00:00,22.400,13.700,Open-Meteo Historical Weather API,"Casalecchio di Reno, Bologna, Italy",44.4756,11.2759
2021-06-20T04:00:00+00:00,22.100,13.900,Open-Meteo Historical Weather API,"Casalecchio di Reno, Bologna, Italy",44.4756,11.2759
2021-06-20T05:00:00+00:00,23.100,15.100,Open-Meteo Historical Weather API,"Casalecchio di Reno, Bologna, Italy",44.4756,11.2759
2021-06-20T06:00:00+00:00,25.500,16.100,Open-Meteo Historical Weather API,"Casalecchio di Reno, Bologna, Italy",44.4756,11.2759
2021-06-20T07:00:00+00:00,28.300,16.400,Open-Meteo Historical Weather API,"Casalecchio di Reno, Bologna, Italy",44.4756,11.2759
2021-06-20T08:00:00+00:00,29.500,15.600,Open-Meteo Historical Weather API,"Casalecchio di Reno, Bologna, Italy",44.4756,11.2759
2021-06-20T09:00:00+00:00,30.000,15.600,Open-Meteo Historical Weather API,"Casalecchio di Reno, Bologna, Italy",44.4756,11.2759
2021-06-20T10:00:00+00:00,31.900,15.400,Open-Meteo Historical Weather API,"Casalecchio di Reno, Bologna, Italy",44.4756,11.2759
2021-06-20T11:00:00+00:00,33.800,15.100,Open-Meteo Historical Weather API,"Casalecchio di Reno, Bologna, Italy",44.4756,11.2759
2021-06-20T12:00:00+00:00,32.600,15.600,Open-Meteo Historical Weather API,"Casalecchio di Reno, Bologna, Italy",44.4756,11.2759
2021-06-20T13:00:00+00:00,32.500,16.000,Open-Meteo Historical Weather API,"Casalecchio di Reno, Bologna, Italy",44.4756,11.2759
2021-06-20T14:00:00+00:00,34.500,14.800,Open-Meteo Historical Weather API,"Casalecchio di Reno, Bologna, Italy",44.4756,11.2759
2021-06-20T15:00:00+00:00,33.200,15.000,Open-Meteo Historical Weather API,"Casalecchio di Reno, Bologna, Italy",44.4756,11.2759
2021-06-20T16:00:00+00:00,31.500,15.400,Open-Meteo Historical Weather API,"Casalecchio di Reno, Bologna, Italy",44.4756,11.2759
2021-06-20T17:00:00+00:00,29.200,16.100,Open-Meteo Historical Weather API,"Casalecchio di Reno, Bologna, Italy",44.4756,11.2759
2021-06-20T18:00:00+00:00,28.000,16.200,Open-Meteo Historical Weather API,"Casalecchio di Reno, Bologna, Italy",44.4756,11.2759
2021-06-20T19:00:00+00:00,26.900,14.900,Open-Meteo Historical Weather API,"Casalecchio di Reno, Bologna, Italy",44.4756,11.2759
2021-06-20T20:00:00+00:00,25.800,14.900,Open-Meteo Historical Weather API,"Casalecchio di Reno, Bologna, Italy",44.4756,11.2759
2021-06-20T21:00:00+00:00,25.500,15.100,Open-Meteo Historical Weather API,"Casalecchio di Reno, Bologna, Italy",44.4756,11.2759
2021-06-20T22:00:00+00:00,24.600,15.300,Open-Meteo Historical Weather API,"Casalecchio di Reno, Bologna, Italy",44.4756,11.2759
2021-06-20T23:00:00+00:00,24.100,14.900,Open-Meteo Historical Weather API,"Casalecchio di Reno, Bologna, Italy",44.4756,11.2759
2021-06-21T00:00:00+00:00,23.200,15.600,Open-Meteo Historical Weather API,"Casalecchio di Reno, Bologna, Italy",44.4756,11.2759
2021-06-21T01:00:00+00:00,24.400,12.900,Open-Meteo Historical Weather API,"Casalecchio di Reno, Bologna, Italy",44.4756,11.2759
2021-06-21T02:00:00+00:00,24.700,12.800,Open-Meteo Historical Weather API,"Casalecchio di Reno, Bologna, Italy",44.4756,11.2759
2021-06-21T03:00:00+00:00,23.300,13.200,Open-Meteo Historical Weather API,"Casalecchio di Reno, Bologna, Italy",44.4756,11.2759
2021-06-21T04:00:00+00:00,22.500,13.800,Open-Meteo Historical Weather API,"Casalecchio di Reno, Bologna, Italy",44.4756,11.2759
2021-06-21T05:00:00+00:00,23.600,15.100,Open-Meteo Historical Weather API,"Casalecchio di Reno, Bologna, Italy",44.4756,11.2759
2021-06-21T06:00:00+00:00,25.500,15.600,Open-Meteo Historical Weather API,"Casalecchio di Reno, Bologna, Italy",44.4756,11.2759
2021-06-21T07:00:00+00:00,27.600,15.300,Open-Meteo Historical Weather API,"Casalecchio di Reno, Bologna, Italy",44.4756,11.2759
2021-06-21T08:00:00+00:00,29.100,15.600,Open-Meteo Historical Weather API,"Casalecchio di Reno, Bologna, Italy",44.4756,11.2759
2021-06-21T09:00:00+00:00,30.200,16.600,Open-Meteo Historical Weather API,"Casalecchio di Reno, Bologna, Italy",44.4756,11.2759
2021-06-21T10:00:00+00:00,31.600,16.300,Open-Meteo Historical Weather API,"Casalecchio di Reno, Bologna, Italy",44.4756,11.2759
2021-06-21T11:00:00+00:00,32.900,15.100,Open-Meteo Historical Weather API,"Casalecchio di Reno, Bologna, Italy",44.4756,11.2759
2021-06-21T12:00:00+00:00,31.900,17.000,Open-Meteo Historical Weather API,"Casalecchio di Reno, Bologna, Italy",44.4756,11.2759
2021-06-21T13:00:00+00:00,32.800,16.800,Open-Meteo Historical Weather API,"Casalecchio di Reno, Bologna, Italy",44.4756,11.2759
2021-06-21T14:00:00+00:00,33.300,15.800,Open-Meteo Historical Weather API,"Casalecchio di Reno, Bologna, Italy",44.4756,11.2759
2021-06-21T15:00:00+00:00,32.200,14.400,Open-Meteo Historical Weather API,"Casalecchio di Reno, Bologna, Italy",44.4756,11.2759
2021-06-21T16:00:00+00:00,31.900,13.700,Open-Meteo Historical Weather API,"Casalecchio di Reno, Bologna, Italy",44.4756,11.2759
2021-06-21T17:00:00+00:00,30.700,16.500,Open-Meteo Historical Weather API,"Casalecchio di Reno, Bologna, Italy",44.4756,11.2759
2021-06-21T18:00:00+00:00,28.600,18.000,Open-Meteo Historical Weather API,"Casalecchio di Reno, Bologna, Italy",44.4756,11.2759
2021-06-21T19:00:00+00:00,26.600,18.000,Open-Meteo Historical Weather API,"Casalecchio di Reno, Bologna, Italy",44.4756,11.2759
2021-06-21T20:00:00+00:00,25.500,18.100,Open-Meteo Historical Weather API,"Casalecchio di Reno, Bologna, Italy",44.4756,11.2759
2021-06-21T21:00:00+00:00,24.400,17.300,Open-Meteo Historical Weather API,"Casalecchio di Reno, Bologna, Italy",44.4756,11.2759
2021-06-21T22:00:00+00:00,23.000,17.000,Open-Meteo Historical Weather API,"Casalecchio di Reno, Bologna, Italy",44.4756,11.2759
2021-06-21T23:00:00+00:00,22.100,16.900,Open-Meteo Historical Weather API,"Casalecchio di Reno, Bologna, Italy",44.4756,11.2759
2021-06-22T00:00:00+00:00,23.000,17.500,Open-Meteo Historical Weather API,"Casalecchio di Reno, Bologna, Italy",44.4756,11.2759
2021-06-22T01:00:00+00:00,22.400,16.600,Open-Meteo Historical Weather API,"Casalecchio di Reno, Bologna, Italy",44.4756,11.2759
2021-06-22T02:00:00+00:00,22.000,16.000,Open-Meteo Historical Weather API,"Casalecchio di Reno, Bologna, Italy",44.4756,11.2759
2021-06-22T03:00:00+00:00,21.800,14.600,Open-Meteo Historical Weather API,"Casalecchio di Reno, Bologna, Italy",44.4756,11.2759
2021-06-22T04:00:00+00:00,21.500,13.900,Open-Meteo Historical Weather API,"Casalecchio di Reno, Bologna, Italy",44.4756,11.2759
2021-06-22T05:00:00+00:00,22.500,14.100,Open-Meteo Historical Weather API,"Casalecchio di Reno, Bologna, Italy",44.4756,11.2759
2021-06-22T06:00:00+00:00,24.400,14.400,Open-Meteo Historical Weather API,"Casalecchio di Reno, Bologna, Italy",44.4756,11.2759
2021-06-22T07:00:00+00:00,26.100,14.200,Open-Meteo Historical Weather API,"Casalecchio di Reno, Bologna, Italy",44.4756,11.2759
2021-06-22T08:00:00+00:00,27.800,13.100,Open-Meteo Historical Weather API,"Casalecchio di Reno, Bologna, Italy",44.4756,11.2759
2021-06-22T09:00:00+00:00,29.200,12.900,Open-Meteo Historical Weather API,"Casalecchio di Reno, Bologna, Italy",44.4756,11.2759
2021-06-22T10:00:00+00:00,30.500,12.400,Open-Meteo Historical Weather API,"Casalecchio di Reno, Bologna, Italy",44.4756,11.2759
2021-06-22T11:00:00+00:00,31.600,12.200,Open-Meteo Historical Weather API,"Casalecchio di Reno, Bologna, Italy",44.4756,11.2759
2021-06-22T12:00:00+00:00,31.400,12.800,Open-Meteo Historical Weather API,"Casalecchio di Reno, Bologna, Italy",44.4756,11.2759
2021-06-22T13:00:00+00:00,32.300,12.800,Open-Meteo Historical Weather API,"Casalecchio di Reno, Bologna, Italy",44.4756,11.2759
2021-06-22T14:00:00+00:00,33.100,11.700,Open-Meteo Historical Weather API,"Casalecchio di Reno, Bologna, Italy",44.4756,11.2759
2021-06-22T15:00:00+00:00,32.800,9.800,Open-Meteo Historical Weather API,"Casalecchio di Reno, Bologna, Italy",44.4756,11.2759
2021-06-22T16:00:00+00:00,32.000,10.100,Open-Meteo Historical Weather API,"Casalecchio di Reno, Bologna, Italy",44.4756,11.2759
2021-06-22T17:00:00+00:00,31.000,11.000,Open-Meteo Historical Weather API,"Casalecchio di Reno, Bologna, Italy",44.4756,11.2759
2021-06-22T18:00:00+00:00,29.100,12.900,Open-Meteo Historical Weather API,"Casalecchio di Reno, Bologna, Italy",44.4756,11.2759
2021-06-22T19:00:00+00:00,26.600,13.400,Open-Meteo Historical Weather API,"Casalecchio di Reno, Bologna, Italy",44.4756,11.2759
2021-06-22T20:00:00+00:00,24.800,13.100,Open-Meteo Historical Weather API,"Casalecchio di Reno, Bologna, Italy",44.4756,11.2759
2021-06-22T21:00:00+00:00,23.300,13.400,Open-Meteo Historical Weather API,"Casalecchio di Reno, Bologna, Italy",44.4756,11.2759
2021-06-22T22:00:00+00:00,21.300,14.600,Open-Meteo Historical Weather API,"Casalecchio di Reno, Bologna, Italy",44.4756,11.2759
2021-06-22T23:00:00+00:00,21.100,13.600,Open-Meteo Historical Weather API,"Casalecchio di Reno, Bologna, Italy",44.4756,11.2759
2021-06-23T00:00:00+00:00,20.800,14.700,Open-Meteo Historical Weather API,"Casalecchio di Reno, Bologna, Italy",44.4756,11.2759
2021-06-23T01:00:00+00:00,20.500,14.600,Open-Meteo Historical Weather API,"Casalecchio di Reno, Bologna, Italy",44.4756,11.2759
2021-06-23T02:00:00+00:00,20.100,14.600,Open-Meteo Historical Weather API,"Casalecchio di Reno, Bologna, Italy",44.4756,11.2759
2021-06-23T03:00:00+00:00,19.800,14.500,Open-Meteo Historical Weather API,"Casalecchio di Reno, Bologna, Italy",44.4756,11.2759
2021-06-23T04:00:00+00:00,19.200,14.600,Open-Meteo Historical Weather API,"Casalecchio di Reno, Bologna, Italy",44.4756,11.2759
2021-06-23T05:00:00+00:00,21.300,14.600,Open-Meteo Historical Weather API,"Casalecchio di Reno, Bologna, Italy",44.4756,11.2759
2021-06-23T06:00:00+00:00,23.100,13.800,Open-Meteo Historical Weather API,"Casalecchio di Reno, Bologna, Italy",44.4756,11.2759
2021-06-23T07:00:00+00:00,24.800,13.900,Open-Meteo Historical Weather API,"Casalecchio di Reno, Bologna, Italy",44.4756,11.2759
2021-06-23T08:00:00+00:00,26.300,14.000,Open-Meteo Historical Weather API,"Casalecchio di Reno, Bologna, Italy",44.4756,11.2759
2021-06-23T09:00:00+00:00,27.700,13.900,Open-Meteo Historical Weather API,"Casalecchio di Reno, Bologna, Italy",44.4756,11.2759
2021-06-23T10:00:00+00:00,29.000,13.900,Open-Meteo Historical Weather API,"Casalecchio di Reno, Bologna, Italy",44.4756,11.2759
2021-06-23T11:00:00+00:00,30.400,13.800,Open-Meteo Historical Weather API,"Casalecchio di Reno, Bologna, Italy",44.4756,11.2759
2021-06-23T12:00:00+00:00,28.700,13.400,Open-Meteo Historical Weather API,"Casalecchio di Reno, Bologna, Italy",44.4756,11.2759
2021-06-23T13:00:00+00:00,30.600,13.900,Open-Meteo Historical Weather API,"Casalecchio di Reno, Bologna, Italy",44.4756,11.2759
2021-06-23T14:00:00+00:00,31.400,14.400,Open-Meteo Historical Weather API,"Casalecchio di Reno, Bologna, Italy",44.4756,11.2759
2021-06-23T15:00:00+00:00,31.300,14.600,Open-Meteo Historical Weather API,"Casalecchio di Reno, Bologna, Italy",44.4756,11.2759
2021-06-23T16:00:00+00:00,32.000,14.600,Open-Meteo Historical Weather API,"Casalecchio di Reno, Bologna, Italy",44.4756,11.2759
2021-06-23T17:00:00+00:00,31.400,14.600,Open-Meteo Historical Weather API,"Casalecchio di Reno, Bologna, Italy",44.4756,11.2759
2021-06-23T18:00:00+00:00,29.600,15.600,Open-Meteo Historical Weather API,"Casalecchio di Reno, Bologna, Italy",44.4756,11.2759
2021-06-23T19:00:00+00:00,27.800,14.900,Open-Meteo Historical Weather API,"Casalecchio di Reno, Bologna, Italy",44.4756,11.2759
2021-06-23T20:00:00+00:00,26.400,15.400,Open-Meteo Historical Weather API,"Casalecchio di Reno, Bologna, Italy",44.4756,11.2759
2021-06-23T21:00:00+00:00,26.100,14.600,Open-Meteo Historical Weather API,"Casalecchio di Reno, Bologna, Italy",44.4756,11.2759
2021-06-23T22:00:00+00:00,24.500,14.700,Open-Meteo Historical Weather API,"Casalecchio di Reno, Bologna, Italy",44.4756,11.2759
2021-06-23T23:00:00+00:00,23.600,15.100,Open-Meteo Historical Weather API,"Casalecchio di Reno, Bologna, Italy",44.4756,11.2759
2021-06-24T00:00:00+00:00,22.800,13.800,Open-Meteo Historical Weather API,"Casalecchio di Reno, Bologna, Italy",44.4756,11.2759
2021-06-24T01:00:00+00:00,22.100,14.000,Open-Meteo Historical Weather API,"Casalecchio di Reno, Bologna, Italy",44.4756,11.2759
2021-06-24T02:00:00+00:00,21.200,14.400,Open-Meteo Historical Weather API,"Casalecchio di Reno, Bologna, Italy",44.4756,11.2759
2021-06-24T03:00:00+00:00,20.600,14.600,Open-Meteo Historical Weather API,"Casalecchio di Reno, Bologna, Italy",44.4756,11.2759
2021-06-24T04:00:00+00:00,20.100,14.800,Open-Meteo Historical Weather API,"Casalecchio di Reno, Bologna, Italy",44.4756,11.2759
2021-06-24T05:00:00+00:00,21.600,15.200,Open-Meteo Historical Weather API,"Casalecchio di Reno, Bologna, Italy",44.4756,11.2759
2021-06-24T06:00:00+00:00,24.400,15.100,Open-Meteo Historical Weather API,"Casalecchio di Reno, Bologna, Italy",44.4756,11.2759
2021-06-24T07:00:00+00:00,26.400,14.700,Open-Meteo Historical Weather API,"Casalecchio di Reno, Bologna, Italy",44.4756,11.2759
2021-06-24T08:00:00+00:00,27.900,15.100,Open-Meteo Historical Weather API,"Casalecchio di Reno, Bologna, Italy",44.4756,11.2759
2021-06-24T09:00:00+00:00,29.500,15.100,Open-Meteo Historical Weather API,"Casalecchio di Reno, Bologna, Italy",44.4756,11.2759
2021-06-24T10:00:00+00:00,31.000,15.100,Open-Meteo Historical Weather API,"Casalecchio di Reno, Bologna, Italy",44.4756,11.2759
2021-06-24T11:00:00+00:00,32.300,15.000,Open-Meteo Historical Weather API,"Casalecchio di Reno, Bologna, Italy",44.4756,11.2759
2021-06-24T12:00:00+00:00,32.200,14.100,Open-Meteo Historical Weather API,"Casalecchio di Reno, Bologna, Italy",44.4756,11.2759
2021-06-24T13:00:00+00:00,33.000,12.600,Open-Meteo Historical Weather API,"Casalecchio di Reno, Bologna, Italy",44.4756,11.2759
2021-06-24T14:00:00+00:00,33.000,10.800,Open-Meteo Historical Weather API,"Casalecchio di Reno, Bologna, Italy",44.4756,11.2759
2021-06-24T15:00:00+00:00,32.000,11.400,Open-Meteo Historical Weather API,"Casalecchio di Reno, Bologna, Italy",44.4756,11.2759
2021-06-24T16:00:00+00:00,31.200,9.900,Open-Meteo Historical Weather API,"Casalecchio di Reno, Bologna, Italy",44.4756,11.2759
2021-06-24T17:00:00+00:00,30.000,9.400,Open-Meteo Historical Weather API,"Casalecchio di Reno, Bologna, Italy",44.4756,11.2759
2021-06-24T18:00:00+00:00,27.900,10.400,Open-Meteo Historical Weather API,"Casalecchio di Reno, Bologna, Italy",44.4756,11.2759
2021-06-24T19:00:00+00:00,25.500,10.300,Open-Meteo Historical Weather API,"Casalecchio di Reno, Bologna, Italy",44.4756,11.2759
2021-06-24T20:00:00+00:00,23.600,10.400,Open-Meteo Historical Weather API,"Casalecchio di Reno, Bologna, Italy",44.4756,11.2759
2021-06-24T21:00:00+00:00,22.400,10.000,Open-Meteo Historical Weather API,"Casalecchio di Reno, Bologna, Italy",44.4756,11.2759
2021-06-24T22:00:00+00:00,21.400,9.700,Open-Meteo Historical Weather API,"Casalecchio di Reno, Bologna, Italy",44.4756,11.2759
2021-06-24T23:00:00+00:00,20.400,9.700,Open-Meteo Historical Weather API,"Casalecchio di Reno, Bologna, Italy",44.4756,11.2759
2021-06-25T00:00:00+00:00,18.700,11.600,Open-Meteo Historical Weather API,"Casalecchio di Reno, Bologna, Italy",44.4756,11.2759
2021-06-25T01:00:00+00:00,20.100,8.400,Open-Meteo Historical Weather API,"Casalecchio di Reno, Bologna, Italy",44.4756,11.2759
2021-06-25T02:00:00+00:00,20.500,6.900,Open-Meteo Historical Weather API,"Casalecchio di Reno, Bologna, Italy",44.4756,11.2759
2021-06-25T03:00:00+00:00,19.200,8.200,Open-Meteo Historical Weather API,"Casalecchio di Reno, Bologna, Italy",44.4756,11.2759
2021-06-25T04:00:00+00:00,17.800,10.100,Open-Meteo Historical Weather API,"Casalecchio di Reno, Bologna, Italy",44.4756,11.2759
2021-06-25T05:00:00+00:00,19.800,11.500,Open-Meteo Historical Weather API,"Casalecchio di Reno, Bologna, Italy",44.4756,11.2759
2021-06-25T06:00:00+00:00,22.200,13.400,Open-Meteo Historical Weather API,"Casalecchio di Reno, Bologna, Italy",44.4756,11.2759
2021-06-25T07:00:00+00:00,24.600,11.800,Open-Meteo Historical Weather API,"Casalecchio di Reno, Bologna, Italy",44.4756,11.2759
2021-06-25T08:00:00+00:00,26.300,11.400,Open-Meteo Historical Weather API,"Casalecchio di Reno, Bologna, Italy",44.4756,11.2759
2021-06-25T09:00:00+00:00,27.800,10.900,Open-Meteo Historical Weather API,"Casalecchio di Reno, Bologna, Italy",44.4756,11.2759
2021-06-25T10:00:00+00:00,28.500,10.900,Open-Meteo Historical Weather API,"Casalecchio di Reno, Bologna, Italy",44.4756,11.2759
2021-06-25T11:00:00+00:00,29.600,11.200,Open-Meteo Historical Weather API,"Casalecchio di Reno, Bologna, Italy",44.4756,11.2759
2021-06-25T12:00:00+00:00,29.500,11.600,Open-Meteo Historical Weather API,"Casalecchio di Reno, Bologna, Italy",44.4756,11.2759
2021-06-25T13:00:00+00:00,29.300,11.400,Open-Meteo Historical Weather API,"Casalecchio di Reno, Bologna, Italy",44.4756,11.2759
2021-06-25T14:00:00+00:00,29.900,11.400,Open-Meteo Historical Weather API,"Casalecchio di Reno, Bologna, Italy",44.4756,11.2759
2021-06-25T15:00:00+00:00,29.800,11.100,Open-Meteo Historical Weather API,"Casalecchio di Reno, Bologna, Italy",44.4756,11.2759
2021-06-25T16:00:00+00:00,29.600,10.600,Open-Meteo Historical Weather API,"Casalecchio di Reno, Bologna, Italy",44.4756,11.2759
2021-06-25T17:00:00+00:00,29.000,10.400,Open-Meteo Historical Weather API,"Casalecchio di Reno, Bologna, Italy",44.4756,11.2759
2021-06-25T18:00:00+00:00,27.000,12.600,Open-Meteo Historical Weather API,"Casalecchio di Reno, Bologna, Italy",44.4756,11.2759
2021-06-25T19:00:00+00:00,24.800,13.200,Open-Meteo Historical Weather API,"Casalecchio di Reno, Bologna, Italy",44.4756,11.2759
2021-06-25T20:00:00+00:00,23.100,13.800,Open-Meteo Historical Weather API,"Casalecchio di Reno, Bologna, Italy",44.4756,11.2759
2021-06-25T21:00:00+00:00,22.100,13.800,Open-Meteo Historical Weather API,"Casalecchio di Reno, Bologna, Italy",44.4756,11.2759
2021-06-25T22:00:00+00:00,21.600,13.700,Open-Meteo Historical Weather API,"Casalecchio di Reno, Bologna, Italy",44.4756,11.2759
2021-06-25T23:00:00+00:00,21.000,13.900,Open-Meteo Historical Weather API,"Casalecchio di Reno, Bologna, Italy",44.4756,11.2759
2021-06-26T00:00:00+00:00,20.900,14.400,Open-Meteo Historical Weather API,"Casalecchio di Reno, Bologna, Italy",44.4756,11.2759
2021-06-26T01:00:00+00:00,20.500,13.900,Open-Meteo Historical Weather API,"Casalecchio di Reno, Bologna, Italy",44.4756,11.2759
2021-06-26T02:00:00+00:00,20.000,13.400,Open-Meteo Historical Weather API,"Casalecchio di Reno, Bologna, Italy",44.4756,11.2759
2021-06-26T03:00:00+00:00,19.400,13.200,Open-Meteo Historical Weather API,"Casalecchio di Reno, Bologna, Italy",44.4756,11.2759
2021-06-26T04:00:00+00:00,19.000,13.100,Open-Meteo Historical Weather API,"Casalecchio di Reno, Bologna, Italy",44.4756,11.2759
2021-06-26T05:00:00+00:00,20.500,13.200,Open-Meteo Historical Weather API,"Casalecchio di Reno, Bologna, Italy",44.4756,11.2759
2021-06-26T06:00:00+00:00,22.900,11.200,Open-Meteo Historical Weather API,"Casalecchio di Reno, Bologna, Italy",44.4756,11.2759
2021-06-26T07:00:00+00:00,24.100,12.400,Open-Meteo Historical Weather API,"Casalecchio di Reno, Bologna, Italy",44.4756,11.2759
2021-06-26T08:00:00+00:00,26.000,13.400,Open-Meteo Historical Weather API,"Casalecchio di Reno, Bologna, Italy",44.4756,11.2759
2021-06-26T09:00:00+00:00,27.500,13.600,Open-Meteo Historical Weather API,"Casalecchio di Reno, Bologna, Italy",44.4756,11.2759
2021-06-26T10:00:00+00:00,28.900,13.600,Open-Meteo Historical Weather API,"Casalecchio di Reno, Bologna, Italy",44.4756,11.2759
2021-06-26T11:00:00+00:00,30.000,13.100,Open-Meteo Historical Weather API,"Casalecchio di Reno, Bologna, Italy",44.4756,11.2759
2021-06-26T12:00:00+00:00,28.500,15.700,Open-Meteo Historical Weather API,"Casalecchio di Reno, Bologna, Italy",44.4756,11.2759
2021-06-26T13:00:00+00:00,29.700,14.800,Open-Meteo Historical Weather API,"Casalecchio di Reno, Bologna, Italy",44.4756,11.2759
2021-06-26T14:00:00+00:00,30.000,14.000,Open-Meteo Historical Weather API,"Casalecchio di Reno, Bologna, Italy",44.4756,11.2759
2021-06-26T15:00:00+00:00,30.400,13.600,Open-Meteo Historical Weather API,"Casalecchio di Reno, Bologna, Italy",44.4756,11.2759
2021-06-26T16:00:00+00:00,30.400,13.200,Open-Meteo Historical Weather API,"Casalecchio di Reno, Bologna, Italy",44.4756,11.2759
2021-06-26T17:00:00+00:00,30.000,13.200,Open-Meteo Historical Weather API,"Casalecchio di Reno, Bologna, Italy",44.4756,11.2759
2021-06-26T18:00:00+00:00,28.600,14.500,Open-Meteo Historical Weather API,"Casalecchio di Reno, Bologna, Italy",44.4756,11.2759
2021-06-26T19:00:00+00:00,26.600,13.600,Open-Meteo Historical Weather API,"Casalecchio di Reno, Bologna, Italy",44.4756,11.2759
2021-06-26T20:00:00+00:00,25.200,13.600,Open-Meteo Historical Weather API,"Casalecchio di Reno, Bologna, Italy",44.4756,11.2759
2021-06-26T21:00:00+00:00,23.600,14.400,Open-Meteo Historical Weather API,"Casalecchio di Reno, Bologna, Italy",44.4756,11.2759
2021-06-26T22:00:00+00:00,21.800,15.200,Open-Meteo Historical Weather API,"Casalecchio di Reno, Bologna, Italy",44.4756,11.2759
2021-06-26T23:00:00+00:00,20.900,15.500,Open-Meteo Historical Weather API,"Casalecchio di Reno, Bologna, Italy",44.4756,11.2759
2021-06-27T00:00:00+00:00,20.300,13.800,Open-Meteo Historical Weather API,"Casalecchio di Reno, Bologna, Italy",44.4756,11.2759
2021-06-27T01:00:00+00:00,19.900,13.800,Open-Meteo Historical Weather API,"Casalecchio di Reno, Bologna, Italy",44.4756,11.2759
2021-06-27T02:00:00+00:00,19.700,13.400,Open-Meteo Historical Weather API,"Casalecchio di Reno, Bologna, Italy",44.4756,11.2759
2021-06-27T03:00:00+00:00,19.400,12.800,Open-Meteo Historical Weather API,"Casalecchio di Reno, Bologna, Italy",44.4756,11.2759
2021-06-27T04:00:00+00:00,19.100,11.900,Open-Meteo Historical Weather API,"Casalecchio di Reno, Bologna, Italy",44.4756,11.2759
2021-06-27T05:00:00+00:00,21.100,11.600,Open-Meteo Historical Weather API,"Casalecchio di Reno, Bologna, Italy",44.4756,11.2759
2021-06-27T06:00:00+00:00,24.500,11.800,Open-Meteo Historical Weather API,"Casalecchio di Reno, Bologna, Italy",44.4756,11.2759
2021-06-27T07:00:00+00:00,26.600,12.100,Open-Meteo Historical Weather API,"Casalecchio di Reno, Bologna, Italy",44.4756,11.2759
2021-06-27T08:00:00+00:00,28.200,12.200,Open-Meteo Historical Weather API,"Casalecchio di Reno, Bologna, Italy",44.4756,11.2759
2021-06-27T09:00:00+00:00,29.800,10.900,Open-Meteo Historical Weather API,"Casalecchio di Reno, Bologna, Italy",44.4756,11.2759
2021-06-27T10:00:00+00:00,31.100,10.400,Open-Meteo Historical Weather API,"Casalecchio di Reno, Bologna, Italy",44.4756,11.2759
2021-06-27T11:00:00+00:00,32.200,10.000,Open-Meteo Historical Weather API,"Casalecchio di Reno, Bologna, Italy",44.4756,11.2759
2021-06-27T12:00:00+00:00,32.200,10.300,Open-Meteo Historical Weather API,"Casalecchio di Reno, Bologna, Italy",44.4756,11.2759
2021-06-27T13:00:00+00:00,32.600,10.600,Open-Meteo Historical Weather API,"Casalecchio di Reno, Bologna, Italy",44.4756,11.2759
2021-06-27T14:00:00+00:00,32.800,11.100,Open-Meteo Historical Weather API,"Casalecchio di Reno, Bologna, Italy",44.4756,11.2759
2021-06-27T15:00:00+00:00,32.600,11.800,Open-Meteo Historical Weather API,"Casalecchio di Reno, Bologna, Italy",44.4756,11.2759
2021-06-27T16:00:00+00:00,31.700,12.500,Open-Meteo Historical Weather API,"Casalecchio di Reno, Bologna, Italy",44.4756,11.2759
2021-06-27T17:00:00+00:00,30.500,12.600,Open-Meteo Historical Weather API,"Casalecchio di Reno, Bologna, Italy",44.4756,11.2759
2021-06-27T18:00:00+00:00,29.000,12.500,Open-Meteo Historical Weather API,"Casalecchio di Reno, Bologna, Italy",44.4756,11.2759
2021-06-27T19:00:00+00:00,27.000,12.100,Open-Meteo Historical Weather API,"Casalecchio di Reno, Bologna, Italy",44.4756,11.2759
2021-06-27T20:00:00+00:00,25.700,12.900,Open-Meteo Historical Weather API,"Casalecchio di Reno, Bologna, Italy",44.4756,11.2759
2021-06-27T21:00:00+00:00,24.500,13.500,Open-Meteo Historical Weather API,"Casalecchio di Reno, Bologna, Italy",44.4756,11.2759
2021-06-27T22:00:00+00:00,23.100,13.700,Open-Meteo Historical Weather API,"Casalecchio di Reno, Bologna, Italy",44.4756,11.2759
2021-06-27T23:00:00+00:00,21.600,13.900,Open-Meteo Historical Weather API,"Casalecchio di Reno, Bologna, Italy",44.4756,11.2759
2021-06-28T00:00:00+00:00,21.800,13.900,Open-Meteo Historical Weather API,"Casalecchio di Reno, Bologna, Italy",44.4756,11.2759
2021-06-28T01:00:00+00:00,21.200,13.200,Open-Meteo Historical Weather API,"Casalecchio di Reno, Bologna, Italy",44.4756,11.2759
2021-06-28T02:00:00+00:00,20.000,13.200,Open-Meteo Historical Weather API,"Casalecchio di Reno, Bologna, Italy",44.4756,11.2759
2021-06-28T03:00:00+00:00,19.400,13.600,Open-Meteo Historical Weather API,"Casalecchio di Reno, Bologna, Italy",44.4756,11.2759
2021-06-28T04:00:00+00:00,19.700,13.800,Open-Meteo Historical Weather API,"Casalecchio di Reno, Bologna, Italy",44.4756,11.2759
2021-06-28T05:00:00+00:00,22.400,14.500,Open-Meteo Historical Weather API,"Casalecchio di Reno, Bologna, Italy",44.4756,11.2759
2021-06-28T06:00:00+00:00,25.500,15.000,Open-Meteo Historical Weather API,"Casalecchio di Reno, Bologna, Italy",44.4756,11.2759
2021-06-28T07:00:00+00:00,27.200,15.200,Open-Meteo Historical Weather API,"Casalecchio di Reno, Bologna, Italy",44.4756,11.2759
2021-06-28T08:00:00+00:00,28.900,15.400,Open-Meteo Historical Weather API,"Casalecchio di Reno, Bologna, Italy",44.4756,11.2759
2021-06-28T09:00:00+00:00,30.500,15.700,Open-Meteo Historical Weather API,"Casalecchio di Reno, Bologna, Italy",44.4756,11.2759
2021-06-28T10:00:00+00:00,32.000,15.900,Open-Meteo Historical Weather API,"Casalecchio di Reno, Bologna, Italy",44.4756,11.2759
2021-06-28T11:00:00+00:00,33.300,15.200,Open-Meteo Historical Weather API,"Casalecchio di Reno, Bologna, Italy",44.4756,11.2759
2021-06-28T12:00:00+00:00,33.000,15.800,Open-Meteo Historical Weather API,"Casalecchio di Reno, Bologna, Italy",44.4756,11.2759
2021-06-28T13:00:00+00:00,33.400,15.400,Open-Meteo Historical Weather API,"Casalecchio di Reno, Bologna, Italy",44.4756,11.2759
2021-06-28T14:00:00+00:00,32.900,16.000,Open-Meteo Historical Weather API,"Casalecchio di Reno, Bologna, Italy",44.4756,11.2759
2021-06-28T15:00:00+00:00,31.800,16.600,Open-Meteo Historical Weather API,"Casalecchio di Reno, Bologna, Italy",44.4756,11.2759
2021-06-28T16:00:00+00:00,31.400,16.400,Open-Meteo Historical Weather API,"Casalecchio di Reno, Bologna, Italy",44.4756,11.2759
2021-06-28T17:00:00+00:00,30.400,15.600,Open-Meteo Historical Weather API,"Casalecchio di Reno, Bologna, Italy",44.4756,11.2759
2021-06-28T18:00:00+00:00,29.100,15.600,Open-Meteo Historical Weather API,"Casalecchio di Reno, Bologna, Italy",44.4756,11.2759
2021-06-28T19:00:00+00:00,27.100,15.600,Open-Meteo Historical Weather API,"Casalecchio di Reno, Bologna, Italy",44.4756,11.2759
2021-06-28T20:00:00+00:00,25.900,16.000,Open-Meteo Historical Weather API,"Casalecchio di Reno, Bologna, Italy",44.4756,11.2759
2021-06-28T21:00:00+00:00,24.900,16.800,Open-Meteo Historical Weather API,"Casalecchio di Reno, Bologna, Italy",44.4756,11.2759
2021-06-28T22:00:00+00:00,25.300,15.300,Open-Meteo Historical Weather API,"Casalecchio di Reno, Bologna, Italy",44.4756,11.2759
2021-06-28T23:00:00+00:00,25.900,11.400,Open-Meteo Historical Weather API,"Casalecchio di Reno, Bologna, Italy",44.4756,11.2759
2021-06-29T00:00:00+00:00,25.000,12.200,Open-Meteo Historical Weather API,"Casalecchio di Reno, Bologna, Italy",44.4756,11.2759
2021-06-29T01:00:00+00:00,24.500,12.300,Open-Meteo Historical Weather API,"Casalecchio di Reno, Bologna, Italy",44.4756,11.2759
2021-06-29T02:00:00+00:00,23.400,12.400,Open-Meteo Historical Weather API,"Casalecchio di Reno, Bologna, Italy",44.4756,11.2759
2021-06-29T03:00:00+00:00,22.500,12.400,Open-Meteo Historical Weather API,"Casalecchio di Reno, Bologna, Italy",44.4756,11.2759
2021-06-29T04:00:00+00:00,22.500,12.600,Open-Meteo Historical Weather API,"Casalecchio di Reno, Bologna, Italy",44.4756,11.2759
2021-06-29T05:00:00+00:00,24.000,13.500,Open-Meteo Historical Weather API,"Casalecchio di Reno, Bologna, Italy",44.4756,11.2759
2021-06-29T06:00:00+00:00,26.100,14.600,Open-Meteo Historical Weather API,"Casalecchio di Reno, Bologna, Italy",44.4756,11.2759
2021-06-29T07:00:00+00:00,28.100,14.100,Open-Meteo Historical Weather API,"Casalecchio di Reno, Bologna, Italy",44.4756,11.2759
2021-06-29T08:00:00+00:00,29.300,13.100,Open-Meteo Historical Weather API,"Casalecchio di Reno, Bologna, Italy",44.4756,11.2759
2021-06-29T09:00:00+00:00,30.300,13.600,Open-Meteo Historical Weather API,"Casalecchio di Reno, Bologna, Italy",44.4756,11.2759
2021-06-29T10:00:00+00:00,31.500,13.700,Open-Meteo Historical Weather API,"Casalecchio di Reno, Bologna, Italy",44.4756,11.2759
2021-06-29T11:00:00+00:00,33.000,14.100,Open-Meteo Historical Weather API,"Casalecchio di Reno, Bologna, Italy",44.4756,11.2759
2021-06-29T12:00:00+00:00,33.700,12.100,Open-Meteo Historical Weather API,"Casalecchio di Reno, Bologna, Italy",44.4756,11.2759
2021-06-29T13:00:00+00:00,32.400,13.700,Open-Meteo Historical Weather API,"Casalecchio di Reno, Bologna, Italy",44.4756,11.2759
2021-06-29T14:00:00+00:00,31.900,12.900,Open-Meteo Historical Weather API,"Casalecchio di Reno, Bologna, Italy",44.4756,11.2759
2021-06-29T15:00:00+00:00,31.500,14.800,Open-Meteo Historical Weather API,"Casalecchio di Reno, Bologna, Italy",44.4756,11.2759
2021-06-29T16:00:00+00:00,31.300,14.100,Open-Meteo Historical Weather API,"Casalecchio di Reno, Bologna, Italy",44.4756,11.2759
2021-06-29T17:00:00+00:00,30.400,13.100,Open-Meteo Historical Weather API,"Casalecchio di Reno, Bologna, Italy",44.4756,11.2759
2021-06-29T18:00:00+00:00,28.500,13.700,Open-Meteo Historical Weather API,"Casalecchio di Reno, Bologna, Italy",44.4756,11.2759
2021-06-29T19:00:00+00:00,25.900,13.600,Open-Meteo Historical Weather API,"Casalecchio di Reno, Bologna, Italy",44.4756,11.2759
2021-06-29T20:00:00+00:00,24.500,12.900,Open-Meteo Historical Weather API,"Casalecchio di Reno, Bologna, Italy",44.4756,11.2759
2021-06-29T21:00:00+00:00,23.300,12.700,Open-Meteo Historical Weather API,"Casalecchio di Reno, Bologna, Italy",44.4756,11.2759
2021-06-29T22:00:00+00:00,22.600,12.100,Open-Meteo Historical Weather API,"Casalecchio di Reno, Bologna, Italy",44.4756,11.2759
2021-06-29T23:00:00+00:00,22.400,11.600,Open-Meteo Historical Weather API,"Casalecchio di Reno, Bologna, Italy",44.4756,11.2759
2021-06-30T00:00:00+00:00,21.700,13.500,Open-Meteo Historical Weather API,"Casalecchio di Reno, Bologna, Italy",44.4756,11.2759
2021-06-30T01:00:00+00:00,20.500,14.300,Open-Meteo Historical Weather API,"Casalecchio di Reno, Bologna, Italy",44.4756,11.2759
2021-06-30T02:00:00+00:00,19.600,14.200,Open-Meteo Historical Weather API,"Casalecchio di Reno, Bologna, Italy",44.4756,11.2759
2021-06-30T03:00:00+00:00,20.200,13.800,Open-Meteo Historical Weather API,"Casalecchio di Reno, Bologna, Italy",44.4756,11.2759
2021-06-30T04:00:00+00:00,20.500,14.100,Open-Meteo Historical Weather API,"Casalecchio di Reno, Bologna, Italy",44.4756,11.2759
2021-06-30T05:00:00+00:00,22.100,14.400,Open-Meteo Historical Weather API,"Casalecchio di Reno, Bologna, Italy",44.4756,11.2759
2021-06-30T06:00:00+00:00,24.000,14.100,Open-Meteo Historical Weather API,"Casalecchio di Reno, Bologna, Italy",44.4756,11.2759
2021-06-30T07:00:00+00:00,25.500,11.500,Open-Meteo Historical Weather API,"Casalecchio di Reno, Bologna, Italy",44.4756,11.2759
2021-06-30T08:00:00+00:00,26.600,11.800,Open-Meteo Historical Weather API,"Casalecchio di Reno, Bologna, Italy",44.4756,11.2759
2021-06-30T09:00:00+00:00,28.200,10.800,Open-Meteo Historical Weather API,"Casalecchio di Reno, Bologna, Italy",44.4756,11.2759
2021-06-30T10:00:00+00:00,29.500,8.900,Open-Meteo Historical Weather API,"Casalecchio di Reno, Bologna, Italy",44.4756,11.2759
2021-06-30T11:00:00+00:00,29.500,9.100,Open-Meteo Historical Weather API,"Casalecchio di Reno, Bologna, Italy",44.4756,11.2759
2021-06-30T12:00:00+00:00,29.100,9.800,Open-Meteo Historical Weather API,"Casalecchio di Reno, Bologna, Italy",44.4756,11.2759
2021-06-30T13:00:00+00:00,29.100,9.100,Open-Meteo Historical Weather API,"Casalecchio di Reno, Bologna, Italy",44.4756,11.2759
2021-06-30T14:00:00+00:00,29.400,7.800,Open-Meteo Historical Weather API,"Casalecchio di Reno, Bologna, Italy",44.4756,11.2759
2021-06-30T15:00:00+00:00,28.600,7.200,Open-Meteo Historical Weather API,"Casalecchio di Reno, Bologna, Italy",44.4756,11.2759
2021-06-30T16:00:00+00:00,27.900,7.100,Open-Meteo Historical Weather API,"Casalecchio di Reno, Bologna, Italy",44.4756,11.2759
2021-06-30T17:00:00+00:00,26.600,8.800,Open-Meteo Historical Weather API,"Casalecchio di Reno, Bologna, Italy",44.4756,11.2759
2021-06-30T18:00:00+00:00,24.700,10.600,Open-Meteo Historical Weather API,"Casalecchio di Reno, Bologna, Italy",44.4756,11.2759
2021-06-30T19:00:00+00:00,23.100,11.100,Open-Meteo Historical Weather API,"Casalecchio di Reno, Bologna, Italy",44.4756,11.2759
2021-06-30T20:00:00+00:00,22.200,10.800,Open-Meteo Historical Weather API,"Casalecchio di Reno, Bologna, Italy",44.4756,11.2759
2021-06-30T21:00:00+00:00,21.800,10.600,Open-Meteo Historical Weather API,"Casalecchio di Reno, Bologna, Italy",44.4756,11.2759
2021-06-30T22:00:00+00:00,21.200,11.600,Open-Meteo Historical Weather API,"Casalecchio di Reno, Bologna, Italy",44.4756,11.2759
2021-06-30T23:00:00+00:00,21.000,12.600,Open-Meteo Historical Weather API,"Casalecchio di Reno, Bologna, Italy",44.4756,11.2759
2021-07-01T00:00:00+00:00,20.400,12.600,Open-Meteo Historical Weather API,"Casalecchio di Reno, Bologna, Italy",44.4756,11.2759
2021-07-01T01:00:00+00:00,20.300,13.100,Open-Meteo Historical Weather API,"Casalecchio di Reno, Bologna, Italy",44.4756,11.2759
2021-07-01T02:00:00+00:00,20.400,13.900,Open-Meteo Historical Weather API,"Casalecchio di Reno, Bologna, Italy",44.4756,11.2759
2021-07-01T03:00:00+00:00,20.300,14.900,Open-Meteo Historical Weather API,"Casalecchio di Reno, Bologna, Italy",44.4756,11.2759
2021-07-01T04:00:00+00:00,19.800,15.400,Open-Meteo Historical Weather API,"Casalecchio di Reno, Bologna, Italy",44.4756,11.2759
2021-07-01T05:00:00+00:00,20.900,15.800,Open-Meteo Historical Weather API,"Casalecchio di Reno, Bologna, Italy",44.4756,11.2759
2021-07-01T06:00:00+00:00,22.900,15.900,Open-Meteo Historical Weather API,"Casalecchio di Reno, Bologna, Italy",44.4756,11.2759
2021-07-01T07:00:00+00:00,25.300,14.400,Open-Meteo Historical Weather API,"Casalecchio di Reno, Bologna, Italy",44.4756,11.2759
2021-07-01T08:00:00+00:00,27.000,13.200,Open-Meteo Historical Weather API,"Casalecchio di Reno, Bologna, Italy",44.4756,11.2759
2021-07-01T09:00:00+00:00,28.200,12.700,Open-Meteo Historical Weather API,"Casalecchio di Reno, Bologna, Italy",44.4756,11.2759
2021-07-01T10:00:00+00:00,29.300,12.200,Open-Meteo Historical Weather API,"Casalecchio di Reno, Bologna, Italy",44.4756,11.2759
2021-07-01T11:00:00+00:00,29.200,11.700,Open-Meteo Historical Weather API,"Casalecchio di Reno, Bologna, Italy",44.4756,11.2759
2021-07-01T12:00:00+00:00,29.200,10.400,Open-Meteo Historical Weather API,"Casalecchio di Reno, Bologna, Italy",44.4756,11.2759
2021-07-01T13:00:00+00:00,29.800,9.500,Open-Meteo Historical Weather API,"Casalecchio di Reno, Bologna, Italy",44.4756,11.2759
2021-07-01T14:00:00+00:00,29.800,10.600,Open-Meteo Historical Weather API,"Casalecchio di Reno, Bologna, Italy",44.4756,11.2759
2021-07-01T15:00:00+00:00,29.500,10.900,Open-Meteo Historical Weather API,"Casalecchio di Reno, Bologna, Italy",44.4756,11.2759
2021-07-01T16:00:00+00:00,29.600,10.500,Open-Meteo Historical Weather API,"Casalecchio di Reno, Bologna, Italy",44.4756,11.2759
2021-07-01T17:00:00+00:00,29.100,10.100,Open-Meteo Historical Weather API,"Casalecchio di Reno, Bologna, Italy",44.4756,11.2759
2021-07-01T18:00:00+00:00,27.600,13.400,Open-Meteo Historical Weather API,"Casalecchio di Reno, Bologna, Italy",44.4756,11.2759
2021-07-01T19:00:00+00:00,24.900,15.700,Open-Meteo Historical Weather API,"Casalecchio di Reno, Bologna, Italy",44.4756,11.2759
2021-07-01T20:00:00+00:00,23.700,15.600,Open-Meteo Historical Weather API,"Casalecchio di Reno, Bologna, Italy",44.4756,11.2759
2021-07-01T21:00:00+00:00,22.800,15.100,Open-Meteo Historical Weather API,"Casalecchio di Reno, Bologna, Italy",44.4756,11.2759
2021-07-01T22:00:00+00:00,22.100,14.500,Open-Meteo Historical Weather API,"Casalecchio di Reno, Bologna, Italy",44.4756,11.2759
2021-07-01T23:00:00+00:00,21.400,14.400,Open-Meteo Historical Weather API,"Casalecchio di Reno, Bologna, Italy",44.4756,11.2759
2021-07-02T00:00:00+00:00,21.500,14.100,Open-Meteo Historical Weather API,"Casalecchio di Reno, Bologna, Italy",44.4756,11.2759
2021-07-02T01:00:00+00:00,21.500,12.600,Open-Meteo Historical Weather API,"Casalecchio di Reno, Bologna, Italy",44.4756,11.2759
2021-07-02T02:00:00+00:00,21.000,11.200,Open-Meteo Historical Weather API,"Casalecchio di Reno, Bologna, Italy",44.4756,11.2759
2021-07-02T03:00:00+00:00,20.400,11.600,Open-Meteo Historical Weather API,"Casalecchio di Reno, Bologna, Italy",44.4756,11.2759
2021-07-02T04:00:00+00:00,19.600,12.100,Open-Meteo Historical Weather API,"Casalecchio di Reno, Bologna, Italy",44.4756,11.2759
2021-07-02T05:00:00+00:00,20.600,12.600,Open-Meteo Historical Weather API,"Casalecchio di Reno, Bologna, Italy",44.4756,11.2759
2021-07-02T06:00:00+00:00,21.600,14.300,Open-Meteo Historical Weather API,"Casalecchio di Reno, Bologna, Italy",44.4756,11.2759
2021-07-02T07:00:00+00:00,23.400,14.000,Open-Meteo Historical Weather API,"Casalecchio di Reno, Bologna, Italy",44.4756,11.2759
2021-07-02T08:00:00+00:00,25.500,13.500,Open-Meteo Historical Weather API,"Casalecchio di Reno, Bologna, Italy",44.4756,11.2759
2021-07-02T09:00:00+00:00,27.000,13.100,Open-Meteo Historical Weather API,"Casalecchio di Reno, Bologna, Italy",44.4756,11.2759
2021-07-02T10:00:00+00:00,28.400,13.100,Open-Meteo Historical Weather API,"Casalecchio di Reno, Bologna, Italy",44.4756,11.2759
2021-07-02T11:00:00+00:00,29.500,12.600,Open-Meteo Historical Weather API,"Casalecchio di Reno, Bologna, Italy",44.4756,11.2759
2021-07-02T12:00:00+00:00,25.500,17.900,Open-Meteo Historical Weather API,"Casalecchio di Reno, Bologna, Italy",44.4756,11.2759
2021-07-02T13:00:00+00:00,26.500,17.300,Open-Meteo Historical Weather API,"Casalecchio di Reno, Bologna, Italy",44.4756,11.2759
2021-07-02T14:00:00+00:00,28.500,14.700,Open-Meteo Historical Weather API,"Casalecchio di Reno, Bologna, Italy",44.4756,11.2759
2021-07-02T15:00:00+00:00,29.100,13.500,Open-Meteo Historical Weather API,"Casalecchio di Reno, Bologna, Italy",44.4756,11.2759
2021-07-02T16:00:00+00:00,29.000,12.600,Open-Meteo Historical Weather API,"Casalecchio di Reno, Bologna, Italy",44.4756,11.2759
2021-07-02T17:00:00+00:00,28.700,12.600,Open-Meteo Historical Weather API,"Casalecchio di Reno, Bologna, Italy",44.4756,11.2759
2021-07-02T18:00:00+00:00,27.600,19.900,Open-Meteo Historical Weather API,"Casalecchio di Reno, Bologna, Italy",44.4756,11.2759
2021-07-02T19:00:00+00:00,26.300,13.600,Open-Meteo Historical Weather API,"Casalecchio di Reno, Bologna, Italy",44.4756,11.2759
2021-07-02T20:00:00+00:00,23.600,14.000,Open-Meteo Historical Weather API,"Casalecchio di Reno, Bologna, Italy",44.4756,11.2759
2021-07-02T21:00:00+00:00,22.900,16.100,Open-Meteo Historical Weather API,"Casalecchio di Reno, Bologna, Italy",44.4756,11.2759
2021-07-02T22:00:00+00:00,22.000,16.500,Open-Meteo Historical Weather API,"Casalecchio di Reno, Bologna, Italy",44.4756,11.2759
2021-07-02T23:00:00+00:00,20.800,15.800,Open-Meteo Historical Weather API,"Casalecchio di Reno, Bologna, Italy",44.4756,11.2759
2021-07-03T00:00:00+00:00,21.800,14.500,Open-Meteo Historical Weather API,"Casalecchio di Reno, Bologna, Italy",44.4756,11.2759
2021-07-03T01:00:00+00:00,21.400,14.100,Open-Meteo Historical Weather API,"Casalecchio di Reno, Bologna, Italy",44.4756,11.2759
2021-07-03T02:00:00+00:00,20.600,14.100,Open-Meteo Historical Weather API,"Casalecchio di Reno, Bologna, Italy",44.4756,11.2759
2021-07-03T03:00:00+00:00,20.300,13.900,Open-Meteo Historical Weather API,"Casalecchio di Reno, Bologna, Italy",44.4756,11.2759
2021-07-03T04:00:00+00:00,19.200,14.100,Open-Meteo Historical Weather API,"Casalecchio di Reno, Bologna, Italy",44.4756,11.2759
2021-07-03T05:00:00+00:00,20.400,14.900,Open-Meteo Historical Weather API,"Casalecchio di Reno, Bologna, Italy",44.4756,11.2759
2021-07-03T06:00:00+00:00,22.900,14.400,Open-Meteo Historical Weather API,"Casalecchio di Reno, Bologna, Italy",44.4756,11.2759
2021-07-03T07:00:00+00:00,24.900,14.600,Open-Meteo Historical Weather API,"Casalecchio di Reno, Bologna, Italy",44.4756,11.2759
2021-07-03T08:00:00+00:00,26.700,14.600,Open-Meteo Historical Weather API,"Casalecchio di Reno, Bologna, Italy",44.4756,11.2759
2021-07-03T09:00:00+00:00,28.600,14.100,Open-Meteo Historical Weather API,"Casalecchio di Reno, Bologna, Italy",44.4756,11.2759
2021-07-03T10:00:00+00:00,30.200,13.400,Open-Meteo Historical Weather API,"Casalecchio di Reno, Bologna, Italy",44.4756,11.2759
2021-07-03T11:00:00+00:00,31.500,12.600,Open-Meteo Historical Weather API,"Casalecchio di Reno, Bologna, Italy",44.4756,11.2759
2021-07-03T12:00:00+00:00,31.600,12.400,Open-Meteo Historical Weather API,"Casalecchio di Reno, Bologna, Italy",44.4756,11.2759
2021-07-03T13:00:00+00:00,32.300,12.100,Open-Meteo Historical Weather API,"Casalecchio di Reno, Bologna, Italy",44.4756,11.2759
2021-07-03T14:00:00+00:00,31.900,12.300,Open-Meteo Historical Weather API,"Casalecchio di Reno, Bologna, Italy",44.4756,11.2759
2021-07-03T15:00:00+00:00,31.000,13.900,Open-Meteo Historical Weather API,"Casalecchio di Reno, Bologna, Italy",44.4756,11.2759
2021-07-03T16:00:00+00:00,30.400,14.900,Open-Meteo Historical Weather API,"Casalecchio di Reno, Bologna, Italy",44.4756,11.2759
2021-07-03T17:00:00+00:00,30.000,15.400,Open-Meteo Historical Weather API,"Casalecchio di Reno, Bologna, Italy",44.4756,11.2759
2021-07-03T18:00:00+00:00,28.400,18.500,Open-Meteo Historical Weather API,"Casalecchio di Reno, Bologna, Italy",44.4756,11.2759
2021-07-03T19:00:00+00:00,26.400,16.000,Open-Meteo Historical Weather API,"Casalecchio di Reno, Bologna, Italy",44.4756,11.2759
2021-07-03T20:00:00+00:00,25.600,14.900,Open-Meteo Historical Weather API,"Casalecchio di Reno, Bologna, Italy",44.4756,11.2759
2021-07-03T21:00:00+00:00,24.900,16.100,Open-Meteo Historical Weather API,"Casalecchio di Reno, Bologna, Italy",44.4756,11.2759
2021-07-03T22:00:00+00:00,23.800,16.600,Open-Meteo Historical Weather API,"Casalecchio di Reno, Bologna, Italy",44.4756,11.2759
2021-07-03T23:00:00+00:00,22.700,16.900,Open-Meteo Historical Weather API,"Casalecchio di Reno, Bologna, Italy",44.4756,11.2759
2021-07-04T00:00:00+00:00,22.400,16.800,Open-Meteo Historical Weather API,"Casalecchio di Reno, Bologna, Italy",44.4756,11.2759
2021-07-04T01:00:00+00:00,22.100,16.100,Open-Meteo Historical Weather API,"Casalecchio di Reno, Bologna, Italy",44.4756,11.2759
2021-07-04T02:00:00+00:00,21.800,16.100,Open-Meteo Historical Weather API,"Casalecchio di Reno, Bologna, Italy",44.4756,11.2759
2021-07-04T03:00:00+00:00,21.200,16.400,Open-Meteo Historical Weather API,"Casalecchio di Reno, Bologna, Italy",44.4756,11.2759
2021-07-04T04:00:00+00:00,20.800,16.000,Open-Meteo Historical Weather API,"Casalecchio di Reno, Bologna, Italy",44.4756,11.2759
2021-07-04T05:00:00+00:00,21.800,16.100,Open-Meteo Historical Weather API,"Casalecchio di Reno, Bologna, Italy",44.4756,11.2759
2021-07-04T06:00:00+00:00,23.200,15.800,Open-Meteo Historical Weather API,"Casalecchio di Reno, Bologna, Italy",44.4756,11.2759
2021-07-04T07:00:00+00:00,24.600,16.000,Open-Meteo Historical Weather API,"Casalecchio di Reno, Bologna, Italy",44.4756,11.2759
2021-07-04T08:00:00+00:00,26.000,16.200,Open-Meteo Historical Weather API,"Casalecchio di Reno, Bologna, Italy",44.4756,11.2759
2021-07-04T09:00:00+00:00,27.500,16.100,Open-Meteo Historical Weather API,"Casalecchio di Reno, Bologna, Italy",44.4756,11.2759
2021-07-04T10:00:00+00:00,29.000,16.000,Open-Meteo Historical Weather API,"Casalecchio di Reno, Bologna, Italy",44.4756,11.2759
2021-07-04T11:00:00+00:00,29.600,15.800,Open-Meteo Historical Weather API,"Casalecchio di Reno, Bologna, Italy",44.4756,11.2759
2021-07-04T12:00:00+00:00,28.000,16.400,Open-Meteo Historical Weather API,"Casalecchio di Reno, Bologna, Italy",44.4756,11.2759
2021-07-04T13:00:00+00:00,27.000,16.900,Open-Meteo Historical Weather API,"Casalecchio di Reno, Bologna, Italy",44.4756,11.2759
2021-07-04T14:00:00+00:00,25.700,17.500,Open-Meteo Historical Weather API,"Casalecchio di Reno, Bologna, Italy",44.4756,11.2759
2021-07-04T15:00:00+00:00,24.000,19.900,Open-Meteo Historical Weather API,"Casalecchio di Reno, Bologna, Italy",44.4756,11.2759
2021-07-04T16:00:00+00:00,22.900,20.000,Open-Meteo Historical Weather API,"Casalecchio di Reno, Bologna, Italy",44.4756,11.2759
2021-07-04T17:00:00+00:00,22.600,20.100,Open-Meteo Historical Weather API,"Casalecchio di Reno, Bologna, Italy",44.4756,11.2759
2021-07-04T18:00:00+00:00,22.200,20.400,Open-Meteo Historical Weather API,"Casalecchio di Reno, Bologna, Italy",44.4756,11.2759
2021-07-04T19:00:00+00:00,21.000,20.400,Open-Meteo Historical Weather API,"Casalecchio di Reno, Bologna, Italy",44.4756,11.2759
2021-07-04T20:00:00+00:00,20.700,19.300,Open-Meteo Historical Weather API,"Casalecchio di Reno, Bologna, Italy",44.4756,11.2759
2021-07-04T21:00:00+00:00,20.400,19.600,Open-Meteo Historical Weather API,"Casalecchio di Reno, Bologna, Italy",44.4756,11.2759
2021-07-04T22:00:00+00:00,20.000,19.300,Open-Meteo Historical Weather API,"Casalecchio di Reno, Bologna, Italy",44.4756,11.2759
2021-07-04T23:00:00+00:00,19.200,18.800,Open-Meteo Historical Weather API,"Casalecchio di Reno, Bologna, Italy",44.4756,11.2759
2021-07-05T00:00:00+00:00,18.800,18.500,Open-Meteo Historical Weather API,"Casalecchio di Reno, Bologna, Italy",44.4756,11.2759
2021-07-05T01:00:00+00:00,19.000,18.000,Open-Meteo Historical Weather API,"Casalecchio di Reno, Bologna, Italy",44.4756,11.2759
2021-07-05T02:00:00+00:00,19.100,17.000,Open-Meteo Historical Weather API,"Casalecchio di Reno, Bologna, Italy",44.4756,11.2759
2021-07-05T03:00:00+00:00,18.900,16.200,Open-Meteo Historical Weather API,"Casalecchio di Reno, Bologna, Italy",44.4756,11.2759
2021-07-05T04:00:00+00:00,18.600,15.900,Open-Meteo Historical Weather API,"Casalecchio di Reno, Bologna, Italy",44.4756,11.2759
2021-07-05T05:00:00+00:00,19.900,16.100,Open-Meteo Historical Weather API,"Casalecchio di Reno, Bologna, Italy",44.4756,11.2759
2021-07-05T06:00:00+00:00,21.700,16.100,Open-Meteo Historical Weather API,"Casalecchio di Reno, Bologna, Italy",44.4756,11.2759
2021-07-05T07:00:00+00:00,23.500,15.400,Open-Meteo Historical Weather API,"Casalecchio di Reno, Bologna, Italy",44.4756,11.2759
2021-07-05T08:00:00+00:00,25.400,14.500,Open-Meteo Historical Weather API,"Casalecchio di Reno, Bologna, Italy",44.4756,11.2759
2021-07-05T09:00:00+00:00,27.000,13.900,Open-Meteo Historical Weather API,"Casalecchio di Reno, Bologna, Italy",44.4756,11.2759
2021-07-05T10:00:00+00:00,28.400,13.500,Open-Meteo Historical Weather API,"Casalecchio di Reno, Bologna, Italy",44.4756,11.2759
2021-07-05T11:00:00+00:00,29.500,12.800,Open-Meteo Historical Weather API,"Casalecchio di Reno, Bologna, Italy",44.4756,11.2759
2021-07-05T12:00:00+00:00,30.600,11.400,Open-Meteo Historical Weather API,"Casalecchio di Reno, Bologna, Italy",44.4756,11.2759
2021-07-05T13:00:00+00:00,31.200,11.400,Open-Meteo Historical Weather API,"Casalecchio di Reno, Bologna, Italy",44.4756,11.2759
2021-07-05T14:00:00+00:00,31.400,11.500,Open-Meteo Historical Weather API,"Casalecchio di Reno, Bologna, Italy",44.4756,11.2759
2021-07-05T15:00:00+00:00,31.400,11.600,Open-Meteo Historical Weather API,"Casalecchio di Reno, Bologna, Italy",44.4756,11.2759
2021-07-05T16:00:00+00:00,31.200,11.600,Open-Meteo Historical Weather API,"Casalecchio di Reno, Bologna, Italy",44.4756,11.2759
2021-07-05T17:00:00+00:00,29.100,13.200,Open-Meteo Historical Weather API,"Casalecchio di Reno, Bologna, Italy",44.4756,11.2759
2021-07-05T18:00:00+00:00,27.100,14.400,Open-Meteo Historical Weather API,"Casalecchio di Reno, Bologna, Italy",44.4756,11.2759
2021-07-05T19:00:00+00:00,25.500,14.900,Open-Meteo Historical Weather API,"Casalecchio di Reno, Bologna, Italy",44.4756,11.2759
2021-07-05T20:00:00+00:00,24.500,15.200,Open-Meteo Historical Weather API,"Casalecchio di Reno, Bologna, Italy",44.4756,11.2759
2021-07-05T21:00:00+00:00,23.500,16.100,Open-Meteo Historical Weather API,"Casalecchio di Reno, Bologna, Italy",44.4756,11.2759
2021-07-05T22:00:00+00:00,22.000,16.800,Open-Meteo Historical Weather API,"Casalecchio di Reno, Bologna, Italy",44.4756,11.2759
2021-07-05T23:00:00+00:00,21.400,16.600,Open-Meteo Historical Weather API,"Casalecchio di Reno, Bologna, Italy",44.4756,11.2759
2021-07-06T00:00:00+00:00,21.200,14.800,Open-Meteo Historical Weather API,"Casalecchio di Reno, Bologna, Italy",44.4756,11.2759
2021-07-06T01:00:00+00:00,21.000,14.400,Open-Meteo Historical Weather API,"Casalecchio di Reno, Bologna, Italy",44.4756,11.2759
2021-07-06T02:00:00+00:00,20.600,13.800,Open-Meteo Historical Weather API,"Casalecchio di Reno, Bologna, Italy",44.4756,11.2759
2021-07-06T03:00:00+00:00,20.200,13.300,Open-Meteo Historical Weather API,"Casalecchio di Reno, Bologna, Italy",44.4756,11.2759
2021-07-06T04:00:00+00:00,20.000,13.000,Open-Meteo Historical Weather API,"Casalecchio di Reno, Bologna, Italy",44.4756,11.2759
2021-07-06T05:00:00+00:00,21.100,13.400,Open-Meteo Historical Weather API,"Casalecchio di Reno, Bologna, Italy",44.4756,11.2759
2021-07-06T06:00:00+00:00,23.600,14.100,Open-Meteo Historical Weather API,"Casalecchio di Reno, Bologna, Italy",44.4756,11.2759
2021-07-06T07:00:00+00:00,25.700,14.600,Open-Meteo Historical Weather API,"Casalecchio di Reno, Bologna, Italy",44.4756,11.2759
2021-07-06T08:00:00+00:00,27.200,15.300,Open-Meteo Historical Weather API,"Casalecchio di Reno, Bologna, Italy",44.4756,11.2759
2021-07-06T09:00:00+00:00,28.800,14.800,Open-Meteo Historical Weather API,"Casalecchio di Reno, Bologna, Italy",44.4756,11.2759
2021-07-06T10:00:00+00:00,30.400,14.100,Open-Meteo Historical Weather API,"Casalecchio di Reno, Bologna, Italy",44.4756,11.2759
2021-07-06T11:00:00+00:00,31.800,13.800,Open-Meteo Historical Weather API,"Casalecchio di Reno, Bologna, Italy",44.4756,11.2759
2021-07-06T12:00:00+00:00,31.500,16.800,Open-Meteo Historical Weather API,"Casalecchio di Reno, Bologna, Italy",44.4756,11.2759
2021-07-06T13:00:00+00:00,33.200,16.900,Open-Meteo Historical Weather API,"Casalecchio di Reno, Bologna, Italy",44.4756,11.2759
2021-07-06T14:00:00+00:00,34.300,16.100,Open-Meteo Historical Weather API,"Casalecchio di Reno, Bologna, Italy",44.4756,11.2759
2021-07-06T15:00:00+00:00,35.000,14.200,Open-Meteo Historical Weather API,"Casalecchio di Reno, Bologna, Italy",44.4756,11.2759
2021-07-06T16:00:00+00:00,34.500,14.000,Open-Meteo Historical Weather API,"Casalecchio di Reno, Bologna, Italy",44.4756,11.2759
2021-07-06T17:00:00+00:00,33.500,13.900,Open-Meteo Historical Weather API,"Casalecchio di Reno, Bologna, Italy",44.4756,11.2759
2021-07-06T18:00:00+00:00,31.000,18.900,Open-Meteo Historical Weather API,"Casalecchio di Reno, Bologna, Italy",44.4756,11.2759
2021-07-06T19:00:00+00:00,28.700,13.900,Open-Meteo Historical Weather API,"Casalecchio di Reno, Bologna, Italy",44.4756,11.2759
2021-07-06T20:00:00+00:00,27.600,14.200,Open-Meteo Historical Weather API,"Casalecchio di Reno, Bologna, Italy",44.4756,11.2759
2021-07-06T21:00:00+00:00,26.900,14.100,Open-Meteo Historical Weather API,"Casalecchio di Reno, Bologna, Italy",44.4756,11.2759
2021-07-06T22:00:00+00:00,26.500,12.200,Open-Meteo Historical Weather API,"Casalecchio di Reno, Bologna, Italy",44.4756,11.2759
2021-07-06T23:00:00+00:00,26.200,11.300,Open-Meteo Historical Weather API,"Casalecchio di Reno, Bologna, Italy",44.4756,11.2759
2021-07-07T00:00:00+00:00,25.900,12.400,Open-Meteo Historical Weather API,"Casalecchio di Reno, Bologna, Italy",44.4756,11.2759
2021-07-07T01:00:00+00:00,25.200,12.400,Open-Meteo Historical Weather API,"Casalecchio di Reno, Bologna, Italy",44.4756,11.2759
2021-07-07T02:00:00+00:00,24.200,12.600,Open-Meteo Historical Weather API,"Casalecchio di Reno, Bologna, Italy",44.4756,11.2759
2021-07-07T03:00:00+00:00,24.100,13.100,Open-Meteo Historical Weather API,"Casalecchio di Reno, Bologna, Italy",44.4756,11.2759
2021-07-07T04:00:00+00:00,24.100,13.500,Open-Meteo Historical Weather API,"Casalecchio di Reno, Bologna, Italy",44.4756,11.2759
2021-07-07T05:00:00+00:00,25.000,14.000,Open-Meteo Historical Weather API,"Casalecchio di Reno, Bologna, Italy",44.4756,11.2759
2021-07-07T06:00:00+00:00,27.000,14.400,Open-Meteo Historical Weather API,"Casalecchio di Reno, Bologna, Italy",44.4756,11.2759
2021-07-07T07:00:00+00:00,29.000,14.300,Open-Meteo Historical Weather API,"Casalecchio di Reno, Bologna, Italy",44.4756,11.2759
2021-07-07T08:00:00+00:00,30.900,13.900,Open-Meteo Historical Weather API,"Casalecchio di Reno, Bologna, Italy",44.4756,11.2759
2021-07-07T09:00:00+00:00,32.300,14.100,Open-Meteo Historical Weather API,"Casalecchio di Reno, Bologna, Italy",44.4756,11.2759
2021-07-07T10:00:00+00:00,33.700,14.400,Open-Meteo Historical Weather API,"Casalecchio di Reno, Bologna, Italy",44.4756,11.2759
2021-07-07T11:00:00+00:00,34.800,14.400,Open-Meteo Historical Weather API,"Casalecchio di Reno, Bologna, Italy",44.4756,11.2759
2021-07-07T12:00:00+00:00,35.300,14.900,Open-Meteo Historical Weather API,"Casalecchio di Reno, Bologna, Italy",44.4756,11.2759
2021-07-07T13:00:00+00:00,36.100,14.300,Open-Meteo Historical Weather API,"Casalecchio di Reno, Bologna, Italy",44.4756,11.2759
2021-07-07T14:00:00+00:00,36.200,13.700,Open-Meteo Historical Weather API,"Casalecchio di Reno, Bologna, Italy",44.4756,11.2759
2021-07-07T15:00:00+00:00,35.800,13.100,Open-Meteo Historical Weather API,"Casalecchio di Reno, Bologna, Italy",44.4756,11.2759
2021-07-07T16:00:00+00:00,35.500,14.200,Open-Meteo Historical Weather API,"Casalecchio di Reno, Bologna, Italy",44.4756,11.2759
2021-07-07T17:00:00+00:00,34.500,15.900,Open-Meteo Historical Weather API,"Casalecchio di Reno, Bologna, Italy",44.4756,11.2759
2021-07-07T18:00:00+00:00,32.300,17.800,Open-Meteo Historical Weather API,"Casalecchio di Reno, Bologna, Italy",44.4756,11.2759
2021-07-07T19:00:00+00:00,30.000,17.400,Open-Meteo Historical Weather API,"Casalecchio di Reno, Bologna, Italy",44.4756,11.2759
2021-07-07T20:00:00+00:00,28.800,18.400,Open-Meteo Historical Weather API,"Casalecchio di Reno, Bologna, Italy",44.4756,11.2759
2021-07-07T21:00:00+00:00,28.100,17.600,Open-Meteo Historical Weather API,"Casalecchio di Reno, Bologna, Italy",44.4756,11.2759
2021-07-07T22:00:00+00:00,27.500,16.000,Open-Meteo Historical Weather API,"Casalecchio di Reno, Bologna, Italy",44.4756,11.2759
2021-07-07T23:00:00+00:00,26.800,15.100,Open-Meteo Historical Weather API,"Casalecchio di Reno, Bologna, Italy",44.4756,11.2759
2021-07-08T00:00:00+00:00,25.000,15.400,Open-Meteo Historical Weather API,"Casalecchio di Reno, Bologna, Italy",44.4756,11.2759
2021-07-08T01:00:00+00:00,24.600,15.200,Open-Meteo Historical Weather API,"Casalecchio di Reno, Bologna, Italy",44.4756,11.2759
2021-07-08T02:00:00+00:00,24.000,15.200,Open-Meteo Historical Weather API,"Casalecchio di Reno, Bologna, Italy",44.4756,11.2759
2021-07-08T03:00:00+00:00,24.100,14.800,Open-Meteo Historical Weather API,"Casalecchio di Reno, Bologna, Italy",44.4756,11.2759
2021-07-08T04:00:00+00:00,24.300,13.900,Open-Meteo Historical Weather API,"Casalecchio di Reno, Bologna, Italy",44.4756,11.2759
2021-07-08T05:00:00+00:00,24.400,14.400,Open-Meteo Historical Weather API,"Casalecchio di Reno, Bologna, Italy",44.4756,11.2759
2021-07-08T06:00:00+00:00,26.600,14.200,Open-Meteo Historical Weather API,"Casalecchio di Reno, Bologna, Italy",44.4756,11.2759
2021-07-08T07:00:00+00:00,28.700,14.100,Open-Meteo Historical Weather API,"Casalecchio di Reno, Bologna, Italy",44.4756,11.2759
2021-07-08T08:00:00+00:00,30.100,13.600,Open-Meteo Historical Weather API,"Casalecchio di Reno, Bologna, Italy",44.4756,11.2759
2021-07-08T09:00:00+00:00,30.200,14.600,Open-Meteo Historical Weather API,"Casalecchio di Reno, Bologna, Italy",44.4756,11.2759
2021-07-08T10:00:00+00:00,31.200,15.600,Open-Meteo Historical Weather API,"Casalecchio di Reno, Bologna, Italy",44.4756,11.2759
2021-07-08T11:00:00+00:00,33.100,16.400,Open-Meteo Historical Weather API,"Casalecchio di Reno, Bologna, Italy",44.4756,11.2759
2021-07-08T12:00:00+00:00,34.200,15.100,Open-Meteo Historical Weather API,"Casalecchio di Reno, Bologna, Italy",44.4756,11.2759
2021-07-08T13:00:00+00:00,32.500,16.100,Open-Meteo Historical Weather API,"Casalecchio di Reno, Bologna, Italy",44.4756,11.2759
2021-07-08T14:00:00+00:00,33.800,17.200,Open-Meteo Historical Weather API,"Casalecchio di Reno, Bologna, Italy",44.4756,11.2759
2021-07-08T15:00:00+00:00,31.700,18.200,Open-Meteo Historical Weather API,"Casalecchio di Reno, Bologna, Italy",44.4756,11.2759
2021-07-08T16:00:00+00:00,29.500,19.300,Open-Meteo Historical Weather API,"Casalecchio di Reno, Bologna, Italy",44.4756,11.2759
2021-07-08T17:00:00+00:00,27.200,18.900,Open-Meteo Historical Weather API,"Casalecchio di Reno, Bologna, Italy",44.4756,11.2759
2021-07-08T18:00:00+00:00,24.400,19.200,Open-Meteo Historical Weather API,"Casalecchio di Reno, Bologna, Italy",44.4756,11.2759
2021-07-08T19:00:00+00:00,22.800,19.700,Open-Meteo Historical Weather API,"Casalecchio di Reno, Bologna, Italy",44.4756,11.2759
2021-07-08T20:00:00+00:00,21.900,20.000,Open-Meteo Historical Weather API,"Casalecchio di Reno, Bologna, Italy",44.4756,11.2759
2021-07-08T21:00:00+00:00,22.400,18.000,Open-Meteo Historical Weather API,"Casalecchio di Reno, Bologna, Italy",44.4756,11.2759
2021-07-08T22:00:00+00:00,22.400,17.500,Open-Meteo Historical Weather API,"Casalecchio di Reno, Bologna, Italy",44.4756,11.2759
2021-07-08T23:00:00+00:00,21.000,17.700,Open-Meteo Historical Weather API,"Casalecchio di Reno, Bologna, Italy",44.4756,11.2759
2021-07-09T00:00:00+00:00,19.600,13.700,Open-Meteo Historical Weather API,"Casalecchio di Reno, Bologna, Italy",44.4756,11.2759
2021-07-09T01:00:00+00:00,18.800,14.200,Open-Meteo Historical Weather API,"Casalecchio di Reno, Bologna, Italy",44.4756,11.2759
2021-07-09T02:00:00+00:00,17.800,14.700,Open-Meteo Historical Weather API,"Casalecchio di Reno, Bologna, Italy",44.4756,11.2759
2021-07-09T03:00:00+00:00,17.900,15.000,Open-Meteo Historical Weather API,"Casalecchio di Reno, Bologna, Italy",44.4756,11.2759
2021-07-09T04:00:00+00:00,17.300,14.600,Open-Meteo Historical Weather API,"Casalecchio di Reno, Bologna, Italy",44.4756,11.2759
2021-07-09T05:00:00+00:00,19.100,14.900,Open-Meteo Historical Weather API,"Casalecchio di Reno, Bologna, Italy",44.4756,11.2759
2021-07-09T06:00:00+00:00,22.000,15.100,Open-Meteo Historical Weather API,"Casalecchio di Reno, Bologna, Italy",44.4756,11.2759
2021-07-09T07:00:00+00:00,24.500,12.200,Open-Meteo Historical Weather API,"Casalecchio di Reno, Bologna, Italy",44.4756,11.2759
2021-07-09T08:00:00+00:00,26.400,9.400,Open-Meteo Historical Weather API,"Casalecchio di Reno, Bologna, Italy",44.4756,11.2759
2021-07-09T09:00:00+00:00,27.900,8.400,Open-Meteo Historical Weather API,"Casalecchio di Reno, Bologna, Italy",44.4756,11.2759
2021-07-09T10:00:00+00:00,29.000,8.000,Open-Meteo Historical Weather API,"Casalecchio di Reno, Bologna, Italy",44.4756,11.2759
2021-07-09T11:00:00+00:00,30.000,7.900,Open-Meteo Historical Weather API,"Casalecchio di Reno, Bologna, Italy",44.4756,11.2759
2021-07-09T12:00:00+00:00,30.400,8.800,Open-Meteo Historical Weather API,"Casalecchio di Reno, Bologna, Italy",44.4756,11.2759
2021-07-09T13:00:00+00:00,31.100,8.900,Open-Meteo Historical Weather API,"Casalecchio di Reno, Bologna, Italy",44.4756,11.2759
2021-07-09T14:00:00+00:00,31.500,8.900,Open-Meteo Historical Weather API,"Casalecchio di Reno, Bologna, Italy",44.4756,11.2759
2021-07-09T15:00:00+00:00,31.500,8.900,Open-Meteo Historical Weather API,"Casalecchio di Reno, Bologna, Italy",44.4756,11.2759
2021-07-09T16:00:00+00:00,31.300,8.900,Open-Meteo Historical Weather API,"Casalecchio di Reno, Bologna, Italy",44.4756,11.2759
2021-07-09T17:00:00+00:00,30.600,9.500,Open-Meteo Historical Weather API,"Casalecchio di Reno, Bologna, Italy",44.4756,11.2759
2021-07-09T18:00:00+00:00,28.600,13.900,Open-Meteo Historical Weather API,"Casalecchio di Reno, Bologna, Italy",44.4756,11.2759
2021-07-09T19:00:00+00:00,25.400,15.000,Open-Meteo Historical Weather API,"Casalecchio di Reno, Bologna, Italy",44.4756,11.2759
2021-07-09T20:00:00+00:00,25.500,12.900,Open-Meteo Historical Weather API,"Casalecchio di Reno, Bologna, Italy",44.4756,11.2759
2021-07-09T21:00:00+00:00,22.200,13.400,Open-Meteo Historical Weather API,"Casalecchio di Reno, Bologna, Italy",44.4756,11.2759
2021-07-09T22:00:00+00:00,21.900,12.300,Open-Meteo Historical Weather API,"Casalecchio di Reno, Bologna, Italy",44.4756,11.2759
2021-07-09T23:00:00+00:00,20.900,12.200,Open-Meteo Historical Weather API,"Casalecchio di Reno, Bologna, Italy",44.4756,11.2759
2021-07-10T00:00:00+00:00,21.800,10.700,Open-Meteo Historical Weather API,"Casalecchio di Reno, Bologna, Italy",44.4756,11.2759
2021-07-10T01:00:00+00:00,21.400,10.400,Open-Meteo Historical Weather API,"Casalecchio di Reno, Bologna, Italy",44.4756,11.2759
2021-07-10T02:00:00+00:00,20.600,10.800,Open-Meteo Historical Weather API,"Casalecchio di Reno, Bologna, Italy",44.4756,11.2759
2021-07-10T03:00:00+00:00,19.900,11.100,Open-Meteo Historical Weather API,"Casalecchio di Reno, Bologna, Italy",44.4756,11.2759
2021-07-10T04:00:00+00:00,19.500,11.100,Open-Meteo Historical Weather API,"Casalecchio di Reno, Bologna, Italy",44.4756,11.2759
2021-07-10T05:00:00+00:00,21.000,11.600,Open-Meteo Historical Weather API,"Casalecchio di Reno, Bologna, Italy",44.4756,11.2759
2021-07-10T06:00:00+00:00,23.600,10.900,Open-Meteo Historical Weather API,"Casalecchio di Reno, Bologna, Italy",44.4756,11.2759
2021-07-10T07:00:00+00:00,25.200,11.900,Open-Meteo Historical Weather API,"Casalecchio di Reno, Bologna, Italy",44.4756,11.2759
2021-07-10T08:00:00+00:00,26.900,12.300,Open-Meteo Historical Weather API,"Casalecchio di Reno, Bologna, Italy",44.4756,11.2759
2021-07-10T09:00:00+00:00,28.400,12.900,Open-Meteo Historical Weather API,"Casalecchio di Reno, Bologna, Italy",44.4756,11.2759
2021-07-10T10:00:00+00:00,29.600,13.100,Open-Meteo Historical Weather API,"Casalecchio di Reno, Bologna, Italy",44.4756,11.2759
2021-07-10T11:00:00+00:00,30.700,13.500,Open-Meteo Historical Weather API,"Casalecchio di Reno, Bologna, Italy",44.4756,11.2759
2021-07-10T12:00:00+00:00,30.900,11.600,Open-Meteo Historical Weather API,"Casalecchio di Reno, Bologna, Italy",44.4756,11.2759
2021-07-10T13:00:00+00:00,31.500,11.200,Open-Meteo Historical Weather API,"Casalecchio di Reno, Bologna, Italy",44.4756,11.2759
2021-07-10T14:00:00+00:00,31.500,11.200,Open-Meteo Historical Weather API,"Casalecchio di Reno, Bologna, Italy",44.4756,11.2759
2021-07-10T15:00:00+00:00,31.800,10.900,Open-Meteo Historical Weather API,"Casalecchio di Reno, Bologna, Italy",44.4756,11.2759
2021-07-10T16:00:00+00:00,31.300,11.600,Open-Meteo Historical Weather API,"Casalecchio di Reno, Bologna, Italy",44.4756,11.2759
2021-07-10T17:00:00+00:00,30.100,13.600,Open-Meteo Historical Weather API,"Casalecchio di Reno, Bologna, Italy",44.4756,11.2759
2021-07-10T18:00:00+00:00,29.000,14.100,Open-Meteo Historical Weather API,"Casalecchio di Reno, Bologna, Italy",44.4756,11.2759
2021-07-10T19:00:00+00:00,27.100,13.800,Open-Meteo Historical Weather API,"Casalecchio di Reno, Bologna, Italy",44.4756,11.2759
2021-07-10T20:00:00+00:00,25.800,13.300,Open-Meteo Historical Weather API,"Casalecchio di Reno, Bologna, Italy",44.4756,11.2759
2021-07-10T21:00:00+00:00,24.600,13.100,Open-Meteo Historical Weather API,"Casalecchio di Reno, Bologna, Italy",44.4756,11.2759
2021-07-10T22:00:00+00:00,23.500,13.600,Open-Meteo Historical Weather API,"Casalecchio di Reno, Bologna, Italy",44.4756,11.2759
2021-07-10T23:00:00+00:00,23.000,14.100,Open-Meteo Historical Weather API,"Casalecchio di Reno, Bologna, Italy",44.4756,11.2759
2021-07-11T00:00:00+00:00,22.700,14.200,Open-Meteo Historical Weather API,"Casalecchio di Reno, Bologna, Italy",44.4756,11.2759
2021-07-11T01:00:00+00:00,22.400,13.300,Open-Meteo Historical Weather API,"Casalecchio di Reno, Bologna, Italy",44.4756,11.2759
2021-07-11T02:00:00+00:00,21.900,13.100,Open-Meteo Historical Weather API,"Casalecchio di Reno, Bologna, Italy",44.4756,11.2759
2021-07-11T03:00:00+00:00,21.600,13.100,Open-Meteo Historical Weather API,"Casalecchio di Reno, Bologna, Italy",44.4756,11.2759
2021-07-11T04:00:00+00:00,21.500,13.900,Open-Meteo Historical Weather API,"Casalecchio di Reno, Bologna, Italy",44.4756,11.2759
2021-07-11T05:00:00+00:00,22.000,14.900,Open-Meteo Historical Weather API,"Casalecchio di Reno, Bologna, Italy",44.4756,11.2759
2021-07-11T06:00:00+00:00,23.300,15.700,Open-Meteo Historical Weather API,"Casalecchio di Reno, Bologna, Italy",44.4756,11.2759
2021-07-11T07:00:00+00:00,25.400,16.000,Open-Meteo Historical Weather API,"Casalecchio di Reno, Bologna, Italy",44.4756,11.2759
2021-07-11T08:00:00+00:00,27.200,15.900,Open-Meteo Historical Weather API,"Casalecchio di Reno, Bologna, Italy",44.4756,11.2759
2021-07-11T09:00:00+00:00,28.600,15.400,Open-Meteo Historical Weather API,"Casalecchio di Reno, Bologna, Italy",44.4756,11.2759
2021-07-11T10:00:00+00:00,29.400,14.800,Open-Meteo Historical Weather API,"Casalecchio di Reno, Bologna, Italy",44.4756,11.2759
2021-07-11T11:00:00+00:00,30.000,14.400,Open-Meteo Historical Weather API,"Casalecchio di Reno, Bologna, Italy",44.4756,11.2759
2021-07-11T12:00:00+00:00,29.600,14.500,Open-Meteo Historical Weather API,"Casalecchio di Reno, Bologna, Italy",44.4756,11.2759
2021-07-11T13:00:00+00:00,30.600,14.400,Open-Meteo Historical Weather API,"Casalecchio di Reno, Bologna, Italy",44.4756,11.2759
2021-07-11T14:00:00+00:00,31.000,13.900,Open-Meteo Historical Weather API,"Casalecchio di Reno, Bologna, Italy",44.4756,11.2759
2021-07-11T15:00:00+00:00,30.500,13.900,Open-Meteo Historical Weather API,"Casalecchio di Reno, Bologna, Italy",44.4756,11.2759
2021-07-11T16:00:00+00:00,30.500,13.900,Open-Meteo Historical Weather API,"Casalecchio di Reno, Bologna, Italy",44.4756,11.2759
2021-07-11T17:00:00+00:00,30.300,14.000,Open-Meteo Historical Weather API,"Casalecchio di Reno, Bologna, Italy",44.4756,11.2759
2021-07-11T18:00:00+00:00,29.200,15.400,Open-Meteo Historical Weather API,"Casalecchio di Reno, Bologna, Italy",44.4756,11.2759
2021-07-11T19:00:00+00:00,26.900,16.900,Open-Meteo Historical Weather API,"Casalecchio di Reno, Bologna, Italy",44.4756,11.2759
2021-07-11T20:00:00+00:00,24.900,17.100,Open-Meteo Historical Weather API,"Casalecchio di Reno, Bologna, Italy",44.4756,11.2759
2021-07-11T21:00:00+00:00,23.800,17.100,Open-Meteo Historical Weather API,"Casalecchio di Reno, Bologna, Italy",44.4756,11.2759
2021-07-11T22:00:00+00:00,23.000,16.600,Open-Meteo Historical Weather API,"Casalecchio di Reno, Bologna, Italy",44.4756,11.2759
2021-07-11T23:00:00+00:00,22.600,15.900,Open-Meteo Historical Weather API,"Casalecchio di Reno, Bologna, Italy",44.4756,11.2759
2021-07-12T00:00:00+00:00,22.700,15.700,Open-Meteo Historical Weather API,"Casalecchio di Reno, Bologna, Italy",44.4756,11.2759
2021-07-12T01:00:00+00:00,22.500,15.000,Open-Meteo Historical Weather API,"Casalecchio di Reno, Bologna, Italy",44.4756,11.2759
2021-07-12T02:00:00+00:00,22.000,15.100,Open-Meteo Historical Weather API,"Casalecchio di Reno, Bologna, Italy",44.4756,11.2759
2021-07-12T03:00:00+00:00,21.500,15.000,Open-Meteo Historical Weather API,"Casalecchio di Reno, Bologna, Italy",44.4756,11.2759
2021-07-12T04:00:00+00:00,21.500,14.000,Open-Meteo Historical Weather API,"Casalecchio di Reno, Bologna, Italy",44.4756,11.2759
2021-07-12T05:00:00+00:00,22.500,13.800,Open-Meteo Historical Weather API,"Casalecchio di Reno, Bologna, Italy",44.4756,11.2759
2021-07-12T06:00:00+00:00,24.800,14.200,Open-Meteo Historical Weather API,"Casalecchio di Reno, Bologna, Italy",44.4756,11.2759
2021-07-12T07:00:00+00:00,26.100,14.400,Open-Meteo Historical Weather API,"Casalecchio di Reno, Bologna, Italy",44.4756,11.2759
2021-07-12T08:00:00+00:00,28.200,14.300,Open-Meteo Historical Weather API,"Casalecchio di Reno, Bologna, Italy",44.4756,11.2759
2021-07-12T09:00:00+00:00,30.100,13.700,Open-Meteo Historical Weather API,"Casalecchio di Reno, Bologna, Italy",44.4756,11.2759
2021-07-12T10:00:00+00:00,32.100,12.400,Open-Meteo Historical Weather API,"Casalecchio di Reno, Bologna, Italy",44.4756,11.2759
2021-07-12T11:00:00+00:00,33.800,10.700,Open-Meteo Historical Weather API,"Casalecchio di Reno, Bologna, Italy",44.4756,11.2759
2021-07-12T12:00:00+00:00,33.500,12.300,Open-Meteo Historical Weather API,"Casalecchio di Reno, Bologna, Italy",44.4756,11.2759
2021-07-12T13:00:00+00:00,34.500,12.500,Open-Meteo Historical Weather API,"Casalecchio di Reno, Bologna, Italy",44.4756,11.2759
2021-07-12T14:00:00+00:00,34.600,13.100,Open-Meteo Historical Weather API,"Casalecchio di Reno, Bologna, Italy",44.4756,11.2759
2021-07-12T15:00:00+00:00,33.800,13.800,Open-Meteo Historical Weather API,"Casalecchio di Reno, Bologna, Italy",44.4756,11.2759
2021-07-12T16:00:00+00:00,32.800,14.900,Open-Meteo Historical Weather API,"Casalecchio di Reno, Bologna, Italy",44.4756,11.2759
2021-07-12T17:00:00+00:00,31.800,15.400,Open-Meteo Historical Weather API,"Casalecchio di Reno, Bologna, Italy",44.4756,11.2759
2021-07-12T18:00:00+00:00,30.600,15.400,Open-Meteo Historical Weather API,"Casalecchio di Reno, Bologna, Italy",44.4756,11.2759
2021-07-12T19:00:00+00:00,29.000,15.100,Open-Meteo Historical Weather API,"Casalecchio di Reno, Bologna, Italy",44.4756,11.2759
2021-07-12T20:00:00+00:00,27.500,15.100,Open-Meteo Historical Weather API,"Casalecchio di Reno, Bologna, Italy",44.4756,11.2759
2021-07-12T21:00:00+00:00,26.000,15.400,Open-Meteo Historical Weather API,"Casalecchio di Reno, Bologna, Italy",44.4756,11.2759
2021-07-12T22:00:00+00:00,25.100,15.200,Open-Meteo Historical Weather API,"Casalecchio di Reno, Bologna, Italy",44.4756,11.2759
2021-07-12T23:00:00+00:00,24.700,14.900,Open-Meteo Historical Weather API,"Casalecchio di Reno, Bologna, Italy",44.4756,11.2759
2021-07-13T00:00:00+00:00,25.000,14.200,Open-Meteo Historical Weather API,"Casalecchio di Reno, Bologna, Italy",44.4756,11.2759
2021-07-13T01:00:00+00:00,24.100,14.300,Open-Meteo Historical Weather API,"Casalecchio di Reno, Bologna, Italy",44.4756,11.2759
2021-07-13T02:00:00+00:00,23.600,14.100,Open-Meteo Historical Weather API,"Casalecchio di Reno, Bologna, Italy",44.4756,11.2759
2021-07-13T03:00:00+00:00,23.500,13.800,Open-Meteo Historical Weather API,"Casalecchio di Reno, Bologna, Italy",44.4756,11.2759
2021-07-13T04:00:00+00:00,24.100,13.600,Open-Meteo Historical Weather API,"Casalecchio di Reno, Bologna, Italy",44.4756,11.2759
2021-07-13T05:00:00+00:00,24.100,13.900,Open-Meteo Historical Weather API,"Casalecchio di Reno, Bologna, Italy",44.4756,11.2759
2021-07-13T06:00:00+00:00,25.800,13.900,Open-Meteo Historical Weather API,"Casalecchio di Reno, Bologna, Italy",44.4756,11.2759
2021-07-13T07:00:00+00:00,27.800,13.100,Open-Meteo Historical Weather API,"Casalecchio di Reno, Bologna, Italy",44.4756,11.2759
2021-07-13T08:00:00+00:00,29.500,14.600,Open-Meteo Historical Weather API,"Casalecchio di Reno, Bologna, Italy",44.4756,11.2759
2021-07-13T09:00:00+00:00,30.200,16.600,Open-Meteo Historical Weather API,"Casalecchio di Reno, Bologna, Italy",44.4756,11.2759
2021-07-13T10:00:00+00:00,29.500,15.900,Open-Meteo Historical Weather API,"Casalecchio di Reno, Bologna, Italy",44.4756,11.2759
2021-07-13T11:00:00+00:00,26.000,17.100,Open-Meteo Historical Weather API,"Casalecchio di Reno, Bologna, Italy",44.4756,11.2759
2021-07-13T12:00:00+00:00,24.800,18.500,Open-Meteo Historical Weather API,"Casalecchio di Reno, Bologna, Italy",44.4756,11.2759
2021-07-13T13:00:00+00:00,27.000,17.300,Open-Meteo Historical Weather API,"Casalecchio di Reno, Bologna, Italy",44.4756,11.2759
2021-07-13T14:00:00+00:00,27.000,16.200,Open-Meteo Historical Weather API,"Casalecchio di Reno, Bologna, Italy",44.4756,11.2759
2021-07-13T15:00:00+00:00,28.500,15.700,Open-Meteo Historical Weather API,"Casalecchio di Reno, Bologna, Italy",44.4756,11.2759
2021-07-13T16:00:00+00:00,28.500,15.200,Open-Meteo Historical Weather API,"Casalecchio di Reno, Bologna, Italy",44.4756,11.2759
2021-07-13T17:00:00+00:00,27.200,14.400,Open-Meteo Historical Weather API,"Casalecchio di Reno, Bologna, Italy",44.4756,11.2759
2021-07-13T18:00:00+00:00,25.600,13.400,Open-Meteo Historical Weather API,"Casalecchio di Reno, Bologna, Italy",44.4756,11.2759
2021-07-13T19:00:00+00:00,23.700,10.800,Open-Meteo Historical Weather API,"Casalecchio di Reno, Bologna, Italy",44.4756,11.2759
2021-07-13T20:00:00+00:00,22.000,10.500,Open-Meteo Historical Weather API,"Casalecchio di Reno, Bologna, Italy",44.4756,11.2759
2021-07-13T21:00:00+00:00,20.900,12.500,Open-Meteo Historical Weather API,"Casalecchio di Reno, Bologna, Italy",44.4756,11.2759
2021-07-13T22:00:00+00:00,20.400,13.600,Open-Meteo Historical Weather API,"Casalecchio di Reno, Bologna, Italy",44.4756,11.2759
2021-07-13T23:00:00+00:00,19.800,13.900,Open-Meteo Historical Weather API,"Casalecchio di Reno, Bologna, Italy",44.4756,11.2759
2021-07-14T00:00:00+00:00,19.700,11.900,Open-Meteo Historical Weather API,"Casalecchio di Reno, Bologna, Italy",44.4756,11.2759
2021-07-14T01:00:00+00:00,20.000,13.200,Open-Meteo Historical Weather API,"Casalecchio di Reno, Bologna, Italy",44.4756,11.2759
2021-07-14T02:00:00+00:00,19.500,13.600,Open-Meteo Historical Weather API,"Casalecchio di Reno, Bologna, Italy",44.4756,11.2759
2021-07-14T03:00:00+00:00,18.900,13.700,Open-Meteo Historical Weather API,"Casalecchio di Reno, Bologna, Italy",44.4756,11.2759
2021-07-14T04:00:00+00:00,19.100,12.600,Open-Meteo Historical Weather API,"Casalecchio di Reno, Bologna, Italy",44.4756,11.2759
2021-07-14T05:00:00+00:00,20.000,11.900,Open-Meteo Historical Weather API,"Casalecchio di Reno, Bologna, Italy",44.4756,11.2759
2021-07-14T06:00:00+00:00,21.000,11.700,Open-Meteo Historical Weather API,"Casalecchio di Reno, Bologna, Italy",44.4756,11.2759
2021-07-14T07:00:00+00:00,21.700,11.700,Open-Meteo Historical Weather API,"Casalecchio di Reno, Bologna, Italy",44.4756,11.2759
2021-07-14T08:00:00+00:00,21.900,11.600,Open-Meteo Historical Weather API,"Casalecchio di Reno, Bologna, Italy",44.4756,11.2759
2021-07-14T09:00:00+00:00,22.700,11.300,Open-Meteo Historical Weather API,"Casalecchio di Reno, Bologna, Italy",44.4756,11.2759
2021-07-14T10:00:00+00:00,23.100,11.400,Open-Meteo Historical Weather API,"Casalecchio di Reno, Bologna, Italy",44.4756,11.2759
2021-07-14T11:00:00+00:00,25.700,11.400,Open-Meteo Historical Weather API,"Casalecchio di Reno, Bologna, Italy",44.4756,11.2759
2021-07-14T12:00:00+00:00,22.800,13.400,Open-Meteo Historical Weather API,"Casalecchio di Reno, Bologna, Italy",44.4756,11.2759
2021-07-14T13:00:00+00:00,24.000,13.800,Open-Meteo Historical Weather API,"Casalecchio di Reno, Bologna, Italy",44.4756,11.2759
2021-07-14T14:00:00+00:00,26.000,12.900,Open-Meteo Historical Weather API,"Casalecchio di Reno, Bologna, Italy",44.4756,11.2759
2021-07-14T15:00:00+00:00,26.600,11.400,Open-Meteo Historical Weather API,"Casalecchio di Reno, Bologna, Italy",44.4756,11.2759
2021-07-14T16:00:00+00:00,26.600,9.600,Open-Meteo Historical Weather API,"Casalecchio di Reno, Bologna, Italy",44.4756,11.2759
2021-07-14T17:00:00+00:00,26.500,8.900,Open-Meteo Historical Weather API,"Casalecchio di Reno, Bologna, Italy",44.4756,11.2759
2021-07-14T18:00:00+00:00,25.300,9.300,Open-Meteo Historical Weather API,"Casalecchio di Reno, Bologna, Italy",44.4756,11.2759
2021-07-14T19:00:00+00:00,23.300,11.400,Open-Meteo Historical Weather API,"Casalecchio di Reno, Bologna, Italy",44.4756,11.2759
2021-07-14T20:00:00+00:00,21.500,13.100,Open-Meteo Historical Weather API,"Casalecchio di Reno, Bologna, Italy",44.4756,11.2759
2021-07-14T21:00:00+00:00,20.000,13.600,Open-Meteo Historical Weather API,"Casalecchio di Reno, Bologna, Italy",44.4756,11.2759
2021-07-14T22:00:00+00:00,19.400,13.800,Open-Meteo Historical Weather API,"Casalecchio di Reno, Bologna, Italy",44.4756,11.2759
2021-07-14T23:00:00+00:00,19.400,13.200,Open-Meteo Historical Weather API,"Casalecchio di Reno, Bologna, Italy",44.4756,11.2759
2021-07-15T00:00:00+00:00,19.400,13.800,Open-Meteo Historical Weather API,"Casalecchio di Reno, Bologna, Italy",44.4756,11.2759
2021-07-15T01:00:00+00:00,19.000,12.800,Open-Meteo Historical Weather API,"Casalecchio di Reno, Bologna, Italy",44.4756,11.2759
2021-07-15T02:00:00+00:00,18.800,11.700,Open-Meteo Historical Weather API,"Casalecchio di Reno, Bologna, Italy",44.4756,11.2759
2021-07-15T03:00:00+00:00,18.300,11.100,Open-Meteo Historical Weather API,"Casalecchio di Reno, Bologna, Italy",44.4756,11.2759
2021-07-15T04:00:00+00:00,18.200,11.600,Open-Meteo Historical Weather API,"Casalecchio di Reno, Bologna, Italy",44.4756,11.2759
2021-07-15T05:00:00+00:00,20.000,12.600,Open-Meteo Historical Weather API,"Casalecchio di Reno, Bologna, Italy",44.4756,11.2759
2021-07-15T06:00:00+00:00,22.200,12.900,Open-Meteo Historical Weather API,"Casalecchio di Reno, Bologna, Italy",44.4756,11.2759
2021-07-15T07:00:00+00:00,23.800,12.700,Open-Meteo Historical Weather API,"Casalecchio di Reno, Bologna, Italy",44.4756,11.2759
2021-07-15T08:00:00+00:00,25.000,12.500,Open-Meteo Historical Weather API,"Casalecchio di Reno, Bologna, Italy",44.4756,11.2759
2021-07-15T09:00:00+00:00,26.200,12.200,Open-Meteo Historical Weather API,"Casalecchio di Reno, Bologna, Italy",44.4756,11.2759
2021-07-15T10:00:00+00:00,27.000,11.900,Open-Meteo Historical Weather API,"Casalecchio di Reno, Bologna, Italy",44.4756,11.2759
2021-07-15T11:00:00+00:00,26.800,11.400,Open-Meteo Historical Weather API,"Casalecchio di Reno, Bologna, Italy",44.4756,11.2759
2021-07-15T12:00:00+00:00,25.300,10.300,Open-Meteo Historical Weather API,"Casalecchio di Reno, Bologna, Italy",44.4756,11.2759
2021-07-15T13:00:00+00:00,24.600,11.700,Open-Meteo Historical Weather API,"Casalecchio di Reno, Bologna, Italy",44.4756,11.2759
2021-07-15T14:00:00+00:00,24.500,12.200,Open-Meteo Historical Weather API,"Casalecchio di Reno, Bologna, Italy",44.4756,11.2759
2021-07-15T15:00:00+00:00,24.500,12.100,Open-Meteo Historical Weather API,"Casalecchio di Reno, Bologna, Italy",44.4756,11.2759
2021-07-15T16:00:00+00:00,25.900,12.100,Open-Meteo Historical Weather API,"Casalecchio di Reno, Bologna, Italy",44.4756,11.2759
2021-07-15T17:00:00+00:00,25.800,11.800,Open-Meteo Historical Weather API,"Casalecchio di Reno, Bologna, Italy",44.4756,11.2759
2021-07-15T18:00:00+00:00,25.100,12.100,Open-Meteo Historical Weather API,"Casalecchio di Reno, Bologna, Italy",44.4756,11.2759
2021-07-15T19:00:00+00:00,24.600,11.900,Open-Meteo Historical Weather API,"Casalecchio di Reno, Bologna, Italy",44.4756,11.2759
2021-07-15T20:00:00+00:00,24.200,12.200,Open-Meteo Historical Weather API,"Casalecchio di Reno, Bologna, Italy",44.4756,11.2759
2021-07-15T21:00:00+00:00,23.700,12.400,Open-Meteo Historical Weather API,"Casalecchio di Reno, Bologna, Italy",44.4756,11.2759
2021-07-15T22:00:00+00:00,22.000,13.100,Open-Meteo Historical Weather API,"Casalecchio di Reno, Bologna, Italy",44.4756,11.2759
2021-07-15T23:00:00+00:00,22.100,12.800,Open-Meteo Historical Weather API,"Casalecchio di Reno, Bologna, Italy",44.4756,11.2759
2021-07-16T00:00:00+00:00,21.900,13.700,Open-Meteo Historical Weather API,"Casalecchio di Reno, Bologna, Italy",44.4756,11.2759
2021-07-16T01:00:00+00:00,22.100,12.900,Open-Meteo Historical Weather API,"Casalecchio di Reno, Bologna, Italy",44.4756,11.2759
2021-07-16T02:00:00+00:00,21.100,13.200,Open-Meteo Historical Weather API,"Casalecchio di Reno, Bologna, Italy",44.4756,11.2759
2021-07-16T03:00:00+00:00,20.800,13.900,Open-Meteo Historical Weather API,"Casalecchio di Reno, Bologna, Italy",44.4756,11.2759
2021-07-16T04:00:00+00:00,19.800,15.200,Open-Meteo Historical Weather API,"Casalecchio di Reno, Bologna, Italy",44.4756,11.2759
2021-07-16T05:00:00+00:00,19.900,16.200,Open-Meteo Historical Weather API,"Casalecchio di Reno, Bologna, Italy",44.4756,11.2759
2021-07-16T06:00:00+00:00,20.000,16.200,Open-Meteo Historical Weather API,"Casalecchio di Reno, Bologna, Italy",44.4756,11.2759
2021-07-16T07:00:00+00:00,20.400,16.100,Open-Meteo Historical Weather API,"Casalecchio di Reno, Bologna, Italy",44.4756,11.2759
2021-07-16T08:00:00+00:00,19.900,17.100,Open-Meteo Historical Weather API,"Casalecchio di Reno, Bologna, Italy",44.4756,11.2759
2021-07-16T09:00:00+00:00,20.000,17.500,Open-Meteo Historical Weather API,"Casalecchio di Reno, Bologna, Italy",44.4756,11.2759
2021-07-16T10:00:00+00:00,20.400,17.400,Open-Meteo Historical Weather API,"Casalecchio di Reno, Bologna, Italy",44.4756,11.2759
2021-07-16T11:00:00+00:00,20.400,17.500,Open-Meteo Historical Weather API,"Casalecchio di Reno, Bologna, Italy",44.4756,11.2759
2021-07-16T12:00:00+00:00,21.100,16.900,Open-Meteo Historical Weather API,"Casalecchio di Reno, Bologna, Italy",44.4756,11.2759
2021-07-16T13:00:00+00:00,22.400,16.500,Open-Meteo Historical Weather API,"Casalecchio di Reno, Bologna, Italy",44.4756,11.2759
2021-07-16T14:00:00+00:00,22.500,16.000,Open-Meteo Historical Weather API,"Casalecchio di Reno, Bologna, Italy",44.4756,11.2759
2021-07-16T15:00:00+00:00,22.600,16.100,Open-Meteo Historical Weather API,"Casalecchio di Reno, Bologna, Italy",44.4756,11.2759
2021-07-16T16:00:00+00:00,22.600,15.900,Open-Meteo Historical Weather API,"Casalecchio di Reno, Bologna, Italy",44.4756,11.2759
2021-07-16T17:00:00+00:00,22.600,15.800,Open-Meteo Historical Weather API,"Casalecchio di Reno, Bologna, Italy",44.4756,11.2759
2021-07-16T18:00:00+00:00,21.500,16.600,Open-Meteo Historical Weather API,"Casalecchio di Reno, Bologna, Italy",44.4756,11.2759
2021-07-16T19:00:00+00:00,20.100,18.200,Open-Meteo Historical Weather API,"Casalecchio di Reno, Bologna, Italy",44.4756,11.2759
2021-07-16T20:00:00+00:00,20.000,17.200,Open-Meteo Historical Weather API,"Casalecchio di Reno, Bologna, Italy",44.4756,11.2759
2021-07-16T21:00:00+00:00,19.200,16.900,Open-Meteo Historical Weather API,"Casalecchio di Reno, Bologna, Italy",44.4756,11.2759
2021-07-16T22:00:00+00:00,19.400,16.800,Open-Meteo Historical Weather API,"Casalecchio di Reno, Bologna, Italy",44.4756,11.2759
2021-07-16T23:00:00+00:00,18.800,16.600,Open-Meteo Historical Weather API,"Casalecchio di Reno, Bologna, Italy",44.4756,11.2759
2021-07-17T00:00:00+00:00,18.700,16.100,Open-Meteo Historical Weather API,"Casalecchio di Reno, Bologna, Italy",44.4756,11.2759
2021-07-17T01:00:00+00:00,18.800,15.600,Open-Meteo Historical Weather API,"Casalecchio di Reno, Bologna, Italy",44.4756,11.2759
2021-07-17T02:00:00+00:00,18.800,15.100,Open-Meteo Historical Weather API,"Casalecchio di Reno, Bologna, Italy",44.4756,11.2759
2021-07-17T03:00:00+00:00,18.800,15.900,Open-Meteo Historical Weather API,"Casalecchio di Reno, Bologna, Italy",44.4756,11.2759
2021-07-17T04:00:00+00:00,18.700,16.000,Open-Meteo Historical Weather API,"Casalecchio di Reno, Bologna, Italy",44.4756,11.2759
2021-07-17T05:00:00+00:00,19.200,15.900,Open-Meteo Historical Weather API,"Casalecchio di Reno, Bologna, Italy",44.4756,11.2759
2021-07-17T06:00:00+00:00,20.700,16.200,Open-Meteo Historical Weather API,"Casalecchio di Reno, Bologna, Italy",44.4756,11.2759
2021-07-17T07:00:00+00:00,22.200,15.900,Open-Meteo Historical Weather API,"Casalecchio di Reno, Bologna, Italy",44.4756,11.2759
2021-07-17T08:00:00+00:00,24.000,15.100,Open-Meteo Historical Weather API,"Casalecchio di Reno, Bologna, Italy",44.4756,11.2759
2021-07-17T09:00:00+00:00,24.900,14.700,Open-Meteo Historical Weather API,"Casalecchio di Reno, Bologna, Italy",44.4756,11.2759
2021-07-17T10:00:00+00:00,25.500,14.800,Open-Meteo Historical Weather API,"Casalecchio di Reno, Bologna, Italy",44.4756,11.2759
2021-07-17T11:00:00+00:00,25.500,14.900,Open-Meteo Historical Weather API,"Casalecchio di Reno, Bologna, Italy",44.4756,11.2759
2021-07-17T12:00:00+00:00,26.200,14.200,Open-Meteo Historical Weather API,"Casalecchio di Reno, Bologna, Italy",44.4756,11.2759
2021-07-17T13:00:00+00:00,25.800,14.900,Open-Meteo Historical Weather API,"Casalecchio di Reno, Bologna, Italy",44.4756,11.2759
2021-07-17T14:00:00+00:00,26.800,14.900,Open-Meteo Historical Weather API,"Casalecchio di Reno, Bologna, Italy",44.4756,11.2759
2021-07-17T15:00:00+00:00,24.900,16.500,Open-Meteo Historical Weather API,"Casalecchio di Reno, Bologna, Italy",44.4756,11.2759
2021-07-17T16:00:00+00:00,25.500,16.400,Open-Meteo Historical Weather API,"Casalecchio di Reno, Bologna, Italy",44.4756,11.2759
2021-07-17T17:00:00+00:00,26.000,15.400,Open-Meteo Historical Weather API,"Casalecchio di Reno, Bologna, Italy",44.4756,11.2759
2021-07-17T18:00:00+00:00,24.400,16.100,Open-Meteo Historical Weather API,"Casalecchio di Reno, Bologna, Italy",44.4756,11.2759
2021-07-17T19:00:00+00:00,22.600,15.400,Open-Meteo Historical Weather API,"Casalecchio di Reno, Bologna, Italy",44.4756,11.2759
2021-07-17T20:00:00+00:00,22.000,15.400,Open-Meteo Historical Weather API,"Casalecchio di Reno, Bologna, Italy",44.4756,11.2759
2021-07-17T21:00:00+00:00,21.000,15.100,Open-Meteo Historical Weather API,"Casalecchio di Reno, Bologna, Italy",44.4756,11.2759
2021-07-17T22:00:00+00:00,21.500,14.400,Open-Meteo Historical Weather API,"Casalecchio di Reno, Bologna, Italy",44.4756,11.2759
2021-07-17T23:00:00+00:00,21.600,14.100,Open-Meteo Historical Weather API,"Casalecchio di Reno, Bologna, Italy",44.4756,11.2759
2021-07-18T00:00:00+00:00,21.400,16.100,Open-Meteo Historical Weather API,"Casalecchio di Reno, Bologna, Italy",44.4756,11.2759
2021-07-18T01:00:00+00:00,20.900,15.600,Open-Meteo Historical Weather API,"Casalecchio di Reno, Bologna, Italy",44.4756,11.2759
2021-07-18T02:00:00+00:00,20.800,15.100,Open-Meteo Historical Weather API,"Casalecchio di Reno, Bologna, Italy",44.4756,11.2759
2021-07-18T03:00:00+00:00,21.100,14.400,Open-Meteo Historical Weather API,"Casalecchio di Reno, Bologna, Italy",44.4756,11.2759
2021-07-18T04:00:00+00:00,20.200,14.400,Open-Meteo Historical Weather API,"Casalecchio di Reno, Bologna, Italy",44.4756,11.2759
2021-07-18T05:00:00+00:00,21.000,14.900,Open-Meteo Historical Weather API,"Casalecchio di Reno, Bologna, Italy",44.4756,11.2759
2021-07-18T06:00:00+00:00,22.900,15.500,Open-Meteo Historical Weather API,"Casalecchio di Reno, Bologna, Italy",44.4756,11.2759
2021-07-18T07:00:00+00:00,24.500,16.400,Open-Meteo Historical Weather API,"Casalecchio di Reno, Bologna, Italy",44.4756,11.2759
2021-07-18T08:00:00+00:00,26.000,17.200,Open-Meteo Historical Weather API,"Casalecchio di Reno, Bologna, Italy",44.4756,11.2759
2021-07-18T09:00:00+00:00,27.500,17.500,Open-Meteo Historical Weather API,"Casalecchio di Reno, Bologna, Italy",44.4756,11.2759
2021-07-18T10:00:00+00:00,28.900,16.900,Open-Meteo Historical Weather API,"Casalecchio di Reno, Bologna, Italy",44.4756,11.2759
2021-07-18T11:00:00+00:00,30.000,15.900,Open-Meteo Historical Weather API,"Casalecchio di Reno, Bologna, Italy",44.4756,11.2759
2021-07-18T12:00:00+00:00,29.000,17.800,Open-Meteo Historical Weather API,"Casalecchio di Reno, Bologna, Italy",44.4756,11.2759
2021-07-18T13:00:00+00:00,29.900,17.100,Open-Meteo Historical Weather API,"Casalecchio di Reno, Bologna, Italy",44.4756,11.2759
2021-07-18T14:00:00+00:00,30.500,16.000,Open-Meteo Historical Weather API,"Casalecchio di Reno, Bologna, Italy",44.4756,11.2759
2021-07-18T15:00:00+00:00,30.200,15.400,Open-Meteo Historical Weather API,"Casalecchio di Reno, Bologna, Italy",44.4756,11.2759
2021-07-18T16:00:00+00:00,30.000,15.100,Open-Meteo Historical Weather API,"Casalecchio di Reno, Bologna, Italy",44.4756,11.2759
2021-07-18T17:00:00+00:00,29.500,15.000,Open-Meteo Historical Weather API,"Casalecchio di Reno, Bologna, Italy",44.4756,11.2759
2021-07-18T18:00:00+00:00,26.900,15.800,Open-Meteo Historical Weather API,"Casalecchio di Reno, Bologna, Italy",44.4756,11.2759
2021-07-18T19:00:00+00:00,24.200,16.700,Open-Meteo Historical Weather API,"Casalecchio di Reno, Bologna, Italy",44.4756,11.2759
2021-07-18T20:00:00+00:00,23.200,17.600,Open-Meteo Historical Weather API,"Casalecchio di Reno, Bologna, Italy",44.4756,11.2759
2021-07-18T21:00:00+00:00,22.300,18.000,Open-Meteo Historical Weather API,"Casalecchio di Reno, Bologna, Italy",44.4756,11.2759
2021-07-18T22:00:00+00:00,21.800,17.700,Open-Meteo Historical Weather API,"Casalecchio di Reno, Bologna, Italy",44.4756,11.2759
2021-07-18T23:00:00+00:00,21.900,17.200,Open-Meteo Historical Weather API,"Casalecchio di Reno, Bologna, Italy",44.4756,11.2759
2021-07-19T00:00:00+00:00,21.400,18.200,Open-Meteo Historical Weather API,"Casalecchio di Reno, Bologna, Italy",44.4756,11.2759
2021-07-19T01:00:00+00:00,21.400,18.700,Open-Meteo Historical Weather API,"Casalecchio di Reno, Bologna, Italy",44.4756,11.2759
2021-07-19T02:00:00+00:00,21.200,17.600,Open-Meteo Historical Weather API,"Casalecchio di Reno, Bologna, Italy",44.4756,11.2759
2021-07-19T03:00:00+00:00,21.200,17.300,Open-Meteo Historical Weather API,"Casalecchio di Reno, Bologna, Italy",44.4756,11.2759
2021-07-19T04:00:00+00:00,21.000,17.500,Open-Meteo Historical Weather API,"Casalecchio di Reno, Bologna, Italy",44.4756,11.2759
2021-07-19T05:00:00+00:00,21.200,18.400,Open-Meteo Historical Weather API,"Casalecchio di Reno, Bologna, Italy",44.4756,11.2759
2021-07-19T06:00:00+00:00,23.500,17.900,Open-Meteo Historical Weather API,"Casalecchio di Reno, Bologna, Italy",44.4756,11.2759
2021-07-19T07:00:00+00:00,25.100,17.200,Open-Meteo Historical Weather API,"Casalecchio di Reno, Bologna, Italy",44.4756,11.2759
2021-07-19T08:00:00+00:00,26.500,16.900,Open-Meteo Historical Weather API,"Casalecchio di Reno, Bologna, Italy",44.4756,11.2759
2021-07-19T09:00:00+00:00,27.600,16.500,Open-Meteo Historical Weather API,"Casalecchio di Reno, Bologna, Italy",44.4756,11.2759
2021-07-19T10:00:00+00:00,28.500,15.600,Open-Meteo Historical Weather API,"Casalecchio di Reno, Bologna, Italy",44.4756,11.2759
2021-07-19T11:00:00+00:00,29.100,15.200,Open-Meteo Historical Weather API,"Casalecchio di Reno, Bologna, Italy",44.4756,11.2759
2021-07-19T12:00:00+00:00,29.700,14.900,Open-Meteo Historical Weather API,"Casalecchio di Reno, Bologna, Italy",44.4756,11.2759
2021-07-19T13:00:00+00:00,29.500,15.000,Open-Meteo Historical Weather API,"Casalecchio di Reno, Bologna, Italy",44.4756,11.2759
2021-07-19T14:00:00+00:00,29.600,14.400,Open-Meteo Historical Weather API,"Casalecchio di Reno, Bologna, Italy",44.4756,11.2759
2021-07-19T15:00:00+00:00,30.100,13.800,Open-Meteo Historical Weather API,"Casalecchio di Reno, Bologna, Italy",44.4756,11.2759
2021-07-19T16:00:00+00:00,30.000,13.900,Open-Meteo Historical Weather API,"Casalecchio di Reno, Bologna, Italy",44.4756,11.2759
2021-07-19T17:00:00+00:00,29.600,15.200,Open-Meteo Historical Weather API,"Casalecchio di Reno, Bologna, Italy",44.4756,11.2759
2021-07-19T18:00:00+00:00,27.100,16.600,Open-Meteo Historical Weather API,"Casalecchio di Reno, Bologna, Italy",44.4756,11.2759
2021-07-19T19:00:00+00:00,24.000,15.900,Open-Meteo Historical Weather API,"Casalecchio di Reno, Bologna, Italy",44.4756,11.2759
2021-07-19T20:00:00+00:00,23.500,15.100,Open-Meteo Historical Weather API,"Casalecchio di Reno, Bologna, Italy",44.4756,11.2759
2021-07-19T21:00:00+00:00,21.800,14.900,Open-Meteo Historical Weather API,"Casalecchio di Reno, Bologna, Italy",44.4756,11.2759
2021-07-19T22:00:00+00:00,20.300,14.700,Open-Meteo Historical Weather API,"Casalecchio di Reno, Bologna, Italy",44.4756,11.2759
2021-07-19T23:00:00+00:00,21.000,13.800,Open-Meteo Historical Weather API,"Casalecchio di Reno, Bologna, Italy",44.4756,11.2759
2021-07-20T00:00:00+00:00,21.400,14.000,Open-Meteo Historical Weather API,"Casalecchio di Reno, Bologna, Italy",44.4756,11.2759
2021-07-20T01:00:00+00:00,21.600,13.900,Open-Meteo Historical Weather API,"Casalecchio di Reno, Bologna, Italy",44.4756,11.2759
2021-07-20T02:00:00+00:00,21.500,13.600,Open-Meteo Historical Weather API,"Casalecchio di Reno, Bologna, Italy",44.4756,11.2759
2021-07-20T03:00:00+00:00,21.700,13.200,Open-Meteo Historical Weather API,"Casalecchio di Reno, Bologna, Italy",44.4756,11.2759
2021-07-20T04:00:00+00:00,21.600,12.900,Open-Meteo Historical Weather API,"Casalecchio di Reno, Bologna, Italy",44.4756,11.2759
2021-07-20T05:00:00+00:00,22.600,13.500,Open-Meteo Historical Weather API,"Casalecchio di Reno, Bologna, Italy",44.4756,11.2759
2021-07-20T06:00:00+00:00,25.300,14.700,Open-Meteo Historical Weather API,"Casalecchio di Reno, Bologna, Italy",44.4756,11.2759
2021-07-20T07:00:00+00:00,27.800,13.600,Open-Meteo Historical Weather API,"Casalecchio di Reno, Bologna, Italy",44.4756,11.2759
2021-07-20T08:00:00+00:00,28.900,12.600,Open-Meteo Historical Weather API,"Casalecchio di Reno, Bologna, Italy",44.4756,11.2759
2021-07-20T09:00:00+00:00,29.800,13.100,Open-Meteo Historical Weather API,"Casalecchio di Reno, Bologna, Italy",44.4756,11.2759
2021-07-20T10:00:00+00:00,30.700,13.700,Open-Meteo Historical Weather API,"Casalecchio di Reno, Bologna, Italy",44.4756,11.2759
2021-07-20T11:00:00+00:00,31.000,13.900,Open-Meteo Historical Weather API,"Casalecchio di Reno, Bologna, Italy",44.4756,11.2759
2021-07-20T12:00:00+00:00,32.500,12.600,Open-Meteo Historical Weather API,"Casalecchio di Reno, Bologna, Italy",44.4756,11.2759
2021-07-20T13:00:00+00:00,32.900,12.400,Open-Meteo Historical Weather API,"Casalecchio di Reno, Bologna, Italy",44.4756,11.2759
2021-07-20T14:00:00+00:00,32.200,12.600,Open-Meteo Historical Weather API,"Casalecchio di Reno, Bologna, Italy",44.4756,11.2759
2021-07-20T15:00:00+00:00,32.000,13.200,Open-Meteo Historical Weather API,"Casalecchio di Reno, Bologna, Italy",44.4756,11.2759
2021-07-20T16:00:00+00:00,32.000,13.900,Open-Meteo Historical Weather API,"Casalecchio di Reno, Bologna, Italy",44.4756,11.2759
2021-07-20T17:00:00+00:00,31.000,17.800,Open-Meteo Historical Weather API,"Casalecchio di Reno, Bologna, Italy",44.4756,11.2759
2021-07-20T18:00:00+00:00,28.500,17.000,Open-Meteo Historical Weather API,"Casalecchio di Reno, Bologna, Italy",44.4756,11.2759
2021-07-20T19:00:00+00:00,26.600,15.600,Open-Meteo Historical Weather API,"Casalecchio di Reno, Bologna, Italy",44.4756,11.2759
2021-07-20T20:00:00+00:00,25.200,15.900,Open-Meteo Historical Weather API,"Casalecchio di Reno, Bologna, Italy",44.4756,11.2759
2021-07-20T21:00:00+00:00,23.800,16.000,Open-Meteo Historical Weather API,"Casalecchio di Reno, Bologna, Italy",44.4756,11.2759
2021-07-20T22:00:00+00:00,23.500,15.400,Open-Meteo Historical Weather API,"Casalecchio di Reno, Bologna, Italy",44.4756,11.2759
2021-07-20T23:00:00+00:00,23.100,15.400,Open-Meteo Historical Weather API,"Casalecchio di Reno, Bologna, Italy",44.4756,11.2759
2021-07-21T00:00:00+00:00,22.800,17.400,Open-Meteo Historical Weather API,"Casalecchio di Reno, Bologna, Italy",44.4756,11.2759
2021-07-21T01:00:00+00:00,23.000,17.000,Open-Meteo Historical Weather API,"Casalecchio di Reno, Bologna, Italy",44.4756,11.2759
2021-07-21T02:00:00+00:00,22.500,16.900,Open-Meteo Historical Weather API,"Casalecchio di Reno, Bologna, Italy",44.4756,11.2759
2021-07-21T03:00:00+00:00,22.000,16.900,Open-Meteo Historical Weather API,"Casalecchio di Reno, Bologna, Italy",44.4756,11.2759
2021-07-21T04:00:00+00:00,20.500,17.400,Open-Meteo Historical Weather API,"Casalecchio di Reno, Bologna, Italy",44.4756,11.2759
2021-07-21T05:00:00+00:00,21.900,17.600,Open-Meteo Historical Weather API,"Casalecchio di Reno, Bologna, Italy",44.4756,11.2759
2021-07-21T06:00:00+00:00,24.000,17.100,Open-Meteo Historical Weather API,"Casalecchio di Reno, Bologna, Italy",44.4756,11.2759
2021-07-21T07:00:00+00:00,25.900,17.300,Open-Meteo Historical Weather API,"Casalecchio di Reno, Bologna, Italy",44.4756,11.2759
2021-07-21T08:00:00+00:00,27.600,17.500,Open-Meteo Historical Weather API,"Casalecchio di Reno, Bologna, Italy",44.4756,11.2759
2021-07-21T09:00:00+00:00,29.000,17.800,Open-Meteo Historical Weather API,"Casalecchio di Reno, Bologna, Italy",44.4756,11.2759
2021-07-21T10:00:00+00:00,30.200,17.900,Open-Meteo Historical Weather API,"Casalecchio di Reno, Bologna, Italy",44.4756,11.2759
2021-07-21T11:00:00+00:00,31.000,17.700,Open-Meteo Historical Weather API,"Casalecchio di Reno, Bologna, Italy",44.4756,11.2759
2021-07-21T12:00:00+00:00,32.300,16.000,Open-Meteo Historical Weather API,"Casalecchio di Reno, Bologna, Italy",44.4756,11.2759
2021-07-21T13:00:00+00:00,32.300,15.700,Open-Meteo Historical Weather API,"Casalecchio di Reno, Bologna, Italy",44.4756,11.2759
2021-07-21T14:00:00+00:00,32.000,16.000,Open-Meteo Historical Weather API,"Casalecchio di Reno, Bologna, Italy",44.4756,11.2759
2021-07-21T15:00:00+00:00,32.000,16.100,Open-Meteo Historical Weather API,"Casalecchio di Reno, Bologna, Italy",44.4756,11.2759
2021-07-21T16:00:00+00:00,31.500,16.600,Open-Meteo Historical Weather API,"Casalecchio di Reno, Bologna, Italy",44.4756,11.2759
2021-07-21T17:00:00+00:00,30.500,17.600,Open-Meteo Historical Weather API,"Casalecchio di Reno, Bologna, Italy",44.4756,11.2759
2021-07-21T18:00:00+00:00,28.700,18.300,Open-Meteo Historical Weather API,"Casalecchio di Reno, Bologna, Italy",44.4756,11.2759
2021-07-21T19:00:00+00:00,26.700,18.000,Open-Meteo Historical Weather API,"Casalecchio di Reno, Bologna, Italy",44.4756,11.2759
2021-07-21T20:00:00+00:00,25.500,17.800,Open-Meteo Historical Weather API,"Casalecchio di Reno, Bologna, Italy",44.4756,11.2759
2021-07-21T21:00:00+00:00,24.600,18.000,Open-Meteo Historical Weather API,"Casalecchio di Reno, Bologna, Italy",44.4756,11.2759
2021-07-21T22:00:00+00:00,23.600,18.300,Open-Meteo Historical Weather API,"Casalecchio di Reno, Bologna, Italy",44.4756,11.2759
2021-07-21T23:00:00+00:00,22.800,18.600,Open-Meteo Historical Weather API,"Casalecchio di Reno, Bologna, Italy",44.4756,11.2759
2021-07-22T00:00:00+00:00,22.600,19.100,Open-Meteo Historical Weather API,"Casalecchio di Reno, Bologna, Italy",44.4756,11.2759
2021-07-22T01:00:00+00:00,21.500,18.900,Open-Meteo Historical Weather API,"Casalecchio di Reno, Bologna, Italy",44.4756,11.2759
2021-07-22T02:00:00+00:00,21.300,18.900,Open-Meteo Historical Weather API,"Casalecchio di Reno, Bologna, Italy",44.4756,11.2759
2021-07-22T03:00:00+00:00,21.400,18.900,Open-Meteo Historical Weather API,"Casalecchio di Reno, Bologna, Italy",44.4756,11.2759
2021-07-22T04:00:00+00:00,21.000,19.000,Open-Meteo Historical Weather API,"Casalecchio di Reno, Bologna, Italy",44.4756,11.2759
2021-07-22T05:00:00+00:00,22.200,19.100,Open-Meteo Historical Weather API,"Casalecchio di Reno, Bologna, Italy",44.4756,11.2759
2021-07-22T06:00:00+00:00,23.400,19.600,Open-Meteo Historical Weather API,"Casalecchio di Reno, Bologna, Italy",44.4756,11.2759
2021-07-22T07:00:00+00:00,24.500,20.000,Open-Meteo Historical Weather API,"Casalecchio di Reno, Bologna, Italy",44.4756,11.2759
2021-07-22T08:00:00+00:00,26.200,20.100,Open-Meteo Historical Weather API,"Casalecchio di Reno, Bologna, Italy",44.4756,11.2759
2021-07-22T09:00:00+00:00,28.100,19.900,Open-Meteo Historical Weather API,"Casalecchio di Reno, Bologna, Italy",44.4756,11.2759
2021-07-22T10:00:00+00:00,29.900,19.200,Open-Meteo Historical Weather API,"Casalecchio di Reno, Bologna, Italy",44.4756,11.2759
2021-07-22T11:00:00+00:00,31.100,18.400,Open-Meteo Historical Weather API,"Casalecchio di Reno, Bologna, Italy",44.4756,11.2759
2021-07-22T12:00:00+00:00,32.000,17.400,Open-Meteo Historical Weather API,"Casalecchio di Reno, Bologna, Italy",44.4756,11.2759
2021-07-22T13:00:00+00:00,32.200,16.400,Open-Meteo Historical Weather API,"Casalecchio di Reno, Bologna, Italy",44.4756,11.2759
2021-07-22T14:00:00+00:00,31.800,17.000,Open-Meteo Historical Weather API,"Casalecchio di Reno, Bologna, Italy",44.4756,11.2759
2021-07-22T15:00:00+00:00,31.900,17.200,Open-Meteo Historical Weather API,"Casalecchio di Reno, Bologna, Italy",44.4756,11.2759
2021-07-22T16:00:00+00:00,31.200,16.200,Open-Meteo Historical Weather API,"Casalecchio di Reno, Bologna, Italy",44.4756,11.2759
2021-07-22T17:00:00+00:00,29.500,14.100,Open-Meteo Historical Weather API,"Casalecchio di Reno, Bologna, Italy",44.4756,11.2759
2021-07-22T18:00:00+00:00,27.800,13.900,Open-Meteo Historical Weather API,"Casalecchio di Reno, Bologna, Italy",44.4756,11.2759
2021-07-22T19:00:00+00:00,26.100,13.400,Open-Meteo Historical Weather API,"Casalecchio di Reno, Bologna, Italy",44.4756,11.2759
2021-07-22T20:00:00+00:00,25.000,13.500,Open-Meteo Historical Weather API,"Casalecchio di Reno, Bologna, Italy",44.4756,11.2759
2021-07-22T21:00:00+00:00,23.700,13.900,Open-Meteo Historical Weather API,"Casalecchio di Reno, Bologna, Italy",44.4756,11.2759
2021-07-22T22:00:00+00:00,22.500,14.600,Open-Meteo Historical Weather API,"Casalecchio di Reno, Bologna, Italy",44.4756,11.2759
2021-07-22T23:00:00+00:00,21.900,15.200,Open-Meteo Historical Weather API,"Casalecchio di Reno, Bologna, Italy",44.4756,11.2759
2021-07-23T00:00:00+00:00,21.600,16.100,Open-Meteo Historical Weather API,"Casalecchio di Reno, Bologna, Italy",44.4756,11.2759
2021-07-23T01:00:00+00:00,20.900,16.400,Open-Meteo Historical Weather API,"Casalecchio di Reno, Bologna, Italy",44.4756,11.2759
2021-07-23T02:00:00+00:00,20.000,15.800,Open-Meteo Historical Weather API,"Casalecchio di Reno, Bologna, Italy",44.4756,11.2759
2021-07-23T03:00:00+00:00,19.900,15.600,Open-Meteo Historical Weather API,"Casalecchio di Reno, Bologna, Italy",44.4756,11.2759
2021-07-23T04:00:00+00:00,20.000,16.000,Open-Meteo Historical Weather API,"Casalecchio di Reno, Bologna, Italy",44.4756,11.2759
2021-07-23T05:00:00+00:00,21.600,17.200,Open-Meteo Historical Weather API,"Casalecchio di Reno, Bologna, Italy",44.4756,11.2759
2021-07-23T06:00:00+00:00,23.900,18.500,Open-Meteo Historical Weather API,"Casalecchio di Reno, Bologna, Italy",44.4756,11.2759
2021-07-23T07:00:00+00:00,25.400,19.000,Open-Meteo Historical Weather API,"Casalecchio di Reno, Bologna, Italy",44.4756,11.2759
2021-07-23T08:00:00+00:00,26.500,18.900,Open-Meteo Historical Weather API,"Casalecchio di Reno, Bologna, Italy",44.4756,11.2759
2021-07-23T09:00:00+00:00,27.800,18.400,Open-Meteo Historical Weather API,"Casalecchio di Reno, Bologna, Italy",44.4756,11.2759
2021-07-23T10:00:00+00:00,29.000,17.700,Open-Meteo Historical Weather API,"Casalecchio di Reno, Bologna, Italy",44.4756,11.2759
2021-07-23T11:00:00+00:00,30.300,17.200,Open-Meteo Historical Weather API,"Casalecchio di Reno, Bologna, Italy",44.4756,11.2759
2021-07-23T12:00:00+00:00,30.500,18.100,Open-Meteo Historical Weather API,"Casalecchio di Reno, Bologna, Italy",44.4756,11.2759
2021-07-23T13:00:00+00:00,31.300,17.700,Open-Meteo Historical Weather API,"Casalecchio di Reno, Bologna, Italy",44.4756,11.2759
2021-07-23T14:00:00+00:00,31.800,17.400,Open-Meteo Historical Weather API,"Casalecchio di Reno, Bologna, Italy",44.4756,11.2759
2021-07-23T15:00:00+00:00,31.800,17.100,Open-Meteo Historical Weather API,"Casalecchio di Reno, Bologna, Italy",44.4756,11.2759
2021-07-23T16:00:00+00:00,31.500,17.100,Open-Meteo Historical Weather API,"Casalecchio di Reno, Bologna, Italy",44.4756,11.2759
2021-07-23T17:00:00+00:00,31.200,17.100,Open-Meteo Historical Weather API,"Casalecchio di Reno, Bologna, Italy",44.4756,11.2759
2021-07-23T18:00:00+00:00,29.200,17.800,Open-Meteo Historical Weather API,"Casalecchio di Reno, Bologna, Italy",44.4756,11.2759
2021-07-23T19:00:00+00:00,27.000,17.900,Open-Meteo Historical Weather API,"Casalecchio di Reno, Bologna, Italy",44.4756,11.2759
2021-07-23T20:00:00+00:00,25.900,17.500,Open-Meteo Historical Weather API,"Casalecchio di Reno, Bologna, Italy",44.4756,11.2759
2021-07-23T21:00:00+00:00,25.100,17.800,Open-Meteo Historical Weather API,"Casalecchio di Reno, Bologna, Italy",44.4756,11.2759
2021-07-23T22:00:00+00:00,24.400,18.500,Open-Meteo Historical Weather API,"Casalecchio di Reno, Bologna, Italy",44.4756,11.2759
2021-07-23T23:00:00+00:00,23.100,18.900,Open-Meteo Historical Weather API,"Casalecchio di Reno, Bologna, Italy",44.4756,11.2759
2021-07-24T00:00:00+00:00,23.300,18.000,Open-Meteo Historical Weather API,"Casalecchio di Reno, Bologna, Italy",44.4756,11.2759
2021-07-24T01:00:00+00:00,22.500,17.400,Open-Meteo Historical Weather API,"Casalecchio di Reno, Bologna, Italy",44.4756,11.2759
2021-07-24T02:00:00+00:00,21.600,17.500,Open-Meteo Historical Weather API,"Casalecchio di Reno, Bologna, Italy",44.4756,11.2759
2021-07-24T03:00:00+00:00,21.900,16.800,Open-Meteo Historical Weather API,"Casalecchio di Reno, Bologna, Italy",44.4756,11.2759
2021-07-24T04:00:00+00:00,22.000,17.000,Open-Meteo Historical Weather API,"Casalecchio di Reno, Bologna, Italy",44.4756,11.2759
2021-07-24T05:00:00+00:00,23.000,17.400,Open-Meteo Historical Weather API,"Casalecchio di Reno, Bologna, Italy",44.4756,11.2759
2021-07-24T06:00:00+00:00,25.100,17.900,Open-Meteo Historical Weather API,"Casalecchio di Reno, Bologna, Italy",44.4756,11.2759
2021-07-24T07:00:00+00:00,27.000,18.200,Open-Meteo Historical Weather API,"Casalecchio di Reno, Bologna, Italy",44.4756,11.2759
2021-07-24T08:00:00+00:00,28.500,18.400,Open-Meteo Historical Weather API,"Casalecchio di Reno, Bologna, Italy",44.4756,11.2759
2021-07-24T09:00:00+00:00,30.000,18.500,Open-Meteo Historical Weather API,"Casalecchio di Reno, Bologna, Italy",44.4756,11.2759
2021-07-24T10:00:00+00:00,31.700,18.700,Open-Meteo Historical Weather API,"Casalecchio di Reno, Bologna, Italy",44.4756,11.2759
2021-07-24T11:00:00+00:00,33.100,18.500,Open-Meteo Historical Weather API,"Casalecchio di Reno, Bologna, Italy",44.4756,11.2759
2021-07-24T12:00:00+00:00,32.300,19.500,Open-Meteo Historical Weather API,"Casalecchio di Reno, Bologna, Italy",44.4756,11.2759
2021-07-24T13:00:00+00:00,33.000,19.300,Open-Meteo Historical Weather API,"Casalecchio di Reno, Bologna, Italy",44.4756,11.2759
2021-07-24T14:00:00+00:00,33.200,18.900,Open-Meteo Historical Weather API,"Casalecchio di Reno, Bologna, Italy",44.4756,11.2759
2021-07-24T15:00:00+00:00,34.000,17.700,Open-Meteo Historical Weather API,"Casalecchio di Reno, Bologna, Italy",44.4756,11.2759
2021-07-24T16:00:00+00:00,34.300,14.400,Open-Meteo Historical Weather API,"Casalecchio di Reno, Bologna, Italy",44.4756,11.2759
2021-07-24T17:00:00+00:00,32.800,16.000,Open-Meteo Historical Weather API,"Casalecchio di Reno, Bologna, Italy",44.4756,11.2759
2021-07-24T18:00:00+00:00,30.500,16.600,Open-Meteo Historical Weather API,"Casalecchio di Reno, Bologna, Italy",44.4756,11.2759
2021-07-24T19:00:00+00:00,28.900,15.600,Open-Meteo Historical Weather API,"Casalecchio di Reno, Bologna, Italy",44.4756,11.2759
2021-07-24T20:00:00+00:00,28.000,15.100,Open-Meteo Historical Weather API,"Casalecchio di Reno, Bologna, Italy",44.4756,11.2759
2021-07-24T21:00:00+00:00,27.200,14.100,Open-Meteo Historical Weather API,"Casalecchio di Reno, Bologna, Italy",44.4756,11.2759
2021-07-24T22:00:00+00:00,26.900,13.300,Open-Meteo Historical Weather API,"Casalecchio di Reno, Bologna, Italy",44.4756,11.2759
2021-07-24T23:00:00+00:00,26.200,12.600,Open-Meteo Historical Weather API,"Casalecchio di Reno, Bologna, Italy",44.4756,11.2759
2021-07-25T00:00:00+00:00,24.200,15.100,Open-Meteo Historical Weather API,"Casalecchio di Reno, Bologna, Italy",44.4756,11.2759
2021-07-25T01:00:00+00:00,23.800,15.200,Open-Meteo Historical Weather API,"Casalecchio di Reno, Bologna, Italy",44.4756,11.2759
2021-07-25T02:00:00+00:00,23.300,14.100,Open-Meteo Historical Weather API,"Casalecchio di Reno, Bologna, Italy",44.4756,11.2759
2021-07-25T03:00:00+00:00,22.600,13.400,Open-Meteo Historical Weather API,"Casalecchio di Reno, Bologna, Italy",44.4756,11.2759
2021-07-25T04:00:00+00:00,21.600,13.100,Open-Meteo Historical Weather API,"Casalecchio di Reno, Bologna, Italy",44.4756,11.2759
2021-07-25T05:00:00+00:00,23.500,16.000,Open-Meteo Historical Weather API,"Casalecchio di Reno, Bologna, Italy",44.4756,11.2759
2021-07-25T06:00:00+00:00,26.100,14.600,Open-Meteo Historical Weather API,"Casalecchio di Reno, Bologna, Italy",44.4756,11.2759
2021-07-25T07:00:00+00:00,28.300,12.200,Open-Meteo Historical Weather API,"Casalecchio di Reno, Bologna, Italy",44.4756,11.2759
2021-07-25T08:00:00+00:00,29.900,11.400,Open-Meteo Historical Weather API,"Casalecchio di Reno, Bologna, Italy",44.4756,11.2759
2021-07-25T09:00:00+00:00,30.900,13.100,Open-Meteo Historical Weather API,"Casalecchio di Reno, Bologna, Italy",44.4756,11.2759
2021-07-25T10:00:00+00:00,31.000,13.400,Open-Meteo Historical Weather API,"Casalecchio di Reno, Bologna, Italy",44.4756,11.2759
2021-07-25T11:00:00+00:00,31.100,13.700,Open-Meteo Historical Weather API,"Casalecchio di Reno, Bologna, Italy",44.4756,11.2759
2021-07-25T12:00:00+00:00,29.400,13.900,Open-Meteo Historical Weather API,"Casalecchio di Reno, Bologna, Italy",44.4756,11.2759
2021-07-25T13:00:00+00:00,31.600,15.400,Open-Meteo Historical Weather API,"Casalecchio di Reno, Bologna, Italy",44.4756,11.2759
2021-07-25T14:00:00+00:00,32.100,14.800,Open-Meteo Historical Weather API,"Casalecchio di Reno, Bologna, Italy",44.4756,11.2759
2021-07-25T15:00:00+00:00,32.000,16.000,Open-Meteo Historical Weather API,"Casalecchio di Reno, Bologna, Italy",44.4756,11.2759
2021-07-25T16:00:00+00:00,31.000,17.400,Open-Meteo Historical Weather API,"Casalecchio di Reno, Bologna, Italy",44.4756,11.2759
2021-07-25T17:00:00+00:00,30.100,18.100,Open-Meteo Historical Weather API,"Casalecchio di Reno, Bologna, Italy",44.4756,11.2759
2021-07-25T18:00:00+00:00,29.500,18.500,Open-Meteo Historical Weather API,"Casalecchio di Reno, Bologna, Italy",44.4756,11.2759
2021-07-25T19:00:00+00:00,27.900,18.000,Open-Meteo Historical Weather API,"Casalecchio di Reno, Bologna, Italy",44.4756,11.2759
2021-07-25T20:00:00+00:00,26.900,18.000,Open-Meteo Historical Weather API,"Casalecchio di Reno, Bologna, Italy",44.4756,11.2759
2021-07-25T21:00:00+00:00,26.000,17.400,Open-Meteo Historical Weather API,"Casalecchio di Reno, Bologna, Italy",44.4756,11.2759
2021-07-25T22:00:00+00:00,25.100,16.800,Open-Meteo Historical Weather API,"Casalecchio di Reno, Bologna, Italy",44.4756,11.2759
2021-07-25T23:00:00+00:00,24.600,17.100,Open-Meteo Historical Weather API,"Casalecchio di Reno, Bologna, Italy",44.4756,11.2759
2021-07-26T00:00:00+00:00,25.500,16.700,Open-Meteo Historical Weather API,"Casalecchio di Reno, Bologna, Italy",44.4756,11.2759
2021-07-26T01:00:00+00:00,25.400,16.700,Open-Meteo Historical Weather API,"Casalecchio di Reno, Bologna, Italy",44.4756,11.2759
2021-07-26T02:00:00+00:00,25.200,17.000,Open-Meteo Historical Weather API,"Casalecchio di Reno, Bologna, Italy",44.4756,11.2759
2021-07-26T03:00:00+00:00,25.000,17.300,Open-Meteo Historical Weather API,"Casalecchio di Reno, Bologna, Italy",44.4756,11.2759
2021-07-26T04:00:00+00:00,24.200,17.500,Open-Meteo Historical Weather API,"Casalecchio di Reno, Bologna, Italy",44.4756,11.2759
2021-07-26T05:00:00+00:00,24.500,18.000,Open-Meteo Historical Weather API,"Casalecchio di Reno, Bologna, Italy",44.4756,11.2759
2021-07-26T06:00:00+00:00,25.400,18.200,Open-Meteo Historical Weather API,"Casalecchio di Reno, Bologna, Italy",44.4756,11.2759
2021-07-26T07:00:00+00:00,25.900,19.700,Open-Meteo Historical Weather API,"Casalecchio di Reno, Bologna, Italy",44.4756,11.2759
2021-07-26T08:00:00+00:00,27.800,19.400,Open-Meteo Historical Weather API,"Casalecchio di Reno, Bologna, Italy",44.4756,11.2759
2021-07-26T09:00:00+00:00,30.500,17.900,Open-Meteo Historical Weather API,"Casalecchio di Reno, Bologna, Italy",44.4756,11.2759
2021-07-26T10:00:00+00:00,28.500,19.500,Open-Meteo Historical Weather API,"Casalecchio di Reno, Bologna, Italy",44.4756,11.2759
2021-07-26T11:00:00+00:00,27.100,19.600,Open-Meteo Historical Weather API,"Casalecchio di Reno, Bologna, Italy",44.4756,11.2759
2021-07-26T12:00:00+00:00,30.700,19.400,Open-Meteo Historical Weather API,"Casalecchio di Reno, Bologna, Italy",44.4756,11.2759
2021-07-26T13:00:00+00:00,31.200,17.100,Open-Meteo Historical Weather API,"Casalecchio di Reno, Bologna, Italy",44.4756,11.2759
2021-07-26T14:00:00+00:00,32.500,14.700,Open-Meteo Historical Weather API,"Casalecchio di Reno, Bologna, Italy",44.4756,11.2759
2021-07-26T15:00:00+00:00,32.900,14.400,Open-Meteo Historical Weather API,"Casalecchio di Reno, Bologna, Italy",44.4756,11.2759
2021-07-26T16:00:00+00:00,31.500,16.400,Open-Meteo Historical Weather API,"Casalecchio di Reno, Bologna, Italy",44.4756,11.2759
2021-07-26T17:00:00+00:00,30.100,17.500,Open-Meteo Historical Weather API,"Casalecchio di Reno, Bologna, Italy",44.4756,11.2759
2021-07-26T18:00:00+00:00,28.500,18.200,Open-Meteo Historical Weather API,"Casalecchio di Reno, Bologna, Italy",44.4756,11.2759
2021-07-26T19:00:00+00:00,27.000,18.500,Open-Meteo Historical Weather API,"Casalecchio di Reno, Bologna, Italy",44.4756,11.2759
2021-07-26T20:00:00+00:00,25.900,19.000,Open-Meteo Historical Weather API,"Casalecchio di Reno, Bologna, Italy",44.4756,11.2759
2021-07-26T21:00:00+00:00,25.200,19.000,Open-Meteo Historical Weather API,"Casalecchio di Reno, Bologna, Italy",44.4756,11.2759
2021-07-26T22:00:00+00:00,24.100,19.100,Open-Meteo Historical Weather API,"Casalecchio di Reno, Bologna, Italy",44.4756,11.2759
2021-07-26T23:00:00+00:00,23.500,20.000,Open-Meteo Historical Weather API,"Casalecchio di Reno, Bologna, Italy",44.4756,11.2759
2021-07-27T00:00:00+00:00,24.900,18.400,Open-Meteo Historical Weather API,"Casalecchio di Reno, Bologna, Italy",44.4756,11.2759
2021-07-27T01:00:00+00:00,23.900,18.200,Open-Meteo Historical Weather API,"Casalecchio di Reno, Bologna, Italy",44.4756,11.2759
2021-07-27T02:00:00+00:00,23.400,17.800,Open-Meteo Historical Weather API,"Casalecchio di Reno, Bologna, Italy",44.4756,11.2759
2021-07-27T03:00:00+00:00,22.500,18.000,Open-Meteo Historical Weather API,"Casalecchio di Reno, Bologna, Italy",44.4756,11.2759
2021-07-27T04:00:00+00:00,23.400,17.300,Open-Meteo Historical Weather API,"Casalecchio di Reno, Bologna, Italy",44.4756,11.2759
2021-07-27T05:00:00+00:00,23.200,17.800,Open-Meteo Historical Weather API,"Casalecchio di Reno, Bologna, Italy",44.4756,11.2759
2021-07-27T06:00:00+00:00,22.600,19.400,Open-Meteo Historical Weather API,"Casalecchio di Reno, Bologna, Italy",44.4756,11.2759
2021-07-27T07:00:00+00:00,23.300,19.400,Open-Meteo Historical Weather API,"Casalecchio di Reno, Bologna, Italy",44.4756,11.2759
2021-07-27T08:00:00+00:00,26.000,18.500,Open-Meteo Historical Weather API,"Casalecchio di Reno, Bologna, Italy",44.4756,11.2759
2021-07-27T09:00:00+00:00,28.500,18.000,Open-Meteo Historical Weather API,"Casalecchio di Reno, Bologna, Italy",44.4756,11.2759
2021-07-27T10:00:00+00:00,30.500,17.500,Open-Meteo Historical Weather API,"Casalecchio di Reno, Bologna, Italy",44.4756,11.2759
2021-07-27T11:00:00+00:00,32.000,16.900,Open-Meteo Historical Weather API,"Casalecchio di Reno, Bologna, Italy",44.4756,11.2759
2021-07-27T12:00:00+00:00,32.500,16.100,Open-Meteo Historical Weather API,"Casalecchio di Reno, Bologna, Italy",44.4756,11.2759
2021-07-27T13:00:00+00:00,32.000,15.800,Open-Meteo Historical Weather API,"Casalecchio di Reno, Bologna, Italy",44.4756,11.2759
2021-07-27T14:00:00+00:00,32.600,15.500,Open-Meteo Historical Weather API,"Casalecchio di Reno, Bologna, Italy",44.4756,11.2759
2021-07-27T15:00:00+00:00,30.900,16.600,Open-Meteo Historical Weather API,"Casalecchio di Reno, Bologna, Italy",44.4756,11.2759
2021-07-27T16:00:00+00:00,30.500,16.500,Open-Meteo Historical Weather API,"Casalecchio di Reno, Bologna, Italy",44.4756,11.2759
2021-07-27T17:00:00+00:00,29.600,17.600,Open-Meteo Historical Weather API,"Casalecchio di Reno, Bologna, Italy",44.4756,11.2759
2021-07-27T18:00:00+00:00,29.000,20.200,Open-Meteo Historical Weather API,"Casalecchio di Reno, Bologna, Italy",44.4756,11.2759
2021-07-27T19:00:00+00:00,27.200,18.000,Open-Meteo Historical Weather API,"Casalecchio di Reno, Bologna, Italy",44.4756,11.2759
2021-07-27T20:00:00+00:00,24.800,18.700,Open-Meteo Historical Weather API,"Casalecchio di Reno, Bologna, Italy",44.4756,11.2759
2021-07-27T21:00:00+00:00,24.400,18.300,Open-Meteo Historical Weather API,"Casalecchio di Reno, Bologna, Italy",44.4756,11.2759
2021-07-27T22:00:00+00:00,24.300,18.600,Open-Meteo Historical Weather API,"Casalecchio di Reno, Bologna, Italy",44.4756,11.2759
2021-07-27T23:00:00+00:00,24.500,18.100,Open-Meteo Historical Weather API,"Casalecchio di Reno, Bologna, Italy",44.4756,11.2759
2021-07-28T00:00:00+00:00,22.500,18.300,Open-Meteo Historical Weather API,"Casalecchio di Reno, Bologna, Italy",44.4756,11.2759
2021-07-28T01:00:00+00:00,23.000,17.900,Open-Meteo Historical Weather API,"Casalecchio di Reno, Bologna, Italy",44.4756,11.2759
2021-07-28T02:00:00+00:00,22.400,18.000,Open-Meteo Historical Weather API,"Casalecchio di Reno, Bologna, Italy",44.4756,11.2759
2021-07-28T03:00:00+00:00,20.200,18.300,Open-Meteo Historical Weather API,"Casalecchio di Reno, Bologna, Italy",44.4756,11.2759
2021-07-28T04:00:00+00:00,20.200,18.600,Open-Meteo Historical Weather API,"Casalecchio di Reno, Bologna, Italy",44.4756,11.2759
2021-07-28T05:00:00+00:00,22.400,19.200,Open-Meteo Historical Weather API,"Casalecchio di Reno, Bologna, Italy",44.4756,11.2759
2021-07-28T06:00:00+00:00,24.900,19.200,Open-Meteo Historical Weather API,"Casalecchio di Reno, Bologna, Italy",44.4756,11.2759
2021-07-28T07:00:00+00:00,27.200,18.500,Open-Meteo Historical Weather API,"Casalecchio di Reno, Bologna, Italy",44.4756,11.2759
2021-07-28T08:00:00+00:00,29.000,18.200,Open-Meteo Historical Weather API,"Casalecchio di Reno, Bologna, Italy",44.4756,11.2759
2021-07-28T09:00:00+00:00,30.600,18.000,Open-Meteo Historical Weather API,"Casalecchio di Reno, Bologna, Italy",44.4756,11.2759
2021-07-28T10:00:00+00:00,31.900,17.800,Open-Meteo Historical Weather API,"Casalecchio di Reno, Bologna, Italy",44.4756,11.2759
2021-07-28T11:00:00+00:00,32.500,17.500,Open-Meteo Historical Weather API,"Casalecchio di Reno, Bologna, Italy",44.4756,11.2759
2021-07-28T12:00:00+00:00,32.000,18.100,Open-Meteo Historical Weather API,"Casalecchio di Reno, Bologna, Italy",44.4756,11.2759
2021-07-28T13:00:00+00:00,32.000,15.600,Open-Meteo Historical Weather API,"Casalecchio di Reno, Bologna, Italy",44.4756,11.2759
2021-07-28T14:00:00+00:00,32.500,16.100,Open-Meteo Historical Weather API,"Casalecchio di Reno, Bologna, Italy",44.4756,11.2759
2021-07-28T15:00:00+00:00,32.800,16.600,Open-Meteo Historical Weather API,"Casalecchio di Reno, Bologna, Italy",44.4756,11.2759
2021-07-28T16:00:00+00:00,32.300,17.000,Open-Meteo Historical Weather API,"Casalecchio di Reno, Bologna, Italy",44.4756,11.2759
2021-07-28T17:00:00+00:00,31.300,16.100,Open-Meteo Historical Weather API,"Casalecchio di Reno, Bologna, Italy",44.4756,11.2759
2021-07-28T18:00:00+00:00,29.000,18.700,Open-Meteo Historical Weather API,"Casalecchio di Reno, Bologna, Italy",44.4756,11.2759
2021-07-28T19:00:00+00:00,26.000,19.400,Open-Meteo Historical Weather API,"Casalecchio di Reno, Bologna, Italy",44.4756,11.2759
2021-07-28T20:00:00+00:00,24.500,19.500,Open-Meteo Historical Weather API,"Casalecchio di Reno, Bologna, Italy",44.4756,11.2759
2021-07-28T21:00:00+00:00,23.900,19.900,Open-Meteo Historical Weather API,"Casalecchio di Reno, Bologna, Italy",44.4756,11.2759
2021-07-28T22:00:00+00:00,23.200,19.500,Open-Meteo Historical Weather API,"Casalecchio di Reno, Bologna, Italy",44.4756,11.2759
2021-07-28T23:00:00+00:00,22.500,19.500,Open-Meteo Historical Weather API,"Casalecchio di Reno, Bologna, Italy",44.4756,11.2759
2021-07-29T00:00:00+00:00,22.800,17.400,Open-Meteo Historical Weather API,"Casalecchio di Reno, Bologna, Italy",44.4756,11.2759
2021-07-29T01:00:00+00:00,22.400,17.300,Open-Meteo Historical Weather API,"Casalecchio di Reno, Bologna, Italy",44.4756,11.2759
2021-07-29T02:00:00+00:00,22.000,17.100,Open-Meteo Historical Weather API,"Casalecchio di Reno, Bologna, Italy",44.4756,11.2759
2021-07-29T03:00:00+00:00,21.900,16.900,Open-Meteo Historical Weather API,"Casalecchio di Reno, Bologna, Italy",44.4756,11.2759
2021-07-29T04:00:00+00:00,21.800,16.800,Open-Meteo Historical Weather API,"Casalecchio di Reno, Bologna, Italy",44.4756,11.2759
2021-07-29T05:00:00+00:00,22.600,17.100,Open-Meteo Historical Weather API,"Casalecchio di Reno, Bologna, Italy",44.4756,11.2759
2021-07-29T06:00:00+00:00,24.600,17.500,Open-Meteo Historical Weather API,"Casalecchio di Reno, Bologna, Italy",44.4756,11.2759
2021-07-29T07:00:00+00:00,26.700,17.400,Open-Meteo Historical Weather API,"Casalecchio di Reno, Bologna, Italy",44.4756,11.2759
2021-07-29T08:00:00+00:00,28.200,17.100,Open-Meteo Historical Weather API,"Casalecchio di Reno, Bologna, Italy",44.4756,11.2759
2021-07-29T09:00:00+00:00,29.500,16.900,Open-Meteo Historical Weather API,"Casalecchio di Reno, Bologna, Italy",44.4756,11.2759
2021-07-29T10:00:00+00:00,30.800,16.600,Open-Meteo Historical Weather API,"Casalecchio di Reno, Bologna, Italy",44.4756,11.2759
2021-07-29T11:00:00+00:00,32.000,16.400,Open-Meteo Historical Weather API,"Casalecchio di Reno, Bologna, Italy",44.4756,11.2759
2021-07-29T12:00:00+00:00,32.000,16.800,Open-Meteo Historical Weather API,"Casalecchio di Reno, Bologna, Italy",44.4756,11.2759
2021-07-29T13:00:00+00:00,31.800,17.000,Open-Meteo Historical Weather API,"Casalecchio di Reno, Bologna, Italy",44.4756,11.2759
2021-07-29T14:00:00+00:00,31.600,17.200,Open-Meteo Historical Weather API,"Casalecchio di Reno, Bologna, Italy",44.4756,11.2759
2021-07-29T15:00:00+00:00,31.600,17.100,Open-Meteo Historical Weather API,"Casalecchio di Reno, Bologna, Italy",44.4756,11.2759
2021-07-29T16:00:00+00:00,31.900,17.000,Open-Meteo Historical Weather API,"Casalecchio di Reno, Bologna, Italy",44.4756,11.2759
2021-07-29T17:00:00+00:00,31.100,17.900,Open-Meteo Historical Weather API,"Casalecchio di Reno, Bologna, Italy",44.4756,11.2759
2021-07-29T18:00:00+00:00,29.000,18.900,Open-Meteo Historical Weather API,"Casalecchio di Reno, Bologna, Italy",44.4756,11.2759
2021-07-29T19:00:00+00:00,27.200,19.000,Open-Meteo Historical Weather API,"Casalecchio di Reno, Bologna, Italy",44.4756,11.2759
2021-07-29T20:00:00+00:00,26.000,19.500,Open-Meteo Historical Weather API,"Casalecchio di Reno, Bologna, Italy",44.4756,11.2759
2021-07-29T21:00:00+00:00,24.500,19.000,Open-Meteo Historical Weather API,"Casalecchio di Reno, Bologna, Italy",44.4756,11.2759
2021-07-29T22:00:00+00:00,24.200,14.300,Open-Meteo Historical Weather API,"Casalecchio di Reno, Bologna, Italy",44.4756,11.2759
2021-07-29T23:00:00+00:00,24.000,11.900,Open-Meteo Historical Weather API,"Casalecchio di Reno, Bologna, Italy",44.4756,11.2759
2021-07-30T00:00:00+00:00,23.000,12.400,Open-Meteo Historical Weather API,"Casalecchio di Reno, Bologna, Italy",44.4756,11.2759
2021-07-30T01:00:00+00:00,22.200,12.800,Open-Meteo Historical Weather API,"Casalecchio di Reno, Bologna, Italy",44.4756,11.2759
2021-07-30T02:00:00+00:00,22.000,12.600,Open-Meteo Historical Weather API,"Casalecchio di Reno, Bologna, Italy",44.4756,11.2759
2021-07-30T03:00:00+00:00,22.000,12.600,Open-Meteo Historical Weather API,"Casalecchio di Reno, Bologna, Italy",44.4756,11.2759
2021-07-30T04:00:00+00:00,21.900,12.800,Open-Meteo Historical Weather API,"Casalecchio di Reno, Bologna, Italy",44.4756,11.2759
2021-07-30T05:00:00+00:00,22.900,13.500,Open-Meteo Historical Weather API,"Casalecchio di Reno, Bologna, Italy",44.4756,11.2759
2021-07-30T06:00:00+00:00,25.500,14.500,Open-Meteo Historical Weather API,"Casalecchio di Reno, Bologna, Italy",44.4756,11.2759
2021-07-30T07:00:00+00:00,28.300,14.800,Open-Meteo Historical Weather API,"Casalecchio di Reno, Bologna, Italy",44.4756,11.2759
2021-07-30T08:00:00+00:00,30.200,14.100,Open-Meteo Historical Weather API,"Casalecchio di Reno, Bologna, Italy",44.4756,11.2759
2021-07-30T09:00:00+00:00,31.600,14.400,Open-Meteo Historical Weather API,"Casalecchio di Reno, Bologna, Italy",44.4756,11.2759
2021-07-30T10:00:00+00:00,32.800,14.900,Open-Meteo Historical Weather API,"Casalecchio di Reno, Bologna, Italy",44.4756,11.2759
2021-07-30T11:00:00+00:00,33.900,15.300,Open-Meteo Historical Weather API,"Casalecchio di Reno, Bologna, Italy",44.4756,11.2759
2021-07-30T12:00:00+00:00,32.700,16.900,Open-Meteo Historical Weather API,"Casalecchio di Reno, Bologna, Italy",44.4756,11.2759
2021-07-30T13:00:00+00:00,33.300,16.500,Open-Meteo Historical Weather API,"Casalecchio di Reno, Bologna, Italy",44.4756,11.2759
2021-07-30T14:00:00+00:00,33.200,16.200,Open-Meteo Historical Weather API,"Casalecchio di Reno, Bologna, Italy",44.4756,11.2759
2021-07-30T15:00:00+00:00,34.500,14.500,Open-Meteo Historical Weather API,"Casalecchio di Reno, Bologna, Italy",44.4756,11.2759
2021-07-30T16:00:00+00:00,34.800,12.900,Open-Meteo Historical Weather API,"Casalecchio di Reno, Bologna, Italy",44.4756,11.2759
2021-07-30T17:00:00+00:00,33.200,15.800,Open-Meteo Historical Weather API,"Casalecchio di Reno, Bologna, Italy",44.4756,11.2759
2021-07-30T18:00:00+00:00,30.900,16.400,Open-Meteo Historical Weather API,"Casalecchio di Reno, Bologna, Italy",44.4756,11.2759
2021-07-30T19:00:00+00:00,29.000,16.700,Open-Meteo Historical Weather API,"Casalecchio di Reno, Bologna, Italy",44.4756,11.2759
2021-07-30T20:00:00+00:00,28.600,15.400,Open-Meteo Historical Weather API,"Casalecchio di Reno, Bologna, Italy",44.4756,11.2759
2021-07-30T21:00:00+00:00,26.500,15.900,Open-Meteo Historical Weather API,"Casalecchio di Reno, Bologna, Italy",44.4756,11.2759
2021-07-30T22:00:00+00:00,25.100,14.400,Open-Meteo Historical Weather API,"Casalecchio di Reno, Bologna, Italy",44.4756,11.2759
2021-07-30T23:00:00+00:00,24.500,12.400,Open-Meteo Historical Weather API,"Casalecchio di Reno, Bologna, Italy",44.4756,11.2759
2021-07-31T00:00:00+00:00,25.900,11.100,Open-Meteo Historical Weather API,"Casalecchio di Reno, Bologna, Italy",44.4756,11.2759
2021-07-31T01:00:00+00:00,25.000,10.900,Open-Meteo Historical Weather API,"Casalecchio di Reno, Bologna, Italy",44.4756,11.2759
2021-07-31T02:00:00+00:00,24.500,11.100,Open-Meteo Historical Weather API,"Casalecchio di Reno, Bologna, Italy",44.4756,11.2759
2021-07-31T03:00:00+00:00,23.300,11.900,Open-Meteo Historical Weather API,"Casalecchio di Reno, Bologna, Italy",44.4756,11.2759
2021-07-31T04:00:00+00:00,22.400,13.200,Open-Meteo Historical Weather API,"Casalecchio di Reno, Bologna, Italy",44.4756,11.2759
2021-07-31T05:00:00+00:00,23.000,13.600,Open-Meteo Historical Weather API,"Casalecchio di Reno, Bologna, Italy",44.4756,11.2759
2021-07-31T06:00:00+00:00,24.900,14.100,Open-Meteo Historical Weather API,"Casalecchio di Reno, Bologna, Italy",44.4756,11.2759
2021-07-31T07:00:00+00:00,26.500,14.800,Open-Meteo Historical Weather API,"Casalecchio di Reno, Bologna, Italy",44.4756,11.2759
2021-07-31T08:00:00+00:00,29.000,14.800,Open-Meteo Historical Weather API,"Casalecchio di Reno, Bologna, Italy",44.4756,11.2759
2021-07-31T09:00:00+00:00,30.900,15.100,Open-Meteo Historical Weather API,"Casalecchio di Reno, Bologna, Italy",44.4756,11.2759
2021-07-31T10:00:00+00:00,32.200,15.600,Open-Meteo Historical Weather API,"Casalecchio di Reno, Bologna, Italy",44.4756,11.2759
2021-07-31T11:00:00+00:00,33.500,15.500,Open-Meteo Historical Weather API,"Casalecchio di Reno, Bologna, Italy",44.4756,11.2759
2021-07-31T12:00:00+00:00,34.700,14.500,Open-Meteo Historical Weather API,"Casalecchio di Reno, Bologna, Italy",44.4756,11.2759
2021-07-31T13:00:00+00:00,35.700,13.800,Open-Meteo Historical Weather API,"Casalecchio di Reno, Bologna, Italy",44.4756,11.2759
2021-07-31T14:00:00+00:00,36.300,12.700,Open-Meteo Historical Weather API,"Casalecchio di Reno, Bologna, Italy",44.4756,11.2759
2021-07-31T15:00:00+00:00,35.700,11.900,Open-Meteo Historical Weather API,"Casalecchio di Reno, Bologna, Italy",44.4756,11.2759
2021-07-31T16:00:00+00:00,34.200,11.600,Open-Meteo Historical Weather API,"Casalecchio di Reno, Bologna, Italy",44.4756,11.2759
2021-07-31T17:00:00+00:00,32.000,13.400,Open-Meteo Historical Weather API,"Casalecchio di Reno, Bologna, Italy",44.4756,11.2759
2021-07-31T18:00:00+00:00,30.500,18.000,Open-Meteo Historical Weather API,"Casalecchio di Reno, Bologna, Italy",44.4756,11.2759
2021-07-31T19:00:00+00:00,28.300,19.500,Open-Meteo Historical Weather API,"Casalecchio di Reno, Bologna, Italy",44.4756,11.2759
2021-07-31T20:00:00+00:00,26.800,19.300,Open-Meteo Historical Weather API,"Casalecchio di Reno, Bologna, Italy",44.4756,11.2759
2021-07-31T21:00:00+00:00,25.800,19.000,Open-Meteo Historical Weather API,"Casalecchio di Reno, Bologna, Italy",44.4756,11.2759
2021-07-31T22:00:00+00:00,24.900,18.800,Open-Meteo Historical Weather API,"Casalecchio di Reno, Bologna, Italy",44.4756,11.2759
2021-07-31T23:00:00+00:00,25.400,16.300,Open-Meteo Historical Weather API,"Casalecchio di Reno, Bologna, Italy",44.4756,11.2759
2021-08-01T00:00:00+00:00,25.200,16.100,Open-Meteo Historical Weather API,"Casalecchio di Reno, Bologna, Italy",44.4756,11.2759
2021-08-01T01:00:00+00:00,24.800,17.500,Open-Meteo Historical Weather API,"Casalecchio di Reno, Bologna, Italy",44.4756,11.2759
2021-08-01T02:00:00+00:00,24.900,18.200,Open-Meteo Historical Weather API,"Casalecchio di Reno, Bologna, Italy",44.4756,11.2759
2021-08-01T03:00:00+00:00,24.500,18.900,Open-Meteo Historical Weather API,"Casalecchio di Reno, Bologna, Italy",44.4756,11.2759
2021-08-01T04:00:00+00:00,23.200,19.000,Open-Meteo Historical Weather API,"Casalecchio di Reno, Bologna, Italy",44.4756,11.2759
2021-08-01T05:00:00+00:00,23.200,19.000,Open-Meteo Historical Weather API,"Casalecchio di Reno, Bologna, Italy",44.4756,11.2759
2021-08-01T06:00:00+00:00,22.400,19.000,Open-Meteo Historical Weather API,"Casalecchio di Reno, Bologna, Italy",44.4756,11.2759
2021-08-01T07:00:00+00:00,23.500,18.800,Open-Meteo Historical Weather API,"Casalecchio di Reno, Bologna, Italy",44.4756,11.2759
2021-08-01T08:00:00+00:00,26.200,17.800,Open-Meteo Historical Weather API,"Casalecchio di Reno, Bologna, Italy",44.4756,11.2759
2021-08-01T09:00:00+00:00,28.000,16.400,Open-Meteo Historical Weather API,"Casalecchio di Reno, Bologna, Italy",44.4756,11.2759
2021-08-01T10:00:00+00:00,29.100,15.000,Open-Meteo Historical Weather API,"Casalecchio di Reno, Bologna, Italy",44.4756,11.2759
2021-08-01T11:00:00+00:00,28.800,13.800,Open-Meteo Historical Weather API,"Casalecchio di Reno, Bologna, Italy",44.4756,11.2759
2021-08-01T12:00:00+00:00,30.000,13.100,Open-Meteo Historical Weather API,"Casalecchio di Reno, Bologna, Italy",44.4756,11.2759
2021-08-01T13:00:00+00:00,30.700,12.400,Open-Meteo Historical Weather API,"Casalecchio di Reno, Bologna, Italy",44.4756,11.2759
2021-08-01T14:00:00+00:00,31.000,11.600,Open-Meteo Historical Weather API,"Casalecchio di Reno, Bologna, Italy",44.4756,11.2759
2021-08-01T15:00:00+00:00,30.400,10.600,Open-Meteo Historical Weather API,"Casalecchio di Reno, Bologna, Italy",44.4756,11.2759
2021-08-01T16:00:00+00:00,29.000,11.300,Open-Meteo Historical Weather API,"Casalecchio di Reno, Bologna, Italy",44.4756,11.2759
2021-08-01T17:00:00+00:00,27.500,10.200,Open-Meteo Historical Weather API,"Casalecchio di Reno, Bologna, Italy",44.4756,11.2759
2021-08-01T18:00:00+00:00,25.800,11.100,Open-Meteo Historical Weather API,"Casalecchio di Reno, Bologna, Italy",44.4756,11.2759
2021-08-01T19:00:00+00:00,23.800,13.400,Open-Meteo Historical Weather API,"Casalecchio di Reno, Bologna, Italy",44.4756,11.2759
2021-08-01T20:00:00+00:00,23.000,14.100,Open-Meteo Historical Weather API,"Casalecchio di Reno, Bologna, Italy",44.4756,11.2759
2021-08-01T21:00:00+00:00,22.500,14.600,Open-Meteo Historical Weather API,"Casalecchio di Reno, Bologna, Italy",44.4756,11.2759
2021-08-01T22:00:00+00:00,21.600,14.900,Open-Meteo Historical Weather API,"Casalecchio di Reno, Bologna, Italy",44.4756,11.2759
2021-08-01T23:00:00+00:00,21.200,15.000,Open-Meteo Historical Weather API,"Casalecchio di Reno, Bologna, Italy",44.4756,11.2759
2021-08-02T00:00:00+00:00,21.300,15.600,Open-Meteo Historical Weather API,"Casalecchio di Reno, Bologna, Italy",44.4756,11.2759
2021-08-02T01:00:00+00:00,21.000,15.800,Open-Meteo Historical Weather API,"Casalecchio di Reno, Bologna, Italy",44.4756,11.2759
2021-08-02T02:00:00+00:00,20.800,16.100,Open-Meteo Historical Weather API,"Casalecchio di Reno, Bologna, Italy",44.4756,11.2759
2021-08-02T03:00:00+00:00,20.800,15.900,Open-Meteo Historical Weather API,"Casalecchio di Reno, Bologna, Italy",44.4756,11.2759
2021-08-02T04:00:00+00:00,20.300,15.400,Open-Meteo Historical Weather API,"Casalecchio di Reno, Bologna, Italy",44.4756,11.2759
2021-08-02T05:00:00+00:00,21.000,14.900,Open-Meteo Historical Weather API,"Casalecchio di Reno, Bologna, Italy",44.4756,11.2759
2021-08-02T06:00:00+00:00,22.900,14.500,Open-Meteo Historical Weather API,"Casalecchio di Reno, Bologna, Italy",44.4756,11.2759
2021-08-02T07:00:00+00:00,24.900,13.100,Open-Meteo Historical Weather API,"Casalecchio di Reno, Bologna, Italy",44.4756,11.2759
2021-08-02T08:00:00+00:00,26.000,11.800,Open-Meteo Historical Weather API,"Casalecchio di Reno, Bologna, Italy",44.4756,11.2759
2021-08-02T09:00:00+00:00,26.100,11.900,Open-Meteo Historical Weather API,"Casalecchio di Reno, Bologna, Italy",44.4756,11.2759
2021-08-02T10:00:00+00:00,26.300,12.800,Open-Meteo Historical Weather API,"Casalecchio di Reno, Bologna, Italy",44.4756,11.2759
2021-08-02T11:00:00+00:00,25.900,15.000,Open-Meteo Historical Weather API,"Casalecchio di Reno, Bologna, Italy",44.4756,11.2759
2021-08-02T12:00:00+00:00,28.400,9.600,Open-Meteo Historical Weather API,"Casalecchio di Reno, Bologna, Italy",44.4756,11.2759
2021-08-02T13:00:00+00:00,28.200,9.600,Open-Meteo Historical Weather API,"Casalecchio di Reno, Bologna, Italy",44.4756,11.2759
2021-08-02T14:00:00+00:00,28.800,9.300,Open-Meteo Historical Weather API,"Casalecchio di Reno, Bologna, Italy",44.4756,11.2759
2021-08-02T15:00:00+00:00,29.400,8.100,Open-Meteo Historical Weather API,"Casalecchio di Reno, Bologna, Italy",44.4756,11.2759
2021-08-02T16:00:00+00:00,29.200,7.400,Open-Meteo Historical Weather API,"Casalecchio di Reno, Bologna, Italy",44.4756,11.2759
2021-08-02T17:00:00+00:00,27.900,8.300,Open-Meteo Historical Weather API,"Casalecchio di Reno, Bologna, Italy",44.4756,11.2759
2021-08-02T18:00:00+00:00,25.900,11.400,Open-Meteo Historical Weather API,"Casalecchio di Reno, Bologna, Italy",44.4756,11.2759
2021-08-02T19:00:00+00:00,24.400,11.600,Open-Meteo Historical Weather API,"Casalecchio di Reno, Bologna, Italy",44.4756,11.2759
2021-08-02T20:00:00+00:00,23.200,12.400,Open-Meteo Historical Weather API,"Casalecchio di Reno, Bologna, Italy",44.4756,11.2759
2021-08-02T21:00:00+00:00,22.000,13.400,Open-Meteo Historical Weather API,"Casalecchio di Reno, Bologna, Italy",44.4756,11.2759
2021-08-02T22:00:00+00:00,21.200,13.400,Open-Meteo Historical Weather API,"Casalecchio di Reno, Bologna, Italy",44.4756,11.2759
2021-08-02T23:00:00+00:00,20.600,13.100,Open-Meteo Historical Weather API,"Casalecchio di Reno, Bologna, Italy",44.4756,11.2759
2021-08-03T00:00:00+00:00,20.200,13.100,Open-Meteo Historical Weather API,"Casalecchio di Reno, Bologna, Italy",44.4756,11.2759
2021-08-03T01:00:00+00:00,19.000,13.600,Open-Meteo Historical Weather API,"Casalecchio di Reno, Bologna, Italy",44.4756,11.2759
2021-08-03T02:00:00+00:00,19.000,13.800,Open-Meteo Historical Weather API,"Casalecchio di Reno, Bologna, Italy",44.4756,11.2759
2021-08-03T03:00:00+00:00,18.500,13.800,Open-Meteo Historical Weather API,"Casalecchio di Reno, Bologna, Italy",44.4756,11.2759
2021-08-03T04:00:00+00:00,18.000,13.700,Open-Meteo Historical Weather API,"Casalecchio di Reno, Bologna, Italy",44.4756,11.2759
2021-08-03T05:00:00+00:00,18.500,13.300,Open-Meteo Historical Weather API,"Casalecchio di Reno, Bologna, Italy",44.4756,11.2759
2021-08-03T06:00:00+00:00,21.500,13.300,Open-Meteo Historical Weather API,"Casalecchio di Reno, Bologna, Italy",44.4756,11.2759
2021-08-03T07:00:00+00:00,23.500,12.600,Open-Meteo Historical Weather API,"Casalecchio di Reno, Bologna, Italy",44.4756,11.2759
2021-08-03T08:00:00+00:00,24.800,12.600,Open-Meteo Historical Weather API,"Casalecchio di Reno, Bologna, Italy",44.4756,11.2759
2021-08-03T09:00:00+00:00,26.600,11.900,Open-Meteo Historical Weather API,"Casalecchio di Reno, Bologna, Italy",44.4756,11.2759
2021-08-03T10:00:00+00:00,28.200,11.100,Open-Meteo Historical Weather API,"Casalecchio di Reno, Bologna, Italy",44.4756,11.2759
2021-08-03T11:00:00+00:00,29.500,10.400,Open-Meteo Historical Weather API,"Casalecchio di Reno, Bologna, Italy",44.4756,11.2759
2021-08-03T12:00:00+00:00,30.200,8.600,Open-Meteo Historical Weather API,"Casalecchio di Reno, Bologna, Italy",44.4756,11.2759
2021-08-03T13:00:00+00:00,30.100,8.700,Open-Meteo Historical Weather API,"Casalecchio di Reno, Bologna, Italy",44.4756,11.2759
2021-08-03T14:00:00+00:00,30.900,8.400,Open-Meteo Historical Weather API,"Casalecchio di Reno, Bologna, Italy",44.4756,11.2759
2021-08-03T15:00:00+00:00,31.000,7.300,Open-Meteo Historical Weather API,"Casalecchio di Reno, Bologna, Italy",44.4756,11.2759
2021-08-03T16:00:00+00:00,30.100,6.900,Open-Meteo Historical Weather API,"Casalecchio di Reno, Bologna, Italy",44.4756,11.2759
2021-08-03T17:00:00+00:00,29.500,7.300,Open-Meteo Historical Weather API,"Casalecchio di Reno, Bologna, Italy",44.4756,11.2759
2021-08-03T18:00:00+00:00,27.400,9.300,Open-Meteo Historical Weather API,"Casalecchio di Reno, Bologna, Italy",44.4756,11.2759
2021-08-03T19:00:00+00:00,25.500,10.600,Open-Meteo Historical Weather API,"Casalecchio di Reno, Bologna, Italy",44.4756,11.2759
2021-08-03T20:00:00+00:00,24.400,11.300,Open-Meteo Historical Weather API,"Casalecchio di Reno, Bologna, Italy",44.4756,11.2759
2021-08-03T21:00:00+00:00,23.700,11.900,Open-Meteo Historical Weather API,"Casalecchio di Reno, Bologna, Italy",44.4756,11.2759
2021-08-03T22:00:00+00:00,22.500,13.600,Open-Meteo Historical Weather API,"Casalecchio di Reno, Bologna, Italy",44.4756,11.2759
2021-08-03T23:00:00+00:00,22.100,13.700,Open-Meteo Historical Weather API,"Casalecchio di Reno, Bologna, Italy",44.4756,11.2759
2021-08-04T00:00:00+00:00,22.500,12.900,Open-Meteo Historical Weather API,"Casalecchio di Reno, Bologna, Italy",44.4756,11.2759
2021-08-04T01:00:00+00:00,22.000,13.800,Open-Meteo Historical Weather API,"Casalecchio di Reno, Bologna, Italy",44.4756,11.2759
2021-08-04T02:00:00+00:00,21.900,13.600,Open-Meteo Historical Weather API,"Casalecchio di Reno, Bologna, Italy",44.4756,11.2759
2021-08-04T03:00:00+00:00,21.800,13.800,Open-Meteo Historical Weather API,"Casalecchio di Reno, Bologna, Italy",44.4756,11.2759
2021-08-04T04:00:00+00:00,21.800,14.400,Open-Meteo Historical Weather API,"Casalecchio di Reno, Bologna, Italy",44.4756,11.2759
2021-08-04T05:00:00+00:00,22.000,15.100,Open-Meteo Historical Weather API,"Casalecchio di Reno, Bologna, Italy",44.4756,11.2759
2021-08-04T06:00:00+00:00,23.600,14.800,Open-Meteo Historical Weather API,"Casalecchio di Reno, Bologna, Italy",44.4756,11.2759
2021-08-04T07:00:00+00:00,25.900,12.800,Open-Meteo Historical Weather API,"Casalecchio di Reno, Bologna, Italy",44.4756,11.2759
2021-08-04T08:00:00+00:00,27.900,11.600,Open-Meteo Historical Weather API,"Casalecchio di Reno, Bologna, Italy",44.4756,11.2759
2021-08-04T09:00:00+00:00,29.400,10.600,Open-Meteo Historical Weather API,"Casalecchio di Reno, Bologna, Italy",44.4756,11.2759
2021-08-04T10:00:00+00:00,29.400,10.400,Open-Meteo Historical Weather API,"Casalecchio di Reno, Bologna, Italy",44.4756,11.2759
2021-08-04T11:00:00+00:00,29.500,10.300,Open-Meteo Historical Weather API,"Casalecchio di Reno, Bologna, Italy",44.4756,11.2759
2021-08-04T12:00:00+00:00,28.000,11.600,Open-Meteo Historical Weather API,"Casalecchio di Reno, Bologna, Italy",44.4756,11.2759
2021-08-04T13:00:00+00:00,29.000,12.100,Open-Meteo Historical Weather API,"Casalecchio di Reno, Bologna, Italy",44.4756,11.2759
2021-08-04T14:00:00+00:00,30.700,11.800,Open-Meteo Historical Weather API,"Casalecchio di Reno, Bologna, Italy",44.4756,11.2759
2021-08-04T15:00:00+00:00,29.700,12.100,Open-Meteo Historical Weather API,"Casalecchio di Reno, Bologna, Italy",44.4756,11.2759
2021-08-04T16:00:00+00:00,28.500,12.600,Open-Meteo Historical Weather API,"Casalecchio di Reno, Bologna, Italy",44.4756,11.2759
2021-08-04T17:00:00+00:00,26.600,14.600,Open-Meteo Historical Weather API,"Casalecchio di Reno, Bologna, Italy",44.4756,11.2759
2021-08-04T18:00:00+00:00,25.700,15.600,Open-Meteo Historical Weather API,"Casalecchio di Reno, Bologna, Italy",44.4756,11.2759
2021-08-04T19:00:00+00:00,25.000,15.900,Open-Meteo Historical Weather API,"Casalecchio di Reno, Bologna, Italy",44.4756,11.2759
2021-08-04T20:00:00+00:00,24.100,14.600,Open-Meteo Historical Weather API,"Casalecchio di Reno, Bologna, Italy",44.4756,11.2759
2021-08-04T21:00:00+00:00,23.500,11.900,Open-Meteo Historical Weather API,"Casalecchio di Reno, Bologna, Italy",44.4756,11.2759
2021-08-04T22:00:00+00:00,23.100,12.400,Open-Meteo Historical Weather API,"Casalecchio di Reno, Bologna, Italy",44.4756,11.2759
2021-08-04T23:00:00+00:00,22.900,12.900,Open-Meteo Historical Weather API,"Casalecchio di Reno, Bologna, Italy",44.4756,11.2759
2021-08-05T00:00:00+00:00,21.800,12.400,Open-Meteo Historical Weather API,"Casalecchio di Reno, Bologna, Italy",44.4756,11.2759
2021-08-05T01:00:00+00:00,20.600,13.100,Open-Meteo Historical Weather API,"Casalecchio di Reno, Bologna, Italy",44.4756,11.2759
2021-08-05T02:00:00+00:00,20.100,13.900,Open-Meteo Historical Weather API,"Casalecchio di Reno, Bologna, Italy",44.4756,11.2759
2021-08-05T03:00:00+00:00,19.600,14.500,Open-Meteo Historical Weather API,"Casalecchio di Reno, Bologna, Italy",44.4756,11.2759
2021-08-05T04:00:00+00:00,19.500,14.900,Open-Meteo Historical Weather API,"Casalecchio di Reno, Bologna, Italy",44.4756,11.2759
2021-08-05T05:00:00+00:00,20.500,14.900,Open-Meteo Historical Weather API,"Casalecchio di Reno, Bologna, Italy",44.4756,11.2759
2021-08-05T06:00:00+00:00,21.500,15.200,Open-Meteo Historical Weather API,"Casalecchio di Reno, Bologna, Italy",44.4756,11.2759
2021-08-05T07:00:00+00:00,23.300,15.100,Open-Meteo Historical Weather API,"Casalecchio di Reno, Bologna, Italy",44.4756,11.2759
2021-08-05T08:00:00+00:00,25.000,15.100,Open-Meteo Historical Weather API,"Casalecchio di Reno, Bologna, Italy",44.4756,11.2759
2021-08-05T09:00:00+00:00,26.400,14.800,Open-Meteo Historical Weather API,"Casalecchio di Reno, Bologna, Italy",44.4756,11.2759
2021-08-05T10:00:00+00:00,28.200,13.100,Open-Meteo Historical Weather API,"Casalecchio di Reno, Bologna, Italy",44.4756,11.2759
2021-08-05T11:00:00+00:00,29.600,11.500,Open-Meteo Historical Weather API,"Casalecchio di Reno, Bologna, Italy",44.4756,11.2759
2021-08-05T12:00:00+00:00,30.500,11.200,Open-Meteo Historical Weather API,"Casalecchio di Reno, Bologna, Italy",44.4756,11.2759
2021-08-05T13:00:00+00:00,30.200,10.800,Open-Meteo Historical Weather API,"Casalecchio di Reno, Bologna, Italy",44.4756,11.2759
2021-08-05T14:00:00+00:00,29.200,11.400,Open-Meteo Historical Weather API,"Casalecchio di Reno, Bologna, Italy",44.4756,11.2759
2021-08-05T15:00:00+00:00,28.800,13.100,Open-Meteo Historical Weather API,"Casalecchio di Reno, Bologna, Italy",44.4756,11.2759
2021-08-05T16:00:00+00:00,27.900,13.900,Open-Meteo Historical Weather API,"Casalecchio di Reno, Bologna, Italy",44.4756,11.2759
2021-08-05T17:00:00+00:00,26.700,14.100,Open-Meteo Historical Weather API,"Casalecchio di Reno, Bologna, Italy",44.4756,11.2759
2021-08-05T18:00:00+00:00,24.900,14.400,Open-Meteo Historical Weather API,"Casalecchio di Reno, Bologna, Italy",44.4756,11.2759
2021-08-05T19:00:00+00:00,23.100,14.900,Open-Meteo Historical Weather API,"Casalecchio di Reno, Bologna, Italy",44.4756,11.2759
2021-08-05T20:00:00+00:00,22.000,15.200,Open-Meteo Historical Weather API,"Casalecchio di Reno, Bologna, Italy",44.4756,11.2759
2021-08-05T21:00:00+00:00,21.600,15.200,Open-Meteo Historical Weather API,"Casalecchio di Reno, Bologna, Italy",44.4756,11.2759
2021-08-05T22:00:00+00:00,21.200,15.200,Open-Meteo Historical Weather API,"Casalecchio di Reno, Bologna, Italy",44.4756,11.2759
2021-08-05T23:00:00+00:00,20.900,15.100,Open-Meteo Historical Weather API,"Casalecchio di Reno, Bologna, Italy",44.4756,11.2759
2021-08-06T00:00:00+00:00,20.900,14.700,Open-Meteo Historical Weather API,"Casalecchio di Reno, Bologna, Italy",44.4756,11.2759
2021-08-06T01:00:00+00:00,21.000,14.800,Open-Meteo Historical Weather API,"Casalecchio di Reno, Bologna, Italy",44.4756,11.2759
2021-08-06T02:00:00+00:00,21.100,14.900,Open-Meteo Historical Weather API,"Casalecchio di Reno, Bologna, Italy",44.4756,11.2759
2021-08-06T03:00:00+00:00,20.500,15.200,Open-Meteo Historical Weather API,"Casalecchio di Reno, Bologna, Italy",44.4756,11.2759
2021-08-06T04:00:00+00:00,20.200,15.600,Open-Meteo Historical Weather API,"Casalecchio di Reno, Bologna, Italy",44.4756,11.2759
2021-08-06T05:00:00+00:00,20.800,15.800,Open-Meteo Historical Weather API,"Casalecchio di Reno, Bologna, Italy",44.4756,11.2759
2021-08-06T06:00:00+00:00,23.000,16.100,Open-Meteo Historical Weather API,"Casalecchio di Reno, Bologna, Italy",44.4756,11.2759
2021-08-06T07:00:00+00:00,25.200,15.900,Open-Meteo Historical Weather API,"Casalecchio di Reno, Bologna, Italy",44.4756,11.2759
2021-08-06T08:00:00+00:00,27.000,14.900,Open-Meteo Historical Weather API,"Casalecchio di Reno, Bologna, Italy",44.4756,11.2759
2021-08-06T09:00:00+00:00,28.500,14.500,Open-Meteo Historical Weather API,"Casalecchio di Reno, Bologna, Italy",44.4756,11.2759
2021-08-06T10:00:00+00:00,29.900,13.400,Open-Meteo Historical Weather API,"Casalecchio di Reno, Bologna, Italy",44.4756,11.2759
2021-08-06T11:00:00+00:00,30.800,12.800,Open-Meteo Historical Weather API,"Casalecchio di Reno, Bologna, Italy",44.4756,11.2759
2021-08-06T12:00:00+00:00,31.000,12.500,Open-Meteo Historical Weather API,"Casalecchio di Reno, Bologna, Italy",44.4756,11.2759
2021-08-06T13:00:00+00:00,31.400,12.400,Open-Meteo Historical Weather API,"Casalecchio di Reno, Bologna, Italy",44.4756,11.2759
2021-08-06T14:00:00+00:00,31.500,12.100,Open-Meteo Historical Weather API,"Casalecchio di Reno, Bologna, Italy",44.4756,11.2759
2021-08-06T15:00:00+00:00,31.400,11.900,Open-Meteo Historical Weather API,"Casalecchio di Reno, Bologna, Italy",44.4756,11.2759
2021-08-06T16:00:00+00:00,30.800,13.100,Open-Meteo Historical Weather API,"Casalecchio di Reno, Bologna, Italy",44.4756,11.2759
2021-08-06T17:00:00+00:00,29.600,13.400,Open-Meteo Historical Weather API,"Casalecchio di Reno, Bologna, Italy",44.4756,11.2759
2021-08-06T18:00:00+00:00,27.400,14.100,Open-Meteo Historical Weather API,"Casalecchio di Reno, Bologna, Italy",44.4756,11.2759
2021-08-06T19:00:00+00:00,25.100,14.300,Open-Meteo Historical Weather API,"Casalecchio di Reno, Bologna, Italy",44.4756,11.2759
2021-08-06T20:00:00+00:00,24.300,13.900,Open-Meteo Historical Weather API,"Casalecchio di Reno, Bologna, Italy",44.4756,11.2759
2021-08-06T21:00:00+00:00,23.500,14.000,Open-Meteo Historical Weather API,"Casalecchio di Reno, Bologna, Italy",44.4756,11.2759
2021-08-06T22:00:00+00:00,22.900,14.400,Open-Meteo Historical Weather API,"Casalecchio di Reno, Bologna, Italy",44.4756,11.2759
2021-08-06T23:00:00+00:00,22.500,14.600,Open-Meteo Historical Weather API,"Casalecchio di Reno, Bologna, Italy",44.4756,11.2759
2021-08-07T00:00:00+00:00,22.300,14.700,Open-Meteo Historical Weather API,"Casalecchio di Reno, Bologna, Italy",44.4756,11.2759
2021-08-07T01:00:00+00:00,22.100,14.600,Open-Meteo Historical Weather API,"Casalecchio di Reno, Bologna, Italy",44.4756,11.2759
2021-08-07T02:00:00+00:00,22.000,14.500,Open-Meteo Historical Weather API,"Casalecchio di Reno, Bologna, Italy",44.4756,11.2759
2021-08-07T03:00:00+00:00,21.500,14.400,Open-Meteo Historical Weather API,"Casalecchio di Reno, Bologna, Italy",44.4756,11.2759
2021-08-07T04:00:00+00:00,21.000,14.700,Open-Meteo Historical Weather API,"Casalecchio di Reno, Bologna, Italy",44.4756,11.2759
2021-08-07T05:00:00+00:00,21.400,14.900,Open-Meteo Historical Weather API,"Casalecchio di Reno, Bologna, Italy",44.4756,11.2759
2021-08-07T06:00:00+00:00,23.400,15.000,Open-Meteo Historical Weather API,"Casalecchio di Reno, Bologna, Italy",44.4756,11.2759
2021-08-07T07:00:00+00:00,25.500,14.100,Open-Meteo Historical Weather API,"Casalecchio di Reno, Bologna, Italy",44.4756,11.2759
2021-08-07T08:00:00+00:00,27.300,14.100,Open-Meteo Historical Weather API,"Casalecchio di Reno, Bologna, Italy",44.4756,11.2759
2021-08-07T09:00:00+00:00,29.400,14.100,Open-Meteo Historical Weather API,"Casalecchio di Reno, Bologna, Italy",44.4756,11.2759
2021-08-07T10:00:00+00:00,31.600,13.300,Open-Meteo Historical Weather API,"Casalecchio di Reno, Bologna, Italy",44.4756,11.2759
2021-08-07T11:00:00+00:00,32.200,13.800,Open-Meteo Historical Weather API,"Casalecchio di Reno, Bologna, Italy",44.4756,11.2759
2021-08-07T12:00:00+00:00,32.500,12.600,Open-Meteo Historical Weather API,"Casalecchio di Reno, Bologna, Italy",44.4756,11.2759
2021-08-07T13:00:00+00:00,33.000,13.400,Open-Meteo Historical Weather API,"Casalecchio di Reno, Bologna, Italy",44.4756,11.2759
2021-08-07T14:00:00+00:00,33.600,13.600,Open-Meteo Historical Weather API,"Casalecchio di Reno, Bologna, Italy",44.4756,11.2759
2021-08-07T15:00:00+00:00,33.500,13.800,Open-Meteo Historical Weather API,"Casalecchio di Reno, Bologna, Italy",44.4756,11.2759
2021-08-07T16:00:00+00:00,32.500,14.200,Open-Meteo Historical Weather API,"Casalecchio di Reno, Bologna, Italy",44.4756,11.2759
2021-08-07T17:00:00+00:00,31.200,15.400,Open-Meteo Historical Weather API,"Casalecchio di Reno, Bologna, Italy",44.4756,11.2759
2021-08-07T18:00:00+00:00,29.300,16.500,Open-Meteo Historical Weather API,"Casalecchio di Reno, Bologna, Italy",44.4756,11.2759
2021-08-07T19:00:00+00:00,27.600,16.100,Open-Meteo Historical Weather API,"Casalecchio di Reno, Bologna, Italy",44.4756,11.2759
2021-08-07T20:00:00+00:00,26.400,16.300,Open-Meteo Historical Weather API,"Casalecchio di Reno, Bologna, Italy",44.4756,11.2759
2021-08-07T21:00:00+00:00,26.600,14.900,Open-Meteo Historical Weather API,"Casalecchio di Reno, Bologna, Italy",44.4756,11.2759
2021-08-07T22:00:00+00:00,25.100,14.900,Open-Meteo Historical Weather API,"Casalecchio di Reno, Bologna, Italy",44.4756,11.2759
2021-08-07T23:00:00+00:00,24.400,15.100,Open-Meteo Historical Weather API,"Casalecchio di Reno, Bologna, Italy",44.4756,11.2759
2021-08-08T00:00:00+00:00,24.600,14.300,Open-Meteo Historical Weather API,"Casalecchio di Reno, Bologna, Italy",44.4756,11.2759
2021-08-08T01:00:00+00:00,26.000,14.400,Open-Meteo Historical Weather API,"Casalecchio di Reno, Bologna, Italy",44.4756,11.2759
2021-08-08T02:00:00+00:00,24.600,16.600,Open-Meteo Historical Weather API,"Casalecchio di Reno, Bologna, Italy",44.4756,11.2759
2021-08-08T03:00:00+00:00,23.200,17.500,Open-Meteo Historical Weather API,"Casalecchio di Reno, Bologna, Italy",44.4756,11.2759
2021-08-08T04:00:00+00:00,22.600,17.900,Open-Meteo Historical Weather API,"Casalecchio di Reno, Bologna, Italy",44.4756,11.2759
2021-08-08T05:00:00+00:00,23.900,18.500,Open-Meteo Historical Weather API,"Casalecchio di Reno, Bologna, Italy",44.4756,11.2759
2021-08-08T06:00:00+00:00,25.700,18.800,Open-Meteo Historical Weather API,"Casalecchio di Reno, Bologna, Italy",44.4756,11.2759
2021-08-08T07:00:00+00:00,27.400,18.700,Open-Meteo Historical Weather API,"Casalecchio di Reno, Bologna, Italy",44.4756,11.2759
2021-08-08T08:00:00+00:00,29.100,17.800,Open-Meteo Historical Weather API,"Casalecchio di Reno, Bologna, Italy",44.4756,11.2759
2021-08-08T09:00:00+00:00,30.300,16.900,Open-Meteo Historical Weather API,"Casalecchio di Reno, Bologna, Italy",44.4756,11.2759
2021-08-08T10:00:00+00:00,31.700,16.000,Open-Meteo Historical Weather API,"Casalecchio di Reno, Bologna, Italy",44.4756,11.2759
2021-08-08T11:00:00+00:00,33.200,14.100,Open-Meteo Historical Weather API,"Casalecchio di Reno, Bologna, Italy",44.4756,11.2759
2021-08-08T12:00:00+00:00,33.400,13.600,Open-Meteo Historical Weather API,"Casalecchio di Reno, Bologna, Italy",44.4756,11.2759
2021-08-08T13:00:00+00:00,33.300,10.900,Open-Meteo Historical Weather API,"Casalecchio di Reno, Bologna, Italy",44.4756,11.2759
2021-08-08T14:00:00+00:00,33.300,7.400,Open-Meteo Historical Weather API,"Casalecchio di Reno, Bologna, Italy",44.4756,11.2759
2021-08-08T15:00:00+00:00,32.900,5.300,Open-Meteo Historical Weather API,"Casalecchio di Reno, Bologna, Italy",44.4756,11.2759
2021-08-08T16:00:00+00:00,32.000,4.400,Open-Meteo Historical Weather API,"Casalecchio di Reno, Bologna, Italy",44.4756,11.2759
2021-08-08T17:00:00+00:00,30.000,5.300,Open-Meteo Historical Weather API,"Casalecchio di Reno, Bologna, Italy",44.4756,11.2759
2021-08-08T18:00:00+00:00,27.600,5.700,Open-Meteo Historical Weather API,"Casalecchio di Reno, Bologna, Italy",44.4756,11.2759
2021-08-08T19:00:00+00:00,25.900,5.900,Open-Meteo Historical Weather API,"Casalecchio di Reno, Bologna, Italy",44.4756,11.2759
2021-08-08T20:00:00+00:00,24.600,6.400,Open-Meteo Historical Weather API,"Casalecchio di Reno, Bologna, Italy",44.4756,11.2759
2021-08-08T21:00:00+00:00,23.900,7.400,Open-Meteo Historical Weather API,"Casalecchio di Reno, Bologna, Italy",44.4756,11.2759
2021-08-08T22:00:00+00:00,23.000,8.100,Open-Meteo Historical Weather API,"Casalecchio di Reno, Bologna, Italy",44.4756,11.2759
2021-08-08T23:00:00+00:00,22.600,8.400,Open-Meteo Historical Weather API,"Casalecchio di Reno, Bologna, Italy",44.4756,11.2759
2021-08-09T00:00:00+00:00,22.200,7.700,Open-Meteo Historical Weather API,"Casalecchio di Reno, Bologna, Italy",44.4756,11.2759
2021-08-09T01:00:00+00:00,20.700,7.900,Open-Meteo Historical Weather API,"Casalecchio di Reno, Bologna, Italy",44.4756,11.2759
2021-08-09T02:00:00+00:00,20.900,8.100,Open-Meteo Historical Weather API,"Casalecchio di Reno, Bologna, Italy",44.4756,11.2759
2021-08-09T03:00:00+00:00,21.800,8.800,Open-Meteo Historical Weather API,"Casalecchio di Reno, Bologna, Italy",44.4756,11.2759
2021-08-09T04:00:00+00:00,21.600,9.200,Open-Meteo Historical Weather API,"Casalecchio di Reno, Bologna, Italy",44.4756,11.2759
2021-08-09T05:00:00+00:00,21.800,10.100,Open-Meteo Historical Weather API,"Casalecchio di Reno, Bologna, Italy",44.4756,11.2759
2021-08-09T06:00:00+00:00,24.100,11.100,Open-Meteo Historical Weather API,"Casalecchio di Reno, Bologna, Italy",44.4756,11.2759
2021-08-09T07:00:00+00:00,26.800,11.800,Open-Meteo Historical Weather API,"Casalecchio di Reno, Bologna, Italy",44.4756,11.2759
2021-08-09T08:00:00+00:00,29.000,11.800,Open-Meteo Historical Weather API,"Casalecchio di Reno, Bologna, Italy",44.4756,11.2759
2021-08-09T09:00:00+00:00,30.800,11.600,Open-Meteo Historical Weather API,"Casalecchio di Reno, Bologna, Italy",44.4756,11.2759
2021-08-09T10:00:00+00:00,32.200,11.600,Open-Meteo Historical Weather API,"Casalecchio di Reno, Bologna, Italy",44.4756,11.2759
2021-08-09T11:00:00+00:00,33.400,12.200,Open-Meteo Historical Weather API,"Casalecchio di Reno, Bologna, Italy",44.4756,11.2759
2021-08-09T12:00:00+00:00,33.200,11.600,Open-Meteo Historical Weather API,"Casalecchio di Reno, Bologna, Italy",44.4756,11.2759
2021-08-09T13:00:00+00:00,33.700,11.900,Open-Meteo Historical Weather API,"Casalecchio di Reno, Bologna, Italy",44.4756,11.2759
2021-08-09T14:00:00+00:00,34.000,11.900,Open-Meteo Historical Weather API,"Casalecchio di Reno, Bologna, Italy",44.4756,11.2759
2021-08-09T15:00:00+00:00,34.300,11.400,Open-Meteo Historical Weather API,"Casalecchio di Reno, Bologna, Italy",44.4756,11.2759
2021-08-09T16:00:00+00:00,33.400,11.600,Open-Meteo Historical Weather API,"Casalecchio di Reno, Bologna, Italy",44.4756,11.2759
2021-08-09T17:00:00+00:00,31.200,13.600,Open-Meteo Historical Weather API,"Casalecchio di Reno, Bologna, Italy",44.4756,11.2759
2021-08-09T18:00:00+00:00,28.500,13.900,Open-Meteo Historical Weather API,"Casalecchio di Reno, Bologna, Italy",44.4756,11.2759
2021-08-09T19:00:00+00:00,26.200,15.100,Open-Meteo Historical Weather API,"Casalecchio di Reno, Bologna, Italy",44.4756,11.2759
2021-08-09T20:00:00+00:00,26.000,15.200,Open-Meteo Historical Weather API,"Casalecchio di Reno, Bologna, Italy",44.4756,11.2759
2021-08-09T21:00:00+00:00,24.300,14.700,Open-Meteo Historical Weather API,"Casalecchio di Reno, Bologna, Italy",44.4756,11.2759
2021-08-09T22:00:00+00:00,24.000,13.200,Open-Meteo Historical Weather API,"Casalecchio di Reno, Bologna, Italy",44.4756,11.2759
2021-08-09T23:00:00+00:00,23.100,11.600,Open-Meteo Historical Weather API,"Casalecchio di Reno, Bologna, Italy",44.4756,11.2759
2021-08-10T00:00:00+00:00,22.700,11.100,Open-Meteo Historical Weather API,"Casalecchio di Reno, Bologna, Italy",44.4756,11.2759
2021-08-10T01:00:00+00:00,22.000,11.600,Open-Meteo Historical Weather API,"Casalecchio di Reno, Bologna, Italy",44.4756,11.2759
2021-08-10T02:00:00+00:00,21.300,11.600,Open-Meteo Historical Weather API,"Casalecchio di Reno, Bologna, Italy",44.4756,11.2759
2021-08-10T03:00:00+00:00,20.800,11.400,Open-Meteo Historical Weather API,"Casalecchio di Reno, Bologna, Italy",44.4756,11.2759
2021-08-10T04:00:00+00:00,20.800,11.200,Open-Meteo Historical Weather API,"Casalecchio di Reno, Bologna, Italy",44.4756,11.2759
2021-08-10T05:00:00+00:00,20.900,11.900,Open-Meteo Historical Weather API,"Casalecchio di Reno, Bologna, Italy",44.4756,11.2759
2021-08-10T06:00:00+00:00,23.500,12.100,Open-Meteo Historical Weather API,"Casalecchio di Reno, Bologna, Italy",44.4756,11.2759
2021-08-10T07:00:00+00:00,24.700,13.100,Open-Meteo Historical Weather API,"Casalecchio di Reno, Bologna, Italy",44.4756,11.2759
2021-08-10T08:00:00+00:00,25.800,13.700,Open-Meteo Historical Weather API,"Casalecchio di Reno, Bologna, Italy",44.4756,11.2759
2021-08-10T09:00:00+00:00,27.700,14.200,Open-Meteo Historical Weather API,"Casalecchio di Reno, Bologna, Italy",44.4756,11.2759
2021-08-10T10:00:00+00:00,29.800,13.600,Open-Meteo Historical Weather API,"Casalecchio di Reno, Bologna, Italy",44.4756,11.2759
2021-08-10T11:00:00+00:00,31.200,13.600,Open-Meteo Historical Weather API,"Casalecchio di Reno, Bologna, Italy",44.4756,11.2759
2021-08-10T12:00:00+00:00,30.900,17.500,Open-Meteo Historical Weather API,"Casalecchio di Reno, Bologna, Italy",44.4756,11.2759
2021-08-10T13:00:00+00:00,32.000,17.100,Open-Meteo Historical Weather API,"Casalecchio di Reno, Bologna, Italy",44.4756,11.2759
2021-08-10T14:00:00+00:00,32.300,16.500,Open-Meteo Historical Weather API,"Casalecchio di Reno, Bologna, Italy",44.4756,11.2759
2021-08-10T15:00:00+00:00,32.400,15.400,Open-Meteo Historical Weather API,"Casalecchio di Reno, Bologna, Italy",44.4756,11.2759
2021-08-10T16:00:00+00:00,32.200,14.400,Open-Meteo Historical Weather API,"Casalecchio di Reno, Bologna, Italy",44.4756,11.2759
2021-08-10T17:00:00+00:00,31.200,13.700,Open-Meteo Historical Weather API,"Casalecchio di Reno, Bologna, Italy",44.4756,11.2759
2021-08-10T18:00:00+00:00,29.200,13.900,Open-Meteo Historical Weather API,"Casalecchio di Reno, Bologna, Italy",44.4756,11.2759
2021-08-10T19:00:00+00:00,27.400,14.100,Open-Meteo Historical Weather API,"Casalecchio di Reno, Bologna, Italy",44.4756,11.2759
2021-08-10T20:00:00+00:00,26.100,15.300,Open-Meteo Historical Weather API,"Casalecchio di Reno, Bologna, Italy",44.4756,11.2759
2021-08-10T21:00:00+00:00,24.500,17.100,Open-Meteo Historical Weather API,"Casalecchio di Reno, Bologna, Italy",44.4756,11.2759
2021-08-10T22:00:00+00:00,24.300,16.000,Open-Meteo Historical Weather API,"Casalecchio di Reno, Bologna, Italy",44.4756,11.2759
2021-08-10T23:00:00+00:00,23.500,16.300,Open-Meteo Historical Weather API,"Casalecchio di Reno, Bologna, Italy",44.4756,11.2759
2021-08-11T00:00:00+00:00,23.400,15.200,Open-Meteo Historical Weather API,"Casalecchio di Reno, Bologna, Italy",44.4756,11.2759
2021-08-11T01:00:00+00:00,22.300,15.000,Open-Meteo Historical Weather API,"Casalecchio di Reno, Bologna, Italy",44.4756,11.2759
2021-08-11T02:00:00+00:00,22.000,15.100,Open-Meteo Historical Weather API,"Casalecchio di Reno, Bologna, Italy",44.4756,11.2759
2021-08-11T03:00:00+00:00,21.500,15.200,Open-Meteo Historical Weather API,"Casalecchio di Reno, Bologna, Italy",44.4756,11.2759
2021-08-11T04:00:00+00:00,21.100,15.400,Open-Meteo Historical Weather API,"Casalecchio di Reno, Bologna, Italy",44.4756,11.2759
2021-08-11T05:00:00+00:00,21.900,15.700,Open-Meteo Historical Weather API,"Casalecchio di Reno, Bologna, Italy",44.4756,11.2759
2021-08-11T06:00:00+00:00,24.900,16.500,Open-Meteo Historical Weather API,"Casalecchio di Reno, Bologna, Italy",44.4756,11.2759
2021-08-11T07:00:00+00:00,26.900,15.900,Open-Meteo Historical Weather API,"Casalecchio di Reno, Bologna, Italy",44.4756,11.2759
2021-08-11T08:00:00+00:00,28.700,15.600,Open-Meteo Historical Weather API,"Casalecchio di Reno, Bologna, Italy",44.4756,11.2759
2021-08-11T09:00:00+00:00,30.400,15.700,Open-Meteo Historical Weather API,"Casalecchio di Reno, Bologna, Italy",44.4756,11.2759
2021-08-11T10:00:00+00:00,31.600,15.700,Open-Meteo Historical Weather API,"Casalecchio di Reno, Bologna, Italy",44.4756,11.2759
2021-08-11T11:00:00+00:00,32.600,15.200,Open-Meteo Historical Weather API,"Casalecchio di Reno, Bologna, Italy",44.4756,11.2759
2021-08-11T12:00:00+00:00,33.000,14.100,Open-Meteo Historical Weather API,"Casalecchio di Reno, Bologna, Italy",44.4756,11.2759
2021-08-11T13:00:00+00:00,33.500,13.400,Open-Meteo Historical Weather API,"Casalecchio di Reno, Bologna, Italy",44.4756,11.2759
2021-08-11T14:00:00+00:00,33.800,13.200,Open-Meteo Historical Weather API,"Casalecchio di Reno, Bologna, Italy",44.4756,11.2759
2021-08-11T15:00:00+00:00,33.800,13.800,Open-Meteo Historical Weather API,"Casalecchio di Reno, Bologna, Italy",44.4756,11.2759
2021-08-11T16:00:00+00:00,33.300,14.400,Open-Meteo Historical Weather API,"Casalecchio di Reno, Bologna, Italy",44.4756,11.2759
2021-08-11T17:00:00+00:00,32.300,15.800,Open-Meteo Historical Weather API,"Casalecchio di Reno, Bologna, Italy",44.4756,11.2759
2021-08-11T18:00:00+00:00,29.900,16.000,Open-Meteo Historical Weather API,"Casalecchio di Reno, Bologna, Italy",44.4756,11.2759
2021-08-11T19:00:00+00:00,28.700,16.200,Open-Meteo Historical Weather API,"Casalecchio di Reno, Bologna, Italy",44.4756,11.2759
2021-08-11T20:00:00+00:00,27.200,16.600,Open-Meteo Historical Weather API,"Casalecchio di Reno, Bologna, Italy",44.4756,11.2759
2021-08-11T21:00:00+00:00,25.500,16.600,Open-Meteo Historical Weather API,"Casalecchio di Reno, Bologna, Italy",44.4756,11.2759
2021-08-11T22:00:00+00:00,24.800,16.600,Open-Meteo Historical Weather API,"Casalecchio di Reno, Bologna, Italy",44.4756,11.2759
2021-08-11T23:00:00+00:00,23.900,16.600,Open-Meteo Historical Weather API,"Casalecchio di Reno, Bologna, Italy",44.4756,11.2759
2021-08-12T00:00:00+00:00,24.500,14.900,Open-Meteo Historical Weather API,"Casalecchio di Reno, Bologna, Italy",44.4756,11.2759
2021-08-12T01:00:00+00:00,23.200,15.100,Open-Meteo Historical Weather API,"Casalecchio di Reno, Bologna, Italy",44.4756,11.2759
2021-08-12T02:00:00+00:00,22.400,15.300,Open-Meteo Historical Weather API,"Casalecchio di Reno, Bologna, Italy",44.4756,11.2759
2021-08-12T03:00:00+00:00,22.200,15.400,Open-Meteo Historical Weather API,"Casalecchio di Reno, Bologna, Italy",44.4756,11.2759
2021-08-12T04:00:00+00:00,21.500,15.600,Open-Meteo Historical Weather API,"Casalecchio di Reno, Bologna, Italy",44.4756,11.2759
2021-08-12T05:00:00+00:00,22.200,15.900,Open-Meteo Historical Weather API,"Casalecchio di Reno, Bologna, Italy",44.4756,11.2759
2021-08-12T06:00:00+00:00,25.500,17.100,Open-Meteo Historical Weather API,"Casalecchio di Reno, Bologna, Italy",44.4756,11.2759
2021-08-12T07:00:00+00:00,28.100,16.800,Open-Meteo Historical Weather API,"Casalecchio di Reno, Bologna, Italy",44.4756,11.2759
2021-08-12T08:00:00+00:00,29.900,17.100,Open-Meteo Historical Weather API,"Casalecchio di Reno, Bologna, Italy",44.4756,11.2759
2021-08-12T09:00:00+00:00,31.600,17.500,Open-Meteo Historical Weather API,"Casalecchio di Reno, Bologna, Italy",44.4756,11.2759
2021-08-12T10:00:00+00:00,33.200,17.400,Open-Meteo Historical Weather API,"Casalecchio di Reno, Bologna, Italy",44.4756,11.2759
2021-08-12T11:00:00+00:00,34.400,16.800,Open-Meteo Historical Weather API,"Casalecchio di Reno, Bologna, Italy",44.4756,11.2759
2021-08-12T12:00:00+00:00,34.300,15.900,Open-Meteo Historical Weather API,"Casalecchio di Reno, Bologna, Italy",44.4756,11.2759
2021-08-12T13:00:00+00:00,35.000,15.900,Open-Meteo Historical Weather API,"Casalecchio di Reno, Bologna, Italy",44.4756,11.2759
2021-08-12T14:00:00+00:00,35.000,16.400,Open-Meteo Historical Weather API,"Casalecchio di Reno, Bologna, Italy",44.4756,11.2759
2021-08-12T15:00:00+00:00,34.500,16.700,Open-Meteo Historical Weather API,"Casalecchio di Reno, Bologna, Italy",44.4756,11.2759
2021-08-12T16:00:00+00:00,33.700,16.900,Open-Meteo Historical Weather API,"Casalecchio di Reno, Bologna, Italy",44.4756,11.2759
2021-08-12T17:00:00+00:00,32.600,17.200,Open-Meteo Historical Weather API,"Casalecchio di Reno, Bologna, Italy",44.4756,11.2759
2021-08-12T18:00:00+00:00,30.600,17.400,Open-Meteo Historical Weather API,"Casalecchio di Reno, Bologna, Italy",44.4756,11.2759
2021-08-12T19:00:00+00:00,28.800,17.000,Open-Meteo Historical Weather API,"Casalecchio di Reno, Bologna, Italy",44.4756,11.2759
2021-08-12T20:00:00+00:00,27.600,17.200,Open-Meteo Historical Weather API,"Casalecchio di Reno, Bologna, Italy",44.4756,11.2759
2021-08-12T21:00:00+00:00,26.000,17.600,Open-Meteo Historical Weather API,"Casalecchio di Reno, Bologna, Italy",44.4756,11.2759
2021-08-12T22:00:00+00:00,24.500,18.200,Open-Meteo Historical Weather API,"Casalecchio di Reno, Bologna, Italy",44.4756,11.2759
2021-08-12T23:00:00+00:00,24.000,17.900,Open-Meteo Historical Weather API,"Casalecchio di Reno, Bologna, Italy",44.4756,11.2759
2021-08-13T00:00:00+00:00,24.000,17.400,Open-Meteo Historical Weather API,"Casalecchio di Reno, Bologna, Italy",44.4756,11.2759
2021-08-13T01:00:00+00:00,23.400,17.500,Open-Meteo Historical Weather API,"Casalecchio di Reno, Bologna, Italy",44.4756,11.2759
2021-08-13T02:00:00+00:00,23.500,17.200,Open-Meteo Historical Weather API,"Casalecchio di Reno, Bologna, Italy",44.4756,11.2759
2021-08-13T03:00:00+00:00,23.000,17.000,Open-Meteo Historical Weather API,"Casalecchio di Reno, Bologna, Italy",44.4756,11.2759
2021-08-13T04:00:00+00:00,22.400,16.800,Open-Meteo Historical Weather API,"Casalecchio di Reno, Bologna, Italy",44.4756,11.2759
2021-08-13T05:00:00+00:00,23.000,17.000,Open-Meteo Historical Weather API,"Casalecchio di Reno, Bologna, Italy",44.4756,11.2759
2021-08-13T06:00:00+00:00,26.000,17.900,Open-Meteo Historical Weather API,"Casalecchio di Reno, Bologna, Italy",44.4756,11.2759
2021-08-13T07:00:00+00:00,29.000,17.200,Open-Meteo Historical Weather API,"Casalecchio di Reno, Bologna, Italy",44.4756,11.2759
2021-08-13T08:00:00+00:00,30.500,17.000,Open-Meteo Historical Weather API,"Casalecchio di Reno, Bologna, Italy",44.4756,11.2759
2021-08-13T09:00:00+00:00,32.000,16.600,Open-Meteo Historical Weather API,"Casalecchio di Reno, Bologna, Italy",44.4756,11.2759
2021-08-13T10:00:00+00:00,32.800,15.900,Open-Meteo Historical Weather API,"Casalecchio di Reno, Bologna, Italy",44.4756,11.2759
2021-08-13T11:00:00+00:00,33.200,15.300,Open-Meteo Historical Weather API,"Casalecchio di Reno, Bologna, Italy",44.4756,11.2759
2021-08-13T12:00:00+00:00,33.300,16.900,Open-Meteo Historical Weather API,"Casalecchio di Reno, Bologna, Italy",44.4756,11.2759
2021-08-13T13:00:00+00:00,34.000,16.400,Open-Meteo Historical Weather API,"Casalecchio di Reno, Bologna, Italy",44.4756,11.2759
2021-08-13T14:00:00+00:00,34.300,15.800,Open-Meteo Historical Weather API,"Casalecchio di Reno, Bologna, Italy",44.4756,11.2759
2021-08-13T15:00:00+00:00,34.300,15.600,Open-Meteo Historical Weather API,"Casalecchio di Reno, Bologna, Italy",44.4756,11.2759
2021-08-13T16:00:00+00:00,34.000,15.400,Open-Meteo Historical Weather API,"Casalecchio di Reno, Bologna, Italy",44.4756,11.2759
2021-08-13T17:00:00+00:00,33.200,16.400,Open-Meteo Historical Weather API,"Casalecchio di Reno, Bologna, Italy",44.4756,11.2759
2021-08-13T18:00:00+00:00,30.700,16.300,Open-Meteo Historical Weather API,"Casalecchio di Reno, Bologna, Italy",44.4756,11.2759
2021-08-13T19:00:00+00:00,29.500,13.700,Open-Meteo Historical Weather API,"Casalecchio di Reno, Bologna, Italy",44.4756,11.2759
2021-08-13T20:00:00+00:00,27.700,14.100,Open-Meteo Historical Weather API,"Casalecchio di Reno, Bologna, Italy",44.4756,11.2759
2021-08-13T21:00:00+00:00,26.500,14.600,Open-Meteo Historical Weather API,"Casalecchio di Reno, Bologna, Italy",44.4756,11.2759
2021-08-13T22:00:00+00:00,25.400,14.700,Open-Meteo Historical Weather API,"Casalecchio di Reno, Bologna, Italy",44.4756,11.2759
2021-08-13T23:00:00+00:00,23.900,15.000,Open-Meteo Historical Weather API,"Casalecchio di Reno, Bologna, Italy",44.4756,11.2759
2021-08-14T00:00:00+00:00,22.900,15.100,Open-Meteo Historical Weather API,"Casalecchio di Reno, Bologna, Italy",44.4756,11.2759
2021-08-14T01:00:00+00:00,22.600,14.900,Open-Meteo Historical Weather API,"Casalecchio di Reno, Bologna, Italy",44.4756,11.2759
2021-08-14T02:00:00+00:00,22.700,14.600,Open-Meteo Historical Weather API,"Casalecchio di Reno, Bologna, Italy",44.4756,11.2759
2021-08-14T03:00:00+00:00,22.500,14.400,Open-Meteo Historical Weather API,"Casalecchio di Reno, Bologna, Italy",44.4756,11.2759
2021-08-14T04:00:00+00:00,22.100,14.400,Open-Meteo Historical Weather API,"Casalecchio di Reno, Bologna, Italy",44.4756,11.2759
2021-08-14T05:00:00+00:00,22.400,15.000,Open-Meteo Historical Weather API,"Casalecchio di Reno, Bologna, Italy",44.4756,11.2759
2021-08-14T06:00:00+00:00,26.300,16.900,Open-Meteo Historical Weather API,"Casalecchio di Reno, Bologna, Italy",44.4756,11.2759
2021-08-14T07:00:00+00:00,29.500,16.100,Open-Meteo Historical Weather API,"Casalecchio di Reno, Bologna, Italy",44.4756,11.2759
2021-08-14T08:00:00+00:00,31.300,15.500,Open-Meteo Historical Weather API,"Casalecchio di Reno, Bologna, Italy",44.4756,11.2759
2021-08-14T09:00:00+00:00,32.800,15.400,Open-Meteo Historical Weather API,"Casalecchio di Reno, Bologna, Italy",44.4756,11.2759
2021-08-14T10:00:00+00:00,34.200,15.100,Open-Meteo Historical Weather API,"Casalecchio di Reno, Bologna, Italy",44.4756,11.2759
2021-08-14T11:00:00+00:00,35.300,14.700,Open-Meteo Historical Weather API,"Casalecchio di Reno, Bologna, Italy",44.4756,11.2759
2021-08-14T12:00:00+00:00,35.700,12.900,Open-Meteo Historical Weather API,"Casalecchio di Reno, Bologna, Italy",44.4756,11.2759
2021-08-14T13:00:00+00:00,36.200,13.100,Open-Meteo Historical Weather API,"Casalecchio di Reno, Bologna, Italy",44.4756,11.2759
2021-08-14T14:00:00+00:00,36.500,13.200,Open-Meteo Historical Weather API,"Casalecchio di Reno, Bologna, Italy",44.4756,11.2759
2021-08-14T15:00:00+00:00,36.500,13.400,Open-Meteo Historical Weather API,"Casalecchio di Reno, Bologna, Italy",44.4756,11.2759
2021-08-14T16:00:00+00:00,35.800,13.800,Open-Meteo Historical Weather API,"Casalecchio di Reno, Bologna, Italy",44.4756,11.2759
2021-08-14T17:00:00+00:00,34.200,14.400,Open-Meteo Historical Weather API,"Casalecchio di Reno, Bologna, Italy",44.4756,11.2759
2021-08-14T18:00:00+00:00,31.700,14.800,Open-Meteo Historical Weather API,"Casalecchio di Reno, Bologna, Italy",44.4756,11.2759
2021-08-14T19:00:00+00:00,29.800,15.400,Open-Meteo Historical Weather API,"Casalecchio di Reno, Bologna, Italy",44.4756,11.2759
2021-08-14T20:00:00+00:00,28.500,15.600,Open-Meteo Historical Weather API,"Casalecchio di Reno, Bologna, Italy",44.4756,11.2759
2021-08-14T21:00:00+00:00,27.000,15.600,Open-Meteo Historical Weather API,"Casalecchio di Reno, Bologna, Italy",44.4756,11.2759
2021-08-14T22:00:00+00:00,26.300,15.400,Open-Meteo Historical Weather API,"Casalecchio di Reno, Bologna, Italy",44.4756,11.2759
2021-08-14T23:00:00+00:00,25.200,15.600,Open-Meteo Historical Weather API,"Casalecchio di Reno, Bologna, Italy",44.4756,11.2759
2021-08-15T00:00:00+00:00,26.000,14.900,Open-Meteo Historical Weather API,"Casalecchio di Reno, Bologna, Italy",44.4756,11.2759
2021-08-15T01:00:00+00:00,24.200,15.100,Open-Meteo Historical Weather API,"Casalecchio di Reno, Bologna, Italy",44.4756,11.2759
2021-08-15T02:00:00+00:00,24.200,14.900,Open-Meteo Historical Weather API,"Casalecchio di Reno, Bologna, Italy",44.4756,11.2759
2021-08-15T03:00:00+00:00,23.400,15.500,Open-Meteo Historical Weather API,"Casalecchio di Reno, Bologna, Italy",44.4756,11.2759
2021-08-15T04:00:00+00:00,23.400,15.800,Open-Meteo Historical Weather API,"Casalecchio di Reno, Bologna, Italy",44.4756,11.2759
2021-08-15T05:00:00+00:00,23.900,16.400,Open-Meteo Historical Weather API,"Casalecchio di Reno, Bologna, Italy",44.4756,11.2759
2021-08-15T06:00:00+00:00,26.100,17.600,Open-Meteo Historical Weather API,"Casalecchio di Reno, Bologna, Italy",44.4756,11.2759
2021-08-15T07:00:00+00:00,29.000,17.400,Open-Meteo Historical Weather API,"Casalecchio di Reno, Bologna, Italy",44.4756,11.2759
2021-08-15T08:00:00+00:00,31.000,17.200,Open-Meteo Historical Weather API,"Casalecchio di Reno, Bologna, Italy",44.4756,11.2759
2021-08-15T09:00:00+00:00,32.800,17.600,Open-Meteo Historical Weather API,"Casalecchio di Reno, Bologna, Italy",44.4756,11.2759
2021-08-15T10:00:00+00:00,34.400,17.500,Open-Meteo Historical Weather API,"Casalecchio di Reno, Bologna, Italy",44.4756,11.2759
2021-08-15T11:00:00+00:00,35.600,16.600,Open-Meteo Historical Weather API,"Casalecchio di Reno, Bologna, Italy",44.4756,11.2759
2021-08-15T12:00:00+00:00,35.600,14.000,Open-Meteo Historical Weather API,"Casalecchio di Reno, Bologna, Italy",44.4756,11.2759
2021-08-15T13:00:00+00:00,36.300,14.300,Open-Meteo Historical Weather API,"Casalecchio di Reno, Bologna, Italy",44.4756,11.2759
2021-08-15T14:00:00+00:00,36.600,14.600,Open-Meteo Historical Weather API,"Casalecchio di Reno, Bologna, Italy",44.4756,11.2759
2021-08-15T15:00:00+00:00,36.800,14.800,Open-Meteo Historical Weather API,"Casalecchio di Reno, Bologna, Italy",44.4756,11.2759
2021-08-15T16:00:00+00:00,36.400,15.000,Open-Meteo Historical Weather API,"Casalecchio di Reno, Bologna, Italy",44.4756,11.2759
2021-08-15T17:00:00+00:00,34.800,19.300,Open-Meteo Historical Weather API,"Casalecchio di Reno, Bologna, Italy",44.4756,11.2759
2021-08-15T18:00:00+00:00,33.500,16.500,Open-Meteo Historical Weather API,"Casalecchio di Reno, Bologna, Italy",44.4756,11.2759
2021-08-15T19:00:00+00:00,30.100,12.500,Open-Meteo Historical Weather API,"Casalecchio di Reno, Bologna, Italy",44.4756,11.2759
2021-08-15T20:00:00+00:00,29.900,10.400,Open-Meteo Historical Weather API,"Casalecchio di Reno, Bologna, Italy",44.4756,11.2759
2021-08-15T21:00:00+00:00,28.500,11.700,Open-Meteo Historical Weather API,"Casalecchio di Reno, Bologna, Italy",44.4756,11.2759
2021-08-15T22:00:00+00:00,27.600,12.100,Open-Meteo Historical Weather API,"Casalecchio di Reno, Bologna, Italy",44.4756,11.2759
2021-08-15T23:00:00+00:00,26.900,11.900,Open-Meteo Historical Weather API,"Casalecchio di Reno, Bologna, Italy",44.4756,11.2759
2021-08-16T00:00:00+00:00,26.500,14.100,Open-Meteo Historical Weather API,"Casalecchio di Reno, Bologna, Italy",44.4756,11.2759
2021-08-16T01:00:00+00:00,26.300,14.000,Open-Meteo Historical Weather API,"Casalecchio di Reno, Bologna, Italy",44.4756,11.2759
2021-08-16T02:00:00+00:00,24.400,14.200,Open-Meteo Historical Weather API,"Casalecchio di Reno, Bologna, Italy",44.4756,11.2759
2021-08-16T03:00:00+00:00,24.000,13.400,Open-Meteo Historical Weather API,"Casalecchio di Reno, Bologna, Italy",44.4756,11.2759
2021-08-16T04:00:00+00:00,23.800,12.600,Open-Meteo Historical Weather API,"Casalecchio di Reno, Bologna, Italy",44.4756,11.2759
2021-08-16T05:00:00+00:00,24.100,12.800,Open-Meteo Historical Weather API,"Casalecchio di Reno, Bologna, Italy",44.4756,11.2759
2021-08-16T06:00:00+00:00,26.400,14.400,Open-Meteo Historical Weather API,"Casalecchio di Reno, Bologna, Italy",44.4756,11.2759
2021-08-16T07:00:00+00:00,28.900,13.900,Open-Meteo Historical Weather API,"Casalecchio di Reno, Bologna, Italy",44.4756,11.2759
2021-08-16T08:00:00+00:00,30.800,12.900,Open-Meteo Historical Weather API,"Casalecchio di Reno, Bologna, Italy",44.4756,11.2759
2021-08-16T09:00:00+00:00,32.300,13.300,Open-Meteo Historical Weather API,"Casalecchio di Reno, Bologna, Italy",44.4756,11.2759
2021-08-16T10:00:00+00:00,34.000,13.400,Open-Meteo Historical Weather API,"Casalecchio di Reno, Bologna, Italy",44.4756,11.2759
2021-08-16T11:00:00+00:00,35.500,13.800,Open-Meteo Historical Weather API,"Casalecchio di Reno, Bologna, Italy",44.4756,11.2759
2021-08-16T12:00:00+00:00,35.200,13.600,Open-Meteo Historical Weather API,"Casalecchio di Reno, Bologna, Italy",44.4756,11.2759
2021-08-16T13:00:00+00:00,36.100,14.300,Open-Meteo Historical Weather API,"Casalecchio di Reno, Bologna, Italy",44.4756,11.2759
2021-08-16T14:00:00+00:00,35.300,15.400,Open-Meteo Historical Weather API,"Casalecchio di Reno, Bologna, Italy",44.4756,11.2759
2021-08-16T15:00:00+00:00,34.100,15.900,Open-Meteo Historical Weather API,"Casalecchio di Reno, Bologna, Italy",44.4756,11.2759
2021-08-16T16:00:00+00:00,33.300,15.600,Open-Meteo Historical Weather API,"Casalecchio di Reno, Bologna, Italy",44.4756,11.2759
2021-08-16T17:00:00+00:00,31.600,15.600,Open-Meteo Historical Weather API,"Casalecchio di Reno, Bologna, Italy",44.4756,11.2759
2021-08-16T18:00:00+00:00,29.900,15.400,Open-Meteo Historical Weather API,"Casalecchio di Reno, Bologna, Italy",44.4756,11.2759
2021-08-16T19:00:00+00:00,28.500,15.600,Open-Meteo Historical Weather API,"Casalecchio di Reno, Bologna, Italy",44.4756,11.2759
2021-08-16T20:00:00+00:00,27.000,18.100,Open-Meteo Historical Weather API,"Casalecchio di Reno, Bologna, Italy",44.4756,11.2759
2021-08-16T21:00:00+00:00,25.500,19.100,Open-Meteo Historical Weather API,"Casalecchio di Reno, Bologna, Italy",44.4756,11.2759
2021-08-16T22:00:00+00:00,24.800,19.500,Open-Meteo Historical Weather API,"Casalecchio di Reno, Bologna, Italy",44.4756,11.2759
2021-08-16T23:00:00+00:00,24.200,19.800,Open-Meteo Historical Weather API,"Casalecchio di Reno, Bologna, Italy",44.4756,11.2759
2021-08-17T00:00:00+00:00,23.500,15.200,Open-Meteo Historical Weather API,"Casalecchio di Reno, Bologna, Italy",44.4756,11.2759
2021-08-17T01:00:00+00:00,22.500,14.800,Open-Meteo Historical Weather API,"Casalecchio di Reno, Bologna, Italy",44.4756,11.2759
2021-08-17T02:00:00+00:00,22.400,14.200,Open-Meteo Historical Weather API,"Casalecchio di Reno, Bologna, Italy",44.4756,11.2759
2021-08-17T03:00:00+00:00,21.200,14.300,Open-Meteo Historical Weather API,"Casalecchio di Reno, Bologna, Italy",44.4756,11.2759
2021-08-17T04:00:00+00:00,20.500,13.800,Open-Meteo Historical Weather API,"Casalecchio di Reno, Bologna, Italy",44.4756,11.2759
2021-08-17T05:00:00+00:00,20.700,12.800,Open-Meteo Historical Weather API,"Casalecchio di Reno, Bologna, Italy",44.4756,11.2759
2021-08-17T06:00:00+00:00,22.400,11.200,Open-Meteo Historical Weather API,"Casalecchio di Reno, Bologna, Italy",44.4756,11.2759
2021-08-17T07:00:00+00:00,23.700,10.900,Open-Meteo Historical Weather API,"Casalecchio di Reno, Bologna, Italy",44.4756,11.2759
2021-08-17T08:00:00+00:00,25.200,12.100,Open-Meteo Historical Weather API,"Casalecchio di Reno, Bologna, Italy",44.4756,11.2759
2021-08-17T09:00:00+00:00,27.000,9.900,Open-Meteo Historical Weather API,"Casalecchio di Reno, Bologna, Italy",44.4756,11.2759
2021-08-17T10:00:00+00:00,28.500,9.800,Open-Meteo Historical Weather API,"Casalecchio di Reno, Bologna, Italy",44.4756,11.2759
2021-08-17T11:00:00+00:00,29.100,11.700,Open-Meteo Historical Weather API,"Casalecchio di Reno, Bologna, Italy",44.4756,11.2759
2021-08-17T12:00:00+00:00,30.000,8.800,Open-Meteo Historical Weather API,"Casalecchio di Reno, Bologna, Italy",44.4756,11.2759
2021-08-17T13:00:00+00:00,30.200,11.000,Open-Meteo Historical Weather API,"Casalecchio di Reno, Bologna, Italy",44.4756,11.2759
2021-08-17T14:00:00+00:00,30.500,11.400,Open-Meteo Historical Weather API,"Casalecchio di Reno, Bologna, Italy",44.4756,11.2759
2021-08-17T15:00:00+00:00,30.200,11.800,Open-Meteo Historical Weather API,"Casalecchio di Reno, Bologna, Italy",44.4756,11.2759
2021-08-17T16:00:00+00:00,29.900,12.100,Open-Meteo Historical Weather API,"Casalecchio di Reno, Bologna, Italy",44.4756,11.2759
2021-08-17T17:00:00+00:00,27.600,13.100,Open-Meteo Historical Weather API,"Casalecchio di Reno, Bologna, Italy",44.4756,11.2759
2021-08-17T18:00:00+00:00,25.900,13.600,Open-Meteo Historical Weather API,"Casalecchio di Reno, Bologna, Italy",44.4756,11.2759
2021-08-17T19:00:00+00:00,24.400,15.100,Open-Meteo Historical Weather API,"Casalecchio di Reno, Bologna, Italy",44.4756,11.2759
2021-08-17T20:00:00+00:00,23.000,16.000,Open-Meteo Historical Weather API,"Casalecchio di Reno, Bologna, Italy",44.4756,11.2759
2021-08-17T21:00:00+00:00,22.000,16.400,Open-Meteo Historical Weather API,"Casalecchio di Reno, Bologna, Italy",44.4756,11.2759
2021-08-17T22:00:00+00:00,21.200,16.500,Open-Meteo Historical Weather API,"Casalecchio di Reno, Bologna, Italy",44.4756,11.2759
2021-08-17T23:00:00+00:00,20.500,16.500,Open-Meteo Historical Weather API,"Casalecchio di Reno, Bologna, Italy",44.4756,11.2759
2021-08-18T00:00:00+00:00,20.500,17.200,Open-Meteo Historical Weather API,"Casalecchio di Reno, Bologna, Italy",44.4756,11.2759
2021-08-18T01:00:00+00:00,19.900,17.000,Open-Meteo Historical Weather API,"Casalecchio di Reno, Bologna, Italy",44.4756,11.2759
2021-08-18T02:00:00+00:00,20.600,17.000,Open-Meteo Historical Weather API,"Casalecchio di Reno, Bologna, Italy",44.4756,11.2759
2021-08-18T03:00:00+00:00,20.300,17.000,Open-Meteo Historical Weather API,"Casalecchio di Reno, Bologna, Italy",44.4756,11.2759
2021-08-18T04:00:00+00:00,19.400,17.100,Open-Meteo Historical Weather API,"Casalecchio di Reno, Bologna, Italy",44.4756,11.2759
2021-08-18T05:00:00+00:00,19.600,17.000,Open-Meteo Historical Weather API,"Casalecchio di Reno, Bologna, Italy",44.4756,11.2759
2021-08-18T06:00:00+00:00,21.000,17.000,Open-Meteo Historical Weather API,"Casalecchio di Reno, Bologna, Italy",44.4756,11.2759
2021-08-18T07:00:00+00:00,22.100,16.900,Open-Meteo Historical Weather API,"Casalecchio di Reno, Bologna, Italy",44.4756,11.2759
2021-08-18T08:00:00+00:00,22.900,16.400,Open-Meteo Historical Weather API,"Casalecchio di Reno, Bologna, Italy",44.4756,11.2759
2021-08-18T09:00:00+00:00,24.500,16.100,Open-Meteo Historical Weather API,"Casalecchio di Reno, Bologna, Italy",44.4756,11.2759
2021-08-18T10:00:00+00:00,25.900,14.900,Open-Meteo Historical Weather API,"Casalecchio di Reno, Bologna, Italy",44.4756,11.2759
2021-08-18T11:00:00+00:00,27.400,13.600,Open-Meteo Historical Weather API,"Casalecchio di Reno, Bologna, Italy",44.4756,11.2759
2021-08-18T12:00:00+00:00,28.200,13.900,Open-Meteo Historical Weather API,"Casalecchio di Reno, Bologna, Italy",44.4756,11.2759
2021-08-18T13:00:00+00:00,28.900,13.200,Open-Meteo Historical Weather API,"Casalecchio di Reno, Bologna, Italy",44.4756,11.2759
2021-08-18T14:00:00+00:00,29.100,12.400,Open-Meteo Historical Weather API,"Casalecchio di Reno, Bologna, Italy",44.4756,11.2759
2021-08-18T15:00:00+00:00,29.100,11.600,Open-Meteo Historical Weather API,"Casalecchio di Reno, Bologna, Italy",44.4756,11.2759
2021-08-18T16:00:00+00:00,28.500,10.900,Open-Meteo Historical Weather API,"Casalecchio di Reno, Bologna, Italy",44.4756,11.2759
2021-08-18T17:00:00+00:00,26.800,12.600,Open-Meteo Historical Weather API,"Casalecchio di Reno, Bologna, Italy",44.4756,11.2759
2021-08-18T18:00:00+00:00,25.100,12.100,Open-Meteo Historical Weather API,"Casalecchio di Reno, Bologna, Italy",44.4756,11.2759
2021-08-18T19:00:00+00:00,23.500,11.700,Open-Meteo Historical Weather API,"Casalecchio di Reno, Bologna, Italy",44.4756,11.2759
2021-08-18T20:00:00+00:00,22.000,12.100,Open-Meteo Historical Weather API,"Casalecchio di Reno, Bologna, Italy",44.4756,11.2759
2021-08-18T21:00:00+00:00,20.600,12.800,Open-Meteo Historical Weather API,"Casalecchio di Reno, Bologna, Italy",44.4756,11.2759
2021-08-18T22:00:00+00:00,19.400,13.300,Open-Meteo Historical Weather API,"Casalecchio di Reno, Bologna, Italy",44.4756,11.2759
2021-08-18T23:00:00+00:00,18.900,13.100,Open-Meteo Historical Weather API,"Casalecchio di Reno, Bologna, Italy",44.4756,11.2759
2021-08-19T00:00:00+00:00,18.600,11.300,Open-Meteo Historical Weather API,"Casalecchio di Reno, Bologna, Italy",44.4756,11.2759
2021-08-19T01:00:00+00:00,17.900,10.300,Open-Meteo Historical Weather API,"Casalecchio di Reno, Bologna, Italy",44.4756,11.2759
2021-08-19T02:00:00+00:00,17.700,10.400,Open-Meteo Historical Weather API,"Casalecchio di Reno, Bologna, Italy",44.4756,11.2759
2021-08-19T03:00:00+00:00,17.900,11.100,Open-Meteo Historical Weather API,"Casalecchio di Reno, Bologna, Italy",44.4756,11.2759
2021-08-19T04:00:00+00:00,17.400,11.900,Open-Meteo Historical Weather API,"Casalecchio di Reno, Bologna, Italy",44.4756,11.2759
2021-08-19T05:00:00+00:00,17.600,12.600,Open-Meteo Historical Weather API,"Casalecchio di Reno, Bologna, Italy",44.4756,11.2759
2021-08-19T06:00:00+00:00,20.800,13.800,Open-Meteo Historical Weather API,"Casalecchio di Reno, Bologna, Italy",44.4756,11.2759
2021-08-19T07:00:00+00:00,23.200,14.200,Open-Meteo Historical Weather API,"Casalecchio di Reno, Bologna, Italy",44.4756,11.2759
2021-08-19T08:00:00+00:00,24.700,14.300,Open-Meteo Historical Weather API,"Casalecchio di Reno, Bologna, Italy",44.4756,11.2759
2021-08-19T09:00:00+00:00,26.100,14.000,Open-Meteo Historical Weather API,"Casalecchio di Reno, Bologna, Italy",44.4756,11.2759
2021-08-19T10:00:00+00:00,27.500,13.200,Open-Meteo Historical Weather API,"Casalecchio di Reno, Bologna, Italy",44.4756,11.2759
2021-08-19T11:00:00+00:00,28.600,12.300,Open-Meteo Historical Weather API,"Casalecchio di Reno, Bologna, Italy",44.4756,11.2759
2021-08-19T12:00:00+00:00,29.100,10.400,Open-Meteo Historical Weather API,"Casalecchio di Reno, Bologna, Italy",44.4756,11.2759
2021-08-19T13:00:00+00:00,29.800,10.200,Open-Meteo Historical Weather API,"Casalecchio di Reno, Bologna, Italy",44.4756,11.2759
2021-08-19T14:00:00+00:00,29.600,10.000,Open-Meteo Historical Weather API,"Casalecchio di Reno, Bologna, Italy",44.4756,11.2759
2021-08-19T15:00:00+00:00,29.300,10.000,Open-Meteo Historical Weather API,"Casalecchio di Reno, Bologna, Italy",44.4756,11.2759
2021-08-19T16:00:00+00:00,28.700,10.000,Open-Meteo Historical Weather API,"Casalecchio di Reno, Bologna, Italy",44.4756,11.2759
2021-08-19T17:00:00+00:00,27.500,9.900,Open-Meteo Historical Weather API,"Casalecchio di Reno, Bologna, Italy",44.4756,11.2759
2021-08-19T18:00:00+00:00,25.700,9.700,Open-Meteo Historical Weather API,"Casalecchio di Reno, Bologna, Italy",44.4756,11.2759
2021-08-19T19:00:00+00:00,24.300,9.600,Open-Meteo Historical Weather API,"Casalecchio di Reno, Bologna, Italy",44.4756,11.2759
2021-08-19T20:00:00+00:00,23.200,9.800,Open-Meteo Historical Weather API,"Casalecchio di Reno, Bologna, Italy",44.4756,11.2759
2021-08-19T21:00:00+00:00,22.800,10.100,Open-Meteo Historical Weather API,"Casalecchio di Reno, Bologna, Italy",44.4756,11.2759
2021-08-19T22:00:00+00:00,22.700,10.300,Open-Meteo Historical Weather API,"Casalecchio di Reno, Bologna, Italy",44.4756,11.2759
2021-08-19T23:00:00+00:00,22.000,10.400,Open-Meteo Historical Weather API,"Casalecchio di Reno, Bologna, Italy",44.4756,11.2759
2021-08-20T00:00:00+00:00,20.600,9.800,Open-Meteo Historical Weather API,"Casalecchio di Reno, Bologna, Italy",44.4756,11.2759
2021-08-20T01:00:00+00:00,19.700,9.200,Open-Meteo Historical Weather API,"Casalecchio di Reno, Bologna, Italy",44.4756,11.2759
2021-08-20T02:00:00+00:00,19.300,8.500,Open-Meteo Historical Weather API,"Casalecchio di Reno, Bologna, Italy",44.4756,11.2759
2021-08-20T03:00:00+00:00,19.000,8.000,Open-Meteo Historical Weather API,"Casalecchio di Reno, Bologna, Italy",44.4756,11.2759
2021-08-20T04:00:00+00:00,18.900,7.800,Open-Meteo Historical Weather API,"Casalecchio di Reno, Bologna, Italy",44.4756,11.2759
2021-08-20T05:00:00+00:00,19.200,9.500,Open-Meteo Historical Weather API,"Casalecchio di Reno, Bologna, Italy",44.4756,11.2759
2021-08-20T06:00:00+00:00,22.100,9.000,Open-Meteo Historical Weather API,"Casalecchio di Reno, Bologna, Italy",44.4756,11.2759
2021-08-20T07:00:00+00:00,24.500,10.100,Open-Meteo Historical Weather API,"Casalecchio di Reno, Bologna, Italy",44.4756,11.2759
2021-08-20T08:00:00+00:00,26.200,12.900,Open-Meteo Historical Weather API,"Casalecchio di Reno, Bologna, Italy",44.4756,11.2759
2021-08-20T09:00:00+00:00,27.600,12.700,Open-Meteo Historical Weather API,"Casalecchio di Reno, Bologna, Italy",44.4756,11.2759
2021-08-20T10:00:00+00:00,28.900,12.200,Open-Meteo Historical Weather API,"Casalecchio di Reno, Bologna, Italy",44.4756,11.2759
2021-08-20T11:00:00+00:00,29.800,12.300,Open-Meteo Historical Weather API,"Casalecchio di Reno, Bologna, Italy",44.4756,11.2759
2021-08-20T12:00:00+00:00,29.500,13.000,Open-Meteo Historical Weather API,"Casalecchio di Reno, Bologna, Italy",44.4756,11.2759
2021-08-20T13:00:00+00:00,30.000,13.100,Open-Meteo Historical Weather API,"Casalecchio di Reno, Bologna, Italy",44.4756,11.2759
2021-08-20T14:00:00+00:00,30.400,13.100,Open-Meteo Historical Weather API,"Casalecchio di Reno, Bologna, Italy",44.4756,11.2759
2021-08-20T15:00:00+00:00,30.400,12.900,Open-Meteo Historical Weather API,"Casalecchio di Reno, Bologna, Italy",44.4756,11.2759
2021-08-20T16:00:00+00:00,30.000,12.800,Open-Meteo Historical Weather API,"Casalecchio di Reno, Bologna, Italy",44.4756,11.2759
2021-08-20T17:00:00+00:00,28.800,12.800,Open-Meteo Historical Weather API,"Casalecchio di Reno, Bologna, Italy",44.4756,11.2759
2021-08-20T18:00:00+00:00,26.600,11.700,Open-Meteo Historical Weather API,"Casalecchio di Reno, Bologna, Italy",44.4756,11.2759
2021-08-20T19:00:00+00:00,25.100,11.400,Open-Meteo Historical Weather API,"Casalecchio di Reno, Bologna, Italy",44.4756,11.2759
2021-08-20T20:00:00+00:00,23.800,11.600,Open-Meteo Historical Weather API,"Casalecchio di Reno, Bologna, Italy",44.4756,11.2759
2021-08-20T21:00:00+00:00,22.000,12.400,Open-Meteo Historical Weather API,"Casalecchio di Reno, Bologna, Italy",44.4756,11.2759
2021-08-20T22:00:00+00:00,21.200,12.400,Open-Meteo Historical Weather API,"Casalecchio di Reno, Bologna, Italy",44.4756,11.2759
2021-08-20T23:00:00+00:00,20.500,12.600,Open-Meteo Historical Weather API,"Casalecchio di Reno, Bologna, Italy",44.4756,11.2759
2021-08-21T00:00:00+00:00,20.100,13.100,Open-Meteo Historical Weather API,"Casalecchio di Reno, Bologna, Italy",44.4756,11.2759
2021-08-21T01:00:00+00:00,19.500,13.200,Open-Meteo Historical Weather API,"Casalecchio di Reno, Bologna, Italy",44.4756,11.2759
2021-08-21T02:00:00+00:00,19.300,13.100,Open-Meteo Historical Weather API,"Casalecchio di Reno, Bologna, Italy",44.4756,11.2759
2021-08-21T03:00:00+00:00,19.100,12.900,Open-Meteo Historical Weather API,"Casalecchio di Reno, Bologna, Italy",44.4756,11.2759
2021-08-21T04:00:00+00:00,18.900,12.800,Open-Meteo Historical Weather API,"Casalecchio di Reno, Bologna, Italy",44.4756,11.2759
2021-08-21T05:00:00+00:00,19.000,13.100,Open-Meteo Historical Weather API,"Casalecchio di Reno, Bologna, Italy",44.4756,11.2759
2021-08-21T06:00:00+00:00,22.100,13.600,Open-Meteo Historical Weather API,"Casalecchio di Reno, Bologna, Italy",44.4756,11.2759
2021-08-21T07:00:00+00:00,25.400,12.600,Open-Meteo Historical Weather API,"Casalecchio di Reno, Bologna, Italy",44.4756,11.2759
2021-08-21T08:00:00+00:00,27.600,11.900,Open-Meteo Historical Weather API,"Casalecchio di Reno, Bologna, Italy",44.4756,11.2759
2021-08-21T09:00:00+00:00,29.200,12.200,Open-Meteo Historical Weather API,"Casalecchio di Reno, Bologna, Italy",44.4756,11.2759
2021-08-21T10:00:00+00:00,30.400,13.100,Open-Meteo Historical Weather API,"Casalecchio di Reno, Bologna, Italy",44.4756,11.2759
2021-08-21T11:00:00+00:00,31.400,13.400,Open-Meteo Historical Weather API,"Casalecchio di Reno, Bologna, Italy",44.4756,11.2759
2021-08-21T12:00:00+00:00,31.600,12.300,Open-Meteo Historical Weather API,"Casalecchio di Reno, Bologna, Italy",44.4756,11.2759
2021-08-21T13:00:00+00:00,32.300,12.300,Open-Meteo Historical Weather API,"Casalecchio di Reno, Bologna, Italy",44.4756,11.2759
2021-08-21T14:00:00+00:00,32.500,12.200,Open-Meteo Historical Weather API,"Casalecchio di Reno, Bologna, Italy",44.4756,11.2759
2021-08-21T15:00:00+00:00,32.500,12.200,Open-Meteo Historical Weather API,"Casalecchio di Reno, Bologna, Italy",44.4756,11.2759
2021-08-21T16:00:00+00:00,32.000,12.400,Open-Meteo Historical Weather API,"Casalecchio di Reno, Bologna, Italy",44.4756,11.2759
2021-08-21T17:00:00+00:00,31.000,13.400,Open-Meteo Historical Weather API,"Casalecchio di Reno, Bologna, Italy",44.4756,11.2759
2021-08-21T18:00:00+00:00,28.300,13.400,Open-Meteo Historical Weather API,"Casalecchio di Reno, Bologna, Italy",44.4756,11.2759
2021-08-21T19:00:00+00:00,27.000,14.100,Open-Meteo Historical Weather API,"Casalecchio di Reno, Bologna, Italy",44.4756,11.2759
2021-08-21T20:00:00+00:00,25.500,14.400,Open-Meteo Historical Weather API,"Casalecchio di Reno, Bologna, Italy",44.4756,11.2759
2021-08-21T21:00:00+00:00,24.300,14.600,Open-Meteo Historical Weather API,"Casalecchio di Reno, Bologna, Italy",44.4756,11.2759
2021-08-21T22:00:00+00:00,23.500,14.600,Open-Meteo Historical Weather API,"Casalecchio di Reno, Bologna, Italy",44.4756,11.2759
2021-08-21T23:00:00+00:00,23.000,14.400,Open-Meteo Historical Weather API,"Casalecchio di Reno, Bologna, Italy",44.4756,11.2759
2021-08-22T00:00:00+00:00,22.800,14.200,Open-Meteo Historical Weather API,"Casalecchio di Reno, Bologna, Italy",44.4756,11.2759
2021-08-22T01:00:00+00:00,22.300,14.400,Open-Meteo Historical Weather API,"Casalecchio di Reno, Bologna, Italy",44.4756,11.2759
2021-08-22T02:00:00+00:00,22.000,14.600,Open-Meteo Historical Weather API,"Casalecchio di Reno, Bologna, Italy",44.4756,11.2759
2021-08-22T03:00:00+00:00,21.900,14.900,Open-Meteo Historical Weather API,"Casalecchio di Reno, Bologna, Italy",44.4756,11.2759
2021-08-22T04:00:00+00:00,21.500,15.100,Open-Meteo Historical Weather API,"Casalecchio di Reno, Bologna, Italy",44.4756,11.2759
2021-08-22T05:00:00+00:00,21.400,15.400,Open-Meteo Historical Weather API,"Casalecchio di Reno, Bologna, Italy",44.4756,11.2759
2021-08-22T06:00:00+00:00,23.700,16.100,Open-Meteo Historical Weather API,"Casalecchio di Reno, Bologna, Italy",44.4756,11.2759
2021-08-22T07:00:00+00:00,26.300,15.800,Open-Meteo Historical Weather API,"Casalecchio di Reno, Bologna, Italy",44.4756,11.2759
2021-08-22T08:00:00+00:00,28.500,15.400,Open-Meteo Historical Weather API,"Casalecchio di Reno, Bologna, Italy",44.4756,11.2759
2021-08-22T09:00:00+00:00,30.200,15.400,Open-Meteo Historical Weather API,"Casalecchio di Reno, Bologna, Italy",44.4756,11.2759
2021-08-22T10:00:00+00:00,31.500,15.600,Open-Meteo Historical Weather API,"Casalecchio di Reno, Bologna, Italy",44.4756,11.2759
2021-08-22T11:00:00+00:00,32.700,15.600,Open-Meteo Historical Weather API,"Casalecchio di Reno, Bologna, Italy",44.4756,11.2759
2021-08-22T12:00:00+00:00,32.500,14.100,Open-Meteo Historical Weather API,"Casalecchio di Reno, Bologna, Italy",44.4756,11.2759
2021-08-22T13:00:00+00:00,33.300,14.000,Open-Meteo Historical Weather API,"Casalecchio di Reno, Bologna, Italy",44.4756,11.2759
2021-08-22T14:00:00+00:00,33.500,13.600,Open-Meteo Historical Weather API,"Casalecchio di Reno, Bologna, Italy",44.4756,11.2759
2021-08-22T15:00:00+00:00,33.200,13.600,Open-Meteo Historical Weather API,"Casalecchio di Reno, Bologna, Italy",44.4756,11.2759
2021-08-22T16:00:00+00:00,32.500,14.600,Open-Meteo Historical Weather API,"Casalecchio di Reno, Bologna, Italy",44.4756,11.2759
2021-08-22T17:00:00+00:00,31.200,15.000,Open-Meteo Historical Weather API,"Casalecchio di Reno, Bologna, Italy",44.4756,11.2759
2021-08-22T18:00:00+00:00,29.000,15.600,Open-Meteo Historical Weather API,"Casalecchio di Reno, Bologna, Italy",44.4756,11.2759
2021-08-22T19:00:00+00:00,27.200,15.600,Open-Meteo Historical Weather API,"Casalecchio di Reno, Bologna, Italy",44.4756,11.2759
2021-08-22T20:00:00+00:00,25.900,15.100,Open-Meteo Historical Weather API,"Casalecchio di Reno, Bologna, Italy",44.4756,11.2759
2021-08-22T21:00:00+00:00,24.800,15.600,Open-Meteo Historical Weather API,"Casalecchio di Reno, Bologna, Italy",44.4756,11.2759
2021-08-22T22:00:00+00:00,24.000,16.300,Open-Meteo Historical Weather API,"Casalecchio di Reno, Bologna, Italy",44.4756,11.2759
2021-08-22T23:00:00+00:00,23.400,17.000,Open-Meteo Historical Weather API,"Casalecchio di Reno, Bologna, Italy",44.4756,11.2759
2021-08-23T00:00:00+00:00,23.100,17.200,Open-Meteo Historical Weather API,"Casalecchio di Reno, Bologna, Italy",44.4756,11.2759
2021-08-23T01:00:00+00:00,23.100,17.400,Open-Meteo Historical Weather API,"Casalecchio di Reno, Bologna, Italy",44.4756,11.2759
2021-08-23T02:00:00+00:00,22.700,17.300,Open-Meteo Historical Weather API,"Casalecchio di Reno, Bologna, Italy",44.4756,11.2759
2021-08-23T03:00:00+00:00,22.400,17.200,Open-Meteo Historical Weather API,"Casalecchio di Reno, Bologna, Italy",44.4756,11.2759
2021-08-23T04:00:00+00:00,22.200,17.400,Open-Meteo Historical Weather API,"Casalecchio di Reno, Bologna, Italy",44.4756,11.2759
2021-08-23T05:00:00+00:00,22.400,17.800,Open-Meteo Historical Weather API,"Casalecchio di Reno, Bologna, Italy",44.4756,11.2759
2021-08-23T06:00:00+00:00,22.500,17.600,Open-Meteo Historical Weather API,"Casalecchio di Reno, Bologna, Italy",44.4756,11.2759
2021-08-23T07:00:00+00:00,21.800,18.100,Open-Meteo Historical Weather API,"Casalecchio di Reno, Bologna, Italy",44.4756,11.2759
2021-08-23T08:00:00+00:00,21.600,18.400,Open-Meteo Historical Weather API,"Casalecchio di Reno, Bologna, Italy",44.4756,11.2759
2021-08-23T09:00:00+00:00,22.500,18.500,Open-Meteo Historical Weather API,"Casalecchio di Reno, Bologna, Italy",44.4756,11.2759
2021-08-23T10:00:00+00:00,22.100,18.800,Open-Meteo Historical Weather API,"Casalecchio di Reno, Bologna, Italy",44.4756,11.2759
2021-08-23T11:00:00+00:00,21.900,19.200,Open-Meteo Historical Weather API,"Casalecchio di Reno, Bologna, Italy",44.4756,11.2759
2021-08-23T12:00:00+00:00,23.400,19.500,Open-Meteo Historical Weather API,"Casalecchio di Reno, Bologna, Italy",44.4756,11.2759
2021-08-23T13:00:00+00:00,22.400,19.800,Open-Meteo Historical Weather API,"Casalecchio di Reno, Bologna, Italy",44.4756,11.2759
2021-08-23T14:00:00+00:00,23.700,19.200,Open-Meteo Historical Weather API,"Casalecchio di Reno, Bologna, Italy",44.4756,11.2759
2021-08-23T15:00:00+00:00,23.900,19.600,Open-Meteo Historical Weather API,"Casalecchio di Reno, Bologna, Italy",44.4756,11.2759
2021-08-23T16:00:00+00:00,22.700,19.300,Open-Meteo Historical Weather API,"Casalecchio di Reno, Bologna, Italy",44.4756,11.2759
2021-08-23T17:00:00+00:00,22.900,19.000,Open-Meteo Historical Weather API,"Casalecchio di Reno, Bologna, Italy",44.4756,11.2759
2021-08-23T18:00:00+00:00,21.800,19.000,Open-Meteo Historical Weather API,"Casalecchio di Reno, Bologna, Italy",44.4756,11.2759
2021-08-23T19:00:00+00:00,21.000,19.100,Open-Meteo Historical Weather API,"Casalecchio di Reno, Bologna, Italy",44.4756,11.2759
2021-08-23T20:00:00+00:00,20.200,19.100,Open-Meteo Historical Weather API,"Casalecchio di Reno, Bologna, Italy",44.4756,11.2759
2021-08-23T21:00:00+00:00,20.900,19.000,Open-Meteo Historical Weather API,"Casalecchio di Reno, Bologna, Italy",44.4756,11.2759
2021-08-23T22:00:00+00:00,20.000,18.700,Open-Meteo Historical Weather API,"Casalecchio di Reno, Bologna, Italy",44.4756,11.2759
2021-08-23T23:00:00+00:00,18.200,17.800,Open-Meteo Historical Weather API,"Casalecchio di Reno, Bologna, Italy",44.4756,11.2759
2021-08-24T00:00:00+00:00,18.500,17.000,Open-Meteo Historical Weather API,"Casalecchio di Reno, Bologna, Italy",44.4756,11.2759
2021-08-24T01:00:00+00:00,18.400,16.900,Open-Meteo Historical Weather API,"Casalecchio di Reno, Bologna, Italy",44.4756,11.2759
2021-08-24T02:00:00+00:00,18.000,16.900,Open-Meteo Historical Weather API,"Casalecchio di Reno, Bologna, Italy",44.4756,11.2759
2021-08-24T03:00:00+00:00,17.700,16.500,Open-Meteo Historical Weather API,"Casalecchio di Reno, Bologna, Italy",44.4756,11.2759
2021-08-24T04:00:00+00:00,17.100,16.200,Open-Meteo Historical Weather API,"Casalecchio di Reno, Bologna, Italy",44.4756,11.2759
2021-08-24T05:00:00+00:00,17.400,16.200,Open-Meteo Historical Weather API,"Casalecchio di Reno, Bologna, Italy",44.4756,11.2759
2021-08-24T06:00:00+00:00,18.900,16.500,Open-Meteo Historical Weather API,"Casalecchio di Reno, Bologna, Italy",44.4756,11.2759
2021-08-24T07:00:00+00:00,20.100,15.700,Open-Meteo Historical Weather API,"Casalecchio di Reno, Bologna, Italy",44.4756,11.2759
2021-08-24T08:00:00+00:00,21.300,15.600,Open-Meteo Historical Weather API,"Casalecchio di Reno, Bologna, Italy",44.4756,11.2759
2021-08-24T09:00:00+00:00,22.500,15.600,Open-Meteo Historical Weather API,"Casalecchio di Reno, Bologna, Italy",44.4756,11.2759
2021-08-24T10:00:00+00:00,23.900,15.400,Open-Meteo Historical Weather API,"Casalecchio di Reno, Bologna, Italy",44.4756,11.2759
2021-08-24T11:00:00+00:00,24.800,14.900,Open-Meteo Historical Weather API,"Casalecchio di Reno, Bologna, Italy",44.4756,11.2759
2021-08-24T12:00:00+00:00,24.900,14.300,Open-Meteo Historical Weather API,"Casalecchio di Reno, Bologna, Italy",44.4756,11.2759
2021-08-24T13:00:00+00:00,26.000,13.800,Open-Meteo Historical Weather API,"Casalecchio di Reno, Bologna, Italy",44.4756,11.2759
2021-08-24T14:00:00+00:00,26.500,12.300,Open-Meteo Historical Weather API,"Casalecchio di Reno, Bologna, Italy",44.4756,11.2759
2021-08-24T15:00:00+00:00,26.500,12.400,Open-Meteo Historical Weather API,"Casalecchio di Reno, Bologna, Italy",44.4756,11.2759
2021-08-24T16:00:00+00:00,25.700,12.600,Open-Meteo Historical Weather API,"Casalecchio di Reno, Bologna, Italy",44.4756,11.2759
2021-08-24T17:00:00+00:00,24.200,13.400,Open-Meteo Historical Weather API,"Casalecchio di Reno, Bologna, Italy",44.4756,11.2759
2021-08-24T18:00:00+00:00,22.400,12.600,Open-Meteo Historical Weather API,"Casalecchio di Reno, Bologna, Italy",44.4756,11.2759
2021-08-24T19:00:00+00:00,21.000,12.800,Open-Meteo Historical Weather API,"Casalecchio di Reno, Bologna, Italy",44.4756,11.2759
2021-08-24T20:00:00+00:00,20.000,13.600,Open-Meteo Historical Weather API,"Casalecchio di Reno, Bologna, Italy",44.4756,11.2759
2021-08-24T21:00:00+00:00,19.900,13.600,Open-Meteo Historical Weather API,"Casalecchio di Reno, Bologna, Italy",44.4756,11.2759
2021-08-24T22:00:00+00:00,19.200,14.200,Open-Meteo Historical Weather API,"Casalecchio di Reno, Bologna, Italy",44.4756,11.2759
2021-08-24T23:00:00+00:00,21.000,12.700,Open-Meteo Historical Weather API,"Casalecchio di Reno, Bologna, Italy",44.4756,11.2759
2021-08-25T00:00:00+00:00,20.700,12.900,Open-Meteo Historical Weather API,"Casalecchio di Reno, Bologna, Italy",44.4756,11.2759
2021-08-25T01:00:00+00:00,18.100,14.100,Open-Meteo Historical Weather API,"Casalecchio di Reno, Bologna, Italy",44.4756,11.2759
2021-08-25T02:00:00+00:00,17.600,14.400,Open-Meteo Historical Weather API,"Casalecchio di Reno, Bologna, Italy",44.4756,11.2759
2021-08-25T03:00:00+00:00,17.800,14.800,Open-Meteo Historical Weather API,"Casalecchio di Reno, Bologna, Italy",44.4756,11.2759
2021-08-25T04:00:00+00:00,19.000,15.400,Open-Meteo Historical Weather API,"Casalecchio di Reno, Bologna, Italy",44.4756,11.2759
2021-08-25T05:00:00+00:00,18.600,16.600,Open-Meteo Historical Weather API,"Casalecchio di Reno, Bologna, Italy",44.4756,11.2759
2021-08-25T06:00:00+00:00,18.900,16.600,Open-Meteo Historical Weather API,"Casalecchio di Reno, Bologna, Italy",44.4756,11.2759
2021-08-25T07:00:00+00:00,20.100,16.600,Open-Meteo Historical Weather API,"Casalecchio di Reno, Bologna, Italy",44.4756,11.2759
2021-08-25T08:00:00+00:00,21.000,16.500,Open-Meteo Historical Weather API,"Casalecchio di Reno, Bologna, Italy",44.4756,11.2759
2021-08-25T09:00:00+00:00,22.000,17.000,Open-Meteo Historical Weather API,"Casalecchio di Reno, Bologna, Italy",44.4756,11.2759
2021-08-25T10:00:00+00:00,23.400,16.700,Open-Meteo Historical Weather API,"Casalecchio di Reno, Bologna, Italy",44.4756,11.2759
2021-08-25T11:00:00+00:00,23.800,15.900,Open-Meteo Historical Weather API,"Casalecchio di Reno, Bologna, Italy",44.4756,11.2759
2021-08-25T12:00:00+00:00,25.400,14.100,Open-Meteo Historical Weather API,"Casalecchio di Reno, Bologna, Italy",44.4756,11.2759
2021-08-25T13:00:00+00:00,25.700,13.900,Open-Meteo Historical Weather API,"Casalecchio di Reno, Bologna, Italy",44.4756,11.2759
2021-08-25T14:00:00+00:00,25.600,13.500,Open-Meteo Historical Weather API,"Casalecchio di Reno, Bologna, Italy",44.4756,11.2759
2021-08-25T15:00:00+00:00,25.600,13.200,Open-Meteo Historical Weather API,"Casalecchio di Reno, Bologna, Italy",44.4756,11.2759
2021-08-25T16:00:00+00:00,25.000,13.400,Open-Meteo Historical Weather API,"Casalecchio di Reno, Bologna, Italy",44.4756,11.2759
2021-08-25T17:00:00+00:00,23.800,13.900,Open-Meteo Historical Weather API,"Casalecchio di Reno, Bologna, Italy",44.4756,11.2759
2021-08-25T18:00:00+00:00,21.900,13.400,Open-Meteo Historical Weather API,"Casalecchio di Reno, Bologna, Italy",44.4756,11.2759
2021-08-25T19:00:00+00:00,20.600,13.300,Open-Meteo Historical Weather API,"Casalecchio di Reno, Bologna, Italy",44.4756,11.2759
2021-08-25T20:00:00+00:00,19.600,13.600,Open-Meteo Historical Weather API,"Casalecchio di Reno, Bologna, Italy",44.4756,11.2759
2021-08-25T21:00:00+00:00,18.600,13.700,Open-Meteo Historical Weather API,"Casalecchio di Reno, Bologna, Italy",44.4756,11.2759
2021-08-25T22:00:00+00:00,17.700,13.600,Open-Meteo Historical Weather API,"Casalecchio di Reno, Bologna, Italy",44.4756,11.2759
2021-08-25T23:00:00+00:00,16.900,13.200,Open-Meteo Historical Weather API,"Casalecchio di Reno, Bologna, Italy",44.4756,11.2759
2021-08-26T00:00:00+00:00,17.200,12.400,Open-Meteo Historical Weather API,"Casalecchio di Reno, Bologna, Italy",44.4756,11.2759
2021-08-26T01:00:00+00:00,17.200,11.600,Open-Meteo Historical Weather API,"Casalecchio di Reno, Bologna, Italy",44.4756,11.2759
2021-08-26T02:00:00+00:00,16.300,11.300,Open-Meteo Historical Weather API,"Casalecchio di Reno, Bologna, Italy",44.4756,11.2759
2021-08-26T03:00:00+00:00,15.800,11.200,Open-Meteo Historical Weather API,"Casalecchio di Reno, Bologna, Italy",44.4756,11.2759
2021-08-26T04:00:00+00:00,16.100,11.000,Open-Meteo Historical Weather API,"Casalecchio di Reno, Bologna, Italy",44.4756,11.2759
2021-08-26T05:00:00+00:00,16.000,11.000,Open-Meteo Historical Weather API,"Casalecchio di Reno, Bologna, Italy",44.4756,11.2759
2021-08-26T06:00:00+00:00,17.900,12.100,Open-Meteo Historical Weather API,"Casalecchio di Reno, Bologna, Italy",44.4756,11.2759
2021-08-26T07:00:00+00:00,21.100,12.900,Open-Meteo Historical Weather API,"Casalecchio di Reno, Bologna, Italy",44.4756,11.2759
2021-08-26T08:00:00+00:00,22.800,13.400,Open-Meteo Historical Weather API,"Casalecchio di Reno, Bologna, Italy",44.4756,11.2759
2021-08-26T09:00:00+00:00,24.500,13.400,Open-Meteo Historical Weather API,"Casalecchio di Reno, Bologna, Italy",44.4756,11.2759
2021-08-26T10:00:00+00:00,26.000,12.400,Open-Meteo Historical Weather API,"Casalecchio di Reno, Bologna, Italy",44.4756,11.2759
2021-08-26T11:00:00+00:00,27.000,11.900,Open-Meteo Historical Weather API,"Casalecchio di Reno, Bologna, Italy",44.4756,11.2759
2021-08-26T12:00:00+00:00,27.800,10.900,Open-Meteo Historical Weather API,"Casalecchio di Reno, Bologna, Italy",44.4756,11.2759
2021-08-26T13:00:00+00:00,27.800,11.200,Open-Meteo Historical Weather API,"Casalecchio di Reno, Bologna, Italy",44.4756,11.2759
2021-08-26T14:00:00+00:00,27.600,11.400,Open-Meteo Historical Weather API,"Casalecchio di Reno, Bologna, Italy",44.4756,11.2759
2021-08-26T15:00:00+00:00,27.300,11.500,Open-Meteo Historical Weather API,"Casalecchio di Reno, Bologna, Italy",44.4756,11.2759
2021-08-26T16:00:00+00:00,26.900,11.900,Open-Meteo Historical Weather API,"Casalecchio di Reno, Bologna, Italy",44.4756,11.2759
2021-08-26T17:00:00+00:00,25.700,14.400,Open-Meteo Historical Weather API,"Casalecchio di Reno, Bologna, Italy",44.4756,11.2759
2021-08-26T18:00:00+00:00,23.200,13.900,Open-Meteo Historical Weather API,"Casalecchio di Reno, Bologna, Italy",44.4756,11.2759
2021-08-26T19:00:00+00:00,22.800,13.400,Open-Meteo Historical Weather API,"Casalecchio di Reno, Bologna, Italy",44.4756,11.2759
2021-08-26T20:00:00+00:00,22.500,12.600,Open-Meteo Historical Weather API,"Casalecchio di Reno, Bologna, Italy",44.4756,11.2759
2021-08-26T21:00:00+00:00,22.000,12.200,Open-Meteo Historical Weather API,"Casalecchio di Reno, Bologna, Italy",44.4756,11.2759
2021-08-26T22:00:00+00:00,21.500,12.600,Open-Meteo Historical Weather API,"Casalecchio di Reno, Bologna, Italy",44.4756,11.2759
2021-08-26T23:00:00+00:00,21.100,14.100,Open-Meteo Historical Weather API,"Casalecchio di Reno, Bologna, Italy",44.4756,11.2759
2021-08-27T00:00:00+00:00,20.600,14.300,Open-Meteo Historical Weather API,"Casalecchio di Reno, Bologna, Italy",44.4756,11.2759
2021-08-27T01:00:00+00:00,20.400,15.500,Open-Meteo Historical Weather API,"Casalecchio di Reno, Bologna, Italy",44.4756,11.2759
2021-08-27T02:00:00+00:00,19.900,16.200,Open-Meteo Historical Weather API,"Casalecchio di Reno, Bologna, Italy",44.4756,11.2759
2021-08-27T03:00:00+00:00,18.500,16.600,Open-Meteo Historical Weather API,"Casalecchio di Reno, Bologna, Italy",44.4756,11.2759
2021-08-27T04:00:00+00:00,18.600,15.900,Open-Meteo Historical Weather API,"Casalecchio di Reno, Bologna, Italy",44.4756,11.2759
2021-08-27T05:00:00+00:00,18.500,16.500,Open-Meteo Historical Weather API,"Casalecchio di Reno, Bologna, Italy",44.4756,11.2759
2021-08-27T06:00:00+00:00,19.200,17.900,Open-Meteo Historical Weather API,"Casalecchio di Reno, Bologna, Italy",44.4756,11.2759
2021-08-27T07:00:00+00:00,19.400,18.600,Open-Meteo Historical Weather API,"Casalecchio di Reno, Bologna, Italy",44.4756,11.2759
2021-08-27T08:00:00+00:00,18.800,17.800,Open-Meteo Historical Weather API,"Casalecchio di Reno, Bologna, Italy",44.4756,11.2759
2021-08-27T09:00:00+00:00,19.000,17.200,Open-Meteo Historical Weather API,"Casalecchio di Reno, Bologna, Italy",44.4756,11.2759
2021-08-27T10:00:00+00:00,19.500,17.000,Open-Meteo Historical Weather API,"Casalecchio di Reno, Bologna, Italy",44.4756,11.2759
2021-08-27T11:00:00+00:00,18.800,16.600,Open-Meteo Historical Weather API,"Casalecchio di Reno, Bologna, Italy",44.4756,11.2759
2021-08-27T12:00:00+00:00,18.500,14.400,Open-Meteo Historical Weather API,"Casalecchio di Reno, Bologna, Italy",44.4756,11.2759
2021-08-27T13:00:00+00:00,19.200,14.400,Open-Meteo Historical Weather API,"Casalecchio di Reno, Bologna, Italy",44.4756,11.2759
2021-08-27T14:00:00+00:00,19.600,14.400,Open-Meteo Historical Weather API,"Casalecchio di Reno, Bologna, Italy",44.4756,11.2759
2021-08-27T15:00:00+00:00,20.300,13.800,Open-Meteo Historical Weather API,"Casalecchio di Reno, Bologna, Italy",44.4756,11.2759
2021-08-27T16:00:00+00:00,19.900,14.100,Open-Meteo Historical Weather API,"Casalecchio di Reno, Bologna, Italy",44.4756,11.2759
2021-08-27T17:00:00+00:00,19.500,14.900,Open-Meteo Historical Weather API,"Casalecchio di Reno, Bologna, Italy",44.4756,11.2759
2021-08-27T18:00:00+00:00,18.900,15.200,Open-Meteo Historical Weather API,"Casalecchio di Reno, Bologna, Italy",44.4756,11.2759
2021-08-27T19:00:00+00:00,18.900,15.100,Open-Meteo Historical Weather API,"Casalecchio di Reno, Bologna, Italy",44.4756,11.2759
2021-08-27T20:00:00+00:00,18.100,14.900,Open-Meteo Historical Weather API,"Casalecchio di Reno, Bologna, Italy",44.4756,11.2759
2021-08-27T21:00:00+00:00,17.900,14.300,Open-Meteo Historical Weather API,"Casalecchio di Reno, Bologna, Italy",44.4756,11.2759
2021-08-27T22:00:00+00:00,17.500,13.600,Open-Meteo Historical Weather API,"Casalecchio di Reno, Bologna, Italy",44.4756,11.2759
2021-08-27T23:00:00+00:00,17.500,12.800,Open-Meteo Historical Weather API,"Casalecchio di Reno, Bologna, Italy",44.4756,11.2759
2021-08-28T00:00:00+00:00,16.500,7.700,Open-Meteo Historical Weather API,"Casalecchio di Reno, Bologna, Italy",44.4756,11.2759
2021-08-28T01:00:00+00:00,16.100,7.200,Open-Meteo Historical Weather API,"Casalecchio di Reno, Bologna, Italy",44.4756,11.2759
2021-08-28T02:00:00+00:00,14.800,9.200,Open-Meteo Historical Weather API,"Casalecchio di Reno, Bologna, Italy",44.4756,11.2759
2021-08-28T03:00:00+00:00,15.900,6.900,Open-Meteo Historical Weather API,"Casalecchio di Reno, Bologna, Italy",44.4756,11.2759
2021-08-28T04:00:00+00:00,14.200,9.700,Open-Meteo Historical Weather API,"Casalecchio di Reno, Bologna, Italy",44.4756,11.2759
2021-08-28T05:00:00+00:00,14.900,9.900,Open-Meteo Historical Weather API,"Casalecchio di Reno, Bologna, Italy",44.4756,11.2759
2021-08-28T06:00:00+00:00,15.100,11.600,Open-Meteo Historical Weather API,"Casalecchio di Reno, Bologna, Italy",44.4756,11.2759
2021-08-28T07:00:00+00:00,15.600,12.200,Open-Meteo Historical Weather API,"Casalecchio di Reno, Bologna, Italy",44.4756,11.2759
2021-08-28T08:00:00+00:00,15.600,13.200,Open-Meteo Historical Weather API,"Casalecchio di Reno, Bologna, Italy",44.4756,11.2759
2021-08-28T09:00:00+00:00,16.900,13.900,Open-Meteo Historical Weather API,"Casalecchio di Reno, Bologna, Italy",44.4756,11.2759
2021-08-28T10:00:00+00:00,18.000,14.400,Open-Meteo Historical Weather API,"Casalecchio di Reno, Bologna, Italy",44.4756,11.2759
2021-08-28T11:00:00+00:00,20.000,14.100,Open-Meteo Historical Weather API,"Casalecchio di Reno, Bologna, Italy",44.4756,11.2759
2021-08-28T12:00:00+00:00,21.000,13.400,Open-Meteo Historical Weather API,"Casalecchio di Reno, Bologna, Italy",44.4756,11.2759
2021-08-28T13:00:00+00:00,22.000,10.800,Open-Meteo Historical Weather API,"Casalecchio di Reno, Bologna, Italy",44.4756,11.2759
2021-08-28T14:00:00+00:00,22.500,10.100,Open-Meteo Historical Weather API,"Casalecchio di Reno, Bologna, Italy",44.4756,11.2759
2021-08-28T15:00:00+00:00,22.800,9.900,Open-Meteo Historical Weather API,"Casalecchio di Reno, Bologna, Italy",44.4756,11.2759
2021-08-28T16:00:00+00:00,22.100,9.400,Open-Meteo Historical Weather API,"Casalecchio di Reno, Bologna, Italy",44.4756,11.2759
2021-08-28T17:00:00+00:00,20.800,11.900,Open-Meteo Historical Weather API,"Casalecchio di Reno, Bologna, Italy",44.4756,11.2759
2021-08-28T18:00:00+00:00,17.500,10.400,Open-Meteo Historical Weather API,"Casalecchio di Reno, Bologna, Italy",44.4756,11.2759
2021-08-28T19:00:00+00:00,16.700,10.600,Open-Meteo Historical Weather API,"Casalecchio di Reno, Bologna, Italy",44.4756,11.2759
2021-08-28T20:00:00+00:00,15.900,10.600,Open-Meteo Historical Weather API,"Casalecchio di Reno, Bologna, Italy",44.4756,11.2759
2021-08-28T21:00:00+00:00,14.900,10.400,Open-Meteo Historical Weather API,"Casalecchio di Reno, Bologna, Italy",44.4756,11.2759
2021-08-28T22:00:00+00:00,14.600,9.800,Open-Meteo Historical Weather API,"Casalecchio di Reno, Bologna, Italy",44.4756,11.2759
2021-08-28T23:00:00+00:00,14.400,9.200,Open-Meteo Historical Weather API,"Casalecchio di Reno, Bologna, Italy",44.4756,11.2759
2021-08-29T00:00:00+00:00,18.000,9.000,Open-Meteo Historical Weather API,"Casalecchio di Reno, Bologna, Italy",44.4756,11.2759
2021-08-29T01:00:00+00:00,16.900,9.400,Open-Meteo Historical Weather API,"Casalecchio di Reno, Bologna, Italy",44.4756,11.2759
2021-08-29T02:00:00+00:00,15.600,10.100,Open-Meteo Historical Weather API,"Casalecchio di Reno, Bologna, Italy",44.4756,11.2759
2021-08-29T03:00:00+00:00,14.100,10.400,Open-Meteo Historical Weather API,"Casalecchio di Reno, Bologna, Italy",44.4756,11.2759
2021-08-29T04:00:00+00:00,13.200,10.100,Open-Meteo Historical Weather API,"Casalecchio di Reno, Bologna, Italy",44.4756,11.2759
2021-08-29T05:00:00+00:00,13.800,10.400,Open-Meteo Historical Weather API,"Casalecchio di Reno, Bologna, Italy",44.4756,11.2759
2021-08-29T06:00:00+00:00,15.900,11.100,Open-Meteo Historical Weather API,"Casalecchio di Reno, Bologna, Italy",44.4756,11.2759
2021-08-29T07:00:00+00:00,17.900,12.200,Open-Meteo Historical Weather API,"Casalecchio di Reno, Bologna, Italy",44.4756,11.2759
2021-08-29T08:00:00+00:00,19.100,12.900,Open-Meteo Historical Weather API,"Casalecchio di Reno, Bologna, Italy",44.4756,11.2759
2021-08-29T09:00:00+00:00,20.400,12.600,Open-Meteo Historical Weather API,"Casalecchio di Reno, Bologna, Italy",44.4756,11.2759
2021-08-29T10:00:00+00:00,21.400,12.100,Open-Meteo Historical Weather API,"Casalecchio di Reno, Bologna, Italy",44.4756,11.2759
2021-08-29T11:00:00+00:00,22.000,11.400,Open-Meteo Historical Weather API,"Casalecchio di Reno, Bologna, Italy",44.4756,11.2759
2021-08-29T12:00:00+00:00,23.100,9.300,Open-Meteo Historical Weather API,"Casalecchio di Reno, Bologna, Italy",44.4756,11.2759
2021-08-29T13:00:00+00:00,23.400,9.200,Open-Meteo Historical Weather API,"Casalecchio di Reno, Bologna, Italy",44.4756,11.2759
2021-08-29T14:00:00+00:00,23.300,9.200,Open-Meteo Historical Weather API,"Casalecchio di Reno, Bologna, Italy",44.4756,11.2759
2021-08-29T15:00:00+00:00,23.100,9.300,Open-Meteo Historical Weather API,"Casalecchio di Reno, Bologna, Italy",44.4756,11.2759
2021-08-29T16:00:00+00:00,22.700,9.500,Open-Meteo Historical Weather API,"Casalecchio di Reno, Bologna, Italy",44.4756,11.2759
2021-08-29T17:00:00+00:00,21.200,11.100,Open-Meteo Historical Weather API,"Casalecchio di Reno, Bologna, Italy",44.4756,11.2759
2021-08-29T18:00:00+00:00,19.000,10.500,Open-Meteo Historical Weather API,"Casalecchio di Reno, Bologna, Italy",44.4756,11.2759
2021-08-29T19:00:00+00:00,17.900,9.900,Open-Meteo Historical Weather API,"Casalecchio di Reno, Bologna, Italy",44.4756,11.2759
2021-08-29T20:00:00+00:00,17.100,9.400,Open-Meteo Historical Weather API,"Casalecchio di Reno, Bologna, Italy",44.4756,11.2759
2021-08-29T21:00:00+00:00,16.400,9.400,Open-Meteo Historical Weather API,"Casalecchio di Reno, Bologna, Italy",44.4756,11.2759
2021-08-29T22:00:00+00:00,15.800,9.100,Open-Meteo Historical Weather API,"Casalecchio di Reno, Bologna, Italy",44.4756,11.2759
2021-08-29T23:00:00+00:00,15.100,8.900,Open-Meteo Historical Weather API,"Casalecchio di Reno, Bologna, Italy",44.4756,11.2759
2021-08-30T00:00:00+00:00,14.600,8.400,Open-Meteo Historical Weather API,"Casalecchio di Reno, Bologna, Italy",44.4756,11.2759
2021-08-30T01:00:00+00:00,14.400,8.100,Open-Meteo Historical Weather API,"Casalecchio di Reno, Bologna, Italy",44.4756,11.2759
2021-08-30T02:00:00+00:00,14.300,7.900,Open-Meteo Historical Weather API,"Casalecchio di Reno, Bologna, Italy",44.4756,11.2759
2021-08-30T03:00:00+00:00,13.200,8.200,Open-Meteo Historical Weather API,"Casalecchio di Reno, Bologna, Italy",44.4756,11.2759
2021-08-30T04:00:00+00:00,13.600,8.100,Open-Meteo Historical Weather API,"Casalecchio di Reno, Bologna, Italy",44.4756,11.2759
2021-08-30T05:00:00+00:00,13.800,8.800,Open-Meteo Historical Weather API,"Casalecchio di Reno, Bologna, Italy",44.4756,11.2759
2021-08-30T06:00:00+00:00,15.600,10.100,Open-Meteo Historical Weather API,"Casalecchio di Reno, Bologna, Italy",44.4756,11.2759
2021-08-30T07:00:00+00:00,18.900,11.100,Open-Meteo Historical Weather API,"Casalecchio di Reno, Bologna, Italy",44.4756,11.2759
2021-08-30T08:00:00+00:00,21.600,11.600,Open-Meteo Historical Weather API,"Casalecchio di Reno, Bologna, Italy",44.4756,11.2759
2021-08-30T09:00:00+00:00,23.300,12.400,Open-Meteo Historical Weather API,"Casalecchio di Reno, Bologna, Italy",44.4756,11.2759
2021-08-30T10:00:00+00:00,24.000,12.700,Open-Meteo Historical Weather API,"Casalecchio di Reno, Bologna, Italy",44.4756,11.2759
2021-08-30T11:00:00+00:00,24.500,11.700,Open-Meteo Historical Weather API,"Casalecchio di Reno, Bologna, Italy",44.4756,11.2759
2021-08-30T12:00:00+00:00,25.700,9.700,Open-Meteo Historical Weather API,"Casalecchio di Reno, Bologna, Italy",44.4756,11.2759
2021-08-30T13:00:00+00:00,25.900,10.400,Open-Meteo Historical Weather API,"Casalecchio di Reno, Bologna, Italy",44.4756,11.2759
2021-08-30T14:00:00+00:00,25.400,11.000,Open-Meteo Historical Weather API,"Casalecchio di Reno, Bologna, Italy",44.4756,11.2759
2021-08-30T15:00:00+00:00,25.000,12.000,Open-Meteo Historical Weather API,"Casalecchio di Reno, Bologna, Italy",44.4756,11.2759
2021-08-30T16:00:00+00:00,24.300,12.100,Open-Meteo Historical Weather API,"Casalecchio di Reno, Bologna, Italy",44.4756,11.2759
2021-08-30T17:00:00+00:00,22.400,14.200,Open-Meteo Historical Weather API,"Casalecchio di Reno, Bologna, Italy",44.4756,11.2759
2021-08-30T18:00:00+00:00,19.800,15.000,Open-Meteo Historical Weather API,"Casalecchio di Reno, Bologna, Italy",44.4756,11.2759
2021-08-30T19:00:00+00:00,19.600,14.200,Open-Meteo Historical Weather API,"Casalecchio di Reno, Bologna, Italy",44.4756,11.2759
2021-08-30T20:00:00+00:00,19.200,14.100,Open-Meteo Historical Weather API,"Casalecchio di Reno, Bologna, Italy",44.4756,11.2759
2021-08-30T21:00:00+00:00,17.500,14.300,Open-Meteo Historical Weather API,"Casalecchio di Reno, Bologna, Italy",44.4756,11.2759
2021-08-30T22:00:00+00:00,17.300,13.900,Open-Meteo Historical Weather API,"Casalecchio di Reno, Bologna, Italy",44.4756,11.2759
2021-08-30T23:00:00+00:00,16.100,13.900,Open-Meteo Historical Weather API,"Casalecchio di Reno, Bologna, Italy",44.4756,11.2759
2021-08-31T00:00:00+00:00,16.800,13.900,Open-Meteo Historical Weather API,"Casalecchio di Reno, Bologna, Italy",44.4756,11.2759
2021-08-31T01:00:00+00:00,16.000,14.100,Open-Meteo Historical Weather API,"Casalecchio di Reno, Bologna, Italy",44.4756,11.2759
2021-08-31T02:00:00+00:00,16.100,13.900,Open-Meteo Historical Weather API,"Casalecchio di Reno, Bologna, Italy",44.4756,11.2759
2021-08-31T03:00:00+00:00,15.600,13.600,Open-Meteo Historical Weather API,"Casalecchio di Reno, Bologna, Italy",44.4756,11.2759
2021-08-31T04:00:00+00:00,15.900,13.500,Open-Meteo Historical Weather API,"Casalecchio di Reno, Bologna, Italy",44.4756,11.2759
2021-08-31T05:00:00+00:00,15.100,13.200,Open-Meteo Historical Weather API,"Casalecchio di Reno, Bologna, Italy",44.4756,11.2759
2021-08-31T06:00:00+00:00,16.800,13.500,Open-Meteo Historical Weather API,"Casalecchio di Reno, Bologna, Italy",44.4756,11.2759
2021-08-31T07:00:00+00:00,18.500,14.200,Open-Meteo Historical Weather API,"Casalecchio di Reno, Bologna, Italy",44.4756,11.2759
2021-08-31T08:00:00+00:00,20.200,14.800,Open-Meteo Historical Weather API,"Casalecchio di Reno, Bologna, Italy",44.4756,11.2759
2021-08-31T09:00:00+00:00,21.600,15.200,Open-Meteo Historical Weather API,"Casalecchio di Reno, Bologna, Italy",44.4756,11.2759
2021-08-31T10:00:00+00:00,23.000,15.600,Open-Meteo Historical Weather API,"Casalecchio di Reno, Bologna, Italy",44.4756,11.2759
2021-08-31T11:00:00+00:00,24.200,15.900,Open-Meteo Historical Weather API,"Casalecchio di Reno, Bologna, Italy",44.4756,11.2759
2021-08-31T12:00:00+00:00,25.200,14.600,Open-Meteo Historical Weather API,"Casalecchio di Reno, Bologna, Italy",44.4756,11.2759
2021-08-31T13:00:00+00:00,25.800,14.300,Open-Meteo Historical Weather API,"Casalecchio di Reno, Bologna, Italy",44.4756,11.2759
2021-08-31T14:00:00+00:00,24.800,14.700,Open-Meteo Historical Weather API,"Casalecchio di Reno, Bologna, Italy",44.4756,11.2759
2021-08-31T15:00:00+00:00,20.000,17.100,Open-Meteo Historical Weather API,"Casalecchio di Reno, Bologna, Italy",44.4756,11.2759
2021-08-31T16:00:00+00:00,18.800,17.200,Open-Meteo Historical Weather API,"Casalecchio di Reno, Bologna, Italy",44.4756,11.2759
2021-08-31T17:00:00+00:00,18.900,17.100,Open-Meteo Historical Weather API,"Casalecchio di Reno, Bologna, Italy",44.4756,11.2759
2021-08-31T18:00:00+00:00,18.400,16.800,Open-Meteo Historical Weather API,"Casalecchio di Reno, Bologna, Italy",44.4756,11.2759
2021-08-31T19:00:00+00:00,17.200,16.200,Open-Meteo Historical Weather API,"Casalecchio di Reno, Bologna, Italy",44.4756,11.2759
2021-08-31T20:00:00+00:00,17.300,16.000,Open-Meteo Historical Weather API,"Casalecchio di Reno, Bologna, Italy",44.4756,11.2759
2021-08-31T21:00:00+00:00,17.500,15.800,Open-Meteo Historical Weather API,"Casalecchio di Reno, Bologna, Italy",44.4756,11.2759
2021-08-31T22:00:00+00:00,16.900,15.400,Open-Meteo Historical Weather API,"Casalecchio di Reno, Bologna, Italy",44.4756,11.2759
2021-08-31T23:00:00+00:00,16.000,14.600,Open-Meteo Historical Weather API,"Casalecchio di Reno, Bologna, Italy",44.4756,11.2759
2021-09-01T00:00:00+00:00,15.400,13.900,Open-Meteo Historical Weather API,"Casalecchio di Reno, Bologna, Italy",44.4756,11.2759
2021-09-01T01:00:00+00:00,15.300,13.200,Open-Meteo Historical Weather API,"Casalecchio di Reno, Bologna, Italy",44.4756,11.2759
2021-09-01T02:00:00+00:00,15.200,12.900,Open-Meteo Historical Weather API,"Casalecchio di Reno, Bologna, Italy",44.4756,11.2759
2021-09-01T03:00:00+00:00,14.900,12.800,Open-Meteo Historical Weather API,"Casalecchio di Reno, Bologna, Italy",44.4756,11.2759
2021-09-01T04:00:00+00:00,14.600,12.800,Open-Meteo Historical Weather API,"Casalecchio di Reno, Bologna, Italy",44.4756,11.2759
2021-09-01T05:00:00+00:00,15.000,12.700,Open-Meteo Historical Weather API,"Casalecchio di Reno, Bologna, Italy",44.4756,11.2759
2021-09-01T06:00:00+00:00,17.400,13.800,Open-Meteo Historical Weather API,"Casalecchio di Reno, Bologna, Italy",44.4756,11.2759
2021-09-01T07:00:00+00:00,20.200,14.400,Open-Meteo Historical Weather API,"Casalecchio di Reno, Bologna, Italy",44.4756,11.2759
2021-09-01T08:00:00+00:00,21.600,15.700,Open-Meteo Historical Weather API,"Casalecchio di Reno, Bologna, Italy",44.4756,11.2759
2021-09-01T09:00:00+00:00,23.000,15.800,Open-Meteo Historical Weather API,"Casalecchio di Reno, Bologna, Italy",44.4756,11.2759
2021-09-01T10:00:00+00:00,24.000,15.500,Open-Meteo Historical Weather API,"Casalecchio di Reno, Bologna, Italy",44.4756,11.2759
2021-09-01T11:00:00+00:00,24.500,14.900,Open-Meteo Historical Weather API,"Casalecchio di Reno, Bologna, Italy",44.4756,11.2759
2021-09-01T12:00:00+00:00,25.700,13.900,Open-Meteo Historical Weather API,"Casalecchio di Reno, Bologna, Italy",44.4756,11.2759
2021-09-01T13:00:00+00:00,26.000,13.800,Open-Meteo Historical Weather API,"Casalecchio di Reno, Bologna, Italy",44.4756,11.2759
2021-09-01T14:00:00+00:00,26.100,13.400,Open-Meteo Historical Weather API,"Casalecchio di Reno, Bologna, Italy",44.4756,11.2759
2021-09-01T15:00:00+00:00,26.000,12.900,Open-Meteo Historical Weather API,"Casalecchio di Reno, Bologna, Italy",44.4756,11.2759
2021-09-01T16:00:00+00:00,25.400,13.100,Open-Meteo Historical Weather API,"Casalecchio di Reno, Bologna, Italy",44.4756,11.2759
2021-09-01T17:00:00+00:00,23.800,14.600,Open-Meteo Historical Weather API,"Casalecchio di Reno, Bologna, Italy",44.4756,11.2759
2021-09-01T18:00:00+00:00,21.000,14.400,Open-Meteo Historical Weather API,"Casalecchio di Reno, Bologna, Italy",44.4756,11.2759
2021-09-01T19:00:00+00:00,20.000,14.600,Open-Meteo Historical Weather API,"Casalecchio di Reno, Bologna, Italy",44.4756,11.2759
2021-09-01T20:00:00+00:00,18.900,14.700,Open-Meteo Historical Weather API,"Casalecchio di Reno, Bologna, Italy",44.4756,11.2759
2021-09-01T21:00:00+00:00,17.800,14.900,Open-Meteo Historical Weather API,"Casalecchio di Reno, Bologna, Italy",44.4756,11.2759
2021-09-01T22:00:00+00:00,16.700,14.900,Open-Meteo Historical Weather API,"Casalecchio di Reno, Bologna, Italy",44.4756,11.2759
2021-09-01T23:00:00+00:00,16.900,14.700,Open-Meteo Historical Weather API,"Casalecchio di Reno, Bologna, Italy",44.4756,11.2759
2021-09-02T00:00:00+00:00,17.000,14.600,Open-Meteo Historical Weather API,"Casalecchio di Reno, Bologna, Italy",44.4756,11.2759
2021-09-02T01:00:00+00:00,16.500,14.400,Open-Meteo Historical Weather API,"Casalecchio di Reno, Bologna, Italy",44.4756,11.2759
2021-09-02T02:00:00+00:00,15.900,13.900,Open-Meteo Historical Weather API,"Casalecchio di Reno, Bologna, Italy",44.4756,11.2759
2021-09-02T03:00:00+00:00,15.100,13.200,Open-Meteo Historical Weather API,"Casalecchio di Reno, Bologna, Italy",44.4756,11.2759
2021-09-02T04:00:00+00:00,14.500,12.600,Open-Meteo Historical Weather API,"Casalecchio di Reno, Bologna, Italy",44.4756,11.2759
2021-09-02T05:00:00+00:00,14.600,12.100,Open-Meteo Historical Weather API,"Casalecchio di Reno, Bologna, Italy",44.4756,11.2759
2021-09-02T06:00:00+00:00,17.000,13.400,Open-Meteo Historical Weather API,"Casalecchio di Reno, Bologna, Italy",44.4756,11.2759
2021-09-02T07:00:00+00:00,20.400,14.400,Open-Meteo Historical Weather API,"Casalecchio di Reno, Bologna, Italy",44.4756,11.2759
2021-09-02T08:00:00+00:00,22.000,15.800,Open-Meteo Historical Weather API,"Casalecchio di Reno, Bologna, Italy",44.4756,11.2759
2021-09-02T09:00:00+00:00,23.600,15.300,Open-Meteo Historical Weather API,"Casalecchio di Reno, Bologna, Italy",44.4756,11.2759
2021-09-02T10:00:00+00:00,25.000,13.900,Open-Meteo Historical Weather API,"Casalecchio di Reno, Bologna, Italy",44.4756,11.2759
2021-09-02T11:00:00+00:00,25.900,12.600,Open-Meteo Historical Weather API,"Casalecchio di Reno, Bologna, Italy",44.4756,11.2759
2021-09-02T12:00:00+00:00,26.200,11.900,Open-Meteo Historical Weather API,"Casalecchio di Reno, Bologna, Italy",44.4756,11.2759
2021-09-02T13:00:00+00:00,26.300,12.100,Open-Meteo Historical Weather API,"Casalecchio di Reno, Bologna, Italy",44.4756,11.2759
2021-09-02T14:00:00+00:00,26.100,12.400,Open-Meteo Historical Weather API,"Casalecchio di Reno, Bologna, Italy",44.4756,11.2759
2021-09-02T15:00:00+00:00,25.500,12.200,Open-Meteo Historical Weather API,"Casalecchio di Reno, Bologna, Italy",44.4756,11.2759
2021-09-02T16:00:00+00:00,24.500,11.800,Open-Meteo Historical Weather API,"Casalecchio di Reno, Bologna, Italy",44.4756,11.2759
2021-09-02T17:00:00+00:00,23.200,12.100,Open-Meteo Historical Weather API,"Casalecchio di Reno, Bologna, Italy",44.4756,11.2759
2021-09-02T18:00:00+00:00,21.100,11.900,Open-Meteo Historical Weather API,"Casalecchio di Reno, Bologna, Italy",44.4756,11.2759
2021-09-02T19:00:00+00:00,19.800,12.100,Open-Meteo Historical Weather API,"Casalecchio di Reno, Bologna, Italy",44.4756,11.2759
2021-09-02T20:00:00+00:00,18.800,12.600,Open-Meteo Historical Weather API,"Casalecchio di Reno, Bologna, Italy",44.4756,11.2759
2021-09-02T21:00:00+00:00,17.700,12.600,Open-Meteo Historical Weather API,"Casalecchio di Reno, Bologna, Italy",44.4756,11.2759
2021-09-02T22:00:00+00:00,16.700,11.900,Open-Meteo Historical Weather API,"Casalecchio di Reno, Bologna, Italy",44.4756,11.2759
2021-09-02T23:00:00+00:00,16.200,11.000,Open-Meteo Historical Weather API,"Casalecchio di Reno, Bologna, Italy",44.4756,11.2759
2021-09-03T00:00:00+00:00,15.700,11.100,Open-Meteo Historical Weather API,"Casalecchio di Reno, Bologna, Italy",44.4756,11.2759
2021-09-03T01:00:00+00:00,15.900,10.100,Open-Meteo Historical Weather API,"Casalecchio di Reno, Bologna, Italy",44.4756,11.2759
2021-09-03T02:00:00+00:00,15.100,9.700,Open-Meteo Historical Weather API,"Casalecchio di Reno, Bologna, Italy",44.4756,11.2759
2021-09-03T03:00:00+00:00,15.000,9.700,Open-Meteo Historical Weather API,"Casalecchio di Reno, Bologna, Italy",44.4756,11.2759
2021-09-03T04:00:00+00:00,15.100,10.400,Open-Meteo Historical Weather API,"Casalecchio di Reno, Bologna, Italy",44.4756,11.2759
2021-09-03T05:00:00+00:00,14.900,11.400,Open-Meteo Historical Weather API,"Casalecchio di Reno, Bologna, Italy",44.4756,11.2759
2021-09-03T06:00:00+00:00,17.700,13.100,Open-Meteo Historical Weather API,"Casalecchio di Reno, Bologna, Italy",44.4756,11.2759
2021-09-03T07:00:00+00:00,19.900,13.600,Open-Meteo Historical Weather API,"Casalecchio di Reno, Bologna, Italy",44.4756,11.2759
2021-09-03T08:00:00+00:00,21.400,13.600,Open-Meteo Historical Weather API,"Casalecchio di Reno, Bologna, Italy",44.4756,11.2759
2021-09-03T09:00:00+00:00,22.600,13.800,Open-Meteo Historical Weather API,"Casalecchio di Reno, Bologna, Italy",44.4756,11.2759
2021-09-03T10:00:00+00:00,24.100,13.400,Open-Meteo Historical Weather API,"Casalecchio di Reno, Bologna, Italy",44.4756,11.2759
2021-09-03T11:00:00+00:00,25.000,13.100,Open-Meteo Historical Weather API,"Casalecchio di Reno, Bologna, Italy",44.4756,11.2759
2021-09-03T12:00:00+00:00,25.300,11.600,Open-Meteo Historical Weather API,"Casalecchio di Reno, Bologna, Italy",44.4756,11.2759
2021-09-03T13:00:00+00:00,25.800,11.700,Open-Meteo Historical Weather API,"Casalecchio di Reno, Bologna, Italy",44.4756,11.2759
2021-09-03T14:00:00+00:00,25.500,11.400,Open-Meteo Historical Weather API,"Casalecchio di Reno, Bologna, Italy",44.4756,11.2759
2021-09-03T15:00:00+00:00,25.500,10.900,Open-Meteo Historical Weather API,"Casalecchio di Reno, Bologna, Italy",44.4756,11.2759
2021-09-03T16:00:00+00:00,25.100,10.800,Open-Meteo Historical Weather API,"Casalecchio di Reno, Bologna, Italy",44.4756,11.2759
2021-09-03T17:00:00+00:00,23.700,11.100,Open-Meteo Historical Weather API,"Casalecchio di Reno, Bologna, Italy",44.4756,11.2759
2021-09-03T18:00:00+00:00,21.600,11.100,Open-Meteo Historical Weather API,"Casalecchio di Reno, Bologna, Italy",44.4756,11.2759
2021-09-03T19:00:00+00:00,20.300,11.600,Open-Meteo Historical Weather API,"Casalecchio di Reno, Bologna, Italy",44.4756,11.2759
2021-09-03T20:00:00+00:00,19.200,11.900,Open-Meteo Historical Weather API,"Casalecchio di Reno, Bologna, Italy",44.4756,11.2759
2021-09-03T21:00:00+00:00,18.500,12.100,Open-Meteo Historical Weather API,"Casalecchio di Reno, Bologna, Italy",44.4756,11.2759
2021-09-03T22:00:00+00:00,17.800,11.800,Open-Meteo Historical Weather API,"Casalecchio di Reno, Bologna, Italy",44.4756,11.2759
2021-09-03T23:00:00+00:00,17.400,11.300,Open-Meteo Historical Weather API,"Casalecchio di Reno, Bologna, Italy",44.4756,11.2759
2021-09-04T00:00:00+00:00,19.000,10.500,Open-Meteo Historical Weather API,"Casalecchio di Reno, Bologna, Italy",44.4756,11.2759
2021-09-04T01:00:00+00:00,17.800,10.600,Open-Meteo Historical Weather API,"Casalecchio di Reno, Bologna, Italy",44.4756,11.2759
2021-09-04T02:00:00+00:00,16.900,9.700,Open-Meteo Historical Weather API,"Casalecchio di Reno, Bologna, Italy",44.4756,11.2759
2021-09-04T03:00:00+00:00,17.000,9.000,Open-Meteo Historical Weather API,"Casalecchio di Reno, Bologna, Italy",44.4756,11.2759
2021-09-04T04:00:00+00:00,16.100,8.600,Open-Meteo Historical Weather API,"Casalecchio di Reno, Bologna, Italy",44.4756,11.2759
2021-09-04T05:00:00+00:00,17.500,8.400,Open-Meteo Historical Weather API,"Casalecchio di Reno, Bologna, Italy",44.4756,11.2759
2021-09-04T06:00:00+00:00,18.500,9.700,Open-Meteo Historical Weather API,"Casalecchio di Reno, Bologna, Italy",44.4756,11.2759
2021-09-04T07:00:00+00:00,20.400,11.600,Open-Meteo Historical Weather API,"Casalecchio di Reno, Bologna, Italy",44.4756,11.2759
2021-09-04T08:00:00+00:00,21.900,13.900,Open-Meteo Historical Weather API,"Casalecchio di Reno, Bologna, Italy",44.4756,11.2759
2021-09-04T09:00:00+00:00,23.100,13.400,Open-Meteo Historical Weather API,"Casalecchio di Reno, Bologna, Italy",44.4756,11.2759
2021-09-04T10:00:00+00:00,23.700,12.600,Open-Meteo Historical Weather API,"Casalecchio di Reno, Bologna, Italy",44.4756,11.2759
2021-09-04T11:00:00+00:00,23.800,12.500,Open-Meteo Historical Weather API,"Casalecchio di Reno, Bologna, Italy",44.4756,11.2759
2021-09-04T12:00:00+00:00,23.900,10.500,Open-Meteo Historical Weather API,"Casalecchio di Reno, Bologna, Italy",44.4756,11.2759
2021-09-04T13:00:00+00:00,23.400,11.100,Open-Meteo Historical Weather API,"Casalecchio di Reno, Bologna, Italy",44.4756,11.2759
2021-09-04T14:00:00+00:00,23.600,10.900,Open-Meteo Historical Weather API,"Casalecchio di Reno, Bologna, Italy",44.4756,11.2759
2021-09-04T15:00:00+00:00,23.700,11.100,Open-Meteo Historical Weather API,"Casalecchio di Reno, Bologna, Italy",44.4756,11.2759
2021-09-04T16:00:00+00:00,23.900,11.400,Open-Meteo Historical Weather API,"Casalecchio di Reno, Bologna, Italy",44.4756,11.2759
2021-09-04T17:00:00+00:00,22.900,12.300,Open-Meteo Historical Weather API,"Casalecchio di Reno, Bologna, Italy",44.4756,11.2759
2021-09-04T18:00:00+00:00,20.500,12.600,Open-Meteo Historical Weather API,"Casalecchio di Reno, Bologna, Italy",44.4756,11.2759
2021-09-04T19:00:00+00:00,19.700,13.000,Open-Meteo Historical Weather API,"Casalecchio di Reno, Bologna, Italy",44.4756,11.2759
2021-09-04T20:00:00+00:00,18.600,13.200,Open-Meteo Historical Weather API,"Casalecchio di Reno, Bologna, Italy",44.4756,11.2759
2021-09-04T21:00:00+00:00,17.400,13.400,Open-Meteo Historical Weather API,"Casalecchio di Reno, Bologna, Italy",44.4756,11.2759
2021-09-04T22:00:00+00:00,15.800,13.400,Open-Meteo Historical Weather API,"Casalecchio di Reno, Bologna, Italy",44.4756,11.2759
2021-09-04T23:00:00+00:00,14.800,13.200,Open-Meteo Historical Weather API,"Casalecchio di Reno, Bologna, Italy",44.4756,11.2759
2021-09-05T00:00:00+00:00,14.800,13.500,Open-Meteo Historical Weather API,"Casalecchio di Reno, Bologna, Italy",44.4756,11.2759
2021-09-05T01:00:00+00:00,14.600,13.200,Open-Meteo Historical Weather API,"Casalecchio di Reno, Bologna, Italy",44.4756,11.2759
2021-09-05T02:00:00+00:00,14.500,13.100,Open-Meteo Historical Weather API,"Casalecchio di Reno, Bologna, Italy",44.4756,11.2759
2021-09-05T03:00:00+00:00,14.200,12.800,Open-Meteo Historical Weather API,"Casalecchio di Reno, Bologna, Italy",44.4756,11.2759
2021-09-05T04:00:00+00:00,13.900,12.400,Open-Meteo Historical Weather API,"Casalecchio di Reno, Bologna, Italy",44.4756,11.2759
2021-09-05T05:00:00+00:00,13.900,12.100,Open-Meteo Historical Weather API,"Casalecchio di Reno, Bologna, Italy",44.4756,11.2759
2021-09-05T06:00:00+00:00,17.000,12.600,Open-Meteo Historical Weather API,"Casalecchio di Reno, Bologna, Italy",44.4756,11.2759
2021-09-05T07:00:00+00:00,21.400,12.700,Open-Meteo Historical Weather API,"Casalecchio di Reno, Bologna, Italy",44.4756,11.2759
2021-09-05T08:00:00+00:00,23.400,13.200,Open-Meteo Historical Weather API,"Casalecchio di Reno, Bologna, Italy",44.4756,11.2759
2021-09-05T09:00:00+00:00,24.800,13.100,Open-Meteo Historical Weather API,"Casalecchio di Reno, Bologna, Italy",44.4756,11.2759
2021-09-05T10:00:00+00:00,26.000,12.800,Open-Meteo Historical Weather API,"Casalecchio di Reno, Bologna, Italy",44.4756,11.2759
2021-09-05T11:00:00+00:00,27.000,12.500,Open-Meteo Historical Weather API,"Casalecchio di Reno, Bologna, Italy",44.4756,11.2759
2021-09-05T12:00:00+00:00,27.600,11.400,Open-Meteo Historical Weather API,"Casalecchio di Reno, Bologna, Italy",44.4756,11.2759
2021-09-05T13:00:00+00:00,28.000,11.400,Open-Meteo Historical Weather API,"Casalecchio di Reno, Bologna, Italy",44.4756,11.2759
2021-09-05T14:00:00+00:00,28.000,11.400,Open-Meteo Historical Weather API,"Casalecchio di Reno, Bologna, Italy",44.4756,11.2759
2021-09-05T15:00:00+00:00,27.800,11.000,Open-Meteo Historical Weather API,"Casalecchio di Reno, Bologna, Italy",44.4756,11.2759
2021-09-05T16:00:00+00:00,26.900,10.900,Open-Meteo Historical Weather API,"Casalecchio di Reno, Bologna, Italy",44.4756,11.2759
2021-09-05T17:00:00+00:00,24.900,10.800,Open-Meteo Historical Weather API,"Casalecchio di Reno, Bologna, Italy",44.4756,11.2759
2021-09-05T18:00:00+00:00,22.300,9.600,Open-Meteo Historical Weather API,"Casalecchio di Reno, Bologna, Italy",44.4756,11.2759
2021-09-05T19:00:00+00:00,20.400,9.600,Open-Meteo Historical Weather API,"Casalecchio di Reno, Bologna, Italy",44.4756,11.2759
2021-09-05T20:00:00+00:00,19.800,9.300,Open-Meteo Historical Weather API,"Casalecchio di Reno, Bologna, Italy",44.4756,11.2759
2021-09-05T21:00:00+00:00,19.000,9.300,Open-Meteo Historical Weather API,"Casalecchio di Reno, Bologna, Italy",44.4756,11.2759
2021-09-05T22:00:00+00:00,17.400,9.400,Open-Meteo Historical Weather API,"Casalecchio di Reno, Bologna, Italy",44.4756,11.2759
2021-09-05T23:00:00+00:00,16.200,9.600,Open-Meteo Historical Weather API,"Casalecchio di Reno, Bologna, Italy",44.4756,11.2759
2021-09-06T00:00:00+00:00,17.000,9.600,Open-Meteo Historical Weather API,"Casalecchio di Reno, Bologna, Italy",44.4756,11.2759
2021-09-06T01:00:00+00:00,16.300,9.600,Open-Meteo Historical Weather API,"Casalecchio di Reno, Bologna, Italy",44.4756,11.2759
2021-09-06T02:00:00+00:00,16.300,9.100,Open-Meteo Historical Weather API,"Casalecchio di Reno, Bologna, Italy",44.4756,11.2759
2021-09-06T03:00:00+00:00,16.600,8.900,Open-Meteo Historical Weather API,"Casalecchio di Reno, Bologna, Italy",44.4756,11.2759
2021-09-06T04:00:00+00:00,16.000,8.900,Open-Meteo Historical Weather API,"Casalecchio di Reno, Bologna, Italy",44.4756,11.2759
2021-09-06T05:00:00+00:00,15.900,9.100,Open-Meteo Historical Weather API,"Casalecchio di Reno, Bologna, Italy",44.4756,11.2759
2021-09-06T06:00:00+00:00,17.800,10.300,Open-Meteo Historical Weather API,"Casalecchio di Reno, Bologna, Italy",44.4756,11.2759
2021-09-06T07:00:00+00:00,20.200,12.200,Open-Meteo Historical Weather API,"Casalecchio di Reno, Bologna, Italy",44.4756,11.2759
2021-09-06T08:00:00+00:00,22.100,13.300,Open-Meteo Historical Weather API,"Casalecchio di Reno, Bologna, Italy",44.4756,11.2759
2021-09-06T09:00:00+00:00,23.800,12.800,Open-Meteo Historical Weather API,"Casalecchio di Reno, Bologna, Italy",44.4756,11.2759
2021-09-06T10:00:00+00:00,25.500,11.400,Open-Meteo Historical Weather API,"Casalecchio di Reno, Bologna, Italy",44.4756,11.2759
2021-09-06T11:00:00+00:00,26.900,10.900,Open-Meteo Historical Weather API,"Casalecchio di Reno, Bologna, Italy",44.4756,11.2759
2021-09-06T12:00:00+00:00,27.000,10.900,Open-Meteo Historical Weather API,"Casalecchio di Reno, Bologna, Italy",44.4756,11.2759
2021-09-06T13:00:00+00:00,27.800,9.400,Open-Meteo Historical Weather API,"Casalecchio di Reno, Bologna, Italy",44.4756,11.2759
2021-09-06T14:00:00+00:00,28.000,8.400,Open-Meteo Historical Weather API,"Casalecchio di Reno, Bologna, Italy",44.4756,11.2759
2021-09-06T15:00:00+00:00,27.600,8.100,Open-Meteo Historical Weather API,"Casalecchio di Reno, Bologna, Italy",44.4756,11.2759
2021-09-06T16:00:00+00:00,26.800,7.600,Open-Meteo Historical Weather API,"Casalecchio di Reno, Bologna, Italy",44.4756,11.2759
2021-09-06T17:00:00+00:00,25.000,7.600,Open-Meteo Historical Weather API,"Casalecchio di Reno, Bologna, Italy",44.4756,11.2759
2021-09-06T18:00:00+00:00,22.300,7.800,Open-Meteo Historical Weather API,"Casalecchio di Reno, Bologna, Italy",44.4756,11.2759
2021-09-06T19:00:00+00:00,20.500,9.500,Open-Meteo Historical Weather API,"Casalecchio di Reno, Bologna, Italy",44.4756,11.2759
2021-09-06T20:00:00+00:00,19.400,10.700,Open-Meteo Historical Weather API,"Casalecchio di Reno, Bologna, Italy",44.4756,11.2759
2021-09-06T21:00:00+00:00,18.300,11.000,Open-Meteo Historical Weather API,"Casalecchio di Reno, Bologna, Italy",44.4756,11.2759
2021-09-06T22:00:00+00:00,17.500,10.900,Open-Meteo Historical Weather API,"Casalecchio di Reno, Bologna, Italy",44.4756,11.2759
2021-09-06T23:00:00+00:00,15.900,10.800,Open-Meteo Historical Weather API,"Casalecchio di Reno, Bologna, Italy",44.4756,11.2759
2021-09-07T00:00:00+00:00,15.100,10.800,Open-Meteo Historical Weather API,"Casalecchio di Reno, Bologna, Italy",44.4756,11.2759
2021-09-07T01:00:00+00:00,14.400,10.200,Open-Meteo Historical Weather API,"Casalecchio di Reno, Bologna, Italy",44.4756,11.2759
2021-09-07T02:00:00+00:00,14.200,9.500,Open-Meteo Historical Weather API,"Casalecchio di Reno, Bologna, Italy",44.4756,11.2759
2021-09-07T03:00:00+00:00,14.500,8.800,Open-Meteo Historical Weather API,"Casalecchio di Reno, Bologna, Italy",44.4756,11.2759
2021-09-07T04:00:00+00:00,15.200,7.900,Open-Meteo Historical Weather API,"Casalecchio di Reno, Bologna, Italy",44.4756,11.2759
2021-09-07T05:00:00+00:00,15.400,7.500,Open-Meteo Historical Weather API,"Casalecchio di Reno, Bologna, Italy",44.4756,11.2759
2021-09-07T06:00:00+00:00,17.900,8.400,Open-Meteo Historical Weather API,"Casalecchio di Reno, Bologna, Italy",44.4756,11.2759
2021-09-07T07:00:00+00:00,21.000,8.800,Open-Meteo Historical Weather API,"Casalecchio di Reno, Bologna, Italy",44.4756,11.2759
2021-09-07T08:00:00+00:00,22.700,9.900,Open-Meteo Historical Weather API,"Casalecchio di Reno, Bologna, Italy",44.4756,11.2759
2021-09-07T09:00:00+00:00,24.400,10.800,Open-Meteo Historical Weather API,"Casalecchio di Reno, Bologna, Italy",44.4756,11.2759
2021-09-07T10:00:00+00:00,25.900,9.400,Open-Meteo Historical Weather API,"Casalecchio di Reno, Bologna, Italy",44.4756,11.2759
2021-09-07T11:00:00+00:00,26.900,9.300,Open-Meteo Historical Weather API,"Casalecchio di Reno, Bologna, Italy",44.4756,11.2759
2021-09-07T12:00:00+00:00,27.100,9.300,Open-Meteo Historical Weather API,"Casalecchio di Reno, Bologna, Italy",44.4756,11.2759
2021-09-07T13:00:00+00:00,27.100,9.900,Open-Meteo Historical Weather API,"Casalecchio di Reno, Bologna, Italy",44.4756,11.2759
2021-09-07T14:00:00+00:00,27.400,10.400,Open-Meteo Historical Weather API,"Casalecchio di Reno, Bologna, Italy",44.4756,11.2759
2021-09-07T15:00:00+00:00,27.500,10.600,Open-Meteo Historical Weather API,"Casalecchio di Reno, Bologna, Italy",44.4756,11.2759
2021-09-07T16:00:00+00:00,26.900,10.600,Open-Meteo Historical Weather API,"Casalecchio di Reno, Bologna, Italy",44.4756,11.2759
2021-09-07T17:00:00+00:00,25.400,10.900,Open-Meteo Historical Weather API,"Casalecchio di Reno, Bologna, Italy",44.4756,11.2759
2021-09-07T18:00:00+00:00,23.600,10.600,Open-Meteo Historical Weather API,"Casalecchio di Reno, Bologna, Italy",44.4756,11.2759
2021-09-07T19:00:00+00:00,21.200,10.800,Open-Meteo Historical Weather API,"Casalecchio di Reno, Bologna, Italy",44.4756,11.2759
2021-09-07T20:00:00+00:00,20.500,10.800,Open-Meteo Historical Weather API,"Casalecchio di Reno, Bologna, Italy",44.4756,11.2759
2021-09-07T21:00:00+00:00,18.900,10.400,Open-Meteo Historical Weather API,"Casalecchio di Reno, Bologna, Italy",44.4756,11.2759
2021-09-07T22:00:00+00:00,18.200,9.900,Open-Meteo Historical Weather API,"Casalecchio di Reno, Bologna, Italy",44.4756,11.2759
2021-09-07T23:00:00+00:00,17.100,9.400,Open-Meteo Historical Weather API,"Casalecchio di Reno, Bologna, Italy",44.4756,11.2759
2021-09-08T00:00:00+00:00,17.400,8.100,Open-Meteo Historical Weather API,"Casalecchio di Reno, Bologna, Italy",44.4756,11.2759
2021-09-08T01:00:00+00:00,16.900,7.400,Open-Meteo Historical Weather API,"Casalecchio di Reno, Bologna, Italy",44.4756,11.2759
2021-09-08T02:00:00+00:00,15.400,7.400,Open-Meteo Historical Weather API,"Casalecchio di Reno, Bologna, Italy",44.4756,11.2759
2021-09-08T03:00:00+00:00,14.400,7.800,Open-Meteo Historical Weather API,"Casalecchio di Reno, Bologna, Italy",44.4756,11.2759
2021-09-08T04:00:00+00:00,13.800,8.100,Open-Meteo Historical Weather API,"Casalecchio di Reno, Bologna, Italy",44.4756,11.2759
2021-09-08T05:00:00+00:00,13.600,8.400,Open-Meteo Historical Weather API,"Casalecchio di Reno, Bologna, Italy",44.4756,11.2759
2021-09-08T06:00:00+00:00,16.300,9.400,Open-Meteo Historical Weather API,"Casalecchio di Reno, Bologna, Italy",44.4756,11.2759
2021-09-08T07:00:00+00:00,20.500,8.900,Open-Meteo Historical Weather API,"Casalecchio di Reno, Bologna, Italy",44.4756,11.2759
2021-09-08T08:00:00+00:00,22.400,10.400,Open-Meteo Historical Weather API,"Casalecchio di Reno, Bologna, Italy",44.4756,11.2759
2021-09-08T09:00:00+00:00,24.000,12.100,Open-Meteo Historical Weather API,"Casalecchio di Reno, Bologna, Italy",44.4756,11.2759
2021-09-08T10:00:00+00:00,25.400,11.800,Open-Meteo Historical Weather API,"Casalecchio di Reno, Bologna, Italy",44.4756,11.2759
2021-09-08T11:00:00+00:00,26.500,10.800,Open-Meteo Historical Weather API,"Casalecchio di Reno, Bologna, Italy",44.4756,11.2759
2021-09-08T12:00:00+00:00,26.800,9.100,Open-Meteo Historical Weather API,"Casalecchio di Reno, Bologna, Italy",44.4756,11.2759
2021-09-08T13:00:00+00:00,27.300,8.800,Open-Meteo Historical Weather API,"Casalecchio di Reno, Bologna, Italy",44.4756,11.2759
2021-09-08T14:00:00+00:00,27.300,8.900,Open-Meteo Historical Weather API,"Casalecchio di Reno, Bologna, Italy",44.4756,11.2759
2021-09-08T15:00:00+00:00,27.000,8.700,Open-Meteo Historical Weather API,"Casalecchio di Reno, Bologna, Italy",44.4756,11.2759
2021-09-08T16:00:00+00:00,26.300,8.600,Open-Meteo Historical Weather API,"Casalecchio di Reno, Bologna, Italy",44.4756,11.2759
2021-09-08T17:00:00+00:00,24.600,9.200,Open-Meteo Historical Weather API,"Casalecchio di Reno, Bologna, Italy",44.4756,11.2759
2021-09-08T18:00:00+00:00,22.200,9.600,Open-Meteo Historical Weather API,"Casalecchio di Reno, Bologna, Italy",44.4756,11.2759
2021-09-08T19:00:00+00:00,20.500,10.600,Open-Meteo Historical Weather API,"Casalecchio di Reno, Bologna, Italy",44.4756,11.2759
2021-09-08T20:00:00+00:00,19.000,11.900,Open-Meteo Historical Weather API,"Casalecchio di Reno, Bologna, Italy",44.4756,11.2759
2021-09-08T21:00:00+00:00,17.600,12.600,Open-Meteo Historical Weather API,"Casalecchio di Reno, Bologna, Italy",44.4756,11.2759
2021-09-08T22:00:00+00:00,16.600,12.400,Open-Meteo Historical Weather API,"Casalecchio di Reno, Bologna, Italy",44.4756,11.2759
2021-09-08T23:00:00+00:00,16.100,11.800,Open-Meteo Historical Weather API,"Casalecchio di Reno, Bologna, Italy",44.4756,11.2759
2021-09-09T00:00:00+00:00,15.900,10.000,Open-Meteo Historical Weather API,"Casalecchio di Reno, Bologna, Italy",44.4756,11.2759
2021-09-09T01:00:00+00:00,15.200,9.800,Open-Meteo Historical Weather API,"Casalecchio di Reno, Bologna, Italy",44.4756,11.2759
2021-09-09T02:00:00+00:00,14.400,9.900,Open-Meteo Historical Weather API,"Casalecchio di Reno, Bologna, Italy",44.4756,11.2759
2021-09-09T03:00:00+00:00,14.000,9.900,Open-Meteo Historical Weather API,"Casalecchio di Reno, Bologna, Italy",44.4756,11.2759
2021-09-09T04:00:00+00:00,14.100,10.200,Open-Meteo Historical Weather API,"Casalecchio di Reno, Bologna, Italy",44.4756,11.2759
2021-09-09T05:00:00+00:00,14.200,10.400,Open-Meteo Historical Weather API,"Casalecchio di Reno, Bologna, Italy",44.4756,11.2759
2021-09-09T06:00:00+00:00,16.900,11.100,Open-Meteo Historical Weather API,"Casalecchio di Reno, Bologna, Italy",44.4756,11.2759
2021-09-09T07:00:00+00:00,20.500,11.700,Open-Meteo Historical Weather API,"Casalecchio di Reno, Bologna, Italy",44.4756,11.2759
2021-09-09T08:00:00+00:00,22.500,12.900,Open-Meteo Historical Weather API,"Casalecchio di Reno, Bologna, Italy",44.4756,11.2759
2021-09-09T09:00:00+00:00,24.200,12.300,Open-Meteo Historical Weather API,"Casalecchio di Reno, Bologna, Italy",44.4756,11.2759
2021-09-09T10:00:00+00:00,25.900,10.400,Open-Meteo Historical Weather API,"Casalecchio di Reno, Bologna, Italy",44.4756,11.2759
2021-09-09T11:00:00+00:00,27.000,9.500,Open-Meteo Historical Weather API,"Casalecchio di Reno, Bologna, Italy",44.4756,11.2759
2021-09-09T12:00:00+00:00,27.400,7.700,Open-Meteo Historical Weather API,"Casalecchio di Reno, Bologna, Italy",44.4756,11.2759
2021-09-09T13:00:00+00:00,27.800,7.300,Open-Meteo Historical Weather API,"Casalecchio di Reno, Bologna, Italy",44.4756,11.2759
2021-09-09T14:00:00+00:00,27.900,7.100,Open-Meteo Historical Weather API,"Casalecchio di Reno, Bologna, Italy",44.4756,11.2759
2021-09-09T15:00:00+00:00,27.700,7.100,Open-Meteo Historical Weather API,"Casalecchio di Reno, Bologna, Italy",44.4756,11.2759
2021-09-09T16:00:00+00:00,27.000,7.100,Open-Meteo Historical Weather API,"Casalecchio di Reno, Bologna, Italy",44.4756,11.2759
2021-09-09T17:00:00+00:00,25.100,8.200,Open-Meteo Historical Weather API,"Casalecchio di Reno, Bologna, Italy",44.4756,11.2759
2021-09-09T18:00:00+00:00,22.900,10.400,Open-Meteo Historical Weather API,"Casalecchio di Reno, Bologna, Italy",44.4756,11.2759
2021-09-09T19:00:00+00:00,21.700,10.700,Open-Meteo Historical Weather API,"Casalecchio di Reno, Bologna, Italy",44.4756,11.2759
2021-09-09T20:00:00+00:00,20.600,10.400,Open-Meteo Historical Weather API,"Casalecchio di Reno, Bologna, Italy",44.4756,11.2759
2021-09-09T21:00:00+00:00,19.500,10.600,Open-Meteo Historical Weather API,"Casalecchio di Reno, Bologna, Italy",44.4756,11.2759
2021-09-09T22:00:00+00:00,19.000,10.900,Open-Meteo Historical Weather API,"Casalecchio di Reno, Bologna, Italy",44.4756,11.2759
2021-09-09T23:00:00+00:00,18.500,11.000,Open-Meteo Historical Weather API,"Casalecchio di Reno, Bologna, Italy",44.4756,11.2759
2021-09-10T00:00:00+00:00,16.600,11.200,Open-Meteo Historical Weather API,"Casalecchio di Reno, Bologna, Italy",44.4756,11.2759
2021-09-10T01:00:00+00:00,15.800,11.300,Open-Meteo Historical Weather API,"Casalecchio di Reno, Bologna, Italy",44.4756,11.2759
2021-09-10T02:00:00+00:00,15.600,11.200,Open-Meteo Historical Weather API,"Casalecchio di Reno, Bologna, Italy",44.4756,11.2759
2021-09-10T03:00:00+00:00,15.700,11.000,Open-Meteo Historical Weather API,"Casalecchio di Reno, Bologna, Italy",44.4756,11.2759
2021-09-10T04:00:00+00:00,15.100,11.000,Open-Meteo Historical Weather API,"Casalecchio di Reno, Bologna, Italy",44.4756,11.2759
2021-09-10T05:00:00+00:00,15.900,10.700,Open-Meteo Historical Weather API,"Casalecchio di Reno, Bologna, Italy",44.4756,11.2759
2021-09-10T06:00:00+00:00,18.500,11.100,Open-Meteo Historical Weather API,"Casalecchio di Reno, Bologna, Italy",44.4756,11.2759
2021-09-10T07:00:00+00:00,22.000,11.400,Open-Meteo Historical Weather API,"Casalecchio di Reno, Bologna, Italy",44.4756,11.2759
2021-09-10T08:00:00+00:00,24.100,11.700,Open-Meteo Historical Weather API,"Casalecchio di Reno, Bologna, Italy",44.4756,11.2759
2021-09-10T09:00:00+00:00,25.800,10.800,Open-Meteo Historical Weather API,"Casalecchio di Reno, Bologna, Italy",44.4756,11.2759
2021-09-10T10:00:00+00:00,27.100,10.400,Open-Meteo Historical Weather API,"Casalecchio di Reno, Bologna, Italy",44.4756,11.2759
2021-09-10T11:00:00+00:00,28.100,10.400,Open-Meteo Historical Weather API,"Casalecchio di Reno, Bologna, Italy",44.4756,11.2759
2021-09-10T12:00:00+00:00,27.500,9.200,Open-Meteo Historical Weather API,"Casalecchio di Reno, Bologna, Italy",44.4756,11.2759
2021-09-10T13:00:00+00:00,28.100,9.400,Open-Meteo Historical Weather API,"Casalecchio di Reno, Bologna, Italy",44.4756,11.2759
2021-09-10T14:00:00+00:00,28.200,9.800,Open-Meteo Historical Weather API,"Casalecchio di Reno, Bologna, Italy",44.4756,11.2759
2021-09-10T15:00:00+00:00,27.900,10.200,Open-Meteo Historical Weather API,"Casalecchio di Reno, Bologna, Italy",44.4756,11.2759
2021-09-10T16:00:00+00:00,26.900,10.900,Open-Meteo Historical Weather API,"Casalecchio di Reno, Bologna, Italy",44.4756,11.2759
2021-09-10T17:00:00+00:00,25.100,11.400,Open-Meteo Historical Weather API,"Casalecchio di Reno, Bologna, Italy",44.4756,11.2759
2021-09-10T18:00:00+00:00,23.000,12.100,Open-Meteo Historical Weather API,"Casalecchio di Reno, Bologna, Italy",44.4756,11.2759
2021-09-10T19:00:00+00:00,21.500,13.900,Open-Meteo Historical Weather API,"Casalecchio di Reno, Bologna, Italy",44.4756,11.2759
2021-09-10T20:00:00+00:00,20.100,14.900,Open-Meteo Historical Weather API,"Casalecchio di Reno, Bologna, Italy",44.4756,11.2759
2021-09-10T21:00:00+00:00,19.400,14.800,Open-Meteo Historical Weather API,"Casalecchio di Reno, Bologna, Italy",44.4756,11.2759
2021-09-10T22:00:00+00:00,18.000,14.600,Open-Meteo Historical Weather API,"Casalecchio di Reno, Bologna, Italy",44.4756,11.2759
2021-09-10T23:00:00+00:00,17.000,14.400,Open-Meteo Historical Weather API,"Casalecchio di Reno, Bologna, Italy",44.4756,11.2759
2021-09-11T00:00:00+00:00,18.000,13.400,Open-Meteo Historical Weather API,"Casalecchio di Reno, Bologna, Italy",44.4756,11.2759
2021-09-11T01:00:00+00:00,17.400,12.800,Open-Meteo Historical Weather API,"Casalecchio di Reno, Bologna, Italy",44.4756,11.2759
2021-09-11T02:00:00+00:00,17.400,12.100,Open-Meteo Historical Weather API,"Casalecchio di Reno, Bologna, Italy",44.4756,11.2759
2021-09-11T03:00:00+00:00,17.200,11.600,Open-Meteo Historical Weather API,"Casalecchio di Reno, Bologna, Italy",44.4756,11.2759
2021-09-11T04:00:00+00:00,17.600,11.200,Open-Meteo Historical Weather API,"Casalecchio di Reno, Bologna, Italy",44.4756,11.2759
2021-09-11T05:00:00+00:00,17.400,11.200,Open-Meteo Historical Weather API,"Casalecchio di Reno, Bologna, Italy",44.4756,11.2759
2021-09-11T06:00:00+00:00,19.200,11.400,Open-Meteo Historical Weather API,"Casalecchio di Reno, Bologna, Italy",44.4756,11.2759
2021-09-11T07:00:00+00:00,21.800,10.600,Open-Meteo Historical Weather API,"Casalecchio di Reno, Bologna, Italy",44.4756,11.2759
2021-09-11T08:00:00+00:00,23.200,10.900,Open-Meteo Historical Weather API,"Casalecchio di Reno, Bologna, Italy",44.4756,11.2759
2021-09-11T09:00:00+00:00,24.800,11.600,Open-Meteo Historical Weather API,"Casalecchio di Reno, Bologna, Italy",44.4756,11.2759
2021-09-11T10:00:00+00:00,25.900,11.600,Open-Meteo Historical Weather API,"Casalecchio di Reno, Bologna, Italy",44.4756,11.2759
2021-09-11T11:00:00+00:00,27.000,11.600,Open-Meteo Historical Weather API,"Casalecchio di Reno, Bologna, Italy",44.4756,11.2759
2021-09-11T12:00:00+00:00,27.000,10.100,Open-Meteo Historical Weather API,"Casalecchio di Reno, Bologna, Italy",44.4756,11.2759
2021-09-11T13:00:00+00:00,27.500,9.900,Open-Meteo Historical Weather API,"Casalecchio di Reno, Bologna, Italy",44.4756,11.2759
2021-09-11T14:00:00+00:00,27.500,9.900,Open-Meteo Historical Weather API,"Casalecchio di Reno, Bologna, Italy",44.4756,11.2759
2021-09-11T15:00:00+00:00,27.200,10.100,Open-Meteo Historical Weather API,"Casalecchio di Reno, Bologna, Italy",44.4756,11.2759
2021-09-11T16:00:00+00:00,26.600,10.300,Open-Meteo Historical Weather API,"Casalecchio di Reno, Bologna, Italy",44.4756,11.2759
2021-09-11T17:00:00+00:00,24.400,14.100,Open-Meteo Historical Weather API,"Casalecchio di Reno, Bologna, Italy",44.4756,11.2759
2021-09-11T18:00:00+00:00,22.600,11.600,Open-Meteo Historical Weather API,"Casalecchio di Reno, Bologna, Italy",44.4756,11.2759
2021-09-11T19:00:00+00:00,21.900,11.200,Open-Meteo Historical Weather API,"Casalecchio di Reno, Bologna, Italy",44.4756,11.2759
2021-09-11T20:00:00+00:00,20.600,11.300,Open-Meteo Historical Weather API,"Casalecchio di Reno, Bologna, Italy",44.4756,11.2759
2021-09-11T21:00:00+00:00,19.500,11.300,Open-Meteo Historical Weather API,"Casalecchio di Reno, Bologna, Italy",44.4756,11.2759
2021-09-11T22:00:00+00:00,18.100,11.300,Open-Meteo Historical Weather API,"Casalecchio di Reno, Bologna, Italy",44.4756,11.2759
2021-09-11T23:00:00+00:00,16.600,11.500,Open-Meteo Historical Weather API,"Casalecchio di Reno, Bologna, Italy",44.4756,11.2759
2021-09-12T00:00:00+00:00,17.000,11.100,Open-Meteo Historical Weather API,"Casalecchio di Reno, Bologna, Italy",44.4756,11.2759
2021-09-12T01:00:00+00:00,16.200,11.200,Open-Meteo Historical Weather API,"Casalecchio di Reno, Bologna, Italy",44.4756,11.2759
2021-09-12T02:00:00+00:00,16.000,11.300,Open-Meteo Historical Weather API,"Casalecchio di Reno, Bologna, Italy",44.4756,11.2759
2021-09-12T03:00:00+00:00,15.700,11.400,Open-Meteo Historical Weather API,"Casalecchio di Reno, Bologna, Italy",44.4756,11.2759
2021-09-12T04:00:00+00:00,15.300,11.400,Open-Meteo Historical Weather API,"Casalecchio di Reno, Bologna, Italy",44.4756,11.2759
2021-09-12T05:00:00+00:00,14.800,11.400,Open-Meteo Historical Weather API,"Casalecchio di Reno, Bologna, Italy",44.4756,11.2759
2021-09-12T06:00:00+00:00,17.200,11.800,Open-Meteo Historical Weather API,"Casalecchio di Reno, Bologna, Italy",44.4756,11.2759
2021-09-12T07:00:00+00:00,22.400,12.400,Open-Meteo Historical Weather API,"Casalecchio di Reno, Bologna, Italy",44.4756,11.2759
2021-09-12T08:00:00+00:00,24.800,11.800,Open-Meteo Historical Weather API,"Casalecchio di Reno, Bologna, Italy",44.4756,11.2759
2021-09-12T09:00:00+00:00,26.000,11.600,Open-Meteo Historical Weather API,"Casalecchio di Reno, Bologna, Italy",44.4756,11.2759
2021-09-12T10:00:00+00:00,27.200,11.100,Open-Meteo Historical Weather API,"Casalecchio di Reno, Bologna, Italy",44.4756,11.2759
2021-09-12T11:00:00+00:00,28.100,11.000,Open-Meteo Historical Weather API,"Casalecchio di Reno, Bologna, Italy",44.4756,11.2759
2021-09-12T12:00:00+00:00,28.500,9.400,Open-Meteo Historical Weather API,"Casalecchio di Reno, Bologna, Italy",44.4756,11.2759
2021-09-12T13:00:00+00:00,29.000,9.600,Open-Meteo Historical Weather API,"Casalecchio di Reno, Bologna, Italy",44.4756,11.2759
2021-09-12T14:00:00+00:00,29.100,9.900,Open-Meteo Historical Weather API,"Casalecchio di Reno, Bologna, Italy",44.4756,11.2759
2021-09-12T15:00:00+00:00,28.900,10.100,Open-Meteo Historical Weather API,"Casalecchio di Reno, Bologna, Italy",44.4756,11.2759
2021-09-12T16:00:00+00:00,28.200,10.400,Open-Meteo Historical Weather API,"Casalecchio di Reno, Bologna, Italy",44.4756,11.2759
2021-09-12T17:00:00+00:00,25.400,14.100,Open-Meteo Historical Weather API,"Casalecchio di Reno, Bologna, Italy",44.4756,11.2759
2021-09-12T18:00:00+00:00,23.000,12.000,Open-Meteo Historical Weather API,"Casalecchio di Reno, Bologna, Italy",44.4756,11.2759
2021-09-12T19:00:00+00:00,22.800,12.100,Open-Meteo Historical Weather API,"Casalecchio di Reno, Bologna, Italy",44.4756,11.2759
2021-09-12T20:00:00+00:00,21.200,12.500,Open-Meteo Historical Weather API,"Casalecchio di Reno, Bologna, Italy",44.4756,11.2759
2021-09-12T21:00:00+00:00,20.400,12.100,Open-Meteo Historical Weather API,"Casalecchio di Reno, Bologna, Italy",44.4756,11.2759
2021-09-12T22:00:00+00:00,19.200,12.000,Open-Meteo Historical Weather API,"Casalecchio di Reno, Bologna, Italy",44.4756,11.2759
2021-09-12T23:00:00+00:00,18.500,12.100,Open-Meteo Historical Weather API,"Casalecchio di Reno, Bologna, Italy",44.4756,11.2759
2021-09-13T00:00:00+00:00,17.500,11.800,Open-Meteo Historical Weather API,"Casalecchio di Reno, Bologna, Italy",44.4756,11.2759
2021-09-13T01:00:00+00:00,17.800,11.500,Open-Meteo Historical Weather API,"Casalecchio di Reno, Bologna, Italy",44.4756,11.2759
2021-09-13T02:00:00+00:00,17.500,11.200,Open-Meteo Historical Weather API,"Casalecchio di Reno, Bologna, Italy",44.4756,11.2759
2021-09-13T03:00:00+00:00,17.200,11.100,Open-Meteo Historical Weather API,"Casalecchio di Reno, Bologna, Italy",44.4756,11.2759
2021-09-13T04:00:00+00:00,16.700,10.900,Open-Meteo Historical Weather API,"Casalecchio di Reno, Bologna, Italy",44.4756,11.2759
2021-09-13T05:00:00+00:00,16.200,10.500,Open-Meteo Historical Weather API,"Casalecchio di Reno, Bologna, Italy",44.4756,11.2759
2021-09-13T06:00:00+00:00,19.000,9.900,Open-Meteo Historical Weather API,"Casalecchio di Reno, Bologna, Italy",44.4756,11.2759
2021-09-13T07:00:00+00:00,22.900,10.500,Open-Meteo Historical Weather API,"Casalecchio di Reno, Bologna, Italy",44.4756,11.2759
2021-09-13T08:00:00+00:00,25.900,9.100,Open-Meteo Historical Weather API,"Casalecchio di Reno, Bologna, Italy",44.4756,11.2759
2021-09-13T09:00:00+00:00,27.900,8.200,Open-Meteo Historical Weather API,"Casalecchio di Reno, Bologna, Italy",44.4756,11.2759
2021-09-13T10:00:00+00:00,29.200,8.400,Open-Meteo Historical Weather API,"Casalecchio di Reno, Bologna, Italy",44.4756,11.2759
2021-09-13T11:00:00+00:00,30.200,8.400,Open-Meteo Historical Weather API,"Casalecchio di Reno, Bologna, Italy",44.4756,11.2759
2021-09-13T12:00:00+00:00,30.000,9.200,Open-Meteo Historical Weather API,"Casalecchio di Reno, Bologna, Italy",44.4756,11.2759
2021-09-13T13:00:00+00:00,30.600,9.100,Open-Meteo Historical Weather API,"Casalecchio di Reno, Bologna, Italy",44.4756,11.2759
2021-09-13T14:00:00+00:00,30.600,8.900,Open-Meteo Historical Weather API,"Casalecchio di Reno, Bologna, Italy",44.4756,11.2759
2021-09-13T15:00:00+00:00,30.500,9.000,Open-Meteo Historical Weather API,"Casalecchio di Reno, Bologna, Italy",44.4756,11.2759
2021-09-13T16:00:00+00:00,29.700,9.200,Open-Meteo Historical Weather API,"Casalecchio di Reno, Bologna, Italy",44.4756,11.2759
2021-09-13T17:00:00+00:00,27.000,10.100,Open-Meteo Historical Weather API,"Casalecchio di Reno, Bologna, Italy",44.4756,11.2759
2021-09-13T18:00:00+00:00,25.300,10.100,Open-Meteo Historical Weather API,"Casalecchio di Reno, Bologna, Italy",44.4756,11.2759
2021-09-13T19:00:00+00:00,24.400,10.500,Open-Meteo Historical Weather API,"Casalecchio di Reno, Bologna, Italy",44.4756,11.2759
2021-09-13T20:00:00+00:00,23.300,10.400,Open-Meteo Historical Weather API,"Casalecchio di Reno, Bologna, Italy",44.4756,11.2759
2021-09-13T21:00:00+00:00,22.200,10.400,Open-Meteo Historical Weather API,"Casalecchio di Reno, Bologna, Italy",44.4756,11.2759
2021-09-13T22:00:00+00:00,21.600,11.100,Open-Meteo Historical Weather API,"Casalecchio di Reno, Bologna, Italy",44.4756,11.2759
2021-09-13T23:00:00+00:00,21.000,12.000,Open-Meteo Historical Weather API,"Casalecchio di Reno, Bologna, Italy",44.4756,11.2759
2021-09-14T00:00:00+00:00,20.600,13.400,Open-Meteo Historical Weather API,"Casalecchio di Reno, Bologna, Italy",44.4756,11.2759
2021-09-14T01:00:00+00:00,20.300,15.000,Open-Meteo Historical Weather API,"Casalecchio di Reno, Bologna, Italy",44.4756,11.2759
2021-09-14T02:00:00+00:00,20.000,15.200,Open-Meteo Historical Weather API,"Casalecchio di Reno, Bologna, Italy",44.4756,11.2759
2021-09-14T03:00:00+00:00,19.500,15.000,Open-Meteo Historical Weather API,"Casalecchio di Reno, Bologna, Italy",44.4756,11.2759
2021-09-14T04:00:00+00:00,19.200,14.700,Open-Meteo Historical Weather API,"Casalecchio di Reno, Bologna, Italy",44.4756,11.2759
2021-09-14T05:00:00+00:00,18.700,14.600,Open-Meteo Historical Weather API,"Casalecchio di Reno, Bologna, Italy",44.4756,11.2759
2021-09-14T06:00:00+00:00,20.100,14.600,Open-Meteo Historical Weather API,"Casalecchio di Reno, Bologna, Italy",44.4756,11.2759
2021-09-14T07:00:00+00:00,23.900,14.500,Open-Meteo Historical Weather API,"Casalecchio di Reno, Bologna, Italy",44.4756,11.2759
2021-09-14T08:00:00+00:00,26.200,11.500,Open-Meteo Historical Weather API,"Casalecchio di Reno, Bologna, Italy",44.4756,11.2759
2021-09-14T09:00:00+00:00,27.800,11.200,Open-Meteo Historical Weather API,"Casalecchio di Reno, Bologna, Italy",44.4756,11.2759
2021-09-14T10:00:00+00:00,29.200,10.900,Open-Meteo Historical Weather API,"Casalecchio di Reno, Bologna, Italy",44.4756,11.2759
2021-09-14T11:00:00+00:00,30.300,10.700,Open-Meteo Historical Weather API,"Casalecchio di Reno, Bologna, Italy",44.4756,11.2759
2021-09-14T12:00:00+00:00,30.300,9.800,Open-Meteo Historical Weather API,"Casalecchio di Reno, Bologna, Italy",44.4756,11.2759
2021-09-14T13:00:00+00:00,30.900,9.700,Open-Meteo Historical Weather API,"Casalecchio di Reno, Bologna, Italy",44.4756,11.2759
2021-09-14T14:00:00+00:00,31.000,9.600,Open-Meteo Historical Weather API,"Casalecchio di Reno, Bologna, Italy",44.4756,11.2759
2021-09-14T15:00:00+00:00,30.900,9.600,Open-Meteo Historical Weather API,"Casalecchio di Reno, Bologna, Italy",44.4756,11.2759
2021-09-14T16:00:00+00:00,30.300,9.600,Open-Meteo Historical Weather API,"Casalecchio di Reno, Bologna, Italy",44.4756,11.2759
2021-09-14T17:00:00+00:00,27.500,13.100,Open-Meteo Historical Weather API,"Casalecchio di Reno, Bologna, Italy",44.4756,11.2759
2021-09-14T18:00:00+00:00,27.000,10.800,Open-Meteo Historical Weather API,"Casalecchio di Reno, Bologna, Italy",44.4756,11.2759
2021-09-14T19:00:00+00:00,24.800,11.100,Open-Meteo Historical Weather API,"Casalecchio di Reno, Bologna, Italy",44.4756,11.2759
2021-09-14T20:00:00+00:00,23.800,11.400,Open-Meteo Historical Weather API,"Casalecchio di Reno, Bologna, Italy",44.4756,11.2759
2021-09-14T21:00:00+00:00,22.900,11.900,Open-Meteo Historical Weather API,"Casalecchio di Reno, Bologna, Italy",44.4756,11.2759
2021-09-14T22:00:00+00:00,22.200,12.100,Open-Meteo Historical Weather API,"Casalecchio di Reno, Bologna, Italy",44.4756,11.2759
2021-09-14T23:00:00+00:00,21.000,12.200,Open-Meteo Historical Weather API,"Casalecchio di Reno, Bologna, Italy",44.4756,11.2759
2021-09-15T00:00:00+00:00,20.700,12.100,Open-Meteo Historical Weather API,"Casalecchio di Reno, Bologna, Italy",44.4756,11.2759
2021-09-15T01:00:00+00:00,20.100,12.200,Open-Meteo Historical Weather API,"Casalecchio di Reno, Bologna, Italy",44.4756,11.2759
2021-09-15T02:00:00+00:00,20.000,12.100,Open-Meteo Historical Weather API,"Casalecchio di Reno, Bologna, Italy",44.4756,11.2759
2021-09-15T03:00:00+00:00,19.800,11.600,Open-Meteo Historical Weather API,"Casalecchio di Reno, Bologna, Italy",44.4756,11.2759
2021-09-15T04:00:00+00:00,20.000,11.100,Open-Meteo Historical Weather API,"Casalecchio di Reno, Bologna, Italy",44.4756,11.2759
2021-09-15T05:00:00+00:00,20.800,11.100,Open-Meteo Historical Weather API,"Casalecchio di Reno, Bologna, Italy",44.4756,11.2759
2021-09-15T06:00:00+00:00,22.300,11.800,Open-Meteo Historical Weather API,"Casalecchio di Reno, Bologna, Italy",44.4756,11.2759
2021-09-15T07:00:00+00:00,23.500,12.400,Open-Meteo Historical Weather API,"Casalecchio di Reno, Bologna, Italy",44.4756,11.2759
2021-09-15T08:00:00+00:00,25.900,12.600,Open-Meteo Historical Weather API,"Casalecchio di Reno, Bologna, Italy",44.4756,11.2759
2021-09-15T09:00:00+00:00,27.700,12.600,Open-Meteo Historical Weather API,"Casalecchio di Reno, Bologna, Italy",44.4756,11.2759
2021-09-15T10:00:00+00:00,29.000,12.500,Open-Meteo Historical Weather API,"Casalecchio di Reno, Bologna, Italy",44.4756,11.2759
2021-09-15T11:00:00+00:00,29.500,12.200,Open-Meteo Historical Weather API,"Casalecchio di Reno, Bologna, Italy",44.4756,11.2759
2021-09-15T12:00:00+00:00,30.000,11.600,Open-Meteo Historical Weather API,"Casalecchio di Reno, Bologna, Italy",44.4756,11.2759
2021-09-15T13:00:00+00:00,28.500,10.900,Open-Meteo Historical Weather API,"Casalecchio di Reno, Bologna, Italy",44.4756,11.2759
2021-09-15T14:00:00+00:00,28.900,12.300,Open-Meteo Historical Weather API,"Casalecchio di Reno, Bologna, Italy",44.4756,11.2759
2021-09-15T15:00:00+00:00,29.300,13.200,Open-Meteo Historical Weather API,"Casalecchio di Reno, Bologna, Italy",44.4756,11.2759
2021-09-15T16:00:00+00:00,28.500,13.900,Open-Meteo Historical Weather API,"Casalecchio di Reno, Bologna, Italy",44.4756,11.2759
2021-09-15T17:00:00+00:00,26.700,14.200,Open-Meteo Historical Weather API,"Casalecchio di Reno, Bologna, Italy",44.4756,11.2759
2021-09-15T18:00:00+00:00,25.200,15.400,Open-Meteo Historical Weather API,"Casalecchio di Reno, Bologna, Italy",44.4756,11.2759
2021-09-15T19:00:00+00:00,24.600,15.900,Open-Meteo Historical Weather API,"Casalecchio di Reno, Bologna, Italy",44.4756,11.2759
2021-09-15T20:00:00+00:00,24.100,16.100,Open-Meteo Historical Weather API,"Casalecchio di Reno, Bologna, Italy",44.4756,11.2759
2021-09-15T21:00:00+00:00,24.000,15.600,Open-Meteo Historical Weather API,"Casalecchio di Reno, Bologna, Italy",44.4756,11.2759
2021-09-15T22:00:00+00:00,23.200,15.500,Open-Meteo Historical Weather API,"Casalecchio di Reno, Bologna, Italy",44.4756,11.2759
2021-09-15T23:00:00+00:00,22.900,15.900,Open-Meteo Historical Weather API,"Casalecchio di Reno, Bologna, Italy",44.4756,11.2759
2021-09-16T00:00:00+00:00,23.000,14.300,Open-Meteo Historical Weather API,"Casalecchio di Reno, Bologna, Italy",44.4756,11.2759
2021-09-16T01:00:00+00:00,23.100,14.800,Open-Meteo Historical Weather API,"Casalecchio di Reno, Bologna, Italy",44.4756,11.2759
2021-09-16T02:00:00+00:00,23.300,15.200,Open-Meteo Historical Weather API,"Casalecchio di Reno, Bologna, Italy",44.4756,11.2759
2021-09-16T03:00:00+00:00,22.900,17.100,Open-Meteo Historical Weather API,"Casalecchio di Reno, Bologna, Italy",44.4756,11.2759
2021-09-16T04:00:00+00:00,22.800,17.800,Open-Meteo Historical Weather API,"Casalecchio di Reno, Bologna, Italy",44.4756,11.2759
2021-09-16T05:00:00+00:00,23.000,18.100,Open-Meteo Historical Weather API,"Casalecchio di Reno, Bologna, Italy",44.4756,11.2759
2021-09-16T06:00:00+00:00,22.500,18.600,Open-Meteo Historical Weather API,"Casalecchio di Reno, Bologna, Italy",44.4756,11.2759
2021-09-16T07:00:00+00:00,23.000,19.000,Open-Meteo Historical Weather API,"Casalecchio di Reno, Bologna, Italy",44.4756,11.2759
2021-09-16T08:00:00+00:00,23.900,18.500,Open-Meteo Historical Weather API,"Casalecchio di Reno, Bologna, Italy",44.4756,11.2759
2021-09-16T09:00:00+00:00,24.000,18.400,Open-Meteo Historical Weather API,"Casalecchio di Reno, Bologna, Italy",44.4756,11.2759
2021-09-16T10:00:00+00:00,24.400,18.400,Open-Meteo Historical Weather API,"Casalecchio di Reno, Bologna, Italy",44.4756,11.2759
2021-09-16T11:00:00+00:00,25.100,18.800,Open-Meteo Historical Weather API,"Casalecchio di Reno, Bologna, Italy",44.4756,11.2759
2021-09-16T12:00:00+00:00,23.000,20.000,Open-Meteo Historical Weather API,"Casalecchio di Reno, Bologna, Italy",44.4756,11.2759
2021-09-16T13:00:00+00:00,25.500,19.000,Open-Meteo Historical Weather API,"Casalecchio di Reno, Bologna, Italy",44.4756,11.2759
2021-09-16T14:00:00+00:00,25.000,19.300,Open-Meteo Historical Weather API,"Casalecchio di Reno, Bologna, Italy",44.4756,11.2759
2021-09-16T15:00:00+00:00,25.000,18.200,Open-Meteo Historical Weather API,"Casalecchio di Reno, Bologna, Italy",44.4756,11.2759
2021-09-16T16:00:00+00:00,25.300,17.600,Open-Meteo Historical Weather API,"Casalecchio di Reno, Bologna, Italy",44.4756,11.2759
2021-09-16T17:00:00+00:00,23.600,17.500,Open-Meteo Historical Weather API,"Casalecchio di Reno, Bologna, Italy",44.4756,11.2759
2021-09-16T18:00:00+00:00,23.600,17.500,Open-Meteo Historical Weather API,"Casalecchio di Reno, Bologna, Italy",44.4756,11.2759
2021-09-16T19:00:00+00:00,22.400,17.900,Open-Meteo Historical Weather API,"Casalecchio di Reno, Bologna, Italy",44.4756,11.2759
2021-09-16T20:00:00+00:00,21.900,18.000,Open-Meteo Historical Weather API,"Casalecchio di Reno, Bologna, Italy",44.4756,11.2759
2021-09-16T21:00:00+00:00,21.400,17.900,Open-Meteo Historical Weather API,"Casalecchio di Reno, Bologna, Italy",44.4756,11.2759
2021-09-16T22:00:00+00:00,20.900,17.800,Open-Meteo Historical Weather API,"Casalecchio di Reno, Bologna, Italy",44.4756,11.2759
2021-09-16T23:00:00+00:00,20.000,17.900,Open-Meteo Historical Weather API,"Casalecchio di Reno, Bologna, Italy",44.4756,11.2759
2021-09-17T00:00:00+00:00,21.000,18.300,Open-Meteo Historical Weather API,"Casalecchio di Reno, Bologna, Italy",44.4756,11.2759
2021-09-17T01:00:00+00:00,20.900,18.600,Open-Meteo Historical Weather API,"Casalecchio di Reno, Bologna, Italy",44.4756,11.2759
2021-09-17T02:00:00+00:00,19.400,18.300,Open-Meteo Historical Weather API,"Casalecchio di Reno, Bologna, Italy",44.4756,11.2759
2021-09-17T03:00:00+00:00,18.600,18.200,Open-Meteo Historical Weather API,"Casalecchio di Reno, Bologna, Italy",44.4756,11.2759
2021-09-17T04:00:00+00:00,18.100,18.000,Open-Meteo Historical Weather API,"Casalecchio di Reno, Bologna, Italy",44.4756,11.2759
2021-09-17T05:00:00+00:00,18.200,17.600,Open-Meteo Historical Weather API,"Casalecchio di Reno, Bologna, Italy",44.4756,11.2759
2021-09-17T06:00:00+00:00,19.100,17.500,Open-Meteo Historical Weather API,"Casalecchio di Reno, Bologna, Italy",44.4756,11.2759
2021-09-17T07:00:00+00:00,21.000,18.000,Open-Meteo Historical Weather API,"Casalecchio di Reno, Bologna, Italy",44.4756,11.2759
2021-09-17T08:00:00+00:00,22.600,17.500,Open-Meteo Historical Weather API,"Casalecchio di Reno, Bologna, Italy",44.4756,11.2759
2021-09-17T09:00:00+00:00,23.500,17.400,Open-Meteo Historical Weather API,"Casalecchio di Reno, Bologna, Italy",44.4756,11.2759
2021-09-17T10:00:00+00:00,24.000,17.200,Open-Meteo Historical Weather API,"Casalecchio di Reno, Bologna, Italy",44.4756,11.2759
2021-09-17T11:00:00+00:00,24.800,17.200,Open-Meteo Historical Weather API,"Casalecchio di Reno, Bologna, Italy",44.4756,11.2759
2021-09-17T12:00:00+00:00,24.500,17.100,Open-Meteo Historical Weather API,"Casalecchio di Reno, Bologna, Italy",44.4756,11.2759
2021-09-17T13:00:00+00:00,26.000,15.800,Open-Meteo Historical Weather API,"Casalecchio di Reno, Bologna, Italy",44.4756,11.2759
2021-09-17T14:00:00+00:00,25.400,15.800,Open-Meteo Historical Weather API,"Casalecchio di Reno, Bologna, Italy",44.4756,11.2759
2021-09-17T15:00:00+00:00,24.800,16.100,Open-Meteo Historical Weather API,"Casalecchio di Reno, Bologna, Italy",44.4756,11.2759
2021-09-17T16:00:00+00:00,24.700,16.100,Open-Meteo Historical Weather API,"Casalecchio di Reno, Bologna, Italy",44.4756,11.2759
2021-09-17T17:00:00+00:00,23.700,17.100,Open-Meteo Historical Weather API,"Casalecchio di Reno, Bologna, Italy",44.4756,11.2759
2021-09-17T18:00:00+00:00,21.500,16.500,Open-Meteo Historical Weather API,"Casalecchio di Reno, Bologna, Italy",44.4756,11.2759
2021-09-17T19:00:00+00:00,21.300,16.500,Open-Meteo Historical Weather API,"Casalecchio di Reno, Bologna, Italy",44.4756,11.2759
2021-09-17T20:00:00+00:00,20.700,16.700,Open-Meteo Historical Weather API,"Casalecchio di Reno, Bologna, Italy",44.4756,11.2759
2021-09-17T21:00:00+00:00,20.400,16.800,Open-Meteo Historical Weather API,"Casalecchio di Reno, Bologna, Italy",44.4756,11.2759
2021-09-17T22:00:00+00:00,20.000,16.800,Open-Meteo Historical Weather API,"Casalecchio di Reno, Bologna, Italy",44.4756,11.2759
2021-09-17T23:00:00+00:00,19.600,16.800,Open-Meteo Historical Weather API,"Casalecchio di Reno, Bologna, Italy",44.4756,11.2759
2021-09-18T00:00:00+00:00,20.200,17.500,Open-Meteo Historical Weather API,"Casalecchio di Reno, Bologna, Italy",44.4756,11.2759
2021-09-18T01:00:00+00:00,19.800,17.000,Open-Meteo Historical Weather API,"Casalecchio di Reno, Bologna, Italy",44.4756,11.2759
2021-09-18T02:00:00+00:00,19.000,16.400,Open-Meteo Historical Weather API,"Casalecchio di Reno, Bologna, Italy",44.4756,11.2759
2021-09-18T03:00:00+00:00,18.600,16.300,Open-Meteo Historical Weather API,"Casalecchio di Reno, Bologna, Italy",44.4756,11.2759
2021-09-18T04:00:00+00:00,17.600,16.200,Open-Meteo Historical Weather API,"Casalecchio di Reno, Bologna, Italy",44.4756,11.2759
2021-09-18T05:00:00+00:00,17.500,16.100,Open-Meteo Historical Weather API,"Casalecchio di Reno, Bologna, Italy",44.4756,11.2759
2021-09-18T06:00:00+00:00,19.000,16.100,Open-Meteo Historical Weather API,"Casalecchio di Reno, Bologna, Italy",44.4756,11.2759
2021-09-18T07:00:00+00:00,21.300,16.400,Open-Meteo Historical Weather API,"Casalecchio di Reno, Bologna, Italy",44.4756,11.2759
2021-09-18T08:00:00+00:00,23.100,16.100,Open-Meteo Historical Weather API,"Casalecchio di Reno, Bologna, Italy",44.4756,11.2759
2021-09-18T09:00:00+00:00,24.200,16.000,Open-Meteo Historical Weather API,"Casalecchio di Reno, Bologna, Italy",44.4756,11.2759
2021-09-18T10:00:00+00:00,25.100,15.900,Open-Meteo Historical Weather API,"Casalecchio di Reno, Bologna, Italy",44.4756,11.2759
2021-09-18T11:00:00+00:00,25.000,15.900,Open-Meteo Historical Weather API,"Casalecchio di Reno, Bologna, Italy",44.4756,11.2759
2021-09-18T12:00:00+00:00,24.800,16.900,Open-Meteo Historical Weather API,"Casalecchio di Reno, Bologna, Italy",44.4756,11.2759
2021-09-18T13:00:00+00:00,26.200,15.700,Open-Meteo Historical Weather API,"Casalecchio di Reno, Bologna, Italy",44.4756,11.2759
2021-09-18T14:00:00+00:00,25.700,16.000,Open-Meteo Historical Weather API,"Casalecchio di Reno, Bologna, Italy",44.4756,11.2759
2021-09-18T15:00:00+00:00,24.900,17.500,Open-Meteo Historical Weather API,"Casalecchio di Reno, Bologna, Italy",44.4756,11.2759
2021-09-18T16:00:00+00:00,24.100,18.100,Open-Meteo Historical Weather API,"Casalecchio di Reno, Bologna, Italy",44.4756,11.2759
2021-09-18T17:00:00+00:00,22.600,18.200,Open-Meteo Historical Weather API,"Casalecchio di Reno, Bologna, Italy",44.4756,11.2759
2021-09-18T18:00:00+00:00,21.000,18.400,Open-Meteo Historical Weather API,"Casalecchio di Reno, Bologna, Italy",44.4756,11.2759
2021-09-18T19:00:00+00:00,20.300,18.200,Open-Meteo Historical Weather API,"Casalecchio di Reno, Bologna, Italy",44.4756,11.2759
2021-09-18T20:00:00+00:00,20.000,18.100,Open-Meteo Historical Weather API,"Casalecchio di Reno, Bologna, Italy",44.4756,11.2759
2021-09-18T21:00:00+00:00,19.900,18.000,Open-Meteo Historical Weather API,"Casalecchio di Reno, Bologna, Italy",44.4756,11.2759
2021-09-18T22:00:00+00:00,19.900,17.800,Open-Meteo Historical Weather API,"Casalecchio di Reno, Bologna, Italy",44.4756,11.2759
2021-09-18T23:00:00+00:00,18.900,18.400,Open-Meteo Historical Weather API,"Casalecchio di Reno, Bologna, Italy",44.4756,11.2759
2021-09-19T00:00:00+00:00,18.700,17.600,Open-Meteo Historical Weather API,"Casalecchio di Reno, Bologna, Italy",44.4756,11.2759
2021-09-19T01:00:00+00:00,19.600,16.500,Open-Meteo Historical Weather API,"Casalecchio di Reno, Bologna, Italy",44.4756,11.2759
2021-09-19T02:00:00+00:00,19.200,15.900,Open-Meteo Historical Weather API,"Casalecchio di Reno, Bologna, Italy",44.4756,11.2759
2021-09-19T03:00:00+00:00,17.500,15.900,Open-Meteo Historical Weather API,"Casalecchio di Reno, Bologna, Italy",44.4756,11.2759
2021-09-19T04:00:00+00:00,17.200,15.400,Open-Meteo Historical Weather API,"Casalecchio di Reno, Bologna, Italy",44.4756,11.2759
2021-09-19T05:00:00+00:00,17.600,15.500,Open-Meteo Historical Weather API,"Casalecchio di Reno, Bologna, Italy",44.4756,11.2759
2021-09-19T06:00:00+00:00,19.600,15.800,Open-Meteo Historical Weather API,"Casalecchio di Reno, Bologna, Italy",44.4756,11.2759
2021-09-19T07:00:00+00:00,21.900,16.200,Open-Meteo Historical Weather API,"Casalecchio di Reno, Bologna, Italy",44.4756,11.2759
2021-09-19T08:00:00+00:00,23.900,15.100,Open-Meteo Historical Weather API,"Casalecchio di Reno, Bologna, Italy",44.4756,11.2759
2021-09-19T09:00:00+00:00,25.400,14.600,Open-Meteo Historical Weather API,"Casalecchio di Reno, Bologna, Italy",44.4756,11.2759
2021-09-19T10:00:00+00:00,25.300,15.100,Open-Meteo Historical Weather API,"Casalecchio di Reno, Bologna, Italy",44.4756,11.2759
2021-09-19T11:00:00+00:00,25.800,15.400,Open-Meteo Historical Weather API,"Casalecchio di Reno, Bologna, Italy",44.4756,11.2759
2021-09-19T12:00:00+00:00,20.500,16.800,Open-Meteo Historical Weather API,"Casalecchio di Reno, Bologna, Italy",44.4756,11.2759
2021-09-19T13:00:00+00:00,23.300,16.100,Open-Meteo Historical Weather API,"Casalecchio di Reno, Bologna, Italy",44.4756,11.2759
2021-09-19T14:00:00+00:00,24.600,14.500,Open-Meteo Historical Weather API,"Casalecchio di Reno, Bologna, Italy",44.4756,11.2759
2021-09-19T15:00:00+00:00,24.100,13.900,Open-Meteo Historical Weather API,"Casalecchio di Reno, Bologna, Italy",44.4756,11.2759
2021-09-19T16:00:00+00:00,22.800,13.200,Open-Meteo Historical Weather API,"Casalecchio di Reno, Bologna, Italy",44.4756,11.2759
2021-09-19T17:00:00+00:00,20.800,12.400,Open-Meteo Historical Weather API,"Casalecchio di Reno, Bologna, Italy",44.4756,11.2759
2021-09-19T18:00:00+00:00,18.900,11.600,Open-Meteo Historical Weather API,"Casalecchio di Reno, Bologna, Italy",44.4756,11.2759
2021-09-19T19:00:00+00:00,18.500,12.200,Open-Meteo Historical Weather API,"Casalecchio di Reno, Bologna, Italy",44.4756,11.2759
2021-09-19T20:00:00+00:00,17.900,12.500,Open-Meteo Historical Weather API,"Casalecchio di Reno, Bologna, Italy",44.4756,11.2759
2021-09-19T21:00:00+00:00,17.000,12.400,Open-Meteo Historical Weather API,"Casalecchio di Reno, Bologna, Italy",44.4756,11.2759
2021-09-19T22:00:00+00:00,15.400,12.900,Open-Meteo Historical Weather API,"Casalecchio di Reno, Bologna, Italy",44.4756,11.2759
2021-09-19T23:00:00+00:00,15.100,12.900,Open-Meteo Historical Weather API,"Casalecchio di Reno, Bologna, Italy",44.4756,11.2759
2021-09-20T00:00:00+00:00,16.500,11.500,Open-Meteo Historical Weather API,"Casalecchio di Reno, Bologna, Italy",44.4756,11.2759
2021-09-20T01:00:00+00:00,15.800,10.100,Open-Meteo Historical Weather API,"Casalecchio di Reno, Bologna, Italy",44.4756,11.2759
2021-09-20T02:00:00+00:00,15.300,9.200,Open-Meteo Historical Weather API,"Casalecchio di Reno, Bologna, Italy",44.4756,11.2759
2021-09-20T03:00:00+00:00,15.500,9.600,Open-Meteo Historical Weather API,"Casalecchio di Reno, Bologna, Italy",44.4756,11.2759
2021-09-20T04:00:00+00:00,15.500,9.900,Open-Meteo Historical Weather API,"Casalecchio di Reno, Bologna, Italy",44.4756,11.2759
2021-09-20T05:00:00+00:00,15.100,10.100,Open-Meteo Historical Weather API,"Casalecchio di Reno, Bologna, Italy",44.4756,11.2759
2021-09-20T06:00:00+00:00,15.900,10.900,Open-Meteo Historical Weather API,"Casalecchio di Reno, Bologna, Italy",44.4756,11.2759
2021-09-20T07:00:00+00:00,18.000,11.200,Open-Meteo Historical Weather API,"Casalecchio di Reno, Bologna, Italy",44.4756,11.2759
2021-09-20T08:00:00+00:00,19.700,11.900,Open-Meteo Historical Weather API,"Casalecchio di Reno, Bologna, Italy",44.4756,11.2759
2021-09-20T09:00:00+00:00,21.000,12.200,Open-Meteo Historical Weather API,"Casalecchio di Reno, Bologna, Italy",44.4756,11.2759
2021-09-20T10:00:00+00:00,22.000,12.300,Open-Meteo Historical Weather API,"Casalecchio di Reno, Bologna, Italy",44.4756,11.2759
2021-09-20T11:00:00+00:00,22.400,12.100,Open-Meteo Historical Weather API,"Casalecchio di Reno, Bologna, Italy",44.4756,11.2759
2021-09-20T12:00:00+00:00,23.000,11.600,Open-Meteo Historical Weather API,"Casalecchio di Reno, Bologna, Italy",44.4756,11.2759
2021-09-20T13:00:00+00:00,23.600,11.200,Open-Meteo Historical Weather API,"Casalecchio di Reno, Bologna, Italy",44.4756,11.2759
2021-09-20T14:00:00+00:00,23.500,11.400,Open-Meteo Historical Weather API,"Casalecchio di Reno, Bologna, Italy",44.4756,11.2759
2021-09-20T15:00:00+00:00,23.200,11.400,Open-Meteo Historical Weather API,"Casalecchio di Reno, Bologna, Italy",44.4756,11.2759
2021-09-20T16:00:00+00:00,22.100,11.500,Open-Meteo Historical Weather API,"Casalecchio di Reno, Bologna, Italy",44.4756,11.2759
2021-09-20T17:00:00+00:00,21.000,12.200,Open-Meteo Historical Weather API,"Casalecchio di Reno, Bologna, Italy",44.4756,11.2759
2021-09-20T18:00:00+00:00,19.800,14.600,Open-Meteo Historical Weather API,"Casalecchio di Reno, Bologna, Italy",44.4756,11.2759
2021-09-20T19:00:00+00:00,17.900,15.400,Open-Meteo Historical Weather API,"Casalecchio di Reno, Bologna, Italy",44.4756,11.2759
2021-09-20T20:00:00+00:00,16.200,15.400,Open-Meteo Historical Weather API,"Casalecchio di Reno, Bologna, Italy",44.4756,11.2759
2021-09-20T21:00:00+00:00,15.900,14.800,Open-Meteo Historical Weather API,"Casalecchio di Reno, Bologna, Italy",44.4756,11.2759
2021-09-20T22:00:00+00:00,15.700,14.800,Open-Meteo Historical Weather API,"Casalecchio di Reno, Bologna, Italy",44.4756,11.2759
2021-09-20T23:00:00+00:00,15.100,14.900,Open-Meteo Historical Weather API,"Casalecchio di Reno, Bologna, Italy",44.4756,11.2759
2021-09-21T00:00:00+00:00,16.000,15.600,Open-Meteo Historical Weather API,"Casalecchio di Reno, Bologna, Italy",44.4756,11.2759
2021-09-21T01:00:00+00:00,15.900,14.600,Open-Meteo Historical Weather API,"Casalecchio di Reno, Bologna, Italy",44.4756,11.2759
2021-09-21T02:00:00+00:00,15.600,14.600,Open-Meteo Historical Weather API,"Casalecchio di Reno, Bologna, Italy",44.4756,11.2759
2021-09-21T03:00:00+00:00,15.000,14.400,Open-Meteo Historical Weather API,"Casalecchio di Reno, Bologna, Italy",44.4756,11.2759
2021-09-21T04:00:00+00:00,14.600,14.100,Open-Meteo Historical Weather API,"Casalecchio di Reno, Bologna, Italy",44.4756,11.2759
2021-09-21T05:00:00+00:00,14.300,13.800,Open-Meteo Historical Weather API,"Casalecchio di Reno, Bologna, Italy",44.4756,11.2759
2021-09-21T06:00:00+00:00,14.600,13.600,Open-Meteo Historical Weather API,"Casalecchio di Reno, Bologna, Italy",44.4756,11.2759
2021-09-21T07:00:00+00:00,14.900,13.400,Open-Meteo Historical Weather API,"Casalecchio di Reno, Bologna, Italy",44.4756,11.2759
2021-09-21T08:00:00+00:00,15.900,13.400,Open-Meteo Historical Weather API,"Casalecchio di Reno, Bologna, Italy",44.4756,11.2759
2021-09-21T09:00:00+00:00,17.500,13.500,Open-Meteo Historical Weather API,"Casalecchio di Reno, Bologna, Italy",44.4756,11.2759
2021-09-21T10:00:00+00:00,18.100,13.500,Open-Meteo Historical Weather API,"Casalecchio di Reno, Bologna, Italy",44.4756,11.2759
2021-09-21T11:00:00+00:00,19.500,13.400,Open-Meteo Historical Weather API,"Casalecchio di Reno, Bologna, Italy",44.4756,11.2759
2021-09-21T12:00:00+00:00,20.400,13.000,Open-Meteo Historical Weather API,"Casalecchio di Reno, Bologna, Italy",44.4756,11.2759
2021-09-21T13:00:00+00:00,20.800,12.900,Open-Meteo Historical Weather API,"Casalecchio di Reno, Bologna, Italy",44.4756,11.2759
2021-09-21T14:00:00+00:00,21.300,12.600,Open-Meteo Historical Weather API,"Casalecchio di Reno, Bologna, Italy",44.4756,11.2759
2021-09-21T15:00:00+00:00,21.200,12.700,Open-Meteo Historical Weather API,"Casalecchio di Reno, Bologna, Italy",44.4756,11.2759
2021-09-21T16:00:00+00:00,20.600,12.600,Open-Meteo Historical Weather API,"Casalecchio di Reno, Bologna, Italy",44.4756,11.2759
2021-09-21T17:00:00+00:00,19.200,12.300,Open-Meteo Historical Weather API,"Casalecchio di Reno, Bologna, Italy",44.4756,11.2759
2021-09-21T18:00:00+00:00,17.400,11.600,Open-Meteo Historical Weather API,"Casalecchio di Reno, Bologna, Italy",44.4756,11.2759
2021-09-21T19:00:00+00:00,16.500,10.400,Open-Meteo Historical Weather API,"Casalecchio di Reno, Bologna, Italy",44.4756,11.2759
2021-09-21T20:00:00+00:00,15.400,10.600,Open-Meteo Historical Weather API,"Casalecchio di Reno, Bologna, Italy",44.4756,11.2759
2021-09-21T21:00:00+00:00,14.500,10.800,Open-Meteo Historical Weather API,"Casalecchio di Reno, Bologna, Italy",44.4756,11.2759
2021-09-21T22:00:00+00:00,14.100,10.400,Open-Meteo Historical Weather API,"Casalecchio di Reno, Bologna, Italy",44.4756,11.2759
2021-09-21T23:00:00+00:00,13.800,9.900,Open-Meteo Historical Weather API,"Casalecchio di Reno, Bologna, Italy",44.4756,11.2759
2021-09-22T00:00:00+00:00,13.900,9.800,Open-Meteo Historical Weather API,"Casalecchio di Reno, Bologna, Italy",44.4756,11.2759
2021-09-22T01:00:00+00:00,13.400,9.800,Open-Meteo Historical Weather API,"Casalecchio di Reno, Bologna, Italy",44.4756,11.2759
2021-09-22T02:00:00+00:00,13.200,9.700,Open-Meteo Historical Weather API,"Casalecchio di Reno, Bologna, Italy",44.4756,11.2759
2021-09-22T03:00:00+00:00,12.400,9.800,Open-Meteo Historical Weather API,"Casalecchio di Reno, Bologna, Italy",44.4756,11.2759
2021-09-22T04:00:00+00:00,11.600,9.800,Open-Meteo Historical Weather API,"Casalecchio di Reno, Bologna, Italy",44.4756,11.2759
2021-09-22T05:00:00+00:00,11.100,9.600,Open-Meteo Historical Weather API,"Casalecchio di Reno, Bologna, Italy",44.4756,11.2759
2021-09-22T06:00:00+00:00,12.400,10.100,Open-Meteo Historical Weather API,"Casalecchio di Reno, Bologna, Italy",44.4756,11.2759
2021-09-22T07:00:00+00:00,16.300,10.900,Open-Meteo Historical Weather API,"Casalecchio di Reno, Bologna, Italy",44.4756,11.2759
2021-09-22T08:00:00+00:00,18.200,11.400,Open-Meteo Historical Weather API,"Casalecchio di Reno, Bologna, Italy",44.4756,11.2759
2021-09-22T09:00:00+00:00,19.600,11.800,Open-Meteo Historical Weather API,"Casalecchio di Reno, Bologna, Italy",44.4756,11.2759
2021-09-22T10:00:00+00:00,20.500,11.800,Open-Meteo Historical Weather API,"Casalecchio di Reno, Bologna, Italy",44.4756,11.2759
2021-09-22T11:00:00+00:00,21.500,11.400,Open-Meteo Historical Weather API,"Casalecchio di Reno, Bologna, Italy",44.4756,11.2759
2021-09-22T12:00:00+00:00,21.700,11.600,Open-Meteo Historical Weather API,"Casalecchio di Reno, Bologna, Italy",44.4756,11.2759
2021-09-22T13:00:00+00:00,22.200,11.100,Open-Meteo Historical Weather API,"Casalecchio di Reno, Bologna, Italy",44.4756,11.2759
2021-09-22T14:00:00+00:00,22.300,11.100,Open-Meteo Historical Weather API,"Casalecchio di Reno, Bologna, Italy",44.4756,11.2759
2021-09-22T15:00:00+00:00,22.000,11.100,Open-Meteo Historical Weather API,"Casalecchio di Reno, Bologna, Italy",44.4756,11.2759
2021-09-22T16:00:00+00:00,20.500,12.100,Open-Meteo Historical Weather API,"Casalecchio di Reno, Bologna, Italy",44.4756,11.2759
2021-09-22T17:00:00+00:00,18.800,11.600,Open-Meteo Historical Weather API,"Casalecchio di Reno, Bologna, Italy",44.4756,11.2759
2021-09-22T18:00:00+00:00,17.100,11.400,Open-Meteo Historical Weather API,"Casalecchio di Reno, Bologna, Italy",44.4756,11.2759
2021-09-22T19:00:00+00:00,16.200,11.200,Open-Meteo Historical Weather API,"Casalecchio di Reno, Bologna, Italy",44.4756,11.2759
2021-09-22T20:00:00+00:00,15.600,10.900,Open-Meteo Historical Weather API,"Casalecchio di Reno, Bologna, Italy",44.4756,11.2759
2021-09-22T21:00:00+00:00,14.900,10.600,Open-Meteo Historical Weather API,"Casalecchio di Reno, Bologna, Italy",44.4756,11.2759
2021-09-22T22:00:00+00:00,14.600,9.900,Open-Meteo Historical Weather API,"Casalecchio di Reno, Bologna, Italy",44.4756,11.2759
2021-09-22T23:00:00+00:00,14.400,9.200,Open-Meteo Historical Weather API,"Casalecchio di Reno, Bologna, Italy",44.4756,11.2759
2021-09-23T00:00:00+00:00,14.100,10.200,Open-Meteo Historical Weather API,"Casalecchio di Reno, Bologna, Italy",44.4756,11.2759
2021-09-23T01:00:00+00:00,13.300,10.400,Open-Meteo Historical Weather API,"Casalecchio di Reno, Bologna, Italy",44.4756,11.2759
2021-09-23T02:00:00+00:00,12.400,10.400,Open-Meteo Historical Weather API,"Casalecchio di Reno, Bologna, Italy",44.4756,11.2759
2021-09-23T03:00:00+00:00,12.000,10.200,Open-Meteo Historical Weather API,"Casalecchio di Reno, Bologna, Italy",44.4756,11.2759
2021-09-23T04:00:00+00:00,12.000,10.300,Open-Meteo Historical Weather API,"Casalecchio di Reno, Bologna, Italy",44.4756,11.2759
2021-09-23T05:00:00+00:00,11.700,10.200,Open-Meteo Historical Weather API,"Casalecchio di Reno, Bologna, Italy",44.4756,11.2759
2021-09-23T06:00:00+00:00,13.500,11.100,Open-Meteo Historical Weather API,"Casalecchio di Reno, Bologna, Italy",44.4756,11.2759
2021-09-23T07:00:00+00:00,16.500,11.900,Open-Meteo Historical Weather API,"Casalecchio di Reno, Bologna, Italy",44.4756,11.2759
2021-09-23T08:00:00+00:00,18.500,12.100,Open-Meteo Historical Weather API,"Casalecchio di Reno, Bologna, Italy",44.4756,11.2759
2021-09-23T09:00:00+00:00,20.100,11.200,Open-Meteo Historical Weather API,"Casalecchio di Reno, Bologna, Italy",44.4756,11.2759
2021-09-23T10:00:00+00:00,21.400,10.600,Open-Meteo Historical Weather API,"Casalecchio di Reno, Bologna, Italy",44.4756,11.2759
2021-09-23T11:00:00+00:00,22.200,10.400,Open-Meteo Historical Weather API,"Casalecchio di Reno, Bologna, Italy",44.4756,11.2759
2021-09-23T12:00:00+00:00,22.500,10.400,Open-Meteo Historical Weather API,"Casalecchio di Reno, Bologna, Italy",44.4756,11.2759
2021-09-23T13:00:00+00:00,22.600,10.400,Open-Meteo Historical Weather API,"Casalecchio di Reno, Bologna, Italy",44.4756,11.2759
2021-09-23T14:00:00+00:00,22.600,10.400,Open-Meteo Historical Weather API,"Casalecchio di Reno, Bologna, Italy",44.4756,11.2759
2021-09-23T15:00:00+00:00,22.400,10.700,Open-Meteo Historical Weather API,"Casalecchio di Reno, Bologna, Italy",44.4756,11.2759
2021-09-23T16:00:00+00:00,21.500,11.200,Open-Meteo Historical Weather API,"Casalecchio di Reno, Bologna, Italy",44.4756,11.2759
2021-09-23T17:00:00+00:00,18.900,11.500,Open-Meteo Historical Weather API,"Casalecchio di Reno, Bologna, Italy",44.4756,11.2759
2021-09-23T18:00:00+00:00,17.600,11.300,Open-Meteo Historical Weather API,"Casalecchio di Reno, Bologna, Italy",44.4756,11.2759
2021-09-23T19:00:00+00:00,16.500,11.100,Open-Meteo Historical Weather API,"Casalecchio di Reno, Bologna, Italy",44.4756,11.2759
2021-09-23T20:00:00+00:00,15.600,10.900,Open-Meteo Historical Weather API,"Casalecchio di Reno, Bologna, Italy",44.4756,11.2759
2021-09-23T21:00:00+00:00,14.900,10.900,Open-Meteo Historical Weather API,"Casalecchio di Reno, Bologna, Italy",44.4756,11.2759
2021-09-23T22:00:00+00:00,14.600,10.800,Open-Meteo Historical Weather API,"Casalecchio di Reno, Bologna, Italy",44.4756,11.2759
2021-09-23T23:00:00+00:00,13.900,10.600,Open-Meteo Historical Weather API,"Casalecchio di Reno, Bologna, Italy",44.4756,11.2759
2021-09-24T00:00:00+00:00,13.300,10.800,Open-Meteo Historical Weather API,"Casalecchio di Reno, Bologna, Italy",44.4756,11.2759
2021-09-24T01:00:00+00:00,14.200,10.600,Open-Meteo Historical Weather API,"Casalecchio di Reno, Bologna, Italy",44.4756,11.2759
2021-09-24T02:00:00+00:00,14.100,10.100,Open-Meteo Historical Weather API,"Casalecchio di Reno, Bologna, Italy",44.4756,11.2759
2021-09-24T03:00:00+00:00,13.600,9.400,Open-Meteo Historical Weather API,"Casalecchio di Reno, Bologna, Italy",44.4756,11.2759
2021-09-24T04:00:00+00:00,13.000,8.900,Open-Meteo Historical Weather API,"Casalecchio di Reno, Bologna, Italy",44.4756,11.2759
2021-09-24T05:00:00+00:00,13.100,8.900,Open-Meteo Historical Weather API,"Casalecchio di Reno, Bologna, Italy",44.4756,11.2759
2021-09-24T06:00:00+00:00,14.400,9.600,Open-Meteo Historical Weather API,"Casalecchio di Reno, Bologna, Italy",44.4756,11.2759
2021-09-24T07:00:00+00:00,17.700,10.900,Open-Meteo Historical Weather API,"Casalecchio di Reno, Bologna, Italy",44.4756,11.2759
2021-09-24T08:00:00+00:00,20.700,11.600,Open-Meteo Historical Weather API,"Casalecchio di Reno, Bologna, Italy",44.4756,11.2759
2021-09-24T09:00:00+00:00,22.000,12.100,Open-Meteo Historical Weather API,"Casalecchio di Reno, Bologna, Italy",44.4756,11.2759
2021-09-24T10:00:00+00:00,23.200,12.800,Open-Meteo Historical Weather API,"Casalecchio di Reno, Bologna, Italy",44.4756,11.2759
2021-09-24T11:00:00+00:00,24.200,12.800,Open-Meteo Historical Weather API,"Casalecchio di Reno, Bologna, Italy",44.4756,11.2759
2021-09-24T12:00:00+00:00,24.300,11.900,Open-Meteo Historical Weather API,"Casalecchio di Reno, Bologna, Italy",44.4756,11.2759
2021-09-24T13:00:00+00:00,24.900,12.100,Open-Meteo Historical Weather API,"Casalecchio di Reno, Bologna, Italy",44.4756,11.2759
2021-09-24T14:00:00+00:00,24.800,12.600,Open-Meteo Historical Weather API,"Casalecchio di Reno, Bologna, Italy",44.4756,11.2759
2021-09-24T15:00:00+00:00,24.400,13.100,Open-Meteo Historical Weather API,"Casalecchio di Reno, Bologna, Italy",44.4756,11.2759
2021-09-24T16:00:00+00:00,23.500,13.600,Open-Meteo Historical Weather API,"Casalecchio di Reno, Bologna, Italy",44.4756,11.2759
2021-09-24T17:00:00+00:00,21.000,13.800,Open-Meteo Historical Weather API,"Casalecchio di Reno, Bologna, Italy",44.4756,11.2759
2021-09-24T18:00:00+00:00,19.500,13.900,Open-Meteo Historical Weather API,"Casalecchio di Reno, Bologna, Italy",44.4756,11.2759
2021-09-24T19:00:00+00:00,18.000,14.400,Open-Meteo Historical Weather API,"Casalecchio di Reno, Bologna, Italy",44.4756,11.2759
2021-09-24T20:00:00+00:00,17.200,15.100,Open-Meteo Historical Weather API,"Casalecchio di Reno, Bologna, Italy",44.4756,11.2759
2021-09-24T21:00:00+00:00,17.600,15.700,Open-Meteo Historical Weather API,"Casalecchio di Reno, Bologna, Italy",44.4756,11.2759
2021-09-24T22:00:00+00:00,18.800,15.900,Open-Meteo Historical Weather API,"Casalecchio di Reno, Bologna, Italy",44.4756,11.2759
2021-09-24T23:00:00+00:00,18.500,15.600,Open-Meteo Historical Weather API,"Casalecchio di Reno, Bologna, Italy",44.4756,11.2759
2021-09-25T00:00:00+00:00,17.200,14.200,Open-Meteo Historical Weather API,"Casalecchio di Reno, Bologna, Italy",44.4756,11.2759
2021-09-25T01:00:00+00:00,16.800,13.800,Open-Meteo Historical Weather API,"Casalecchio di Reno, Bologna, Italy",44.4756,11.2759
2021-09-25T02:00:00+00:00,16.400,13.500,Open-Meteo Historical Weather API,"Casalecchio di Reno, Bologna, Italy",44.4756,11.2759
2021-09-25T03:00:00+00:00,15.800,13.300,Open-Meteo Historical Weather API,"Casalecchio di Reno, Bologna, Italy",44.4756,11.2759
2021-09-25T04:00:00+00:00,14.900,13.100,Open-Meteo Historical Weather API,"Casalecchio di Reno, Bologna, Italy",44.4756,11.2759
2021-09-25T05:00:00+00:00,14.400,12.900,Open-Meteo Historical Weather API,"Casalecchio di Reno, Bologna, Italy",44.4756,11.2759
2021-09-25T06:00:00+00:00,15.800,13.000,Open-Meteo Historical Weather API,"Casalecchio di Reno, Bologna, Italy",44.4756,11.2759
2021-09-25T07:00:00+00:00,18.500,13.600,Open-Meteo Historical Weather API,"Casalecchio di Reno, Bologna, Italy",44.4756,11.2759
2021-09-25T08:00:00+00:00,20.400,14.400,Open-Meteo Historical Weather API,"Casalecchio di Reno, Bologna, Italy",44.4756,11.2759
2021-09-25T09:00:00+00:00,22.100,14.500,Open-Meteo Historical Weather API,"Casalecchio di Reno, Bologna, Italy",44.4756,11.2759
2021-09-25T10:00:00+00:00,23.500,14.300,Open-Meteo Historical Weather API,"Casalecchio di Reno, Bologna, Italy",44.4756,11.2759
2021-09-25T11:00:00+00:00,24.600,14.400,Open-Meteo Historical Weather API,"Casalecchio di Reno, Bologna, Italy",44.4756,11.2759
2021-09-25T12:00:00+00:00,24.700,14.900,Open-Meteo Historical Weather API,"Casalecchio di Reno, Bologna, Italy",44.4756,11.2759
2021-09-25T13:00:00+00:00,25.300,15.200,Open-Meteo Historical Weather API,"Casalecchio di Reno, Bologna, Italy",44.4756,11.2759
2021-09-25T14:00:00+00:00,25.400,15.300,Open-Meteo Historical Weather API,"Casalecchio di Reno, Bologna, Italy",44.4756,11.2759
2021-09-25T15:00:00+00:00,25.000,15.300,Open-Meteo Historical Weather API,"Casalecchio di Reno, Bologna, Italy",44.4756,11.2759
2021-09-25T16:00:00+00:00,24.500,15.600,Open-Meteo Historical Weather API,"Casalecchio di Reno, Bologna, Italy",44.4756,11.2759
2021-09-25T17:00:00+00:00,22.400,16.100,Open-Meteo Historical Weather API,"Casalecchio di Reno, Bologna, Italy",44.4756,11.2759
2021-09-25T18:00:00+00:00,21.100,16.100,Open-Meteo Historical Weather API,"Casalecchio di Reno, Bologna, Italy",44.4756,11.2759
2021-09-25T19:00:00+00:00,20.000,15.500,Open-Meteo Historical Weather API,"Casalecchio di Reno, Bologna, Italy",44.4756,11.2759
2021-09-25T20:00:00+00:00,19.000,15.600,Open-Meteo Historical Weather API,"Casalecchio di Reno, Bologna, Italy",44.4756,11.2759
2021-09-25T21:00:00+00:00,18.900,15.600,Open-Meteo Historical Weather API,"Casalecchio di Reno, Bologna, Italy",44.4756,11.2759
2021-09-25T22:00:00+00:00,17.300,15.700,Open-Meteo Historical Weather API,"Casalecchio di Reno, Bologna, Italy",44.4756,11.2759
2021-09-25T23:00:00+00:00,17.900,15.400,Open-Meteo Historical Weather API,"Casalecchio di Reno, Bologna, Italy",44.4756,11.2759
2021-09-26T00:00:00+00:00,18.300,15.400,Open-Meteo Historical Weather API,"Casalecchio di Reno, Bologna, Italy",44.4756,11.2759
2021-09-26T01:00:00+00:00,18.300,15.100,Open-Meteo Historical Weather API,"Casalecchio di Reno, Bologna, Italy",44.4756,11.2759
2021-09-26T02:00:00+00:00,17.600,15.400,Open-Meteo Historical Weather API,"Casalecchio di Reno, Bologna, Italy",44.4756,11.2759
2021-09-26T03:00:00+00:00,17.600,15.900,Open-Meteo Historical Weather API,"Casalecchio di Reno, Bologna, Italy",44.4756,11.2759
2021-09-26T04:00:00+00:00,17.600,16.500,Open-Meteo Historical Weather API,"Casalecchio di Reno, Bologna, Italy",44.4756,11.2759
2021-09-26T05:00:00+00:00,17.500,16.500,Open-Meteo Historical Weather API,"Casalecchio di Reno, Bologna, Italy",44.4756,11.2759
2021-09-26T06:00:00+00:00,17.800,16.300,Open-Meteo Historical Weather API,"Casalecchio di Reno, Bologna, Italy",44.4756,11.2759
2021-09-26T07:00:00+00:00,19.100,16.100,Open-Meteo Historical Weather API,"Casalecchio di Reno, Bologna, Italy",44.4756,11.2759
2021-09-26T08:00:00+00:00,18.900,16.100,Open-Meteo Historical Weather API,"Casalecchio di Reno, Bologna, Italy",44.4756,11.2759
2021-09-26T09:00:00+00:00,19.200,17.400,Open-Meteo Historical Weather API,"Casalecchio di Reno, Bologna, Italy",44.4756,11.2759
2021-09-26T10:00:00+00:00,18.900,17.900,Open-Meteo Historical Weather API,"Casalecchio di Reno, Bologna, Italy",44.4756,11.2759
2021-09-26T11:00:00+00:00,19.000,18.000,Open-Meteo Historical Weather API,"Casalecchio di Reno, Bologna, Italy",44.4756,11.2759
2021-09-26T12:00:00+00:00,21.700,20.300,Open-Meteo Historical Weather API,"Casalecchio di Reno, Bologna, Italy",44.4756,11.2759
2021-09-26T13:00:00+00:00,20.500,19.800,Open-Meteo Historical Weather API,"Casalecchio di Reno, Bologna, Italy",44.4756,11.2759
2021-09-26T14:00:00+00:00,20.000,19.600,Open-Meteo Historical Weather API,"Casalecchio di Reno, Bologna, Italy",44.4756,11.2759
2021-09-26T15:00:00+00:00,20.200,19.600,Open-Meteo Historical Weather API,"Casalecchio di Reno, Bologna, Italy",44.4756,11.2759
2021-09-26T16:00:00+00:00,20.500,19.500,Open-Meteo Historical Weather API,"Casalecchio di Reno, Bologna, Italy",44.4756,11.2759
2021-09-26T17:00:00+00:00,19.800,19.200,Open-Meteo Historical Weather API,"Casalecchio di Reno, Bologna, Italy",44.4756,11.2759
2021-09-26T18:00:00+00:00,19.200,18.700,Open-Meteo Historical Weather API,"Casalecchio di Reno, Bologna, Italy",44.4756,11.2759
2021-09-26T19:00:00+00:00,19.500,19.200,Open-Meteo Historical Weather API,"Casalecchio di Reno, Bologna, Italy",44.4756,11.2759
2021-09-26T20:00:00+00:00,19.300,19.200,Open-Meteo Historical Weather API,"Casalecchio di Reno, Bologna, Italy",44.4756,11.2759
2021-09-26T21:00:00+00:00,19.100,19.100,Open-Meteo Historical Weather API,"Casalecchio di Reno, Bologna, Italy",44.4756,11.2759
2021-09-26T22:00:00+00:00,18.700,18.600,Open-Meteo Historical Weather API,"Casalecchio di Reno, Bologna, Italy",44.4756,11.2759
2021-09-26T23:00:00+00:00,18.500,18.400,Open-Meteo Historical Weather API,"Casalecchio di Reno, Bologna, Italy",44.4756,11.2759
2021-09-27T00:00:00+00:00,15.800,15.400,Open-Meteo Historical Weather API,"Casalecchio di Reno, Bologna, Italy",44.4756,11.2759
2021-09-27T01:00:00+00:00,15.300,14.400,Open-Meteo Historical Weather API,"Casalecchio di Reno, Bologna, Italy",44.4756,11.2759
2021-09-27T02:00:00+00:00,15.200,14.500,Open-Meteo Historical Weather API,"Casalecchio di Reno, Bologna, Italy",44.4756,11.2759
2021-09-27T03:00:00+00:00,15.600,14.900,Open-Meteo Historical Weather API,"Casalecchio di Reno, Bologna, Italy",44.4756,11.2759
2021-09-27T04:00:00+00:00,16.000,15.400,Open-Meteo Historical Weather API,"Casalecchio di Reno, Bologna, Italy",44.4756,11.2759
2021-09-27T05:00:00+00:00,16.200,15.300,Open-Meteo Historical Weather API,"Casalecchio di Reno, Bologna, Italy",44.4756,11.2759
2021-09-27T06:00:00+00:00,16.500,15.100,Open-Meteo Historical Weather API,"Casalecchio di Reno, Bologna, Italy",44.4756,11.2759
2021-09-27T07:00:00+00:00,17.900,15.700,Open-Meteo Historical Weather API,"Casalecchio di Reno, Bologna, Italy",44.4756,11.2759
2021-09-27T08:00:00+00:00,19.500,15.300,Open-Meteo Historical Weather API,"Casalecchio di Reno, Bologna, Italy",44.4756,11.2759
2021-09-27T09:00:00+00:00,20.600,14.900,Open-Meteo Historical Weather API,"Casalecchio di Reno, Bologna, Italy",44.4756,11.2759
2021-09-27T10:00:00+00:00,21.800,14.900,Open-Meteo Historical Weather API,"Casalecchio di Reno, Bologna, Italy",44.4756,11.2759
2021-09-27T11:00:00+00:00,23.000,14.900,Open-Meteo Historical Weather API,"Casalecchio di Reno, Bologna, Italy",44.4756,11.2759
2021-09-27T12:00:00+00:00,20.000,16.000,Open-Meteo Historical Weather API,"Casalecchio di Reno, Bologna, Italy",44.4756,11.2759
2021-09-27T13:00:00+00:00,21.500,16.100,Open-Meteo Historical Weather API,"Casalecchio di Reno, Bologna, Italy",44.4756,11.2759
2021-09-27T14:00:00+00:00,22.400,16.000,Open-Meteo Historical Weather API,"Casalecchio di Reno, Bologna, Italy",44.4756,11.2759
2021-09-27T15:00:00+00:00,22.500,16.000,Open-Meteo Historical Weather API,"Casalecchio di Reno, Bologna, Italy",44.4756,11.2759
2021-09-27T16:00:00+00:00,21.800,15.900,Open-Meteo Historical Weather API,"Casalecchio di Reno, Bologna, Italy",44.4756,11.2759
2021-09-27T17:00:00+00:00,20.900,15.800,Open-Meteo Historical Weather API,"Casalecchio di Reno, Bologna, Italy",44.4756,11.2759
2021-09-27T18:00:00+00:00,20.000,15.800,Open-Meteo Historical Weather API,"Casalecchio di Reno, Bologna, Italy",44.4756,11.2759
2021-09-27T19:00:00+00:00,17.800,15.900,Open-Meteo Historical Weather API,"Casalecchio di Reno, Bologna, Italy",44.4756,11.2759
2021-09-27T20:00:00+00:00,17.400,15.900,Open-Meteo Historical Weather API,"Casalecchio di Reno, Bologna, Italy",44.4756,11.2759
2021-09-27T21:00:00+00:00,17.100,15.600,Open-Meteo Historical Weather API,"Casalecchio di Reno, Bologna, Italy",44.4756,11.2759
2021-09-27T22:00:00+00:00,16.500,15.200,Open-Meteo Historical Weather API,"Casalecchio di Reno, Bologna, Italy",44.4756,11.2759
2021-09-27T23:00:00+00:00,16.800,15.400,Open-Meteo Historical Weather API,"Casalecchio di Reno, Bologna, Italy",44.4756,11.2759
2021-09-28T00:00:00+00:00,16.200,15.200,Open-Meteo Historical Weather API,"Casalecchio di Reno, Bologna, Italy",44.4756,11.2759
2021-09-28T01:00:00+00:00,15.900,15.000,Open-Meteo Historical Weather API,"Casalecchio di Reno, Bologna, Italy",44.4756,11.2759
2021-09-28T02:00:00+00:00,16.000,14.900,Open-Meteo Historical Weather API,"Casalecchio di Reno, Bologna, Italy",44.4756,11.2759
2021-09-28T03:00:00+00:00,16.700,15.200,Open-Meteo Historical Weather API,"Casalecchio di Reno, Bologna, Italy",44.4756,11.2759
2021-09-28T04:00:00+00:00,17.000,15.200,Open-Meteo Historical Weather API,"Casalecchio di Reno, Bologna, Italy",44.4756,11.2759
2021-09-28T05:00:00+00:00,16.000,15.000,Open-Meteo Historical Weather API,"Casalecchio di Reno, Bologna, Italy",44.4756,11.2759
2021-09-28T06:00:00+00:00,16.800,15.300,Open-Meteo Historical Weather API,"Casalecchio di Reno, Bologna, Italy",44.4756,11.2759
2021-09-28T07:00:00+00:00,19.000,15.800,Open-Meteo Historical Weather API,"Casalecchio di Reno, Bologna, Italy",44.4756,11.2759
2021-09-28T08:00:00+00:00,20.500,16.000,Open-Meteo Historical Weather API,"Casalecchio di Reno, Bologna, Italy",44.4756,11.2759
2021-09-28T09:00:00+00:00,22.000,15.900,Open-Meteo Historical Weather API,"Casalecchio di Reno, Bologna, Italy",44.4756,11.2759
2021-09-28T10:00:00+00:00,23.200,15.600,Open-Meteo Historical Weather API,"Casalecchio di Reno, Bologna, Italy",44.4756,11.2759
2021-09-28T11:00:00+00:00,24.400,15.800,Open-Meteo Historical Weather API,"Casalecchio di Reno, Bologna, Italy",44.4756,11.2759
2021-09-28T12:00:00+00:00,24.600,15.900,Open-Meteo Historical Weather API,"Casalecchio di Reno, Bologna, Italy",44.4756,11.2759
2021-09-28T13:00:00+00:00,25.100,15.700,Open-Meteo Historical Weather API,"Casalecchio di Reno, Bologna, Italy",44.4756,11.2759
2021-09-28T14:00:00+00:00,25.500,14.900,Open-Meteo Historical Weather API,"Casalecchio di Reno, Bologna, Italy",44.4756,11.2759
2021-09-28T15:00:00+00:00,25.300,14.600,Open-Meteo Historical Weather API,"Casalecchio di Reno, Bologna, Italy",44.4756,11.2759
2021-09-28T16:00:00+00:00,24.200,14.900,Open-Meteo Historical Weather API,"Casalecchio di Reno, Bologna, Italy",44.4756,11.2759
2021-09-28T17:00:00+00:00,20.400,15.400,Open-Meteo Historical Weather API,"Casalecchio di Reno, Bologna, Italy",44.4756,11.2759
2021-09-28T18:00:00+00:00,19.800,15.300,Open-Meteo Historical Weather API,"Casalecchio di Reno, Bologna, Italy",44.4756,11.2759
2021-09-28T19:00:00+00:00,18.800,15.600,Open-Meteo Historical Weather API,"Casalecchio di Reno, Bologna, Italy",44.4756,11.2759
2021-09-28T20:00:00+00:00,17.700,15.600,Open-Meteo Historical Weather API,"Casalecchio di Reno, Bologna, Italy",44.4756,11.2759
2021-09-28T21:00:00+00:00,17.500,14.700,Open-Meteo Historical Weather API,"Casalecchio di Reno, Bologna, Italy",44.4756,11.2759
2021-09-28T22:00:00+00:00,17.800,12.800,Open-Meteo Historical Weather API,"Casalecchio di Reno, Bologna, Italy",44.4756,11.2759
2021-09-28T23:00:00+00:00,18.000,10.900,Open-Meteo Historical Weather API,"Casalecchio di Reno, Bologna, Italy",44.4756,11.2759
2021-09-29T00:00:00+00:00,17.900,9.500,Open-Meteo Historical Weather API,"Casalecchio di Reno, Bologna, Italy",44.4756,11.2759
2021-09-29T01:00:00+00:00,17.200,9.400,Open-Meteo Historical Weather API,"Casalecchio di Reno, Bologna, Italy",44.4756,11.2759
2021-09-29T02:00:00+00:00,16.900,9.300,Open-Meteo Historical Weather API,"Casalecchio di Reno, Bologna, Italy",44.4756,11.2759
2021-09-29T03:00:00+00:00,17.100,9.400,Open-Meteo Historical Weather API,"Casalecchio di Reno, Bologna, Italy",44.4756,11.2759
2021-09-29T04:00:00+00:00,17.000,9.600,Open-Meteo Historical Weather API,"Casalecchio di Reno, Bologna, Italy",44.4756,11.2759
2021-09-29T05:00:00+00:00,16.800,9.900,Open-Meteo Historical Weather API,"Casalecchio di Reno, Bologna, Italy",44.4756,11.2759
2021-09-29T06:00:00+00:00,17.600,10.600,Open-Meteo Historical Weather API,"Casalecchio di Reno, Bologna, Italy",44.4756,11.2759
2021-09-29T07:00:00+00:00,20.400,11.700,Open-Meteo Historical Weather API,"Casalecchio di Reno, Bologna, Italy",44.4756,11.2759
2021-09-29T08:00:00+00:00,22.100,12.300,Open-Meteo Historical Weather API,"Casalecchio di Reno, Bologna, Italy",44.4756,11.2759
2021-09-29T09:00:00+00:00,23.200,13.200,Open-Meteo Historical Weather API,"Casalecchio di Reno, Bologna, Italy",44.4756,11.2759
2021-09-29T10:00:00+00:00,24.200,13.800,Open-Meteo Historical Weather API,"Casalecchio di Reno, Bologna, Italy",44.4756,11.2759
2021-09-29T11:00:00+00:00,25.100,13.600,Open-Meteo Historical Weather API,"Casalecchio di Reno, Bologna, Italy",44.4756,11.2759
2021-09-29T12:00:00+00:00,24.400,12.100,Open-Meteo Historical Weather API,"Casalecchio di Reno, Bologna, Italy",44.4756,11.2759
2021-09-29T13:00:00+00:00,25.000,12.300,Open-Meteo Historical Weather API,"Casalecchio di Reno, Bologna, Italy",44.4756,11.2759
2021-09-29T14:00:00+00:00,25.100,12.500,Open-Meteo Historical Weather API,"Casalecchio di Reno, Bologna, Italy",44.4756,11.2759
2021-09-29T15:00:00+00:00,25.000,13.400,Open-Meteo Historical Weather API,"Casalecchio di Reno, Bologna, Italy",44.4756,11.2759
2021-09-29T16:00:00+00:00,23.900,15.300,Open-Meteo Historical Weather API,"Casalecchio di Reno, Bologna, Italy",44.4756,11.2759
2021-09-29T17:00:00+00:00,21.900,15.900,Open-Meteo Historical Weather API,"Casalecchio di Reno, Bologna, Italy",44.4756,11.2759
2021-09-29T18:00:00+00:00,20.600,16.200,Open-Meteo Historical Weather API,"Casalecchio di Reno, Bologna, Italy",44.4756,11.2759
2021-09-29T19:00:00+00:00,19.600,16.200,Open-Meteo Historical Weather API,"Casalecchio di Reno, Bologna, Italy",44.4756,11.2759
2021-09-29T20:00:00+00:00,18.900,16.000,Open-Meteo Historical Weather API,"Casalecchio di Reno, Bologna, Italy",44.4756,11.2759
2021-09-29T21:00:00+00:00,17.900,15.800,Open-Meteo Historical Weather API,"Casalecchio di Reno, Bologna, Italy",44.4756,11.2759
2021-09-29T22:00:00+00:00,18.300,15.800,Open-Meteo Historical Weather API,"Casalecchio di Reno, Bologna, Italy",44.4756,11.2759
2021-09-29T23:00:00+00:00,18.700,15.500,Open-Meteo Historical Weather API,"Casalecchio di Reno, Bologna, Italy",44.4756,11.2759
2021-09-30T00:00:00+00:00,18.000,15.400,Open-Meteo Historical Weather API,"Casalecchio di Reno, Bologna, Italy",44.4756,11.2759
2021-09-30T01:00:00+00:00,17.800,15.700,Open-Meteo Historical Weather API,"Casalecchio di Reno, Bologna, Italy",44.4756,11.2759
2021-09-30T02:00:00+00:00,18.000,16.000,Open-Meteo Historical Weather API,"Casalecchio di Reno, Bologna, Italy",44.4756,11.2759
2021-09-30T03:00:00+00:00,17.100,16.100,Open-Meteo Historical Weather API,"Casalecchio di Reno, Bologna, Italy",44.4756,11.2759
2021-09-30T04:00:00+00:00,16.800,16.400,Open-Meteo Historical Weather API,"Casalecchio di Reno, Bologna, Italy",44.4756,11.2759
2021-09-30T05:00:00+00:00,16.900,16.300,Open-Meteo Historical Weather API,"Casalecchio di Reno, Bologna, Italy",44.4756,11.2759
2021-09-30T06:00:00+00:00,17.100,16.400,Open-Meteo Historical Weather API,"Casalecchio di Reno, Bologna, Italy",44.4756,11.2759
2021-09-30T07:00:00+00:00,17.100,15.400,Open-Meteo Historical Weather API,"Casalecchio di Reno, Bologna, Italy",44.4756,11.2759
2021-09-30T08:00:00+00:00,18.100,15.700,Open-Meteo Historical Weather API,"Casalecchio di Reno, Bologna, Italy",44.4756,11.2759
2021-09-30T09:00:00+00:00,19.500,16.100,Open-Meteo Historical Weather API,"Casalecchio di Reno, Bologna, Italy",44.4756,11.2759
2021-09-30T10:00:00+00:00,20.000,16.400,Open-Meteo Historical Weather API,"Casalecchio di Reno, Bologna, Italy",44.4756,11.2759
2021-09-30T11:00:00+00:00,21.000,16.300,Open-Meteo Historical Weather API,"Casalecchio di Reno, Bologna, Italy",44.4756,11.2759
2021-09-30T12:00:00+00:00,19.800,15.800,Open-Meteo Historical Weather API,"Casalecchio di Reno, Bologna, Italy",44.4756,11.2759
2021-09-30T13:00:00+00:00,21.900,15.100,Open-Meteo Historical Weather API,"Casalecchio di Reno, Bologna, Italy",44.4756,11.2759
2021-09-30T14:00:00+00:00,22.200,14.300,Open-Meteo Historical Weather API,"Casalecchio di Reno, Bologna, Italy",44.4756,11.2759
2021-09-30T15:00:00+00:00,21.900,13.100,Open-Meteo Historical Weather API,"Casalecchio di Reno, Bologna, Italy",44.4756,11.2759
2021-09-30T16:00:00+00:00,21.000,12.200,Open-Meteo Historical Weather API,"Casalecchio di Reno, Bologna, Italy",44.4756,11.2759
2021-09-30T17:00:00+00:00,19.500,12.200,Open-Meteo Historical Weather API,"Casalecchio di Reno, Bologna, Italy",44.4756,11.2759
2021-09-30T18:00:00+00:00,18.100,12.600,Open-Meteo Historical Weather API,"Casalecchio di Reno, Bologna, Italy",44.4756,11.2759
2021-09-30T19:00:00+00:00,17.200,13.100,Open-Meteo Historical Weather API,"Casalecchio di Reno, Bologna, Italy",44.4756,11.2759
2021-09-30T20:00:00+00:00,16.500,13.200,Open-Meteo Historical Weather API,"Casalecchio di Reno, Bologna, Italy",44.4756,11.2759
2021-09-30T21:00:00+00:00,15.800,13.200,Open-Meteo Historical Weather API,"Casalecchio di Reno, Bologna, Italy",44.4756,11.2759
2021-09-30T22:00:00+00:00,15.300,13.200,Open-Meteo Historical Weather API,"Casalecchio di Reno, Bologna, Italy",44.4756,11.2759
2021-09-30T23:00:00+00:00,14.700,13.100,Open-Meteo Historical Weather API,"Casalecchio di Reno, Bologna, Italy",44.4756,11.2759
2021-10-01T00:00:00+00:00,14.300,12.900,Open-Meteo Historical Weather API,"Casalecchio di Reno, Bologna, Italy",44.4756,11.2759
2021-10-01T01:00:00+00:00,13.600,12.100,Open-Meteo Historical Weather API,"Casalecchio di Reno, Bologna, Italy",44.4756,11.2759
2021-10-01T02:00:00+00:00,15.400,12.800,Open-Meteo Historical Weather API,"Casalecchio di Reno, Bologna, Italy",44.4756,11.2759
2021-10-01T03:00:00+00:00,15.100,12.900,Open-Meteo Historical Weather API,"Casalecchio di Reno, Bologna, Italy",44.4756,11.2759
2021-10-01T04:00:00+00:00,14.400,12.800,Open-Meteo Historical Weather API,"Casalecchio di Reno, Bologna, Italy",44.4756,11.2759
2021-10-01T05:00:00+00:00,13.900,12.600,Open-Meteo Historical Weather API,"Casalecchio di Reno, Bologna, Italy",44.4756,11.2759
2021-10-01T06:00:00+00:00,14.200,12.900,Open-Meteo Historical Weather API,"Casalecchio di Reno, Bologna, Italy",44.4756,11.2759
2021-10-01T07:00:00+00:00,16.400,13.400,Open-Meteo Historical Weather API,"Casalecchio di Reno, Bologna, Italy",44.4756,11.2759
2021-10-01T08:00:00+00:00,17.800,13.200,Open-Meteo Historical Weather API,"Casalecchio di Reno, Bologna, Italy",44.4756,11.2759
2021-10-01T09:00:00+00:00,19.100,12.800,Open-Meteo Historical Weather API,"Casalecchio di Reno, Bologna, Italy",44.4756,11.2759
2021-10-01T10:00:00+00:00,20.200,12.100,Open-Meteo Historical Weather API,"Casalecchio di Reno, Bologna, Italy",44.4756,11.2759
2021-10-01T11:00:00+00:00,21.500,11.500,Open-Meteo Historical Weather API,"Casalecchio di Reno, Bologna, Italy",44.4756,11.2759
2021-10-01T12:00:00+00:00,21.400,12.400,Open-Meteo Historical Weather API,"Casalecchio di Reno, Bologna, Italy",44.4756,11.2759
2021-10-01T13:00:00+00:00,21.900,12.000,Open-Meteo Historical Weather API,"Casalecchio di Reno, Bologna, Italy",44.4756,11.2759
2021-10-01T14:00:00+00:00,22.200,11.800,Open-Meteo Historical Weather API,"Casalecchio di Reno, Bologna, Italy",44.4756,11.2759
2021-10-01T15:00:00+00:00,22.000,11.700,Open-Meteo Historical Weather API,"Casalecchio di Reno, Bologna, Italy",44.4756,11.2759
2021-10-01T16:00:00+00:00,21.100,11.900,Open-Meteo Historical Weather API,"Casalecchio di Reno, Bologna, Italy",44.4756,11.2759
2021-10-01T17:00:00+00:00,18.700,11.900,Open-Meteo Historical Weather API,"Casalecchio di Reno, Bologna, Italy",44.4756,11.2759
2021-10-01T18:00:00+00:00,17.700,12.400,Open-Meteo Historical Weather API,"Casalecchio di Reno, Bologna, Italy",44.4756,11.2759
2021-10-01T19:00:00+00:00,16.400,12.900,Open-Meteo Historical Weather API,"Casalecchio di Reno, Bologna, Italy",44.4756,11.2759
2021-10-01T20:00:00+00:00,15.500,13.200,Open-Meteo Historical Weather API,"Casalecchio di Reno, Bologna, Italy",44.4756,11.2759
2021-10-01T21:00:00+00:00,14.600,13.200,Open-Meteo Historical Weather API,"Casalecchio di Reno, Bologna, Italy",44.4756,11.2759
2021-10-01T22:00:00+00:00,14.100,12.900,Open-Meteo Historical Weather API,"Casalecchio di Reno, Bologna, Italy",44.4756,11.2759
2021-10-01T23:00:00+00:00,13.400,12.400,Open-Meteo Historical Weather API,"Casalecchio di Reno, Bologna, Italy",44.4756,11.2759
2021-10-02T00:00:00+00:00,13.900,11.900,Open-Meteo Historical Weather API,"Casalecchio di Reno, Bologna, Italy",44.4756,11.2759
2021-10-02T01:00:00+00:00,13.400,11.400,Open-Meteo Historical Weather API,"Casalecchio di Reno, Bologna, Italy",44.4756,11.2759
2021-10-02T02:00:00+00:00,13.400,11.000,Open-Meteo Historical Weather API,"Casalecchio di Reno, Bologna, Italy",44.4756,11.2759
2021-10-02T03:00:00+00:00,12.900,10.900,Open-Meteo Historical Weather API,"Casalecchio di Reno, Bologna, Italy",44.4756,11.2759
2021-10-02T04:00:00+00:00,12.800,10.600,Open-Meteo Historical Weather API,"Casalecchio di Reno, Bologna, Italy",44.4756,11.2759
2021-10-02T05:00:00+00:00,12.900,10.600,Open-Meteo Historical Weather API,"Casalecchio di Reno, Bologna, Italy",44.4756,11.2759
2021-10-02T06:00:00+00:00,14.200,11.100,Open-Meteo Historical Weather API,"Casalecchio di Reno, Bologna, Italy",44.4756,11.2759
2021-10-02T07:00:00+00:00,16.500,11.200,Open-Meteo Historical Weather API,"Casalecchio di Reno, Bologna, Italy",44.4756,11.2759
2021-10-02T08:00:00+00:00,18.300,12.100,Open-Meteo Historical Weather API,"Casalecchio di Reno, Bologna, Italy",44.4756,11.2759
2021-10-02T09:00:00+00:00,19.900,13.100,Open-Meteo Historical Weather API,"Casalecchio di Reno, Bologna, Italy",44.4756,11.2759
2021-10-02T10:00:00+00:00,21.100,13.400,Open-Meteo Historical Weather API,"Casalecchio di Reno, Bologna, Italy",44.4756,11.2759
2021-10-02T11:00:00+00:00,22.000,13.400,Open-Meteo Historical Weather API,"Casalecchio di Reno, Bologna, Italy",44.4756,11.2759
2021-10-02T12:00:00+00:00,22.100,12.200,Open-Meteo Historical Weather API,"Casalecchio di Reno, Bologna, Italy",44.4756,11.2759
2021-10-02T13:00:00+00:00,21.900,12.200,Open-Meteo Historical Weather API,"Casalecchio di Reno, Bologna, Italy",44.4756,11.2759
2021-10-02T14:00:00+00:00,22.100,12.400,Open-Meteo Historical Weather API,"Casalecchio di Reno, Bologna, Italy",44.4756,11.2759
2021-10-02T15:00:00+00:00,22.000,12.600,Open-Meteo Historical Weather API,"Casalecchio di Reno, Bologna, Italy",44.4756,11.2759
2021-10-02T16:00:00+00:00,21.100,13.200,Open-Meteo Historical Weather API,"Casalecchio di Reno, Bologna, Italy",44.4756,11.2759
2021-10-02T17:00:00+00:00,19.000,13.400,Open-Meteo Historical Weather API,"Casalecchio di Reno, Bologna, Italy",44.4756,11.2759
2021-10-02T18:00:00+00:00,17.900,13.400,Open-Meteo Historical Weather API,"Casalecchio di Reno, Bologna, Italy",44.4756,11.2759
2021-10-02T19:00:00+00:00,17.000,13.600,Open-Meteo Historical Weather API,"Casalecchio di Reno, Bologna, Italy",44.4756,11.2759
2021-10-02T20:00:00+00:00,15.900,13.900,Open-Meteo Historical Weather API,"Casalecchio di Reno, Bologna, Italy",44.4756,11.2759
2021-10-02T21:00:00+00:00,14.900,13.600,Open-Meteo Historical Weather API,"Casalecchio di Reno, Bologna, Italy",44.4756,11.2759
2021-10-02T22:00:00+00:00,14.600,13.100,Open-Meteo Historical Weather API,"Casalecchio di Reno, Bologna, Italy",44.4756,11.2759
2021-10-02T23:00:00+00:00,14.200,12.200,Open-Meteo Historical Weather API,"Casalecchio di Reno, Bologna, Italy",44.4756,11.2759
2021-10-03T00:00:00+00:00,14.100,11.900,Open-Meteo Historical Weather API,"Casalecchio di Reno, Bologna, Italy",44.4756,11.2759
2021-10-03T01:00:00+00:00,13.600,11.700,Open-Meteo Historical Weather API,"Casalecchio di Reno, Bologna, Italy",44.4756,11.2759
2021-10-03T02:00:00+00:00,13.400,11.700,Open-Meteo Historical Weather API,"Casalecchio di Reno, Bologna, Italy",44.4756,11.2759
2021-10-03T03:00:00+00:00,13.600,11.900,Open-Meteo Historical Weather API,"Casalecchio di Reno, Bologna, Italy",44.4756,11.2759
2021-10-03T04:00:00+00:00,13.500,12.400,Open-Meteo Historical Weather API,"Casalecchio di Reno, Bologna, Italy",44.4756,11.2759
2021-10-03T05:00:00+00:00,14.200,12.900,Open-Meteo Historical Weather API,"Casalecchio di Reno, Bologna, Italy",44.4756,11.2759
2021-10-03T06:00:00+00:00,15.400,13.300,Open-Meteo Historical Weather API,"Casalecchio di Reno, Bologna, Italy",44.4756,11.2759
2021-10-03T07:00:00+00:00,18.500,13.900,Open-Meteo Historical Weather API,"Casalecchio di Reno, Bologna, Italy",44.4756,11.2759
2021-10-03T08:00:00+00:00,20.800,14.200,Open-Meteo Historical Weather API,"Casalecchio di Reno, Bologna, Italy",44.4756,11.2759
2021-10-03T09:00:00+00:00,22.900,14.300,Open-Meteo Historical Weather API,"Casalecchio di Reno, Bologna, Italy",44.4756,11.2759
2021-10-03T10:00:00+00:00,25.000,13.000,Open-Meteo Historical Weather API,"Casalecchio di Reno, Bologna, Italy",44.4756,11.2759
2021-10-03T11:00:00+00:00,25.800,12.600,Open-Meteo Historical Weather API,"Casalecchio di Reno, Bologna, Italy",44.4756,11.2759
2021-10-03T12:00:00+00:00,25.900,11.300,Open-Meteo Historical Weather API,"Casalecchio di Reno, Bologna, Italy",44.4756,11.2759
2021-10-03T13:00:00+00:00,26.100,11.200,Open-Meteo Historical Weather API,"Casalecchio di Reno, Bologna, Italy",44.4756,11.2759
2021-10-03T14:00:00+00:00,25.900,11.600,Open-Meteo Historical Weather API,"Casalecchio di Reno, Bologna, Italy",44.4756,11.2759
2021-10-03T15:00:00+00:00,25.500,11.600,Open-Meteo Historical Weather API,"Casalecchio di Reno, Bologna, Italy",44.4756,11.2759
2021-10-03T16:00:00+00:00,23.800,12.900,Open-Meteo Historical Weather API,"Casalecchio di Reno, Bologna, Italy",44.4756,11.2759
2021-10-03T17:00:00+00:00,21.100,13.400,Open-Meteo Historical Weather API,"Casalecchio di Reno, Bologna, Italy",44.4756,11.2759
2021-10-03T18:00:00+00:00,20.000,13.700,Open-Meteo Historical Weather API,"Casalecchio di Reno, Bologna, Italy",44.4756,11.2759
2021-10-03T19:00:00+00:00,18.900,13.800,Open-Meteo Historical Weather API,"Casalecchio di Reno, Bologna, Italy",44.4756,11.2759
2021-10-03T20:00:00+00:00,19.100,13.900,Open-Meteo Historical Weather API,"Casalecchio di Reno, Bologna, Italy",44.4756,11.2759
2021-10-03T21:00:00+00:00,19.000,14.100,Open-Meteo Historical Weather API,"Casalecchio di Reno, Bologna, Italy",44.4756,11.2759
2021-10-03T22:00:00+00:00,18.500,14.600,Open-Meteo Historical Weather API,"Casalecchio di Reno, Bologna, Italy",44.4756,11.2759
2021-10-03T23:00:00+00:00,17.600,14.900,Open-Meteo Historical Weather API,"Casalecchio di Reno, Bologna, Italy",44.4756,11.2759
2021-10-04T00:00:00+00:00,17.800,14.900,Open-Meteo Historical Weather API,"Casalecchio di Reno, Bologna, Italy",44.4756,11.2759
2021-10-04T01:00:00+00:00,17.400,15.000,Open-Meteo Historical Weather API,"Casalecchio di Reno, Bologna, Italy",44.4756,11.2759
2021-10-04T02:00:00+00:00,16.700,15.000,Open-Meteo Historical Weather API,"Casalecchio di Reno, Bologna, Italy",44.4756,11.2759
2021-10-04T03:00:00+00:00,16.300,14.800,Open-Meteo Historical Weather API,"Casalecchio di Reno, Bologna, Italy",44.4756,11.2759
2021-10-04T04:00:00+00:00,16.000,14.500,Open-Meteo Historical Weather API,"Casalecchio di Reno, Bologna, Italy",44.4756,11.2759
2021-10-04T05:00:00+00:00,15.900,14.400,Open-Meteo Historical Weather API,"Casalecchio di Reno, Bologna, Italy",44.4756,11.2759
2021-10-04T06:00:00+00:00,17.200,14.800,Open-Meteo Historical Weather API,"Casalecchio di Reno, Bologna, Italy",44.4756,11.2759
2021-10-04T07:00:00+00:00,19.800,15.400,Open-Meteo Historical Weather API,"Casalecchio di Reno, Bologna, Italy",44.4756,11.2759
2021-10-04T08:00:00+00:00,21.900,15.700,Open-Meteo Historical Weather API,"Casalecchio di Reno, Bologna, Italy",44.4756,11.2759
2021-10-04T09:00:00+00:00,24.000,15.700,Open-Meteo Historical Weather API,"Casalecchio di Reno, Bologna, Italy",44.4756,11.2759
2021-10-04T10:00:00+00:00,25.000,15.500,Open-Meteo Historical Weather API,"Casalecchio di Reno, Bologna, Italy",44.4756,11.2759
2021-10-04T11:00:00+00:00,24.800,15.600,Open-Meteo Historical Weather API,"Casalecchio di Reno, Bologna, Italy",44.4756,11.2759
2021-10-04T12:00:00+00:00,23.500,16.500,Open-Meteo Historical Weather API,"Casalecchio di Reno, Bologna, Italy",44.4756,11.2759
2021-10-04T13:00:00+00:00,23.100,17.100,Open-Meteo Historical Weather API,"Casalecchio di Reno, Bologna, Italy",44.4756,11.2759
2021-10-04T14:00:00+00:00,24.200,17.000,Open-Meteo Historical Weather API,"Casalecchio di Reno, Bologna, Italy",44.4756,11.2759
2021-10-04T15:00:00+00:00,23.000,17.100,Open-Meteo Historical Weather API,"Casalecchio di Reno, Bologna, Italy",44.4756,11.2759
2021-10-04T16:00:00+00:00,22.600,17.200,Open-Meteo Historical Weather API,"Casalecchio di Reno, Bologna, Italy",44.4756,11.2759
2021-10-04T17:00:00+00:00,21.200,16.900,Open-Meteo Historical Weather API,"Casalecchio di Reno, Bologna, Italy",44.4756,11.2759
2021-10-04T18:00:00+00:00,20.500,16.400,Open-Meteo Historical Weather API,"Casalecchio di Reno, Bologna, Italy",44.4756,11.2759
2021-10-04T19:00:00+00:00,19.900,16.100,Open-Meteo Historical Weather API,"Casalecchio di Reno, Bologna, Italy",44.4756,11.2759
2021-10-04T20:00:00+00:00,19.500,15.900,Open-Meteo Historical Weather API,"Casalecchio di Reno, Bologna, Italy",44.4756,11.2759
2021-10-04T21:00:00+00:00,19.500,15.400,Open-Meteo Historical Weather API,"Casalecchio di Reno, Bologna, Italy",44.4756,11.2759
2021-10-04T22:00:00+00:00,20.000,15.100,Open-Meteo Historical Weather API,"Casalecchio di Reno, Bologna, Italy",44.4756,11.2759
2021-10-04T23:00:00+00:00,20.100,14.600,Open-Meteo Historical Weather API,"Casalecchio di Reno, Bologna, Italy",44.4756,11.2759
2021-10-05T00:00:00+00:00,18.400,14.400,Open-Meteo Historical Weather API,"Casalecchio di Reno, Bologna, Italy",44.4756,11.2759
2021-10-05T01:00:00+00:00,19.100,15.000,Open-Meteo Historical Weather API,"Casalecchio di Reno, Bologna, Italy",44.4756,11.2759
2021-10-05T02:00:00+00:00,19.100,15.100,Open-Meteo Historical Weather API,"Casalecchio di Reno, Bologna, Italy",44.4756,11.2759
2021-10-05T03:00:00+00:00,19.200,15.000,Open-Meteo Historical Weather API,"Casalecchio di Reno, Bologna, Italy",44.4756,11.2759
2021-10-05T04:00:00+00:00,18.900,14.100,Open-Meteo Historical Weather API,"Casalecchio di Reno, Bologna, Italy",44.4756,11.2759
2021-10-05T05:00:00+00:00,18.400,13.000,Open-Meteo Historical Weather API,"Casalecchio di Reno, Bologna, Italy",44.4756,11.2759
2021-10-05T06:00:00+00:00,18.300,12.800,Open-Meteo Historical Weather API,"Casalecchio di Reno, Bologna, Italy",44.4756,11.2759
2021-10-05T07:00:00+00:00,19.200,13.300,Open-Meteo Historical Weather API,"Casalecchio di Reno, Bologna, Italy",44.4756,11.2759
2021-10-05T08:00:00+00:00,20.700,12.200,Open-Meteo Historical Weather API,"Casalecchio di Reno, Bologna, Italy",44.4756,11.2759
2021-10-05T09:00:00+00:00,21.200,11.300,Open-Meteo Historical Weather API,"Casalecchio di Reno, Bologna, Italy",44.4756,11.2759
2021-10-05T10:00:00+00:00,21.600,11.700,Open-Meteo Historical Weather API,"Casalecchio di Reno, Bologna, Italy",44.4756,11.2759
2021-10-05T11:00:00+00:00,21.800,10.800,Open-Meteo Historical Weather API,"Casalecchio di Reno, Bologna, Italy",44.4756,11.2759
2021-10-05T12:00:00+00:00,20.900,11.300,Open-Meteo Historical Weather API,"Casalecchio di Reno, Bologna, Italy",44.4756,11.2759
2021-10-05T13:00:00+00:00,21.500,10.800,Open-Meteo Historical Weather API,"Casalecchio di Reno, Bologna, Italy",44.4756,11.2759
2021-10-05T14:00:00+00:00,21.400,10.700,Open-Meteo Historical Weather API,"Casalecchio di Reno, Bologna, Italy",44.4756,11.2759
2021-10-05T15:00:00+00:00,20.900,10.600,Open-Meteo Historical Weather API,"Casalecchio di Reno, Bologna, Italy",44.4756,11.2759
2021-10-05T16:00:00+00:00,20.000,10.600,Open-Meteo Historical Weather API,"Casalecchio di Reno, Bologna, Italy",44.4756,11.2759
2021-10-05T17:00:00+00:00,18.100,10.400,Open-Meteo Historical Weather API,"Casalecchio di Reno, Bologna, Italy",44.4756,11.2759
2021-10-05T18:00:00+00:00,17.600,10.400,Open-Meteo Historical Weather API,"Casalecchio di Reno, Bologna, Italy",44.4756,11.2759
2021-10-05T19:00:00+00:00,17.300,10.400,Open-Meteo Historical Weather API,"Casalecchio di Reno, Bologna, Italy",44.4756,11.2759
2021-10-05T20:00:00+00:00,16.900,11.600,Open-Meteo Historical Weather API,"Casalecchio di Reno, Bologna, Italy",44.4756,11.2759
2021-10-05T21:00:00+00:00,18.000,12.100,Open-Meteo Historical Weather API,"Casalecchio di Reno, Bologna, Italy",44.4756,11.2759
2021-10-05T22:00:00+00:00,18.000,12.300,Open-Meteo Historical Weather API,"Casalecchio di Reno, Bologna, Italy",44.4756,11.2759
2021-10-05T23:00:00+00:00,17.200,12.500,Open-Meteo Historical Weather API,"Casalecchio di Reno, Bologna, Italy",44.4756,11.2759
2021-10-06T00:00:00+00:00,17.000,12.200,Open-Meteo Historical Weather API,"Casalecchio di Reno, Bologna, Italy",44.4756,11.2759
2021-10-06T01:00:00+00:00,16.700,13.100,Open-Meteo Historical Weather API,"Casalecchio di Reno, Bologna, Italy",44.4756,11.2759
2021-10-06T02:00:00+00:00,15.900,13.400,Open-Meteo Historical Weather API,"Casalecchio di Reno, Bologna, Italy",44.4756,11.2759
2021-10-06T03:00:00+00:00,17.000,13.600,Open-Meteo Historical Weather API,"Casalecchio di Reno, Bologna, Italy",44.4756,11.2759
2021-10-06T04:00:00+00:00,17.000,12.900,Open-Meteo Historical Weather API,"Casalecchio di Reno, Bologna, Italy",44.4756,11.2759
2021-10-06T05:00:00+00:00,16.500,12.800,Open-Meteo Historical Weather API,"Casalecchio di Reno, Bologna, Italy",44.4756,11.2759
2021-10-06T06:00:00+00:00,16.300,12.800,Open-Meteo Historical Weather API,"Casalecchio di Reno, Bologna, Italy",44.4756,11.2759
2021-10-06T07:00:00+00:00,17.300,13.200,Open-Meteo Historical Weather API,"Casalecchio di Reno, Bologna, Italy",44.4756,11.2759
2021-10-06T08:00:00+00:00,18.800,13.300,Open-Meteo Historical Weather API,"Casalecchio di Reno, Bologna, Italy",44.4756,11.2759
2021-10-06T09:00:00+00:00,20.000,11.800,Open-Meteo Historical Weather API,"Casalecchio di Reno, Bologna, Italy",44.4756,11.2759
2021-10-06T10:00:00+00:00,20.600,10.600,Open-Meteo Historical Weather API,"Casalecchio di Reno, Bologna, Italy",44.4756,11.2759
2021-10-06T11:00:00+00:00,19.400,10.800,Open-Meteo Historical Weather API,"Casalecchio di Reno, Bologna, Italy",44.4756,11.2759
2021-10-06T12:00:00+00:00,21.000,9.400,Open-Meteo Historical Weather API,"Casalecchio di Reno, Bologna, Italy",44.4756,11.2759
2021-10-06T13:00:00+00:00,18.700,12.100,Open-Meteo Historical Weather API,"Casalecchio di Reno, Bologna, Italy",44.4756,11.2759
2021-10-06T14:00:00+00:00,15.900,12.800,Open-Meteo Historical Weather API,"Casalecchio di Reno, Bologna, Italy",44.4756,11.2759
2021-10-06T15:00:00+00:00,15.100,12.400,Open-Meteo Historical Weather API,"Casalecchio di Reno, Bologna, Italy",44.4756,11.2759
2021-10-06T16:00:00+00:00,14.500,12.200,Open-Meteo Historical Weather API,"Casalecchio di Reno, Bologna, Italy",44.4756,11.2759
2021-10-06T17:00:00+00:00,14.100,13.100,Open-Meteo Historical Weather API,"Casalecchio di Reno, Bologna, Italy",44.4756,11.2759
2021-10-06T18:00:00+00:00,14.100,13.500,Open-Meteo Historical Weather API,"Casalecchio di Reno, Bologna, Italy",44.4756,11.2759
2021-10-06T19:00:00+00:00,13.600,12.400,Open-Meteo Historical Weather API,"Casalecchio di Reno, Bologna, Italy",44.4756,11.2759
2021-10-06T20:00:00+00:00,13.300,10.500,Open-Meteo Historical Weather API,"Casalecchio di Reno, Bologna, Italy",44.4756,11.2759
2021-10-06T21:00:00+00:00,12.600,10.900,Open-Meteo Historical Weather API,"Casalecchio di Reno, Bologna, Italy",44.4756,11.2759
2021-10-06T22:00:00+00:00,12.200,10.600,Open-Meteo Historical Weather API,"Casalecchio di Reno, Bologna, Italy",44.4756,11.2759
2021-10-06T23:00:00+00:00,11.900,10.400,Open-Meteo Historical Weather API,"Casalecchio di Reno, Bologna, Italy",44.4756,11.2759
2021-10-07T00:00:00+00:00,12.100,10.600,Open-Meteo Historical Weather API,"Casalecchio di Reno, Bologna, Italy",44.4756,11.2759
2021-10-07T01:00:00+00:00,12.400,10.900,Open-Meteo Historical Weather API,"Casalecchio di Reno, Bologna, Italy",44.4756,11.2759
2021-10-07T02:00:00+00:00,12.400,10.800,Open-Meteo Historical Weather API,"Casalecchio di Reno, Bologna, Italy",44.4756,11.2759
2021-10-07T03:00:00+00:00,12.400,10.100,Open-Meteo Historical Weather API,"Casalecchio di Reno, Bologna, Italy",44.4756,11.2759
2021-10-07T04:00:00+00:00,12.100,10.200,Open-Meteo Historical Weather API,"Casalecchio di Reno, Bologna, Italy",44.4756,11.2759
2021-10-07T05:00:00+00:00,12.100,10.800,Open-Meteo Historical Weather API,"Casalecchio di Reno, Bologna, Italy",44.4756,11.2759
2021-10-07T06:00:00+00:00,12.100,10.700,Open-Meteo Historical Weather API,"Casalecchio di Reno, Bologna, Italy",44.4756,11.2759
2021-10-07T07:00:00+00:00,12.400,10.600,Open-Meteo Historical Weather API,"Casalecchio di Reno, Bologna, Italy",44.4756,11.2759
2021-10-07T08:00:00+00:00,13.000,10.900,Open-Meteo Historical Weather API,"Casalecchio di Reno, Bologna, Italy",44.4756,11.2759
2021-10-07T09:00:00+00:00,13.800,10.800,Open-Meteo Historical Weather API,"Casalecchio di Reno, Bologna, Italy",44.4756,11.2759
2021-10-07T10:00:00+00:00,13.800,10.800,Open-Meteo Historical Weather API,"Casalecchio di Reno, Bologna, Italy",44.4756,11.2759
2021-10-07T11:00:00+00:00,13.900,9.800,Open-Meteo Historical Weather API,"Casalecchio di Reno, Bologna, Italy",44.4756,11.2759
2021-10-07T12:00:00+00:00,14.600,11.500,Open-Meteo Historical Weather API,"Casalecchio di Reno, Bologna, Italy",44.4756,11.2759
2021-10-07T13:00:00+00:00,15.200,11.500,Open-Meteo Historical Weather API,"Casalecchio di Reno, Bologna, Italy",44.4756,11.2759
2021-10-07T14:00:00+00:00,14.400,11.600,Open-Meteo Historical Weather API,"Casalecchio di Reno, Bologna, Italy",44.4756,11.2759
2021-10-07T15:00:00+00:00,14.600,10.500,Open-Meteo Historical Weather API,"Casalecchio di Reno, Bologna, Italy",44.4756,11.2759
2021-10-07T16:00:00+00:00,14.100,9.900,Open-Meteo Historical Weather API,"Casalecchio di Reno, Bologna, Italy",44.4756,11.2759
2021-10-07T17:00:00+00:00,13.200,10.100,Open-Meteo Historical Weather API,"Casalecchio di Reno, Bologna, Italy",44.4756,11.2759
2021-10-07T18:00:00+00:00,12.900,10.400,Open-Meteo Historical Weather API,"Casalecchio di Reno, Bologna, Italy",44.4756,11.2759
2021-10-07T19:00:00+00:00,12.900,10.600,Open-Meteo Historical Weather API,"Casalecchio di Reno, Bologna, Italy",44.4756,11.2759
2021-10-07T20:00:00+00:00,13.000,10.800,Open-Meteo Historical Weather API,"Casalecchio di Reno, Bologna, Italy",44.4756,11.2759
2021-10-07T21:00:00+00:00,12.900,10.700,Open-Meteo Historical Weather API,"Casalecchio di Reno, Bologna, Italy",44.4756,11.2759
2021-10-07T22:00:00+00:00,13.200,10.300,Open-Meteo Historical Weather API,"Casalecchio di Reno, Bologna, Italy",44.4756,11.2759
2021-10-07T23:00:00+00:00,13.200,9.900,Open-Meteo Historical Weather API,"Casalecchio di Reno, Bologna, Italy",44.4756,11.2759
2021-10-08T00:00:00+00:00,13.900,8.900,Open-Meteo Historical Weather API,"Casalecchio di Reno, Bologna, Italy",44.4756,11.2759
2021-10-08T01:00:00+00:00,14.500,7.400,Open-Meteo Historical Weather API,"Casalecchio di Reno, Bologna, Italy",44.4756,11.2759
2021-10-08T02:00:00+00:00,14.400,8.600,Open-Meteo Historical Weather API,"Casalecchio di Reno, Bologna, Italy",44.4756,11.2759
2021-10-08T03:00:00+00:00,14.000,9.700,Open-Meteo Historical Weather API,"Casalecchio di Reno, Bologna, Italy",44.4756,11.2759
2021-10-08T04:00:00+00:00,12.800,11.100,Open-Meteo Historical Weather API,"Casalecchio di Reno, Bologna, Italy",44.4756,11.2759
2021-10-08T05:00:00+00:00,12.400,11.300,Open-Meteo Historical Weather API,"Casalecchio di Reno, Bologna, Italy",44.4756,11.2759
2021-10-08T06:00:00+00:00,12.600,10.800,Open-Meteo Historical Weather API,"Casalecchio di Reno, Bologna, Italy",44.4756,11.2759
2021-10-08T07:00:00+00:00,13.600,10.400,Open-Meteo Historical Weather API,"Casalecchio di Reno, Bologna, Italy",44.4756,11.2759
2021-10-08T08:00:00+00:00,13.900,9.500,Open-Meteo Historical Weather API,"Casalecchio di Reno, Bologna, Italy",44.4756,11.2759
2021-10-08T09:00:00+00:00,14.400,10.100,Open-Meteo Historical Weather API,"Casalecchio di Reno, Bologna, Italy",44.4756,11.2759
2021-10-08T10:00:00+00:00,15.600,10.000,Open-Meteo Historical Weather API,"Casalecchio di Reno, Bologna, Italy",44.4756,11.2759
2021-10-08T11:00:00+00:00,17.200,8.700,Open-Meteo Historical Weather API,"Casalecchio di Reno, Bologna, Italy",44.4756,11.2759
2021-10-08T12:00:00+00:00,17.200,8.600,Open-Meteo Historical Weather API,"Casalecchio di Reno, Bologna, Italy",44.4756,11.2759
2021-10-08T13:00:00+00:00,16.700,8.600,Open-Meteo Historical Weather API,"Casalecchio di Reno, Bologna, Italy",44.4756,11.2759
2021-10-08T14:00:00+00:00,16.800,8.400,Open-Meteo Historical Weather API,"Casalecchio di Reno, Bologna, Italy",44.4756,11.2759
2021-10-08T15:00:00+00:00,16.200,8.600,Open-Meteo Historical Weather API,"Casalecchio di Reno, Bologna, Italy",44.4756,11.2759
2021-10-08T16:00:00+00:00,16.000,8.600,Open-Meteo Historical Weather API,"Casalecchio di Reno, Bologna, Italy",44.4756,11.2759
2021-10-08T17:00:00+00:00,15.900,8.400,Open-Meteo Historical Weather API,"Casalecchio di Reno, Bologna, Italy",44.4756,11.2759
2021-10-08T18:00:00+00:00,15.600,8.600,Open-Meteo Historical Weather API,"Casalecchio di Reno, Bologna, Italy",44.4756,11.2759
2021-10-08T19:00:00+00:00,15.200,8.600,Open-Meteo Historical Weather API,"Casalecchio di Reno, Bologna, Italy",44.4756,11.2759
2021-10-08T20:00:00+00:00,14.200,8.600,Open-Meteo Historical Weather API,"Casalecchio di Reno, Bologna, Italy",44.4756,11.2759
2021-10-08T21:00:00+00:00,13.800,8.600,Open-Meteo Historical Weather API,"Casalecchio di Reno, Bologna, Italy",44.4756,11.2759
2021-10-08T22:00:00+00:00,13.400,8.400,Open-Meteo Historical Weather API,"Casalecchio di Reno, Bologna, Italy",44.4756,11.2759
2021-10-08T23:00:00+00:00,13.600,8.400,Open-Meteo Historical Weather API,"Casalecchio di Reno, Bologna, Italy",44.4756,11.2759
2021-10-09T00:00:00+00:00,11.600,8.800,Open-Meteo Historical Weather API,"Casalecchio di Reno, Bologna, Italy",44.4756,11.2759
2021-10-09T01:00:00+00:00,10.000,7.900,Open-Meteo Historical Weather API,"Casalecchio di Reno, Bologna, Italy",44.4756,11.2759
2021-10-09T02:00:00+00:00,10.800,7.900,Open-Meteo Historical Weather API,"Casalecchio di Reno, Bologna, Italy",44.4756,11.2759
2021-10-09T03:00:00+00:00,11.600,7.600,Open-Meteo Historical Weather API,"Casalecchio di Reno, Bologna, Italy",44.4756,11.2759
2021-10-09T04:00:00+00:00,10.400,7.400,Open-Meteo Historical Weather API,"Casalecchio di Reno, Bologna, Italy",44.4756,11.2759
2021-10-09T05:00:00+00:00,9.900,7.300,Open-Meteo Historical Weather API,"Casalecchio di Reno, Bologna, Italy",44.4756,11.2759
2021-10-09T06:00:00+00:00,10.100,7.600,Open-Meteo Historical Weather API,"Casalecchio di Reno, Bologna, Italy",44.4756,11.2759
2021-10-09T07:00:00+00:00,11.800,8.100,Open-Meteo Historical Weather API,"Casalecchio di Reno, Bologna, Italy",44.4756,11.2759
2021-10-09T08:00:00+00:00,13.900,8.600,Open-Meteo Historical Weather API,"Casalecchio di Reno, Bologna, Italy",44.4756,11.2759
2021-10-09T09:00:00+00:00,15.900,7.700,Open-Meteo Historical Weather API,"Casalecchio di Reno, Bologna, Italy",44.4756,11.2759
2021-10-09T10:00:00+00:00,16.400,6.900,Open-Meteo Historical Weather API,"Casalecchio di Reno, Bologna, Italy",44.4756,11.2759
2021-10-09T11:00:00+00:00,16.500,6.200,Open-Meteo Historical Weather API,"Casalecchio di Reno, Bologna, Italy",44.4756,11.2759
2021-10-09T12:00:00+00:00,16.800,5.300,Open-Meteo Historical Weather API,"Casalecchio di Reno, Bologna, Italy",44.4756,11.2759
2021-10-09T13:00:00+00:00,16.500,5.600,Open-Meteo Historical Weather API,"Casalecchio di Reno, Bologna, Italy",44.4756,11.2759
2021-10-09T14:00:00+00:00,16.300,5.900,Open-Meteo Historical Weather API,"Casalecchio di Reno, Bologna, Italy",44.4756,11.2759
2021-10-09T15:00:00+00:00,16.200,5.500,Open-Meteo Historical Weather API,"Casalecchio di Reno, Bologna, Italy",44.4756,11.2759
2021-10-09T16:00:00+00:00,14.900,6.200,Open-Meteo Historical Weather API,"Casalecchio di Reno, Bologna, Italy",44.4756,11.2759
2021-10-09T17:00:00+00:00,12.600,6.100,Open-Meteo Historical Weather API,"Casalecchio di Reno, Bologna, Italy",44.4756,11.2759
2021-10-09T18:00:00+00:00,11.200,6.300,Open-Meteo Historical Weather API,"Casalecchio di Reno, Bologna, Italy",44.4756,11.2759
2021-10-09T19:00:00+00:00,10.200,6.400,Open-Meteo Historical Weather API,"Casalecchio di Reno, Bologna, Italy",44.4756,11.2759
2021-10-09T20:00:00+00:00,9.200,6.000,Open-Meteo Historical Weather API,"Casalecchio di Reno, Bologna, Italy",44.4756,11.2759
2021-10-09T21:00:00+00:00,8.400,5.400,Open-Meteo Historical Weather API,"Casalecchio di Reno, Bologna, Italy",44.4756,11.2759
2021-10-09T22:00:00+00:00,7.900,4.900,Open-Meteo Historical Weather API,"Casalecchio di Reno, Bologna, Italy",44.4756,11.2759
2021-10-09T23:00:00+00:00,7.600,4.500,Open-Meteo Historical Weather API,"Casalecchio di Reno, Bologna, Italy",44.4756,11.2759
2021-10-10T00:00:00+00:00,7.700,4.100,Open-Meteo Historical Weather API,"Casalecchio di Reno, Bologna, Italy",44.4756,11.2759
2021-10-10T01:00:00+00:00,8.600,3.300,Open-Meteo Historical Weather API,"Casalecchio di Reno, Bologna, Italy",44.4756,11.2759
2021-10-10T02:00:00+00:00,7.800,4.100,Open-Meteo Historical Weather API,"Casalecchio di Reno, Bologna, Italy",44.4756,11.2759
2021-10-10T03:00:00+00:00,9.200,3.800,Open-Meteo Historical Weather API,"Casalecchio di Reno, Bologna, Italy",44.4756,11.2759
2021-10-10T04:00:00+00:00,7.800,3.800,Open-Meteo Historical Weather API,"Casalecchio di Reno, Bologna, Italy",44.4756,11.2759
2021-10-10T05:00:00+00:00,6.800,3.800,Open-Meteo Historical Weather API,"Casalecchio di Reno, Bologna, Italy",44.4756,11.2759
2021-10-10T06:00:00+00:00,7.500,4.000,Open-Meteo Historical Weather API,"Casalecchio di Reno, Bologna, Italy",44.4756,11.2759
2021-10-10T07:00:00+00:00,9.600,4.600,Open-Meteo Historical Weather API,"Casalecchio di Reno, Bologna, Italy",44.4756,11.2759
2021-10-10T08:00:00+00:00,11.600,4.800,Open-Meteo Historical Weather API,"Casalecchio di Reno, Bologna, Italy",44.4756,11.2759
2021-10-10T09:00:00+00:00,13.400,5.000,Open-Meteo Historical Weather API,"Casalecchio di Reno, Bologna, Italy",44.4756,11.2759
2021-10-10T10:00:00+00:00,14.600,4.500,Open-Meteo Historical Weather API,"Casalecchio di Reno, Bologna, Italy",44.4756,11.2759
2021-10-10T11:00:00+00:00,15.200,4.200,Open-Meteo Historical Weather API,"Casalecchio di Reno, Bologna, Italy",44.4756,11.2759
2021-10-10T12:00:00+00:00,14.900,5.100,Open-Meteo Historical Weather API,"Casalecchio di Reno, Bologna, Italy",44.4756,11.2759
2021-10-10T13:00:00+00:00,15.600,4.400,Open-Meteo Historical Weather API,"Casalecchio di Reno, Bologna, Italy",44.4756,11.2759
2021-10-10T14:00:00+00:00,15.300,3.300,Open-Meteo Historical Weather API,"Casalecchio di Reno, Bologna, Italy",44.4756,11.2759
2021-10-10T15:00:00+00:00,14.900,3.000,Open-Meteo Historical Weather API,"Casalecchio di Reno, Bologna, Italy",44.4756,11.2759
2021-10-10T16:00:00+00:00,13.100,4.200,Open-Meteo Historical Weather API,"Casalecchio di Reno, Bologna, Italy",44.4756,11.2759
2021-10-10T17:00:00+00:00,11.000,4.400,Open-Meteo Historical Weather API,"Casalecchio di Reno, Bologna, Italy",44.4756,11.2759
2021-10-10T18:00:00+00:00,12.800,2.000,Open-Meteo Historical Weather API,"Casalecchio di Reno, Bologna, Italy",44.4756,11.2759
2021-10-10T19:00:00+00:00,9.600,3.200,Open-Meteo Historical Weather API,"Casalecchio di Reno, Bologna, Italy",44.4756,11.2759
2021-10-10T20:00:00+00:00,10.000,4.300,Open-Meteo Historical Weather API,"Casalecchio di Reno, Bologna, Italy",44.4756,11.2759
2021-10-10T21:00:00+00:00,9.700,4.800,Open-Meteo Historical Weather API,"Casalecchio di Reno, Bologna, Italy",44.4756,11.2759
2021-10-10T22:00:00+00:00,9.200,5.300,Open-Meteo Historical Weather API,"Casalecchio di Reno, Bologna, Italy",44.4756,11.2759
2021-10-10T23:00:00+00:00,9.700,6.100,Open-Meteo Historical Weather API,"Casalecchio di Reno, Bologna, Italy",44.4756,11.2759
2021-10-11T00:00:00+00:00,9.600,5.300,Open-Meteo Historical Weather API,"Casalecchio di Reno, Bologna, Italy",44.4756,11.2759
2021-10-11T01:00:00+00:00,10.500,5.400,Open-Meteo Historical Weather API,"Casalecchio di Reno, Bologna, Italy",44.4756,11.2759
2021-10-11T02:00:00+00:00,10.800,5.400,Open-Meteo Historical Weather API,"Casalecchio di Reno, Bologna, Italy",44.4756,11.2759
2021-10-11T03:00:00+00:00,10.900,5.200,Open-Meteo Historical Weather API,"Casalecchio di Reno, Bologna, Italy",44.4756,11.2759
2021-10-11T04:00:00+00:00,10.700,4.500,Open-Meteo Historical Weather API,"Casalecchio di Reno, Bologna, Italy",44.4756,11.2759
2021-10-11T05:00:00+00:00,10.800,3.500,Open-Meteo Historical Weather API,"Casalecchio di Reno, Bologna, Italy",44.4756,11.2759
2021-10-11T06:00:00+00:00,10.100,3.000,Open-Meteo Historical Weather API,"Casalecchio di Reno, Bologna, Italy",44.4756,11.2759
2021-10-11T07:00:00+00:00,10.700,3.500,Open-Meteo Historical Weather API,"Casalecchio di Reno, Bologna, Italy",44.4756,11.2759
2021-10-11T08:00:00+00:00,12.000,4.300,Open-Meteo Historical Weather API,"Casalecchio di Reno, Bologna, Italy",44.4756,11.2759
2021-10-11T09:00:00+00:00,13.600,5.200,Open-Meteo Historical Weather API,"Casalecchio di Reno, Bologna, Italy",44.4756,11.2759
2021-10-11T10:00:00+00:00,14.600,6.100,Open-Meteo Historical Weather API,"Casalecchio di Reno, Bologna, Italy",44.4756,11.2759
2021-10-11T11:00:00+00:00,15.300,6.600,Open-Meteo Historical Weather API,"Casalecchio di Reno, Bologna, Italy",44.4756,11.2759
2021-10-11T12:00:00+00:00,15.400,5.400,Open-Meteo Historical Weather API,"Casalecchio di Reno, Bologna, Italy",44.4756,11.2759
2021-10-11T13:00:00+00:00,16.600,5.800,Open-Meteo Historical Weather API,"Casalecchio di Reno, Bologna, Italy",44.4756,11.2759
2021-10-11T14:00:00+00:00,16.800,5.700,Open-Meteo Historical Weather API,"Casalecchio di Reno, Bologna, Italy",44.4756,11.2759
2021-10-11T15:00:00+00:00,16.400,5.800,Open-Meteo Historical Weather API,"Casalecchio di Reno, Bologna, Italy",44.4756,11.2759
2021-10-11T16:00:00+00:00,14.600,7.700,Open-Meteo Historical Weather API,"Casalecchio di Reno, Bologna, Italy",44.4756,11.2759
2021-10-11T17:00:00+00:00,12.900,6.400,Open-Meteo Historical Weather API,"Casalecchio di Reno, Bologna, Italy",44.4756,11.2759
2021-10-11T18:00:00+00:00,12.100,6.200,Open-Meteo Historical Weather API,"Casalecchio di Reno, Bologna, Italy",44.4756,11.2759
2021-10-11T19:00:00+00:00,11.800,5.900,Open-Meteo Historical Weather API,"Casalecchio di Reno, Bologna, Italy",44.4756,11.2759
2021-10-11T20:00:00+00:00,11.200,5.800,Open-Meteo Historical Weather API,"Casalecchio di Reno, Bologna, Italy",44.4756,11.2759
2021-10-11T21:00:00+00:00,10.200,6.100,Open-Meteo Historical Weather API,"Casalecchio di Reno, Bologna, Italy",44.4756,11.2759
2021-10-11T22:00:00+00:00,9.800,6.300,Open-Meteo Historical Weather API,"Casalecchio di Reno, Bologna, Italy",44.4756,11.2759
2021-10-11T23:00:00+00:00,9.800,6.400,Open-Meteo Historical Weather API,"Casalecchio di Reno, Bologna, Italy",44.4756,11.2759
2021-10-12T00:00:00+00:00,9.800,5.700,Open-Meteo Historical Weather API,"Casalecchio di Reno, Bologna, Italy",44.4756,11.2759
2021-10-12T01:00:00+00:00,9.900,5.400,Open-Meteo Historical Weather API,"Casalecchio di Reno, Bologna, Italy",44.4756,11.2759
2021-10-12T02:00:00+00:00,9.900,5.400,Open-Meteo Historical Weather API,"Casalecchio di Reno, Bologna, Italy",44.4756,11.2759
2021-10-12T03:00:00+00:00,9.600,5.400,Open-Meteo Historical Weather API,"Casalecchio di Reno, Bologna, Italy",44.4756,11.2759
2021-10-12T04:00:00+00:00,9.400,5.300,Open-Meteo Historical Weather API,"Casalecchio di Reno, Bologna, Italy",44.4756,11.2759
2021-10-12T05:00:00+00:00,9.900,5.300,Open-Meteo Historical Weather API,"Casalecchio di Reno, Bologna, Italy",44.4756,11.2759
2021-10-12T06:00:00+00:00,10.900,5.800,Open-Meteo Historical Weather API,"Casalecchio di Reno, Bologna, Italy",44.4756,11.2759
2021-10-12T07:00:00+00:00,13.500,7.700,Open-Meteo Historical Weather API,"Casalecchio di Reno, Bologna, Italy",44.4756,11.2759
2021-10-12T08:00:00+00:00,15.100,8.900,Open-Meteo Historical Weather API,"Casalecchio di Reno, Bologna, Italy",44.4756,11.2759
2021-10-12T09:00:00+00:00,16.000,9.600,Open-Meteo Historical Weather API,"Casalecchio di Reno, Bologna, Italy",44.4756,11.2759
2021-10-12T10:00:00+00:00,16.900,9.300,Open-Meteo Historical Weather API,"Casalecchio di Reno, Bologna, Italy",44.4756,11.2759
2021-10-12T11:00:00+00:00,17.300,8.800,Open-Meteo Historical Weather API,"Casalecchio di Reno, Bologna, Italy",44.4756,11.2759
2021-10-12T12:00:00+00:00,17.500,8.900,Open-Meteo Historical Weather API,"Casalecchio di Reno, Bologna, Italy",44.4756,11.2759
2021-10-12T13:00:00+00:00,17.500,8.200,Open-Meteo Historical Weather API,"Casalecchio di Reno, Bologna, Italy",44.4756,11.2759
2021-10-12T14:00:00+00:00,17.500,7.700,Open-Meteo Historical Weather API,"Casalecchio di Reno, Bologna, Italy",44.4756,11.2759
2021-10-12T15:00:00+00:00,16.900,7.200,Open-Meteo Historical Weather API,"Casalecchio di Reno, Bologna, Italy",44.4756,11.2759
2021-10-12T16:00:00+00:00,15.600,7.000,Open-Meteo Historical Weather API,"Casalecchio di Reno, Bologna, Italy",44.4756,11.2759
2021-10-12T17:00:00+00:00,14.200,6.100,Open-Meteo Historical Weather API,"Casalecchio di Reno, Bologna, Italy",44.4756,11.2759
2021-10-12T18:00:00+00:00,12.900,5.400,Open-Meteo Historical Weather API,"Casalecchio di Reno, Bologna, Italy",44.4756,11.2759
2021-10-12T19:00:00+00:00,12.200,5.500,Open-Meteo Historical Weather API,"Casalecchio di Reno, Bologna, Italy",44.4756,11.2759
2021-10-12T20:00:00+00:00,11.400,6.100,Open-Meteo Historical Weather API,"Casalecchio di Reno, Bologna, Italy",44.4756,11.2759
2021-10-12T21:00:00+00:00,10.100,7.000,Open-Meteo Historical Weather API,"Casalecchio di Reno, Bologna, Italy",44.4756,11.2759
2021-10-12T22:00:00+00:00,10.900,7.300,Open-Meteo Historical Weather API,"Casalecchio di Reno, Bologna, Italy",44.4756,11.2759
2021-10-12T23:00:00+00:00,9.900,7.200,Open-Meteo Historical Weather API,"Casalecchio di Reno, Bologna, Italy",44.4756,11.2759
2021-10-13T00:00:00+00:00,9.400,6.400,Open-Meteo Historical Weather API,"Casalecchio di Reno, Bologna, Italy",44.4756,11.2759
2021-10-13T01:00:00+00:00,8.100,5.700,Open-Meteo Historical Weather API,"Casalecchio di Reno, Bologna, Italy",44.4756,11.2759
2021-10-13T02:00:00+00:00,8.100,5.600,Open-Meteo Historical Weather API,"Casalecchio di Reno, Bologna, Italy",44.4756,11.2759
2021-10-13T03:00:00+00:00,7.800,5.400,Open-Meteo Historical Weather API,"Casalecchio di Reno, Bologna, Italy",44.4756,11.2759
2021-10-13T04:00:00+00:00,6.400,5.200,Open-Meteo Historical Weather API,"Casalecchio di Reno, Bologna, Italy",44.4756,11.2759
2021-10-13T05:00:00+00:00,5.900,4.900,Open-Meteo Historical Weather API,"Casalecchio di Reno, Bologna, Italy",44.4756,11.2759
2021-10-13T06:00:00+00:00,6.400,4.800,Open-Meteo Historical Weather API,"Casalecchio di Reno, Bologna, Italy",44.4756,11.2759
2021-10-13T07:00:00+00:00,10.200,6.200,Open-Meteo Historical Weather API,"Casalecchio di Reno, Bologna, Italy",44.4756,11.2759
2021-10-13T08:00:00+00:00,12.800,7.200,Open-Meteo Historical Weather API,"Casalecchio di Reno, Bologna, Italy",44.4756,11.2759
2021-10-13T09:00:00+00:00,14.400,7.700,Open-Meteo Historical Weather API,"Casalecchio di Reno, Bologna, Italy",44.4756,11.2759
2021-10-13T10:00:00+00:00,15.600,7.800,Open-Meteo Historical Weather API,"Casalecchio di Reno, Bologna, Italy",44.4756,11.2759
2021-10-13T11:00:00+00:00,16.500,7.600,Open-Meteo Historical Weather API,"Casalecchio di Reno, Bologna, Italy",44.4756,11.2759
2021-10-13T12:00:00+00:00,16.500,7.000,Open-Meteo Historical Weather API,"Casalecchio di Reno, Bologna, Italy",44.4756,11.2759
2021-10-13T13:00:00+00:00,16.600,7.300,Open-Meteo Historical Weather API,"Casalecchio di Reno, Bologna, Italy",44.4756,11.2759
2021-10-13T14:00:00+00:00,16.500,7.000,Open-Meteo Historical Weather API,"Casalecchio di Reno, Bologna, Italy",44.4756,11.2759
2021-10-13T15:00:00+00:00,15.400,5.800,Open-Meteo Historical Weather API,"Casalecchio di Reno, Bologna, Italy",44.4756,11.2759
2021-10-13T16:00:00+00:00,14.100,6.200,Open-Meteo Historical Weather API,"Casalecchio di Reno, Bologna, Italy",44.4756,11.2759
2021-10-13T17:00:00+00:00,11.200,7.200,Open-Meteo Historical Weather API,"Casalecchio di Reno, Bologna, Italy",44.4756,11.2759
2021-10-13T18:00:00+00:00,9.800,7.500,Open-Meteo Historical Weather API,"Casalecchio di Reno, Bologna, Italy",44.4756,11.2759
2021-10-13T19:00:00+00:00,9.200,7.200,Open-Meteo Historical Weather API,"Casalecchio di Reno, Bologna, Italy",44.4756,11.2759
2021-10-13T20:00:00+00:00,8.200,6.500,Open-Meteo Historical Weather API,"Casalecchio di Reno, Bologna, Italy",44.4756,11.2759
2021-10-13T21:00:00+00:00,7.600,5.800,Open-Meteo Historical Weather API,"Casalecchio di Reno, Bologna, Italy",44.4756,11.2759
2021-10-13T22:00:00+00:00,7.400,5.500,Open-Meteo Historical Weather API,"Casalecchio di Reno, Bologna, Italy",44.4756,11.2759
2021-10-13T23:00:00+00:00,8.600,5.600,Open-Meteo Historical Weather API,"Casalecchio di Reno, Bologna, Italy",44.4756,11.2759
2021-10-14T00:00:00+00:00,8.500,7.900,Open-Meteo Historical Weather API,"Casalecchio di Reno, Bologna, Italy",44.4756,11.2759
2021-10-14T01:00:00+00:00,7.500,6.600,Open-Meteo Historical Weather API,"Casalecchio di Reno, Bologna, Italy",44.4756,11.2759
2021-10-14T02:00:00+00:00,6.800,5.800,Open-Meteo Historical Weather API,"Casalecchio di Reno, Bologna, Italy",44.4756,11.2759
2021-10-14T03:00:00+00:00,5.700,4.300,Open-Meteo Historical Weather API,"Casalecchio di Reno, Bologna, Italy",44.4756,11.2759
2021-10-14T04:00:00+00:00,8.100,5.100,Open-Meteo Historical Weather API,"Casalecchio di Reno, Bologna, Italy",44.4756,11.2759
2021-10-14T05:00:00+00:00,5.800,4.300,Open-Meteo Historical Weather API,"Casalecchio di Reno, Bologna, Italy",44.4756,11.2759
2021-10-14T06:00:00+00:00,7.100,5.200,Open-Meteo Historical Weather API,"Casalecchio di Reno, Bologna, Italy",44.4756,11.2759
2021-10-14T07:00:00+00:00,8.600,7.300,Open-Meteo Historical Weather API,"Casalecchio di Reno, Bologna, Italy",44.4756,11.2759
2021-10-14T08:00:00+00:00,11.100,7.100,Open-Meteo Historical Weather API,"Casalecchio di Reno, Bologna, Italy",44.4756,11.2759
2021-10-14T09:00:00+00:00,12.600,7.200,Open-Meteo Historical Weather API,"Casalecchio di Reno, Bologna, Italy",44.4756,11.2759
2021-10-14T10:00:00+00:00,13.900,6.100,Open-Meteo Historical Weather API,"Casalecchio di Reno, Bologna, Italy",44.4756,11.2759
2021-10-14T11:00:00+00:00,14.700,4.800,Open-Meteo Historical Weather API,"Casalecchio di Reno, Bologna, Italy",44.4756,11.2759
2021-10-14T12:00:00+00:00,15.400,4.200,Open-Meteo Historical Weather API,"Casalecchio di Reno, Bologna, Italy",44.4756,11.2759
2021-10-14T13:00:00+00:00,15.500,3.500,Open-Meteo Historical Weather API,"Casalecchio di Reno, Bologna, Italy",44.4756,11.2759
2021-10-14T14:00:00+00:00,15.500,2.700,Open-Meteo Historical Weather API,"Casalecchio di Reno, Bologna, Italy",44.4756,11.2759
2021-10-14T15:00:00+00:00,15.100,2.800,Open-Meteo Historical Weather API,"Casalecchio di Reno, Bologna, Italy",44.4756,11.2759
2021-10-14T16:00:00+00:00,12.800,5.200,Open-Meteo Historical Weather API,"Casalecchio di Reno, Bologna, Italy",44.4756,11.2759
2021-10-14T17:00:00+00:00,10.400,3.100,Open-Meteo Historical Weather API,"Casalecchio di Reno, Bologna, Italy",44.4756,11.2759
2021-10-14T18:00:00+00:00,9.900,2.400,Open-Meteo Historical Weather API,"Casalecchio di Reno, Bologna, Italy",44.4756,11.2759
2021-10-14T19:00:00+00:00,8.900,2.200,Open-Meteo Historical Weather API,"Casalecchio di Reno, Bologna, Italy",44.4756,11.2759
2021-10-14T20:00:00+00:00,8.900,1.500,Open-Meteo Historical Weather API,"Casalecchio di Reno, Bologna, Italy",44.4756,11.2759
2021-10-14T21:00:00+00:00,7.800,1.500,Open-Meteo Historical Weather API,"Casalecchio di Reno, Bologna, Italy",44.4756,11.2759
2021-10-14T22:00:00+00:00,6.700,1.400,Open-Meteo Historical Weather API,"Casalecchio di Reno, Bologna, Italy",44.4756,11.2759
2021-10-14T23:00:00+00:00,6.100,1.500,Open-Meteo Historical Weather API,"Casalecchio di Reno, Bologna, Italy",44.4756,11.2759
2021-10-15T00:00:00+00:00,7.200,2.100,Open-Meteo Historical Weather API,"Casalecchio di Reno, Bologna, Italy",44.4756,11.2759
2021-10-15T01:00:00+00:00,6.900,1.900,Open-Meteo Historical Weather API,"Casalecchio di Reno, Bologna, Italy",44.4756,11.2759
2021-10-15T02:00:00+00:00,6.800,1.800,Open-Meteo Historical Weather API,"Casalecchio di Reno, Bologna, Italy",44.4756,11.2759
2021-10-15T03:00:00+00:00,7.300,2.000,Open-Meteo Historical Weather API,"Casalecchio di Reno, Bologna, Italy",44.4756,11.2759
2021-10-15T04:00:00+00:00,5.300,2.300,Open-Meteo Historical Weather API,"Casalecchio di Reno, Bologna, Italy",44.4756,11.2759
2021-10-15T05:00:00+00:00,4.600,2.200,Open-Meteo Historical Weather API,"Casalecchio di Reno, Bologna, Italy",44.4756,11.2759
2021-10-15T06:00:00+00:00,4.900,2.300,Open-Meteo Historical Weather API,"Casalecchio di Reno, Bologna, Italy",44.4756,11.2759
2021-10-15T07:00:00+00:00,8.400,4.400,Open-Meteo Historical Weather API,"Casalecchio di Reno, Bologna, Italy",44.4756,11.2759
2021-10-15T08:00:00+00:00,11.500,4.200,Open-Meteo Historical Weather API,"Casalecchio di Reno, Bologna, Italy",44.4756,11.2759
2021-10-15T09:00:00+00:00,13.300,4.700,Open-Meteo Historical Weather API,"Casalecchio di Reno, Bologna, Italy",44.4756,11.2759
2021-10-15T10:00:00+00:00,14.400,4.900,Open-Meteo Historical Weather API,"Casalecchio di Reno, Bologna, Italy",44.4756,11.2759
2021-10-15T11:00:00+00:00,15.300,5.000,Open-Meteo Historical Weather API,"Casalecchio di Reno, Bologna, Italy",44.4756,11.2759
2021-10-15T12:00:00+00:00,15.400,4.400,Open-Meteo Historical Weather API,"Casalecchio di Reno, Bologna, Italy",44.4756,11.2759
2021-10-15T13:00:00+00:00,15.800,4.800,Open-Meteo Historical Weather API,"Casalecchio di Reno, Bologna, Italy",44.4756,11.2759
2021-10-15T14:00:00+00:00,15.800,5.000,Open-Meteo Historical Weather API,"Casalecchio di Reno, Bologna, Italy",44.4756,11.2759
2021-10-15T15:00:00+00:00,15.400,5.100,Open-Meteo Historical Weather API,"Casalecchio di Reno, Bologna, Italy",44.4756,11.2759
2021-10-15T16:00:00+00:00,14.700,4.800,Open-Meteo Historical Weather API,"Casalecchio di Reno, Bologna, Italy",44.4756,11.2759
2021-10-15T17:00:00+00:00,12.400,5.100,Open-Meteo Historical Weather API,"Casalecchio di Reno, Bologna, Italy",44.4756,11.2759
2021-10-15T18:00:00+00:00,10.100,4.800,Open-Meteo Historical Weather API,"Casalecchio di Reno, Bologna, Italy",44.4756,11.2759
2021-10-15T19:00:00+00:00,9.900,4.800,Open-Meteo Historical Weather API,"Casalecchio di Reno, Bologna, Italy",44.4756,11.2759
2021-10-15T20:00:00+00:00,8.800,4.700,Open-Meteo Historical Weather API,"Casalecchio di Reno, Bologna, Italy",44.4756,11.2759
2021-10-15T21:00:00+00:00,8.400,4.300,Open-Meteo Historical Weather API,"Casalecchio di Reno, Bologna, Italy",44.4756,11.2759
2021-10-15T22:00:00+00:00,8.200,3.900,Open-Meteo Historical Weather API,"Casalecchio di Reno, Bologna, Italy",44.4756,11.2759
2021-10-15T23:00:00+00:00,8.100,3.600,Open-Meteo Historical Weather API,"Casalecchio di Reno, Bologna, Italy",44.4756,11.2759
2021-10-16T00:00:00+00:00,8.900,3.400,Open-Meteo Historical Weather API,"Casalecchio di Reno, Bologna, Italy",44.4756,11.2759
2021-10-16T01:00:00+00:00,8.900,3.500,Open-Meteo Historical Weather API,"Casalecchio di Reno, Bologna, Italy",44.4756,11.2759
2021-10-16T02:00:00+00:00,7.600,3.600,Open-Meteo Historical Weather API,"Casalecchio di Reno, Bologna, Italy",44.4756,11.2759
2021-10-16T03:00:00+00:00,6.800,3.400,Open-Meteo Historical Weather API,"Casalecchio di Reno, Bologna, Italy",44.4756,11.2759
2021-10-16T04:00:00+00:00,7.100,3.000,Open-Meteo Historical Weather API,"Casalecchio di Reno, Bologna, Italy",44.4756,11.2759
2021-10-16T05:00:00+00:00,7.700,2.900,Open-Meteo Historical Weather API,"Casalecchio di Reno, Bologna, Italy",44.4756,11.2759
2021-10-16T06:00:00+00:00,8.100,3.200,Open-Meteo Historical Weather API,"Casalecchio di Reno, Bologna, Italy",44.4756,11.2759
2021-10-16T07:00:00+00:00,10.400,4.800,Open-Meteo Historical Weather API,"Casalecchio di Reno, Bologna, Italy",44.4756,11.2759
2021-10-16T08:00:00+00:00,12.500,5.300,Open-Meteo Historical Weather API,"Casalecchio di Reno, Bologna, Italy",44.4756,11.2759
2021-10-16T09:00:00+00:00,14.000,6.200,Open-Meteo Historical Weather API,"Casalecchio di Reno, Bologna, Italy",44.4756,11.2759
2021-10-16T10:00:00+00:00,15.400,7.100,Open-Meteo Historical Weather API,"Casalecchio di Reno, Bologna, Italy",44.4756,11.2759
2021-10-16T11:00:00+00:00,16.500,7.200,Open-Meteo Historical Weather API,"Casalecchio di Reno, Bologna, Italy",44.4756,11.2759
2021-10-16T12:00:00+00:00,17.000,7.300,Open-Meteo Historical Weather API,"Casalecchio di Reno, Bologna, Italy",44.4756,11.2759
2021-10-16T13:00:00+00:00,17.300,7.300,Open-Meteo Historical Weather API,"Casalecchio di Reno, Bologna, Italy",44.4756,11.2759
2021-10-16T14:00:00+00:00,17.300,7.600,Open-Meteo Historical Weather API,"Casalecchio di Reno, Bologna, Italy",44.4756,11.2759
2021-10-16T15:00:00+00:00,17.200,7.400,Open-Meteo Historical Weather API,"Casalecchio di Reno, Bologna, Italy",44.4756,11.2759
2021-10-16T16:00:00+00:00,14.400,9.300,Open-Meteo Historical Weather API,"Casalecchio di Reno, Bologna, Italy",44.4756,11.2759
2021-10-16T17:00:00+00:00,15.000,7.200,Open-Meteo Historical Weather API,"Casalecchio di Reno, Bologna, Italy",44.4756,11.2759
2021-10-16T18:00:00+00:00,13.900,7.100,Open-Meteo Historical Weather API,"Casalecchio di Reno, Bologna, Italy",44.4756,11.2759
2021-10-16T19:00:00+00:00,10.400,7.200,Open-Meteo Historical Weather API,"Casalecchio di Reno, Bologna, Italy",44.4756,11.2759
2021-10-16T20:00:00+00:00,10.100,7.100,Open-Meteo Historical Weather API,"Casalecchio di Reno, Bologna, Italy",44.4756,11.2759
2021-10-16T21:00:00+00:00,9.700,6.700,Open-Meteo Historical Weather API,"Casalecchio di Reno, Bologna, Italy",44.4756,11.2759
2021-10-16T22:00:00+00:00,10.100,6.400,Open-Meteo Historical Weather API,"Casalecchio di Reno, Bologna, Italy",44.4756,11.2759
2021-10-16T23:00:00+00:00,9.600,6.300,Open-Meteo Historical Weather API,"Casalecchio di Reno, Bologna, Italy",44.4756,11.2759
2021-10-17T00:00:00+00:00,9.600,5.600,Open-Meteo Historical Weather API,"Casalecchio di Reno, Bologna, Italy",44.4756,11.2759
2021-10-17T01:00:00+00:00,9.200,5.400,Open-Meteo Historical Weather API,"Casalecchio di Reno, Bologna, Italy",44.4756,11.2759
2021-10-17T02:00:00+00:00,8.900,5.400,Open-Meteo Historical Weather API,"Casalecchio di Reno, Bologna, Italy",44.4756,11.2759
2021-10-17T03:00:00+00:00,8.400,5.400,Open-Meteo Historical Weather API,"Casalecchio di Reno, Bologna, Italy",44.4756,11.2759
2021-10-17T04:00:00+00:00,8.300,5.400,Open-Meteo Historical Weather API,"Casalecchio di Reno, Bologna, Italy",44.4756,11.2759
2021-10-17T05:00:00+00:00,8.100,5.300,Open-Meteo Historical Weather API,"Casalecchio di Reno, Bologna, Italy",44.4756,11.2759
2021-10-17T06:00:00+00:00,7.800,5.300,Open-Meteo Historical Weather API,"Casalecchio di Reno, Bologna, Italy",44.4756,11.2759
2021-10-17T07:00:00+00:00,10.500,6.400,Open-Meteo Historical Weather API,"Casalecchio di Reno, Bologna, Italy",44.4756,11.2759
2021-10-17T08:00:00+00:00,13.000,7.000,Open-Meteo Historical Weather API,"Casalecchio di Reno, Bologna, Italy",44.4756,11.2759
2021-10-17T09:00:00+00:00,14.600,7.800,Open-Meteo Historical Weather API,"Casalecchio di Reno, Bologna, Italy",44.4756,11.2759
2021-10-17T10:00:00+00:00,15.800,7.900,Open-Meteo Historical Weather API,"Casalecchio di Reno, Bologna, Italy",44.4756,11.2759
2021-10-17T11:00:00+00:00,16.700,8.100,Open-Meteo Historical Weather API,"Casalecchio di Reno, Bologna, Italy",44.4756,11.2759
2021-10-17T12:00:00+00:00,17.200,7.100,Open-Meteo Historical Weather API,"Casalecchio di Reno, Bologna, Italy",44.4756,11.2759
2021-10-17T13:00:00+00:00,17.600,7.200,Open-Meteo Historical Weather API,"Casalecchio di Reno, Bologna, Italy",44.4756,11.2759
2021-10-17T14:00:00+00:00,17.700,7.200,Open-Meteo Historical Weather API,"Casalecchio di Reno, Bologna, Italy",44.4756,11.2759
2021-10-17T15:00:00+00:00,17.300,7.100,Open-Meteo Historical Weather API,"Casalecchio di Reno, Bologna, Italy",44.4756,11.2759
2021-10-17T16:00:00+00:00,16.600,6.800,Open-Meteo Historical Weather API,"Casalecchio di Reno, Bologna, Italy",44.4756,11.2759
2021-10-17T17:00:00+00:00,15.800,6.700,Open-Meteo Historical Weather API,"Casalecchio di Reno, Bologna, Italy",44.4756,11.2759
2021-10-17T18:00:00+00:00,11.800,6.800,Open-Meteo Historical Weather API,"Casalecchio di Reno, Bologna, Italy",44.4756,11.2759
2021-10-17T19:00:00+00:00,11.200,6.800,Open-Meteo Historical Weather API,"Casalecchio di Reno, Bologna, Italy",44.4756,11.2759
2021-10-17T20:00:00+00:00,8.800,6.900,Open-Meteo Historical Weather API,"Casalecchio di Reno, Bologna, Italy",44.4756,11.2759
2021-10-17T21:00:00+00:00,8.600,6.600,Open-Meteo Historical Weather API,"Casalecchio di Reno, Bologna, Italy",44.4756,11.2759
2021-10-17T22:00:00+00:00,9.400,6.200,Open-Meteo Historical Weather API,"Casalecchio di Reno, Bologna, Italy",44.4756,11.2759
2021-10-17T23:00:00+00:00,9.200,5.700,Open-Meteo Historical Weather API,"Casalecchio di Reno, Bologna, Italy",44.4756,11.2759
2021-10-18T00:00:00+00:00,8.700,5.300,Open-Meteo Historical Weather API,"Casalecchio di Reno, Bologna, Italy",44.4756,11.2759
2021-10-18T01:00:00+00:00,8.600,4.800,Open-Meteo Historical Weather API,"Casalecchio di Reno, Bologna, Italy",44.4756,11.2759
2021-10-18T02:00:00+00:00,8.100,4.200,Open-Meteo Historical Weather API,"Casalecchio di Reno, Bologna, Italy",44.4756,11.2759
2021-10-18T03:00:00+00:00,7.600,3.800,Open-Meteo Historical Weather API,"Casalecchio di Reno, Bologna, Italy",44.4756,11.2759
2021-10-18T04:00:00+00:00,8.100,3.500,Open-Meteo Historical Weather API,"Casalecchio di Reno, Bologna, Italy",44.4756,11.2759
2021-10-18T05:00:00+00:00,7.900,3.700,Open-Meteo Historical Weather API,"Casalecchio di Reno, Bologna, Italy",44.4756,11.2759
2021-10-18T06:00:00+00:00,7.800,4.000,Open-Meteo Historical Weather API,"Casalecchio di Reno, Bologna, Italy",44.4756,11.2759
2021-10-18T07:00:00+00:00,10.100,5.300,Open-Meteo Historical Weather API,"Casalecchio di Reno, Bologna, Italy",44.4756,11.2759
2021-10-18T08:00:00+00:00,13.600,7.600,Open-Meteo Historical Weather API,"Casalecchio di Reno, Bologna, Italy",44.4756,11.2759
2021-10-18T09:00:00+00:00,15.700,6.400,Open-Meteo Historical Weather API,"Casalecchio di Reno, Bologna, Italy",44.4756,11.2759
2021-10-18T10:00:00+00:00,16.800,6.900,Open-Meteo Historical Weather API,"Casalecchio di Reno, Bologna, Italy",44.4756,11.2759
2021-10-18T11:00:00+00:00,17.700,7.100,Open-Meteo Historical Weather API,"Casalecchio di Reno, Bologna, Italy",44.4756,11.2759
2021-10-18T12:00:00+00:00,18.200,7.100,Open-Meteo Historical Weather API,"Casalecchio di Reno, Bologna, Italy",44.4756,11.2759
2021-10-18T13:00:00+00:00,18.600,6.700,Open-Meteo Historical Weather API,"Casalecchio di Reno, Bologna, Italy",44.4756,11.2759
2021-10-18T14:00:00+00:00,18.400,6.300,Open-Meteo Historical Weather API,"Casalecchio di Reno, Bologna, Italy",44.4756,11.2759
2021-10-18T15:00:00+00:00,17.800,6.900,Open-Meteo Historical Weather API,"Casalecchio di Reno, Bologna, Italy",44.4756,11.2759
2021-10-18T16:00:00+00:00,17.200,5.800,Open-Meteo Historical Weather API,"Casalecchio di Reno, Bologna, Italy",44.4756,11.2759
2021-10-18T17:00:00+00:00,15.600,6.100,Open-Meteo Historical Weather API,"Casalecchio di Reno, Bologna, Italy",44.4756,11.2759
2021-10-18T18:00:00+00:00,11.400,6.700,Open-Meteo Historical Weather API,"Casalecchio di Reno, Bologna, Italy",44.4756,11.2759
2021-10-18T19:00:00+00:00,10.800,6.800,Open-Meteo Historical Weather API,"Casalecchio di Reno, Bologna, Italy",44.4756,11.2759
2021-10-18T20:00:00+00:00,8.300,6.800,Open-Meteo Historical Weather API,"Casalecchio di Reno, Bologna, Italy",44.4756,11.2759
2021-10-18T21:00:00+00:00,7.100,6.600,Open-Meteo Historical Weather API,"Casalecchio di Reno, Bologna, Italy",44.4756,11.2759
2021-10-18T22:00:00+00:00,7.300,6.100,Open-Meteo Historical Weather API,"Casalecchio di Reno, Bologna, Italy",44.4756,11.2759
2021-10-18T23:00:00+00:00,8.200,5.800,Open-Meteo Historical Weather API,"Casalecchio di Reno, Bologna, Italy",44.4756,11.2759
2021-10-19T00:00:00+00:00,9.500,5.600,Open-Meteo Historical Weather API,"Casalecchio di Reno, Bologna, Italy",44.4756,11.2759
2021-10-19T01:00:00+00:00,8.900,5.400,Open-Meteo Historical Weather API,"Casalecchio di Reno, Bologna, Italy",44.4756,11.2759
2021-10-19T02:00:00+00:00,8.400,5.200,Open-Meteo Historical Weather API,"Casalecchio di Reno, Bologna, Italy",44.4756,11.2759
2021-10-19T03:00:00+00:00,7.300,5.100,Open-Meteo Historical Weather API,"Casalecchio di Reno, Bologna, Italy",44.4756,11.2759
2021-10-19T04:00:00+00:00,6.800,4.900,Open-Meteo Historical Weather API,"Casalecchio di Reno, Bologna, Italy",44.4756,11.2759
2021-10-19T05:00:00+00:00,5.900,4.700,Open-Meteo Historical Weather API,"Casalecchio di Reno, Bologna, Italy",44.4756,11.2759
2021-10-19T06:00:00+00:00,6.600,4.400,Open-Meteo Historical Weather API,"Casalecchio di Reno, Bologna, Italy",44.4756,11.2759
2021-10-19T07:00:00+00:00,10.100,5.600,Open-Meteo Historical Weather API,"Casalecchio di Reno, Bologna, Italy",44.4756,11.2759
2021-10-19T08:00:00+00:00,14.400,8.200,Open-Meteo Historical Weather API,"Casalecchio di Reno, Bologna, Italy",44.4756,11.2759
2021-10-19T09:00:00+00:00,16.600,7.600,Open-Meteo Historical Weather API,"Casalecchio di Reno, Bologna, Italy",44.4756,11.2759
2021-10-19T10:00:00+00:00,17.800,7.900,Open-Meteo Historical Weather API,"Casalecchio di Reno, Bologna, Italy",44.4756,11.2759
2021-10-19T11:00:00+00:00,18.200,8.000,Open-Meteo Historical Weather API,"Casalecchio di Reno, Bologna, Italy",44.4756,11.2759
2021-10-19T12:00:00+00:00,18.400,7.200,Open-Meteo Historical Weather API,"Casalecchio di Reno, Bologna, Italy",44.4756,11.2759
2021-10-19T13:00:00+00:00,18.600,7.300,Open-Meteo Historical Weather API,"Casalecchio di Reno, Bologna, Italy",44.4756,11.2759
2021-10-19T14:00:00+00:00,18.300,7.500,Open-Meteo Historical Weather API,"Casalecchio di Reno, Bologna, Italy",44.4756,11.2759
2021-10-19T15:00:00+00:00,17.900,8.400,Open-Meteo Historical Weather API,"Casalecchio di Reno, Bologna, Italy",44.4756,11.2759
2021-10-19T16:00:00+00:00,15.800,8.600,Open-Meteo Historical Weather API,"Casalecchio di Reno, Bologna, Italy",44.4756,11.2759
2021-10-19T17:00:00+00:00,13.800,8.400,Open-Meteo Historical Weather API,"Casalecchio di Reno, Bologna, Italy",44.4756,11.2759
2021-10-19T18:00:00+00:00,12.900,8.500,Open-Meteo Historical Weather API,"Casalecchio di Reno, Bologna, Italy",44.4756,11.2759
2021-10-19T19:00:00+00:00,10.800,8.300,Open-Meteo Historical Weather API,"Casalecchio di Reno, Bologna, Italy",44.4756,11.2759
2021-10-19T20:00:00+00:00,9.700,7.800,Open-Meteo Historical Weather API,"Casalecchio di Reno, Bologna, Italy",44.4756,11.2759
2021-10-19T21:00:00+00:00,9.900,7.800,Open-Meteo Historical Weather API,"Casalecchio di Reno, Bologna, Italy",44.4756,11.2759
2021-10-19T22:00:00+00:00,10.100,8.400,Open-Meteo Historical Weather API,"Casalecchio di Reno, Bologna, Italy",44.4756,11.2759
2021-10-19T23:00:00+00:00,9.900,8.800,Open-Meteo Historical Weather API,"Casalecchio di Reno, Bologna, Italy",44.4756,11.2759
2021-10-20T00:00:00+00:00,9.900,8.900,Open-Meteo Historical Weather API,"Casalecchio di Reno, Bologna, Italy",44.4756,11.2759
2021-10-20T01:00:00+00:00,10.200,9.200,Open-Meteo Historical Weather API,"Casalecchio di Reno, Bologna, Italy",44.4756,11.2759
2021-10-20T02:00:00+00:00,10.500,9.400,Open-Meteo Historical Weather API,"Casalecchio di Reno, Bologna, Italy",44.4756,11.2759
2021-10-20T03:00:00+00:00,10.600,9.600,Open-Meteo Historical Weather API,"Casalecchio di Reno, Bologna, Italy",44.4756,11.2759
2021-10-20T04:00:00+00:00,10.200,9.300,Open-Meteo Historical Weather API,"Casalecchio di Reno, Bologna, Italy",44.4756,11.2759
2021-10-20T05:00:00+00:00,10.000,9.000,Open-Meteo Historical Weather API,"Casalecchio di Reno, Bologna, Italy",44.4756,11.2759
2021-10-20T06:00:00+00:00,10.200,9.100,Open-Meteo Historical Weather API,"Casalecchio di Reno, Bologna, Italy",44.4756,11.2759
2021-10-20T07:00:00+00:00,12.700,10.600,Open-Meteo Historical Weather API,"Casalecchio di Reno, Bologna, Italy",44.4756,11.2759
2021-10-20T08:00:00+00:00,15.900,11.400,Open-Meteo Historical Weather API,"Casalecchio di Reno, Bologna, Italy",44.4756,11.2759
2021-10-20T09:00:00+00:00,18.000,10.100,Open-Meteo Historical Weather API,"Casalecchio di Reno, Bologna, Italy",44.4756,11.2759
2021-10-20T10:00:00+00:00,19.200,10.200,Open-Meteo Historical Weather API,"Casalecchio di Reno, Bologna, Italy",44.4756,11.2759
2021-10-20T11:00:00+00:00,20.500,10.400,Open-Meteo Historical Weather API,"Casalecchio di Reno, Bologna, Italy",44.4756,11.2759
2021-10-20T12:00:00+00:00,20.600,9.200,Open-Meteo Historical Weather API,"Casalecchio di Reno, Bologna, Italy",44.4756,11.2759
2021-10-20T13:00:00+00:00,21.000,9.600,Open-Meteo Historical Weather API,"Casalecchio di Reno, Bologna, Italy",44.4756,11.2759
2021-10-20T14:00:00+00:00,20.300,10.100,Open-Meteo Historical Weather API,"Casalecchio di Reno, Bologna, Italy",44.4756,11.2759
2021-10-20T15:00:00+00:00,19.900,12.100,Open-Meteo Historical Weather API,"Casalecchio di Reno, Bologna, Italy",44.4756,11.2759
2021-10-20T16:00:00+00:00,16.500,11.500,Open-Meteo Historical Weather API,"Casalecchio di Reno, Bologna, Italy",44.4756,11.2759
2021-10-20T17:00:00+00:00,16.800,9.400,Open-Meteo Historical Weather API,"Casalecchio di Reno, Bologna, Italy",44.4756,11.2759
2021-10-20T18:00:00+00:00,16.100,10.100,Open-Meteo Historical Weather API,"Casalecchio di Reno, Bologna, Italy",44.4756,11.2759
2021-10-20T19:00:00+00:00,15.100,10.500,Open-Meteo Historical Weather API,"Casalecchio di Reno, Bologna, Italy",44.4756,11.2759
2021-10-20T20:00:00+00:00,14.900,10.400,Open-Meteo Historical Weather API,"Casalecchio di Reno, Bologna, Italy",44.4756,11.2759
2021-10-20T21:00:00+00:00,14.800,10.600,Open-Meteo Historical Weather API,"Casalecchio di Reno, Bologna, Italy",44.4756,11.2759
2021-10-20T22:00:00+00:00,14.600,11.200,Open-Meteo Historical Weather API,"Casalecchio di Reno, Bologna, Italy",44.4756,11.2759
2021-10-20T23:00:00+00:00,14.700,11.200,Open-Meteo Historical Weather API,"Casalecchio di Reno, Bologna, Italy",44.4756,11.2759
2021-10-21T00:00:00+00:00,14.900,9.900,Open-Meteo Historical Weather API,"Casalecchio di Reno, Bologna, Italy",44.4756,11.2759
2021-10-21T01:00:00+00:00,15.100,10.300,Open-Meteo Historical Weather API,"Casalecchio di Reno, Bologna, Italy",44.4756,11.2759
2021-10-21T02:00:00+00:00,15.200,10.800,Open-Meteo Historical Weather API,"Casalecchio di Reno, Bologna, Italy",44.4756,11.2759
2021-10-21T03:00:00+00:00,15.100,11.100,Open-Meteo Historical Weather API,"Casalecchio di Reno, Bologna, Italy",44.4756,11.2759
2021-10-21T04:00:00+00:00,15.600,11.100,Open-Meteo Historical Weather API,"Casalecchio di Reno, Bologna, Italy",44.4756,11.2759
2021-10-21T05:00:00+00:00,16.200,11.100,Open-Meteo Historical Weather API,"Casalecchio di Reno, Bologna, Italy",44.4756,11.2759
2021-10-21T06:00:00+00:00,16.100,11.100,Open-Meteo Historical Weather API,"Casalecchio di Reno, Bologna, Italy",44.4756,11.2759
2021-10-21T07:00:00+00:00,17.100,11.700,Open-Meteo Historical Weather API,"Casalecchio di Reno, Bologna, Italy",44.4756,11.2759
2021-10-21T08:00:00+00:00,17.400,12.200,Open-Meteo Historical Weather API,"Casalecchio di Reno, Bologna, Italy",44.4756,11.2759
2021-10-21T09:00:00+00:00,19.000,12.700,Open-Meteo Historical Weather API,"Casalecchio di Reno, Bologna, Italy",44.4756,11.2759
2021-10-21T10:00:00+00:00,20.600,12.000,Open-Meteo Historical Weather API,"Casalecchio di Reno, Bologna, Italy",44.4756,11.2759
2021-10-21T11:00:00+00:00,21.200,11.600,Open-Meteo Historical Weather API,"Casalecchio di Reno, Bologna, Italy",44.4756,11.2759
2021-10-21T12:00:00+00:00,20.500,11.500,Open-Meteo Historical Weather API,"Casalecchio di Reno, Bologna, Italy",44.4756,11.2759
2021-10-21T13:00:00+00:00,20.800,11.800,Open-Meteo Historical Weather API,"Casalecchio di Reno, Bologna, Italy",44.4756,11.2759
2021-10-21T14:00:00+00:00,20.200,11.400,Open-Meteo Historical Weather API,"Casalecchio di Reno, Bologna, Italy",44.4756,11.2759
2021-10-21T15:00:00+00:00,19.600,11.300,Open-Meteo Historical Weather API,"Casalecchio di Reno, Bologna, Italy",44.4756,11.2759
2021-10-21T16:00:00+00:00,19.100,11.000,Open-Meteo Historical Weather API,"Casalecchio di Reno, Bologna, Italy",44.4756,11.2759
2021-10-21T17:00:00+00:00,18.600,10.400,Open-Meteo Historical Weather API,"Casalecchio di Reno, Bologna, Italy",44.4756,11.2759
2021-10-21T18:00:00+00:00,17.100,10.400,Open-Meteo Historical Weather API,"Casalecchio di Reno, Bologna, Italy",44.4756,11.2759
2021-10-21T19:00:00+00:00,15.400,11.900,Open-Meteo Historical Weather API,"Casalecchio di Reno, Bologna, Italy",44.4756,11.2759
2021-10-21T20:00:00+00:00,15.300,10.900,Open-Meteo Historical Weather API,"Casalecchio di Reno, Bologna, Italy",44.4756,11.2759
2021-10-21T21:00:00+00:00,15.500,10.100,Open-Meteo Historical Weather API,"Casalecchio di Reno, Bologna, Italy",44.4756,11.2759
2021-10-21T22:00:00+00:00,15.900,9.800,Open-Meteo Historical Weather API,"Casalecchio di Reno, Bologna, Italy",44.4756,11.2759
2021-10-21T23:00:00+00:00,15.500,10.100,Open-Meteo Historical Weather API,"Casalecchio di Reno, Bologna, Italy",44.4756,11.2759
2021-10-22T00:00:00+00:00,11.900,11.100,Open-Meteo Historical Weather API,"Casalecchio di Reno, Bologna, Italy",44.4756,11.2759
2021-10-22T01:00:00+00:00,11.300,10.400,Open-Meteo Historical Weather API,"Casalecchio di Reno, Bologna, Italy",44.4756,11.2759
2021-10-22T02:00:00+00:00,11.900,10.400,Open-Meteo Historical Weather API,"Casalecchio di Reno, Bologna, Italy",44.4756,11.2759
2021-10-22T03:00:00+00:00,11.600,10.200,Open-Meteo Historical Weather API,"Casalecchio di Reno, Bologna, Italy",44.4756,11.2759
2021-10-22T04:00:00+00:00,11.200,10.400,Open-Meteo Historical Weather API,"Casalecchio di Reno, Bologna, Italy",44.4756,11.2759
2021-10-22T05:00:00+00:00,12.000,10.600,Open-Meteo Historical Weather API,"Casalecchio di Reno, Bologna, Italy",44.4756,11.2759
2021-10-22T06:00:00+00:00,11.600,10.800,Open-Meteo Historical Weather API,"Casalecchio di Reno, Bologna, Italy",44.4756,11.2759
2021-10-22T07:00:00+00:00,13.000,11.100,Open-Meteo Historical Weather API,"Casalecchio di Reno, Bologna, Italy",44.4756,11.2759
2021-10-22T08:00:00+00:00,13.800,11.500,Open-Meteo Historical Weather API,"Casalecchio di Reno, Bologna, Italy",44.4756,11.2759
2021-10-22T09:00:00+00:00,15.000,12.400,Open-Meteo Historical Weather API,"Casalecchio di Reno, Bologna, Italy",44.4756,11.2759
2021-10-22T10:00:00+00:00,15.900,12.500,Open-Meteo Historical Weather API,"Casalecchio di Reno, Bologna, Italy",44.4756,11.2759
2021-10-22T11:00:00+00:00,17.000,12.600,Open-Meteo Historical Weather API,"Casalecchio di Reno, Bologna, Italy",44.4756,11.2759
2021-10-22T12:00:00+00:00,16.900,12.900,Open-Meteo Historical Weather API,"Casalecchio di Reno, Bologna, Italy",44.4756,11.2759
2021-10-22T13:00:00+00:00,16.800,13.200,Open-Meteo Historical Weather API,"Casalecchio di Reno, Bologna, Italy",44.4756,11.2759
2021-10-22T14:00:00+00:00,16.400,13.200,Open-Meteo Historical Weather API,"Casalecchio di Reno, Bologna, Italy",44.4756,11.2759
2021-10-22T15:00:00+00:00,16.300,13.100,Open-Meteo Historical Weather API,"Casalecchio di Reno, Bologna, Italy",44.4756,11.2759
2021-10-22T16:00:00+00:00,15.100,13.100,Open-Meteo Historical Weather API,"Casalecchio di Reno, Bologna, Italy",44.4756,11.2759
2021-10-22T17:00:00+00:00,14.300,12.600,Open-Meteo Historical Weather API,"Casalecchio di Reno, Bologna, Italy",44.4756,11.2759
2021-10-22T18:00:00+00:00,14.600,12.800,Open-Meteo Historical Weather API,"Casalecchio di Reno, Bologna, Italy",44.4756,11.2759
2021-10-22T19:00:00+00:00,13.000,11.900,Open-Meteo Historical Weather API,"Casalecchio di Reno, Bologna, Italy",44.4756,11.2759
2021-10-22T20:00:00+00:00,11.500,10.800,Open-Meteo Historical Weather API,"Casalecchio di Reno, Bologna, Italy",44.4756,11.2759
2021-10-22T21:00:00+00:00,11.400,10.600,Open-Meteo Historical Weather API,"Casalecchio di Reno, Bologna, Italy",44.4756,11.2759
2021-10-22T22:00:00+00:00,11.100,10.400,Open-Meteo Historical Weather API,"Casalecchio di Reno, Bologna, Italy",44.4756,11.2759
2021-10-22T23:00:00+00:00,11.000,10.400,Open-Meteo Historical Weather API,"Casalecchio di Reno, Bologna, Italy",44.4756,11.2759
2021-10-23T00:00:00+00:00,12.600,11.600,Open-Meteo Historical Weather API,"Casalecchio di Reno, Bologna, Italy",44.4756,11.2759
2021-10-23T01:00:00+00:00,12.600,11.800,Open-Meteo Historical Weather API,"Casalecchio di Reno, Bologna, Italy",44.4756,11.2759
2021-10-23T02:00:00+00:00,12.200,11.600,Open-Meteo Historical Weather API,"Casalecchio di Reno, Bologna, Italy",44.4756,11.2759
2021-10-23T03:00:00+00:00,12.100,11.800,Open-Meteo Historical Weather API,"Casalecchio di Reno, Bologna, Italy",44.4756,11.2759
2021-10-23T04:00:00+00:00,12.600,12.100,Open-Meteo Historical Weather API,"Casalecchio di Reno, Bologna, Italy",44.4756,11.2759
2021-10-23T05:00:00+00:00,12.800,12.300,Open-Meteo Historical Weather API,"Casalecchio di Reno, Bologna, Italy",44.4756,11.2759
2021-10-23T06:00:00+00:00,12.800,12.100,Open-Meteo Historical Weather API,"Casalecchio di Reno, Bologna, Italy",44.4756,11.2759
2021-10-23T07:00:00+00:00,12.900,11.900,Open-Meteo Historical Weather API,"Casalecchio di Reno, Bologna, Italy",44.4756,11.2759
2021-10-23T08:00:00+00:00,13.500,11.900,Open-Meteo Historical Weather API,"Casalecchio di Reno, Bologna, Italy",44.4756,11.2759
2021-10-23T09:00:00+00:00,13.500,12.000,Open-Meteo Historical Weather API,"Casalecchio di Reno, Bologna, Italy",44.4756,11.2759
2021-10-23T10:00:00+00:00,13.900,12.300,Open-Meteo Historical Weather API,"Casalecchio di Reno, Bologna, Italy",44.4756,11.2759
2021-10-23T11:00:00+00:00,14.100,12.400,Open-Meteo Historical Weather API,"Casalecchio di Reno, Bologna, Italy",44.4756,11.2759
2021-10-23T12:00:00+00:00,16.800,12.100,Open-Meteo Historical Weather API,"Casalecchio di Reno, Bologna, Italy",44.4756,11.2759
2021-10-23T13:00:00+00:00,16.500,11.900,Open-Meteo Historical Weather API,"Casalecchio di Reno, Bologna, Italy",44.4756,11.2759
2021-10-23T14:00:00+00:00,17.000,11.800,Open-Meteo Historical Weather API,"Casalecchio di Reno, Bologna, Italy",44.4756,11.2759
2021-10-23T15:00:00+00:00,17.100,11.800,Open-Meteo Historical Weather API,"Casalecchio di Reno, Bologna, Italy",44.4756,11.2759
2021-10-23T16:00:00+00:00,15.700,12.900,Open-Meteo Historical Weather API,"Casalecchio di Reno, Bologna, Italy",44.4756,11.2759
2021-10-23T17:00:00+00:00,14.900,12.600,Open-Meteo Historical Weather API,"Casalecchio di Reno, Bologna, Italy",44.4756,11.2759
2021-10-23T18:00:00+00:00,13.900,12.900,Open-Meteo Historical Weather API,"Casalecchio di Reno, Bologna, Italy",44.4756,11.2759
2021-10-23T19:00:00+00:00,12.300,11.600,Open-Meteo Historical Weather API,"Casalecchio di Reno, Bologna, Italy",44.4756,11.2759
2021-10-23T20:00:00+00:00,11.600,10.900,Open-Meteo Historical Weather API,"Casalecchio di Reno, Bologna, Italy",44.4756,11.2759
2021-10-23T21:00:00+00:00,12.000,10.900,Open-Meteo Historical Weather API,"Casalecchio di Reno, Bologna, Italy",44.4756,11.2759
2021-10-23T22:00:00+00:00,13.100,11.100,Open-Meteo Historical Weather API,"Casalecchio di Reno, Bologna, Italy",44.4756,11.2759
2021-10-23T23:00:00+00:00,12.600,11.300,Open-Meteo Historical Weather API,"Casalecchio di Reno, Bologna, Italy",44.4756,11.2759
2021-10-24T00:00:00+00:00,12.400,10.100,Open-Meteo Historical Weather API,"Casalecchio di Reno, Bologna, Italy",44.4756,11.2759
2021-10-24T01:00:00+00:00,12.000,11.000,Open-Meteo Historical Weather API,"Casalecchio di Reno, Bologna, Italy",44.4756,11.2759
2021-10-24T02:00:00+00:00,10.800,10.800,Open-Meteo Historical Weather API,"Casalecchio di Reno, Bologna, Italy",44.4756,11.2759
2021-10-24T03:00:00+00:00,10.900,10.600,Open-Meteo Historical Weather API,"Casalecchio di Reno, Bologna, Italy",44.4756,11.2759
2021-10-24T04:00:00+00:00,10.200,9.900,Open-Meteo Historical Weather API,"Casalecchio di Reno, Bologna, Italy",44.4756,11.2759
2021-10-24T05:00:00+00:00,10.100,9.500,Open-Meteo Historical Weather API,"Casalecchio di Reno, Bologna, Italy",44.4756,11.2759
2021-10-24T06:00:00+00:00,9.100,8.900,Open-Meteo Historical Weather API,"Casalecchio di Reno, Bologna, Italy",44.4756,11.2759
2021-10-24T07:00:00+00:00,9.600,8.900,Open-Meteo Historical Weather API,"Casalecchio di Reno, Bologna, Italy",44.4756,11.2759
2021-10-24T08:00:00+00:00,11.100,9.000,Open-Meteo Historical Weather API,"Casalecchio di Reno, Bologna, Italy",44.4756,11.2759
2021-10-24T09:00:00+00:00,12.800,9.000,Open-Meteo Historical Weather API,"Casalecchio di Reno, Bologna, Italy",44.4756,11.2759
2021-10-24T10:00:00+00:00,14.600,8.600,Open-Meteo Historical Weather API,"Casalecchio di Reno, Bologna, Italy",44.4756,11.2759
2021-10-24T11:00:00+00:00,15.800,7.400,Open-Meteo Historical Weather API,"Casalecchio di Reno, Bologna, Italy",44.4756,11.2759
2021-10-24T12:00:00+00:00,16.200,7.600,Open-Meteo Historical Weather API,"Casalecchio di Reno, Bologna, Italy",44.4756,11.2759
2021-10-24T13:00:00+00:00,17.000,6.700,Open-Meteo Historical Weather API,"Casalecchio di Reno, Bologna, Italy",44.4756,11.2759
2021-10-24T14:00:00+00:00,16.600,6.400,Open-Meteo Historical Weather API,"Casalecchio di Reno, Bologna, Italy",44.4756,11.2759
2021-10-24T15:00:00+00:00,15.900,6.400,Open-Meteo Historical Weather API,"Casalecchio di Reno, Bologna, Italy",44.4756,11.2759
2021-10-24T16:00:00+00:00,14.400,6.800,Open-Meteo Historical Weather API,"Casalecchio di Reno, Bologna, Italy",44.4756,11.2759
2021-10-24T17:00:00+00:00,12.700,6.200,Open-Meteo Historical Weather API,"Casalecchio di Reno, Bologna, Italy",44.4756,11.2759
2021-10-24T18:00:00+00:00,11.400,5.700,Open-Meteo Historical Weather API,"Casalecchio di Reno, Bologna, Italy",44.4756,11.2759
2021-10-24T19:00:00+00:00,10.300,6.200,Open-Meteo Historical Weather API,"Casalecchio di Reno, Bologna, Italy",44.4756,11.2759
2021-10-24T20:00:00+00:00,11.100,5.900,Open-Meteo Historical Weather API,"Casalecchio di Reno, Bologna, Italy",44.4756,11.2759
2021-10-24T21:00:00+00:00,10.600,5.700,Open-Meteo Historical Weather API,"Casalecchio di Reno, Bologna, Italy",44.4756,11.2759
2021-10-24T22:00:00+00:00,9.400,5.700,Open-Meteo Historical Weather API,"Casalecchio di Reno, Bologna, Italy",44.4756,11.2759
2021-10-24T23:00:00+00:00,9.200,5.600,Open-Meteo Historical Weather API,"Casalecchio di Reno, Bologna, Italy",44.4756,11.2759
2021-10-25T00:00:00+00:00,8.800,5.100,Open-Meteo Historical Weather API,"Casalecchio di Reno, Bologna, Italy",44.4756,11.2759
2021-10-25T01:00:00+00:00,8.100,5.000,Open-Meteo Historical Weather API,"Casalecchio di Reno, Bologna, Italy",44.4756,11.2759
2021-10-25T02:00:00+00:00,7.800,4.800,Open-Meteo Historical Weather API,"Casalecchio di Reno, Bologna, Italy",44.4756,11.2759
2021-10-25T03:00:00+00:00,7.600,4.700,Open-Meteo Historical Weather API,"Casalecchio di Reno, Bologna, Italy",44.4756,11.2759
2021-10-25T04:00:00+00:00,7.300,4.500,Open-Meteo Historical Weather API,"Casalecchio di Reno, Bologna, Italy",44.4756,11.2759
2021-10-25T05:00:00+00:00,6.900,4.400,Open-Meteo Historical Weather API,"Casalecchio di Reno, Bologna, Italy",44.4756,11.2759
2021-10-25T06:00:00+00:00,6.900,4.300,Open-Meteo Historical Weather API,"Casalecchio di Reno, Bologna, Italy",44.4756,11.2759
2021-10-25T07:00:00+00:00,8.100,4.800,Open-Meteo Historical Weather API,"Casalecchio di Reno, Bologna, Italy",44.4756,11.2759
2021-10-25T08:00:00+00:00,9.600,4.700,Open-Meteo Historical Weather API,"Casalecchio di Reno, Bologna, Italy",44.4756,11.2759
2021-10-25T09:00:00+00:00,11.300,4.900,Open-Meteo Historical Weather API,"Casalecchio di Reno, Bologna, Italy",44.4756,11.2759
2021-10-25T10:00:00+00:00,12.300,5.200,Open-Meteo Historical Weather API,"Casalecchio di Reno, Bologna, Italy",44.4756,11.2759
2021-10-25T11:00:00+00:00,13.100,5.600,Open-Meteo Historical Weather API,"Casalecchio di Reno, Bologna, Italy",44.4756,11.2759
2021-10-25T12:00:00+00:00,12.600,4.400,Open-Meteo Historical Weather API,"Casalecchio di Reno, Bologna, Italy",44.4756,11.2759
2021-10-25T13:00:00+00:00,13.200,4.800,Open-Meteo Historical Weather API,"Casalecchio di Reno, Bologna, Italy",44.4756,11.2759
2021-10-25T14:00:00+00:00,13.300,5.100,Open-Meteo Historical Weather API,"Casalecchio di Reno, Bologna, Italy",44.4756,11.2759
2021-10-25T15:00:00+00:00,13.300,5.200,Open-Meteo Historical Weather API,"Casalecchio di Reno, Bologna, Italy",44.4756,11.2759
2021-10-25T16:00:00+00:00,12.500,5.800,Open-Meteo Historical Weather API,"Casalecchio di Reno, Bologna, Italy",44.4756,11.2759
2021-10-25T17:00:00+00:00,11.600,5.500,Open-Meteo Historical Weather API,"Casalecchio di Reno, Bologna, Italy",44.4756,11.2759
2021-10-25T18:00:00+00:00,10.900,5.200,Open-Meteo Historical Weather API,"Casalecchio di Reno, Bologna, Italy",44.4756,11.2759
2021-10-25T19:00:00+00:00,10.100,5.000,Open-Meteo Historical Weather API,"Casalecchio di Reno, Bologna, Italy",44.4756,11.2759
2021-10-25T20:00:00+00:00,9.400,4.900,Open-Meteo Historical Weather API,"Casalecchio di Reno, Bologna, Italy",44.4756,11.2759
2021-10-25T21:00:00+00:00,8.900,5.300,Open-Meteo Historical Weather API,"Casalecchio di Reno, Bologna, Italy",44.4756,11.2759
2021-10-25T22:00:00+00:00,8.800,4.900,Open-Meteo Historical Weather API,"Casalecchio di Reno, Bologna, Italy",44.4756,11.2759
2021-10-25T23:00:00+00:00,8.900,4.600,Open-Meteo Historical Weather API,"Casalecchio di Reno, Bologna, Italy",44.4756,11.2759
2021-10-26T00:00:00+00:00,8.600,5.300,Open-Meteo Historical Weather API,"Casalecchio di Reno, Bologna, Italy",44.4756,11.2759
2021-10-26T01:00:00+00:00,9.100,5.100,Open-Meteo Historical Weather API,"Casalecchio di Reno, Bologna, Italy",44.4756,11.2759
2021-10-26T02:00:00+00:00,8.800,4.800,Open-Meteo Historical Weather API,"Casalecchio di Reno, Bologna, Italy",44.4756,11.2759
2021-10-26T03:00:00+00:00,8.900,4.800,Open-Meteo Historical Weather API,"Casalecchio di Reno, Bologna, Italy",44.4756,11.2759
2021-10-26T04:00:00+00:00,9.200,4.800,Open-Meteo Historical Weather API,"Casalecchio di Reno, Bologna, Italy",44.4756,11.2759
2021-10-26T05:00:00+00:00,9.200,5.100,Open-Meteo Historical Weather API,"Casalecchio di Reno, Bologna, Italy",44.4756,11.2759
2021-10-26T06:00:00+00:00,9.600,5.200,Open-Meteo Historical Weather API,"Casalecchio di Reno, Bologna, Italy",44.4756,11.2759
2021-10-26T07:00:00+00:00,10.100,5.200,Open-Meteo Historical Weather API,"Casalecchio di Reno, Bologna, Italy",44.4756,11.2759
2021-10-26T08:00:00+00:00,10.900,5.300,Open-Meteo Historical Weather API,"Casalecchio di Reno, Bologna, Italy",44.4756,11.2759
2021-10-26T09:00:00+00:00,11.800,5.200,Open-Meteo Historical Weather API,"Casalecchio di Reno, Bologna, Italy",44.4756,11.2759
2021-10-26T10:00:00+00:00,12.200,5.100,Open-Meteo Historical Weather API,"Casalecchio di Reno, Bologna, Italy",44.4756,11.2759
2021-10-26T11:00:00+00:00,13.200,5.100,Open-Meteo Historical Weather API,"Casalecchio di Reno, Bologna, Italy",44.4756,11.2759
2021-10-26T12:00:00+00:00,13.600,6.100,Open-Meteo Historical Weather API,"Casalecchio di Reno, Bologna, Italy",44.4756,11.2759
2021-10-26T13:00:00+00:00,13.900,6.400,Open-Meteo Historical Weather API,"Casalecchio di Reno, Bologna, Italy",44.4756,11.2759
2021-10-26T14:00:00+00:00,14.200,6.500,Open-Meteo Historical Weather API,"Casalecchio di Reno, Bologna, Italy",44.4756,11.2759
2021-10-26T15:00:00+00:00,14.100,6.300,Open-Meteo Historical Weather API,"Casalecchio di Reno, Bologna, Italy",44.4756,11.2759
2021-10-26T16:00:00+00:00,13.300,8.300,Open-Meteo Historical Weather API,"Casalecchio di Reno, Bologna, Italy",44.4756,11.2759
2021-10-26T17:00:00+00:00,13.100,7.000,Open-Meteo Historical Weather API,"Casalecchio di Reno, Bologna, Italy",44.4756,11.2759
2021-10-26T18:00:00+00:00,12.600,7.200,Open-Meteo Historical Weather API,"Casalecchio di Reno, Bologna, Italy",44.4756,11.2759
2021-10-26T19:00:00+00:00,12.600,8.400,Open-Meteo Historical Weather API,"Casalecchio di Reno, Bologna, Italy",44.4756,11.2759
2021-10-26T20:00:00+00:00,12.300,7.500,Open-Meteo Historical Weather API,"Casalecchio di Reno, Bologna, Italy",44.4756,11.2759
2021-10-26T21:00:00+00:00,12.200,7.400,Open-Meteo Historical Weather API,"Casalecchio di Reno, Bologna, Italy",44.4756,11.2759
2021-10-26T22:00:00+00:00,12.300,7.100,Open-Meteo Historical Weather API,"Casalecchio di Reno, Bologna, Italy",44.4756,11.2759
2021-10-26T23:00:00+00:00,11.900,7.300,Open-Meteo Historical Weather API,"Casalecchio di Reno, Bologna, Italy",44.4756,11.2759
2021-10-27T00:00:00+00:00,8.900,6.500,Open-Meteo Historical Weather API,"Casalecchio di Reno, Bologna, Italy",44.4756,11.2759
2021-10-27T01:00:00+00:00,9.000,6.900,Open-Meteo Historical Weather API,"Casalecchio di Reno, Bologna, Italy",44.4756,11.2759
2021-10-27T02:00:00+00:00,10.200,7.300,Open-Meteo Historical Weather API,"Casalecchio di Reno, Bologna, Italy",44.4756,11.2759
2021-10-27T03:00:00+00:00,8.900,7.200,Open-Meteo Historical Weather API,"Casalecchio di Reno, Bologna, Italy",44.4756,11.2759
2021-10-27T04:00:00+00:00,8.700,7.000,Open-Meteo Historical Weather API,"Casalecchio di Reno, Bologna, Italy",44.4756,11.2759
2021-10-27T05:00:00+00:00,8.500,6.800,Open-Meteo Historical Weather API,"Casalecchio di Reno, Bologna, Italy",44.4756,11.2759
2021-10-27T06:00:00+00:00,8.400,6.800,Open-Meteo Historical Weather API,"Casalecchio di Reno, Bologna, Italy",44.4756,11.2759
2021-10-27T07:00:00+00:00,10.000,7.300,Open-Meteo Historical Weather API,"Casalecchio di Reno, Bologna, Italy",44.4756,11.2759
2021-10-27T08:00:00+00:00,12.100,7.800,Open-Meteo Historical Weather API,"Casalecchio di Reno, Bologna, Italy",44.4756,11.2759
2021-10-27T09:00:00+00:00,13.600,7.600,Open-Meteo Historical Weather API,"Casalecchio di Reno, Bologna, Italy",44.4756,11.2759
2021-10-27T10:00:00+00:00,14.900,6.700,Open-Meteo Historical Weather API,"Casalecchio di Reno, Bologna, Italy",44.4756,11.2759
2021-10-27T11:00:00+00:00,15.800,6.800,Open-Meteo Historical Weather API,"Casalecchio di Reno, Bologna, Italy",44.4756,11.2759
2021-10-27T12:00:00+00:00,16.000,7.000,Open-Meteo Historical Weather API,"Casalecchio di Reno, Bologna, Italy",44.4756,11.2759
2021-10-27T13:00:00+00:00,16.500,7.000,Open-Meteo Historical Weather API,"Casalecchio di Reno, Bologna, Italy",44.4756,11.2759
2021-10-27T14:00:00+00:00,16.500,7.000,Open-Meteo Historical Weather API,"Casalecchio di Reno, Bologna, Italy",44.4756,11.2759
2021-10-27T15:00:00+00:00,15.900,7.200,Open-Meteo Historical Weather API,"Casalecchio di Reno, Bologna, Italy",44.4756,11.2759
2021-10-27T16:00:00+00:00,13.900,7.400,Open-Meteo Historical Weather API,"Casalecchio di Reno, Bologna, Italy",44.4756,11.2759
2021-10-27T17:00:00+00:00,12.500,7.200,Open-Meteo Historical Weather API,"Casalecchio di Reno, Bologna, Italy",44.4756,11.2759
2021-10-27T18:00:00+00:00,10.700,7.200,Open-Meteo Historical Weather API,"Casalecchio di Reno, Bologna, Italy",44.4756,11.2759
2021-10-27T19:00:00+00:00,10.100,6.900,Open-Meteo Historical Weather API,"Casalecchio di Reno, Bologna, Italy",44.4756,11.2759
2021-10-27T20:00:00+00:00,10.100,6.800,Open-Meteo Historical Weather API,"Casalecchio di Reno, Bologna, Italy",44.4756,11.2759
2021-10-27T21:00:00+00:00,9.400,6.700,Open-Meteo Historical Weather API,"Casalecchio di Reno, Bologna, Italy",44.4756,11.2759
2021-10-27T22:00:00+00:00,9.200,6.700,Open-Meteo Historical Weather API,"Casalecchio di Reno, Bologna, Italy",44.4756,11.2759
2021-10-27T23:00:00+00:00,9.100,6.600,Open-Meteo Historical Weather API,"Casalecchio di Reno, Bologna, Italy",44.4756,11.2759
2021-10-28T00:00:00+00:00,9.200,6.300,Open-Meteo Historical Weather API,"Casalecchio di Reno, Bologna, Italy",44.4756,11.2759
2021-10-28T01:00:00+00:00,8.800,6.100,Open-Meteo Historical Weather API,"Casalecchio di Reno, Bologna, Italy",44.4756,11.2759
2021-10-28T02:00:00+00:00,8.400,5.800,Open-Meteo Historical Weather API,"Casalecchio di Reno, Bologna, Italy",44.4756,11.2759
2021-10-28T03:00:00+00:00,7.700,5.300,Open-Meteo Historical Weather API,"Casalecchio di Reno, Bologna, Italy",44.4756,11.2759
2021-10-28T04:00:00+00:00,7.800,5.300,Open-Meteo Historical Weather API,"Casalecchio di Reno, Bologna, Italy",44.4756,11.2759
2021-10-28T05:00:00+00:00,7.300,5.000,Open-Meteo Historical Weather API,"Casalecchio di Reno, Bologna, Italy",44.4756,11.2759
2021-10-28T06:00:00+00:00,6.900,4.700,Open-Meteo Historical Weather API,"Casalecchio di Reno, Bologna, Italy",44.4756,11.2759
2021-10-28T07:00:00+00:00,9.800,5.700,Open-Meteo Historical Weather API,"Casalecchio di Reno, Bologna, Italy",44.4756,11.2759
2021-10-28T08:00:00+00:00,11.900,6.300,Open-Meteo Historical Weather API,"Casalecchio di Reno, Bologna, Italy",44.4756,11.2759
2021-10-28T09:00:00+00:00,13.400,6.400,Open-Meteo Historical Weather API,"Casalecchio di Reno, Bologna, Italy",44.4756,11.2759
2021-10-28T10:00:00+00:00,14.400,6.700,Open-Meteo Historical Weather API,"Casalecchio di Reno, Bologna, Italy",44.4756,11.2759
2021-10-28T11:00:00+00:00,15.300,7.600,Open-Meteo Historical Weather API,"Casalecchio di Reno, Bologna, Italy",44.4756,11.2759
2021-10-28T12:00:00+00:00,15.600,5.600,Open-Meteo Historical Weather API,"Casalecchio di Reno, Bologna, Italy",44.4756,11.2759
2021-10-28T13:00:00+00:00,16.000,5.600,Open-Meteo Historical Weather API,"Casalecchio di Reno, Bologna, Italy",44.4756,11.2759
2021-10-28T14:00:00+00:00,15.900,5.800,Open-Meteo Historical Weather API,"Casalecchio di Reno, Bologna, Italy",44.4756,11.2759
2021-10-28T15:00:00+00:00,15.400,6.400,Open-Meteo Historical Weather API,"Casalecchio di Reno, Bologna, Italy",44.4756,11.2759
2021-10-28T16:00:00+00:00,14.800,6.200,Open-Meteo Historical Weather API,"Casalecchio di Reno, Bologna, Italy",44.4756,11.2759
2021-10-28T17:00:00+00:00,11.100,6.300,Open-Meteo Historical Weather API,"Casalecchio di Reno, Bologna, Italy",44.4756,11.2759
2021-10-28T18:00:00+00:00,10.800,5.900,Open-Meteo Historical Weather API,"Casalecchio di Reno, Bologna, Italy",44.4756,11.2759
2021-10-28T19:00:00+00:00,9.600,6.000,Open-Meteo Historical Weather API,"Casalecchio di Reno, Bologna, Italy",44.4756,11.2759
2021-10-28T20:00:00+00:00,8.600,5.900,Open-Meteo Historical Weather API,"Casalecchio di Reno, Bologna, Italy",44.4756,11.2759
2021-10-28T21:00:00+00:00,9.300,5.800,Open-Meteo Historical Weather API,"Casalecchio di Reno, Bologna, Italy",44.4756,11.2759
2021-10-28T22:00:00+00:00,8.600,5.800,Open-Meteo Historical Weather API,"Casalecchio di Reno, Bologna, Italy",44.4756,11.2759
2021-10-28T23:00:00+00:00,8.200,5.700,Open-Meteo Historical Weather API,"Casalecchio di Reno, Bologna, Italy",44.4756,11.2759
2021-10-29T00:00:00+00:00,7.500,4.200,Open-Meteo Historical Weather API,"Casalecchio di Reno, Bologna, Italy",44.4756,11.2759
2021-10-29T01:00:00+00:00,7.100,4.100,Open-Meteo Historical Weather API,"Casalecchio di Reno, Bologna, Italy",44.4756,11.2759
2021-10-29T02:00:00+00:00,6.700,4.000,Open-Meteo Historical Weather API,"Casalecchio di Reno, Bologna, Italy",44.4756,11.2759
2021-10-29T03:00:00+00:00,6.300,4.100,Open-Meteo Historical Weather API,"Casalecchio di Reno, Bologna, Italy",44.4756,11.2759
2021-10-29T04:00:00+00:00,5.900,4.100,Open-Meteo Historical Weather API,"Casalecchio di Reno, Bologna, Italy",44.4756,11.2759
2021-10-29T05:00:00+00:00,5.800,4.100,Open-Meteo Historical Weather API,"Casalecchio di Reno, Bologna, Italy",44.4756,11.2759
2021-10-29T06:00:00+00:00,5.500,4.100,Open-Meteo Historical Weather API,"Casalecchio di Reno, Bologna, Italy",44.4756,11.2759
2021-10-29T07:00:00+00:00,7.800,4.800,Open-Meteo Historical Weather API,"Casalecchio di Reno, Bologna, Italy",44.4756,11.2759
2021-10-29T08:00:00+00:00,10.600,5.200,Open-Meteo Historical Weather API,"Casalecchio di Reno, Bologna, Italy",44.4756,11.2759
2021-10-29T09:00:00+00:00,12.400,5.400,Open-Meteo Historical Weather API,"Casalecchio di Reno, Bologna, Italy",44.4756,11.2759
2021-10-29T10:00:00+00:00,13.800,6.100,Open-Meteo Historical Weather API,"Casalecchio di Reno, Bologna, Italy",44.4756,11.2759
2021-10-29T11:00:00+00:00,14.700,6.800,Open-Meteo Historical Weather API,"Casalecchio di Reno, Bologna, Italy",44.4756,11.2759
2021-10-29T12:00:00+00:00,14.400,6.700,Open-Meteo Historical Weather API,"Casalecchio di Reno, Bologna, Italy",44.4756,11.2759
2021-10-29T13:00:00+00:00,15.100,7.200,Open-Meteo Historical Weather API,"Casalecchio di Reno, Bologna, Italy",44.4756,11.2759
2021-10-29T14:00:00+00:00,15.200,7.500,Open-Meteo Historical Weather API,"Casalecchio di Reno, Bologna, Italy",44.4756,11.2759
2021-10-29T15:00:00+00:00,14.900,7.800,Open-Meteo Historical Weather API,"Casalecchio di Reno, Bologna, Italy",44.4756,11.2759
2021-10-29T16:00:00+00:00,13.200,8.000,Open-Meteo Historical Weather API,"Casalecchio di Reno, Bologna, Italy",44.4756,11.2759
2021-10-29T17:00:00+00:00,10.300,7.800,Open-Meteo Historical Weather API,"Casalecchio di Reno, Bologna, Italy",44.4756,11.2759
2021-10-29T18:00:00+00:00,10.300,7.800,Open-Meteo Historical Weather API,"Casalecchio di Reno, Bologna, Italy",44.4756,11.2759
2021-10-29T19:00:00+00:00,8.800,7.700,Open-Meteo Historical Weather API,"Casalecchio di Reno, Bologna, Italy",44.4756,11.2759
2021-10-29T20:00:00+00:00,8.100,7.600,Open-Meteo Historical Weather API,"Casalecchio di Reno, Bologna, Italy",44.4756,11.2759
2021-10-29T21:00:00+00:00,8.400,7.600,Open-Meteo Historical Weather API,"Casalecchio di Reno, Bologna, Italy",44.4756,11.2759
2021-10-29T22:00:00+00:00,8.600,7.300,Open-Meteo Historical Weather API,"Casalecchio di Reno, Bologna, Italy",44.4756,11.2759
2021-10-29T23:00:00+00:00,7.800,6.900,Open-Meteo Historical Weather API,"Casalecchio di Reno, Bologna, Italy",44.4756,11.2759
2021-10-30T00:00:00+00:00,7.800,7.200,Open-Meteo Historical Weather API,"Casalecchio di Reno, Bologna, Italy",44.4756,11.2759
2021-10-30T01:00:00+00:00,6.300,5.800,Open-Meteo Historical Weather API,"Casalecchio di Reno, Bologna, Italy",44.4756,11.2759
2021-10-30T02:00:00+00:00,5.800,5.300,Open-Meteo Historical Weather API,"Casalecchio di Reno, Bologna, Italy",44.4756,11.2759
2021-10-30T03:00:00+00:00,5.900,5.500,Open-Meteo Historical Weather API,"Casalecchio di Reno, Bologna, Italy",44.4756,11.2759
2021-10-30T04:00:00+00:00,6.800,6.300,Open-Meteo Historical Weather API,"Casalecchio di Reno, Bologna, Italy",44.4756,11.2759
2021-10-30T05:00:00+00:00,7.100,6.800,Open-Meteo Historical Weather API,"Casalecchio di Reno, Bologna, Italy",44.4756,11.2759
2021-10-30T06:00:00+00:00,8.100,7.200,Open-Meteo Historical Weather API,"Casalecchio di Reno, Bologna, Italy",44.4756,11.2759
2021-10-30T07:00:00+00:00,9.200,7.800,Open-Meteo Historical Weather API,"Casalecchio di Reno, Bologna, Italy",44.4756,11.2759
2021-10-30T08:00:00+00:00,10.600,8.400,Open-Meteo Historical Weather API,"Casalecchio di Reno, Bologna, Italy",44.4756,11.2759
2021-10-30T09:00:00+00:00,11.600,8.800,Open-Meteo Historical Weather API,"Casalecchio di Reno, Bologna, Italy",44.4756,11.2759
2021-10-30T10:00:00+00:00,12.000,9.200,Open-Meteo Historical Weather API,"Casalecchio di Reno, Bologna, Italy",44.4756,11.2759
2021-10-30T11:00:00+00:00,13.300,9.800,Open-Meteo Historical Weather API,"Casalecchio di Reno, Bologna, Italy",44.4756,11.2759
2021-10-30T12:00:00+00:00,14.600,8.600,Open-Meteo Historical Weather API,"Casalecchio di Reno, Bologna, Italy",44.4756,11.2759
2021-10-30T13:00:00+00:00,14.200,8.900,Open-Meteo Historical Weather API,"Casalecchio di Reno, Bologna, Italy",44.4756,11.2759
2021-10-30T14:00:00+00:00,14.300,9.100,Open-Meteo Historical Weather API,"Casalecchio di Reno, Bologna, Italy",44.4756,11.2759
2021-10-30T15:00:00+00:00,13.800,9.200,Open-Meteo Historical Weather API,"Casalecchio di Reno, Bologna, Italy",44.4756,11.2759
2021-10-30T16:00:00+00:00,12.100,9.200,Open-Meteo Historical Weather API,"Casalecchio di Reno, Bologna, Italy",44.4756,11.2759
2021-10-30T17:00:00+00:00,11.300,9.000,Open-Meteo Historical Weather API,"Casalecchio di Reno, Bologna, Italy",44.4756,11.2759
2021-10-30T18:00:00+00:00,11.100,8.900,Open-Meteo Historical Weather API,"Casalecchio di Reno, Bologna, Italy",44.4756,11.2759
2021-10-30T19:00:00+00:00,10.600,9.100,Open-Meteo Historical Weather API,"Casalecchio di Reno, Bologna, Italy",44.4756,11.2759
2021-10-30T20:00:00+00:00,10.200,9.100,Open-Meteo Historical Weather API,"Casalecchio di Reno, Bologna, Italy",44.4756,11.2759
2021-10-30T21:00:00+00:00,10.000,9.100,Open-Meteo Historical Weather API,"Casalecchio di Reno, Bologna, Italy",44.4756,11.2759
2021-10-30T22:00:00+00:00,9.600,8.800,Open-Meteo Historical Weather API,"Casalecchio di Reno, Bologna, Italy",44.4756,11.2759
2021-10-30T23:00:00+00:00,9.000,8.300,Open-Meteo Historical Weather API,"Casalecchio di Reno, Bologna, Italy",44.4756,11.2759
2021-10-31T00:00:00+00:00,9.900,9.100,Open-Meteo Historical Weather API,"Casalecchio di Reno, Bologna, Italy",44.4756,11.2759
2021-10-31T01:00:00+00:00,10.100,9.200,Open-Meteo Historical Weather API,"Casalecchio di Reno, Bologna, Italy",44.4756,11.2759
2021-10-31T02:00:00+00:00,9.900,9.100,Open-Meteo Historical Weather API,"Casalecchio di Reno, Bologna, Italy",44.4756,11.2759
2021-10-31T03:00:00+00:00,10.100,9.100,Open-Meteo Historical Weather API,"Casalecchio di Reno, Bologna, Italy",44.4756,11.2759
2021-10-31T04:00:00+00:00,8.900,8.400,Open-Meteo Historical Weather API,"Casalecchio di Reno, Bologna, Italy",44.4756,11.2759
2021-10-31T05:00:00+00:00,8.400,7.900,Open-Meteo Historical Weather API,"Casalecchio di Reno, Bologna, Italy",44.4756,11.2759
2021-10-31T06:00:00+00:00,8.700,8.100,Open-Meteo Historical Weather API,"Casalecchio di Reno, Bologna, Italy",44.4756,11.2759
2021-10-31T07:00:00+00:00,10.300,9.100,Open-Meteo Historical Weather API,"Casalecchio di Reno, Bologna, Italy",44.4756,11.2759
2021-10-31T08:00:00+00:00,11.200,9.200,Open-Meteo Historical Weather API,"Casalecchio di Reno, Bologna, Italy",44.4756,11.2759
2021-10-31T09:00:00+00:00,12.200,9.200,Open-Meteo Historical Weather API,"Casalecchio di Reno, Bologna, Italy",44.4756,11.2759
2021-10-31T10:00:00+00:00,13.100,9.200,Open-Meteo Historical Weather API,"Casalecchio di Reno, Bologna, Italy",44.4756,11.2759
2021-10-31T11:00:00+00:00,13.900,9.100,Open-Meteo Historical Weather API,"Casalecchio di Reno, Bologna, Italy",44.4756,11.2759
2021-10-31T12:00:00+00:00,12.400,9.200,Open-Meteo Historical Weather API,"Casalecchio di Reno, Bologna, Italy",44.4756,11.2759
2021-10-31T13:00:00+00:00,12.800,9.100,Open-Meteo Historical Weather API,"Casalecchio di Reno, Bologna, Italy",44.4756,11.2759
2021-10-31T14:00:00+00:00,12.900,8.700,Open-Meteo Historical Weather API,"Casalecchio di Reno, Bologna, Italy",44.4756,11.2759
2021-10-31T15:00:00+00:00,12.900,8.600,Open-Meteo Historical Weather API,"Casalecchio di Reno, Bologna, Italy",44.4756,11.2759
2021-10-31T16:00:00+00:00,12.100,9.200,Open-Meteo Historical Weather API,"Casalecchio di Reno, Bologna, Italy",44.4756,11.2759
2021-10-31T17:00:00+00:00,9.900,8.400,Open-Meteo Historical Weather API,"Casalecchio di Reno, Bologna, Italy",44.4756,11.2759
2021-10-31T18:00:00+00:00,9.300,7.900,Open-Meteo Historical Weather API,"Casalecchio di Reno, Bologna, Italy",44.4756,11.2759
2021-10-31T19:00:00+00:00,10.500,9.000,Open-Meteo Historical Weather API,"Casalecchio di Reno, Bologna, Italy",44.4756,11.2759
2021-10-31T20:00:00+00:00,10.700,9.200,Open-Meteo Historical Weather API,"Casalecchio di Reno, Bologna, Italy",44.4756,11.2759
2021-10-31T21:00:00+00:00,10.400,8.900,Open-Meteo Historical Weather API,"Casalecchio di Reno, Bologna, Italy",44.4756,11.2759
2021-10-31T22:00:00+00:00,10.800,8.900,Open-Meteo Historical Weather API,"Casalecchio di Reno, Bologna, Italy",44.4756,11.2759
2021-10-31T23:00:00+00:00,10.900,9.000,Open-Meteo Historical Weather API,"Casalecchio di Reno, Bologna, Italy",44.4756,11.2759
2021-11-01T00:00:00+00:00,11.000,9.600,Open-Meteo Historical Weather API,"Casalecchio di Reno, Bologna, Italy",44.4756,11.2759
2021-11-01T01:00:00+00:00,10.900,9.600,Open-Meteo Historical Weather API,"Casalecchio di Reno, Bologna, Italy",44.4756,11.2759
2021-11-01T02:00:00+00:00,10.900,9.300,Open-Meteo Historical Weather API,"Casalecchio di Reno, Bologna, Italy",44.4756,11.2759
2021-11-01T03:00:00+00:00,10.700,9.600,Open-Meteo Historical Weather API,"Casalecchio di Reno, Bologna, Italy",44.4756,11.2759
2021-11-01T04:00:00+00:00,10.600,9.600,Open-Meteo Historical Weather API,"Casalecchio di Reno, Bologna, Italy",44.4756,11.2759
2021-11-01T05:00:00+00:00,10.600,9.700,Open-Meteo Historical Weather API,"Casalecchio di Reno, Bologna, Italy",44.4756,11.2759
2021-11-01T06:00:00+00:00,10.600,9.800,Open-Meteo Historical Weather API,"Casalecchio di Reno, Bologna, Italy",44.4756,11.2759
2021-11-01T07:00:00+00:00,10.900,10.100,Open-Meteo Historical Weather API,"Casalecchio di Reno, Bologna, Italy",44.4756,11.2759
2021-11-01T08:00:00+00:00,11.600,10.600,Open-Meteo Historical Weather API,"Casalecchio di Reno, Bologna, Italy",44.4756,11.2759
2021-11-01T09:00:00+00:00,11.800,10.800,Open-Meteo Historical Weather API,"Casalecchio di Reno, Bologna, Italy",44.4756,11.2759
2021-11-01T10:00:00+00:00,12.100,11.200,Open-Meteo Historical Weather API,"Casalecchio di Reno, Bologna, Italy",44.4756,11.2759
2021-11-01T11:00:00+00:00,13.400,11.900,Open-Meteo Historical Weather API,"Casalecchio di Reno, Bologna, Italy",44.4756,11.2759
2021-11-01T12:00:00+00:00,12.200,11.600,Open-Meteo Historical Weather API,"Casalecchio di Reno, Bologna, Italy",44.4756,11.2759
2021-11-01T13:00:00+00:00,12.700,12.100,Open-Meteo Historical Weather API,"Casalecchio di Reno, Bologna, Italy",44.4756,11.2759
2021-11-01T14:00:00+00:00,12.900,12.600,Open-Meteo Historical Weather API,"Casalecchio di Reno, Bologna, Italy",44.4756,11.2759
2021-11-01T15:00:00+00:00,13.400,13.100,Open-Meteo Historical Weather API,"Casalecchio di Reno, Bologna, Italy",44.4756,11.2759
2021-11-01T16:00:00+00:00,13.900,13.200,Open-Meteo Historical Weather API,"Casalecchio di Reno, Bologna, Italy",44.4756,11.2759
2021-11-01T17:00:00+00:00,14.100,13.400,Open-Meteo Historical Weather API,"Casalecchio di Reno, Bologna, Italy",44.4756,11.2759
2021-11-01T18:00:00+00:00,10.800,9.500,Open-Meteo Historical Weather API,"Casalecchio di Reno, Bologna, Italy",44.4756,11.2759
2021-11-01T19:00:00+00:00,11.100,9.500,Open-Meteo Historical Weather API,"Casalecchio di Reno, Bologna, Italy",44.4756,11.2759
2021-11-01T20:00:00+00:00,11.200,9.300,Open-Meteo Historical Weather API,"Casalecchio di Reno, Bologna, Italy",44.4756,11.2759
2021-11-01T21:00:00+00:00,11.700,9.000,Open-Meteo Historical Weather API,"Casalecchio di Reno, Bologna, Italy",44.4756,11.2759
2021-11-01T22:00:00+00:00,10.900,8.400,Open-Meteo Historical Weather API,"Casalecchio di Reno, Bologna, Italy",44.4756,11.2759
2021-11-01T23:00:00+00:00,10.900,8.100,Open-Meteo Historical Weather API,"Casalecchio di Reno, Bologna, Italy",44.4756,11.2759
2021-11-02T00:00:00+00:00,11.100,8.900,Open-Meteo Historical Weather API,"Casalecchio di Reno, Bologna, Italy",44.4756,11.2759
2021-11-02T01:00:00+00:00,11.100,8.900,Open-Meteo Historical Weather API,"Casalecchio di Reno, Bologna, Italy",44.4756,11.2759
2021-11-02T02:00:00+00:00,10.000,8.200,Open-Meteo Historical Weather API,"Casalecchio di Reno, Bologna, Italy",44.4756,11.2759
2021-11-02T03:00:00+00:00,9.800,8.200,Open-Meteo Historical Weather API,"Casalecchio di Reno, Bologna, Italy",44.4756,11.2759
2021-11-02T04:00:00+00:00,9.600,8.200,Open-Meteo Historical Weather API,"Casalecchio di Reno, Bologna, Italy",44.4756,11.2759
2021-11-02T05:00:00+00:00,8.500,7.400,Open-Meteo Historical Weather API,"Casalecchio di Reno, Bologna, Italy",44.4756,11.2759
2021-11-02T06:00:00+00:00,8.000,6.800,Open-Meteo Historical Weather API,"Casalecchio di Reno, Bologna, Italy",44.4756,11.2759
2021-11-02T07:00:00+00:00,10.100,8.300,Open-Meteo Historical Weather API,"Casalecchio di Reno, Bologna, Italy",44.4756,11.2759
2021-11-02T08:00:00+00:00,13.200,10.700,Open-Meteo Historical Weather API,"Casalecchio di Reno, Bologna, Italy",44.4756,11.2759
2021-11-02T09:00:00+00:00,15.600,11.800,Open-Meteo Historical Weather API,"Casalecchio di Reno, Bologna, Italy",44.4756,11.2759
2021-11-02T10:00:00+00:00,17.300,11.200,Open-Meteo Historical Weather API,"Casalecchio di Reno, Bologna, Italy",44.4756,11.2759
2021-11-02T11:00:00+00:00,18.700,9.800,Open-Meteo Historical Weather API,"Casalecchio di Reno, Bologna, Italy",44.4756,11.2759
2021-11-02T12:00:00+00:00,18.500,8.800,Open-Meteo Historical Weather API,"Casalecchio di Reno, Bologna, Italy",44.4756,11.2759
2021-11-02T13:00:00+00:00,18.000,8.900,Open-Meteo Historical Weather API,"Casalecchio di Reno, Bologna, Italy",44.4756,11.2759
2021-11-02T14:00:00+00:00,18.100,8.900,Open-Meteo Historical Weather API,"Casalecchio di Reno, Bologna, Italy",44.4756,11.2759
2021-11-02T15:00:00+00:00,17.000,10.000,Open-Meteo Historical Weather API,"Casalecchio di Reno, Bologna, Italy",44.4756,11.2759
2021-11-02T16:00:00+00:00,13.500,9.100,Open-Meteo Historical Weather API,"Casalecchio di Reno, Bologna, Italy",44.4756,11.2759
2021-11-02T17:00:00+00:00,12.400,8.100,Open-Meteo Historical Weather API,"Casalecchio di Reno, Bologna, Italy",44.4756,11.2759
2021-11-02T18:00:00+00:00,12.800,7.900,Open-Meteo Historical Weather API,"Casalecchio di Reno, Bologna, Italy",44.4756,11.2759
2021-11-02T19:00:00+00:00,12.900,7.800,Open-Meteo Historical Weather API,"Casalecchio di Reno, Bologna, Italy",44.4756,11.2759
2021-11-02T20:00:00+00:00,12.400,7.900,Open-Meteo Historical Weather API,"Casalecchio di Reno, Bologna, Italy",44.4756,11.2759
2021-11-02T21:00:00+00:00,12.800,7.800,Open-Meteo Historical Weather API,"Casalecchio di Reno, Bologna, Italy",44.4756,11.2759
2021-11-02T22:00:00+00:00,13.300,7.900,Open-Meteo Historical Weather API,"Casalecchio di Reno, Bologna, Italy",44.4756,11.2759
2021-11-02T23:00:00+00:00,12.900,8.100,Open-Meteo Historical Weather API,"Casalecchio di Reno, Bologna, Italy",44.4756,11.2759
2021-11-03T00:00:00+00:00,12.800,7.900,Open-Meteo Historical Weather API,"Casalecchio di Reno, Bologna, Italy",44.4756,11.2759
2021-11-03T01:00:00+00:00,13.400,8.200,Open-Meteo Historical Weather API,"Casalecchio di Reno, Bologna, Italy",44.4756,11.2759
2021-11-03T02:00:00+00:00,12.400,8.400,Open-Meteo Historical Weather API,"Casalecchio di Reno, Bologna, Italy",44.4756,11.2759
2021-11-03T03:00:00+00:00,12.800,8.500,Open-Meteo Historical Weather API,"Casalecchio di Reno, Bologna, Italy",44.4756,11.2759
2021-11-03T04:00:00+00:00,12.200,8.800,Open-Meteo Historical Weather API,"Casalecchio di Reno, Bologna, Italy",44.4756,11.2759
2021-11-03T05:00:00+00:00,12.200,9.100,Open-Meteo Historical Weather API,"Casalecchio di Reno, Bologna, Italy",44.4756,11.2759
2021-11-03T06:00:00+00:00,11.900,9.000,Open-Meteo Historical Weather API,"Casalecchio di Reno, Bologna, Italy",44.4756,11.2759
2021-11-03T07:00:00+00:00,12.900,9.400,Open-Meteo Historical Weather API,"Casalecchio di Reno, Bologna, Italy",44.4756,11.2759
2021-11-03T08:00:00+00:00,13.900,9.800,Open-Meteo Historical Weather API,"Casalecchio di Reno, Bologna, Italy",44.4756,11.2759
2021-11-03T09:00:00+00:00,14.800,10.200,Open-Meteo Historical Weather API,"Casalecchio di Reno, Bologna, Italy",44.4756,11.2759
2021-11-03T10:00:00+00:00,15.100,10.800,Open-Meteo Historical Weather API,"Casalecchio di Reno, Bologna, Italy",44.4756,11.2759
2021-11-03T11:00:00+00:00,16.100,11.600,Open-Meteo Historical Weather API,"Casalecchio di Reno, Bologna, Italy",44.4756,11.2759
2021-11-03T12:00:00+00:00,14.900,11.900,Open-Meteo Historical Weather API,"Casalecchio di Reno, Bologna, Italy",44.4756,11.2759
2021-11-03T13:00:00+00:00,16.600,12.400,Open-Meteo Historical Weather API,"Casalecchio di Reno, Bologna, Italy",44.4756,11.2759
2021-11-03T14:00:00+00:00,16.500,12.100,Open-Meteo Historical Weather API,"Casalecchio di Reno, Bologna, Italy",44.4756,11.2759
2021-11-03T15:00:00+00:00,16.100,11.600,Open-Meteo Historical Weather API,"Casalecchio di Reno, Bologna, Italy",44.4756,11.2759
2021-11-03T16:00:00+00:00,14.100,11.100,Open-Meteo Historical Weather API,"Casalecchio di Reno, Bologna, Italy",44.4756,11.2759
2021-11-03T17:00:00+00:00,13.300,11.100,Open-Meteo Historical Weather API,"Casalecchio di Reno, Bologna, Italy",44.4756,11.2759
2021-11-03T18:00:00+00:00,13.700,11.200,Open-Meteo Historical Weather API,"Casalecchio di Reno, Bologna, Italy",44.4756,11.2759
2021-11-03T19:00:00+00:00,13.400,11.200,Open-Meteo Historical Weather API,"Casalecchio di Reno, Bologna, Italy",44.4756,11.2759
2021-11-03T20:00:00+00:00,13.600,12.100,Open-Meteo Historical Weather API,"Casalecchio di Reno, Bologna, Italy",44.4756,11.2759
2021-11-03T21:00:00+00:00,13.700,11.900,Open-Meteo Historical Weather API,"Casalecchio di Reno, Bologna, Italy",44.4756,11.2759
2021-11-03T22:00:00+00:00,14.000,12.300,Open-Meteo Historical Weather API,"Casalecchio di Reno, Bologna, Italy",44.4756,11.2759
2021-11-03T23:00:00+00:00,14.800,11.700,Open-Meteo Historical Weather API,"Casalecchio di Reno, Bologna, Italy",44.4756,11.2759
2021-11-04T00:00:00+00:00,14.800,11.800,Open-Meteo Historical Weather API,"Casalecchio di Reno, Bologna, Italy",44.4756,11.2759
2021-11-04T01:00:00+00:00,13.500,10.200,Open-Meteo Historical Weather API,"Casalecchio di Reno, Bologna, Italy",44.4756,11.2759
2021-11-04T02:00:00+00:00,13.500,9.600,Open-Meteo Historical Weather API,"Casalecchio di Reno, Bologna, Italy",44.4756,11.2759
2021-11-04T03:00:00+00:00,13.200,8.400,Open-Meteo Historical Weather API,"Casalecchio di Reno, Bologna, Italy",44.4756,11.2759
2021-11-04T04:00:00+00:00,12.500,7.000,Open-Meteo Historical Weather API,"Casalecchio di Reno, Bologna, Italy",44.4756,11.2759
2021-11-04T05:00:00+00:00,12.600,6.300,Open-Meteo Historical Weather API,"Casalecchio di Reno, Bologna, Italy",44.4756,11.2759
2021-11-04T06:00:00+00:00,12.100,5.800,Open-Meteo Historical Weather API,"Casalecchio di Reno, Bologna, Italy",44.4756,11.2759
2021-11-04T07:00:00+00:00,11.200,7.700,Open-Meteo Historical Weather API,"Casalecchio di Reno, Bologna, Italy",44.4756,11.2759
2021-11-04T08:00:00+00:00,12.500,9.600,Open-Meteo Historical Weather API,"Casalecchio di Reno, Bologna, Italy",44.4756,11.2759
2021-11-04T09:00:00+00:00,14.100,10.900,Open-Meteo Historical Weather API,"Casalecchio di Reno, Bologna, Italy",44.4756,11.2759
2021-11-04T10:00:00+00:00,15.600,10.000,Open-Meteo Historical Weather API,"Casalecchio di Reno, Bologna, Italy",44.4756,11.2759
2021-11-04T11:00:00+00:00,15.800,8.900,Open-Meteo Historical Weather API,"Casalecchio di Reno, Bologna, Italy",44.4756,11.2759
2021-11-04T12:00:00+00:00,16.400,5.200,Open-Meteo Historical Weather API,"Casalecchio di Reno, Bologna, Italy",44.4756,11.2759
2021-11-04T13:00:00+00:00,17.100,4.100,Open-Meteo Historical Weather API,"Casalecchio di Reno, Bologna, Italy",44.4756,11.2759
2021-11-04T14:00:00+00:00,16.700,4.100,Open-Meteo Historical Weather API,"Casalecchio di Reno, Bologna, Italy",44.4756,11.2759
2021-11-04T15:00:00+00:00,15.400,6.100,Open-Meteo Historical Weather API,"Casalecchio di Reno, Bologna, Italy",44.4756,11.2759
2021-11-04T16:00:00+00:00,12.500,5.300,Open-Meteo Historical Weather API,"Casalecchio di Reno, Bologna, Italy",44.4756,11.2759
2021-11-04T17:00:00+00:00,9.600,5.700,Open-Meteo Historical Weather API,"Casalecchio di Reno, Bologna, Italy",44.4756,11.2759
2021-11-04T18:00:00+00:00,9.100,5.200,Open-Meteo Historical Weather API,"Casalecchio di Reno, Bologna, Italy",44.4756,11.2759
2021-11-04T19:00:00+00:00,8.600,4.900,Open-Meteo Historical Weather API,"Casalecchio di Reno, Bologna, Italy",44.4756,11.2759
2021-11-04T20:00:00+00:00,7.900,5.000,Open-Meteo Historical Weather API,"Casalecchio di Reno, Bologna, Italy",44.4756,11.2759
2021-11-04T21:00:00+00:00,7.700,5.200,Open-Meteo Historical Weather API,"Casalecchio di Reno, Bologna, Italy",44.4756,11.2759
2021-11-04T22:00:00+00:00,7.300,5.200,Open-Meteo Historical Weather API,"Casalecchio di Reno, Bologna, Italy",44.4756,11.2759
2021-11-04T23:00:00+00:00,6.500,5.200,Open-Meteo Historical Weather API,"Casalecchio di Reno, Bologna, Italy",44.4756,11.2759
2021-11-05T00:00:00+00:00,8.200,5.900,Open-Meteo Historical Weather API,"Casalecchio di Reno, Bologna, Italy",44.4756,11.2759
2021-11-05T01:00:00+00:00,7.900,6.000,Open-Meteo Historical Weather API,"Casalecchio di Reno, Bologna, Italy",44.4756,11.2759
2021-11-05T02:00:00+00:00,7.700,5.800,Open-Meteo Historical Weather API,"Casalecchio di Reno, Bologna, Italy",44.4756,11.2759
2021-11-05T03:00:00+00:00,7.200,5.600,Open-Meteo Historical Weather API,"Casalecchio di Reno, Bologna, Italy",44.4756,11.2759
2021-11-05T04:00:00+00:00,7.100,5.700,Open-Meteo Historical Weather API,"Casalecchio di Reno, Bologna, Italy",44.4756,11.2759
2021-11-05T05:00:00+00:00,7.300,5.800,Open-Meteo Historical Weather API,"Casalecchio di Reno, Bologna, Italy",44.4756,11.2759
2021-11-05T06:00:00+00:00,7.200,5.800,Open-Meteo Historical Weather API,"Casalecchio di Reno, Bologna, Italy",44.4756,11.2759
2021-11-05T07:00:00+00:00,8.100,6.200,Open-Meteo Historical Weather API,"Casalecchio di Reno, Bologna, Italy",44.4756,11.2759
2021-11-05T08:00:00+00:00,9.700,6.700,Open-Meteo Historical Weather API,"Casalecchio di Reno, Bologna, Italy",44.4756,11.2759
2021-11-05T09:00:00+00:00,10.600,7.000,Open-Meteo Historical Weather API,"Casalecchio di Reno, Bologna, Italy",44.4756,11.2759
2021-11-05T10:00:00+00:00,11.600,7.600,Open-Meteo Historical Weather API,"Casalecchio di Reno, Bologna, Italy",44.4756,11.2759
2021-11-05T11:00:00+00:00,12.100,8.100,Open-Meteo Historical Weather API,"Casalecchio di Reno, Bologna, Italy",44.4756,11.2759
2021-11-05T12:00:00+00:00,12.400,7.200,Open-Meteo Historical Weather API,"Casalecchio di Reno, Bologna, Italy",44.4756,11.2759
2021-11-05T13:00:00+00:00,12.400,6.800,Open-Meteo Historical Weather API,"Casalecchio di Reno, Bologna, Italy",44.4756,11.2759
2021-11-05T14:00:00+00:00,12.300,6.700,Open-Meteo Historical Weather API,"Casalecchio di Reno, Bologna, Italy",44.4756,11.2759
2021-11-05T15:00:00+00:00,11.900,6.500,Open-Meteo Historical Weather API,"Casalecchio di Reno, Bologna, Italy",44.4756,11.2759
2021-11-05T16:00:00+00:00,10.300,6.300,Open-Meteo Historical Weather API,"Casalecchio di Reno, Bologna, Italy",44.4756,11.2759
2021-11-05T17:00:00+00:00,9.600,6.000,Open-Meteo Historical Weather API,"Casalecchio di Reno, Bologna, Italy",44.4756,11.2759
2021-11-05T18:00:00+00:00,9.200,5.700,Open-Meteo Historical Weather API,"Casalecchio di Reno, Bologna, Italy",44.4756,11.2759
2021-11-05T19:00:00+00:00,9.000,5.700,Open-Meteo Historical Weather API,"Casalecchio di Reno, Bologna, Italy",44.4756,11.2759
2021-11-05T20:00:00+00:00,8.600,5.800,Open-Meteo Historical Weather API,"Casalecchio di Reno, Bologna, Italy",44.4756,11.2759
2021-11-05T21:00:00+00:00,8.400,5.900,Open-Meteo Historical Weather API,"Casalecchio di Reno, Bologna, Italy",44.4756,11.2759
2021-11-05T22:00:00+00:00,8.000,6.200,Open-Meteo Historical Weather API,"Casalecchio di Reno, Bologna, Italy",44.4756,11.2759
2021-11-05T23:00:00+00:00,7.600,6.300,Open-Meteo Historical Weather API,"Casalecchio di Reno, Bologna, Italy",44.4756,11.2759
2021-11-06T00:00:00+00:00,7.800,7.100,Open-Meteo Historical Weather API,"Casalecchio di Reno, Bologna, Italy",44.4756,11.2759
2021-11-06T01:00:00+00:00,7.900,7.600,Open-Meteo Historical Weather API,"Casalecchio di Reno, Bologna, Italy",44.4756,11.2759
2021-11-06T02:00:00+00:00,7.900,7.400,Open-Meteo Historical Weather API,"Casalecchio di Reno, Bologna, Italy",44.4756,11.2759
2021-11-06T03:00:00+00:00,8.100,7.000,Open-Meteo Historical Weather API,"Casalecchio di Reno, Bologna, Italy",44.4756,11.2759
2021-11-06T04:00:00+00:00,7.900,6.800,Open-Meteo Historical Weather API,"Casalecchio di Reno, Bologna, Italy",44.4756,11.2759
2021-11-06T05:00:00+00:00,7.900,6.700,Open-Meteo Historical Weather API,"Casalecchio di Reno, Bologna, Italy",44.4756,11.2759
2021-11-06T06:00:00+00:00,8.100,6.600,Open-Meteo Historical Weather API,"Casalecchio di Reno, Bologna, Italy",44.4756,11.2759
2021-11-06T07:00:00+00:00,8.400,6.800,Open-Meteo Historical Weather API,"Casalecchio di Reno, Bologna, Italy",44.4756,11.2759
2021-11-06T08:00:00+00:00,9.000,7.200,Open-Meteo Historical Weather API,"Casalecchio di Reno, Bologna, Italy",44.4756,11.2759
2021-11-06T09:00:00+00:00,10.100,6.600,Open-Meteo Historical Weather API,"Casalecchio di Reno, Bologna, Italy",44.4756,11.2759
2021-11-06T10:00:00+00:00,11.500,6.800,Open-Meteo Historical Weather API,"Casalecchio di Reno, Bologna, Italy",44.4756,11.2759
2021-11-06T11:00:00+00:00,13.400,6.300,Open-Meteo Historical Weather API,"Casalecchio di Reno, Bologna, Italy",44.4756,11.2759
2021-11-06T12:00:00+00:00,12.600,6.200,Open-Meteo Historical Weather API,"Casalecchio di Reno, Bologna, Italy",44.4756,11.2759
2021-11-06T13:00:00+00:00,12.800,5.800,Open-Meteo Historical Weather API,"Casalecchio di Reno, Bologna, Italy",44.4756,11.2759
2021-11-06T14:00:00+00:00,12.900,5.700,Open-Meteo Historical Weather API,"Casalecchio di Reno, Bologna, Italy",44.4756,11.2759
2021-11-06T15:00:00+00:00,12.800,5.300,Open-Meteo Historical Weather API,"Casalecchio di Reno, Bologna, Italy",44.4756,11.2759
2021-11-06T16:00:00+00:00,10.100,5.200,Open-Meteo Historical Weather API,"Casalecchio di Reno, Bologna, Italy",44.4756,11.2759
2021-11-06T17:00:00+00:00,9.100,4.700,Open-Meteo Historical Weather API,"Casalecchio di Reno, Bologna, Italy",44.4756,11.2759
2021-11-06T18:00:00+00:00,7.800,4.400,Open-Meteo Historical Weather API,"Casalecchio di Reno, Bologna, Italy",44.4756,11.2759
2021-11-06T19:00:00+00:00,8.800,4.400,Open-Meteo Historical Weather API,"Casalecchio di Reno, Bologna, Italy",44.4756,11.2759
2021-11-06T20:00:00+00:00,8.900,4.300,Open-Meteo Historical Weather API,"Casalecchio di Reno, Bologna, Italy",44.4756,11.2759
2021-11-06T21:00:00+00:00,9.000,4.300,Open-Meteo Historical Weather API,"Casalecchio di Reno, Bologna, Italy",44.4756,11.2759
2021-11-06T22:00:00+00:00,8.800,4.200,Open-Meteo Historical Weather API,"Casalecchio di Reno, Bologna, Italy",44.4756,11.2759
2021-11-06T23:00:00+00:00,8.500,3.900,Open-Meteo Historical Weather API,"Casalecchio di Reno, Bologna, Italy",44.4756,11.2759
2021-11-07T00:00:00+00:00,8.200,3.800,Open-Meteo Historical Weather API,"Casalecchio di Reno, Bologna, Italy",44.4756,11.2759
2021-11-07T01:00:00+00:00,7.900,3.700,Open-Meteo Historical Weather API,"Casalecchio di Reno, Bologna, Italy",44.4756,11.2759
2021-11-07T02:00:00+00:00,7.800,3.700,Open-Meteo Historical Weather API,"Casalecchio di Reno, Bologna, Italy",44.4756,11.2759
2021-11-07T03:00:00+00:00,7.800,4.100,Open-Meteo Historical Weather API,"Casalecchio di Reno, Bologna, Italy",44.4756,11.2759
2021-11-07T04:00:00+00:00,7.400,5.600,Open-Meteo Historical Weather API,"Casalecchio di Reno, Bologna, Italy",44.4756,11.2759
2021-11-07T05:00:00+00:00,7.100,5.300,Open-Meteo Historical Weather API,"Casalecchio di Reno, Bologna, Italy",44.4756,11.2759
2021-11-07T06:00:00+00:00,6.900,4.800,Open-Meteo Historical Weather API,"Casalecchio di Reno, Bologna, Italy",44.4756,11.2759
2021-11-07T07:00:00+00:00,7.400,5.000,Open-Meteo Historical Weather API,"Casalecchio di Reno, Bologna, Italy",44.4756,11.2759
2021-11-07T08:00:00+00:00,8.800,5.700,Open-Meteo Historical Weather API,"Casalecchio di Reno, Bologna, Italy",44.4756,11.2759
2021-11-07T09:00:00+00:00,10.300,4.900,Open-Meteo Historical Weather API,"Casalecchio di Reno, Bologna, Italy",44.4756,11.2759
2021-11-07T10:00:00+00:00,11.300,5.200,Open-Meteo Historical Weather API,"Casalecchio di Reno, Bologna, Italy",44.4756,11.2759
2021-11-07T11:00:00+00:00,11.800,5.300,Open-Meteo Historical Weather API,"Casalecchio di Reno, Bologna, Italy",44.4756,11.2759
2021-11-07T12:00:00+00:00,11.400,4.900,Open-Meteo Historical Weather API,"Casalecchio di Reno, Bologna, Italy",44.4756,11.2759
2021-11-07T13:00:00+00:00,11.600,4.800,Open-Meteo Historical Weather API,"Casalecchio di Reno, Bologna, Italy",44.4756,11.2759
2021-11-07T14:00:00+00:00,11.600,4.900,Open-Meteo Historical Weather API,"Casalecchio di Reno, Bologna, Italy",44.4756,11.2759
2021-11-07T15:00:00+00:00,11.100,4.700,Open-Meteo Historical Weather API,"Casalecchio di Reno, Bologna, Italy",44.4756,11.2759
2021-11-07T16:00:00+00:00,9.300,5.500,Open-Meteo Historical Weather API,"Casalecchio di Reno, Bologna, Italy",44.4756,11.2759
2021-11-07T17:00:00+00:00,9.400,5.600,Open-Meteo Historical Weather API,"Casalecchio di Reno, Bologna, Italy",44.4756,11.2759
2021-11-07T18:00:00+00:00,9.900,5.100,Open-Meteo Historical Weather API,"Casalecchio di Reno, Bologna, Italy",44.4756,11.2759
2021-11-07T19:00:00+00:00,9.600,6.700,Open-Meteo Historical Weather API,"Casalecchio di Reno, Bologna, Italy",44.4756,11.2759
2021-11-07T20:00:00+00:00,9.400,6.700,Open-Meteo Historical Weather API,"Casalecchio di Reno, Bologna, Italy",44.4756,11.2759
2021-11-07T21:00:00+00:00,8.100,5.900,Open-Meteo Historical Weather API,"Casalecchio di Reno, Bologna, Italy",44.4756,11.2759
2021-11-07T22:00:00+00:00,8.600,6.800,Open-Meteo Historical Weather API,"Casalecchio di Reno, Bologna, Italy",44.4756,11.2759
2021-11-07T23:00:00+00:00,8.600,5.900,Open-Meteo Historical Weather API,"Casalecchio di Reno, Bologna, Italy",44.4756,11.2759
2021-11-08T00:00:00+00:00,7.800,4.900,Open-Meteo Historical Weather API,"Casalecchio di Reno, Bologna, Italy",44.4756,11.2759
2021-11-08T01:00:00+00:00,8.300,5.100,Open-Meteo Historical Weather API,"Casalecchio di Reno, Bologna, Italy",44.4756,11.2759
2021-11-08T02:00:00+00:00,8.800,5.600,Open-Meteo Historical Weather API,"Casalecchio di Reno, Bologna, Italy",44.4756,11.2759
2021-11-08T03:00:00+00:00,8.300,5.600,Open-Meteo Historical Weather API,"Casalecchio di Reno, Bologna, Italy",44.4756,11.2759
2021-11-08T04:00:00+00:00,7.100,5.300,Open-Meteo Historical Weather API,"Casalecchio di Reno, Bologna, Italy",44.4756,11.2759
2021-11-08T05:00:00+00:00,7.200,5.200,Open-Meteo Historical Weather API,"Casalecchio di Reno, Bologna, Italy",44.4756,11.2759
2021-11-08T06:00:00+00:00,8.100,5.400,Open-Meteo Historical Weather API,"Casalecchio di Reno, Bologna, Italy",44.4756,11.2759
2021-11-08T07:00:00+00:00,8.600,4.900,Open-Meteo Historical Weather API,"Casalecchio di Reno, Bologna, Italy",44.4756,11.2759
2021-11-08T08:00:00+00:00,9.100,4.300,Open-Meteo Historical Weather API,"Casalecchio di Reno, Bologna, Italy",44.4756,11.2759
2021-11-08T09:00:00+00:00,9.600,4.800,Open-Meteo Historical Weather API,"Casalecchio di Reno, Bologna, Italy",44.4756,11.2759
2021-11-08T10:00:00+00:00,9.800,6.000,Open-Meteo Historical Weather API,"Casalecchio di Reno, Bologna, Italy",44.4756,11.2759
2021-11-08T11:00:00+00:00,10.100,7.000,Open-Meteo Historical Weather API,"Casalecchio di Reno, Bologna, Italy",44.4756,11.2759
2021-11-08T12:00:00+00:00,8.900,7.800,Open-Meteo Historical Weather API,"Casalecchio di Reno, Bologna, Italy",44.4756,11.2759
2021-11-08T13:00:00+00:00,9.300,8.400,Open-Meteo Historical Weather API,"Casalecchio di Reno, Bologna, Italy",44.4756,11.2759
2021-11-08T14:00:00+00:00,9.500,8.900,Open-Meteo Historical Weather API,"Casalecchio di Reno, Bologna, Italy",44.4756,11.2759
2021-11-08T15:00:00+00:00,9.600,9.100,Open-Meteo Historical Weather API,"Casalecchio di Reno, Bologna, Italy",44.4756,11.2759
2021-11-08T16:00:00+00:00,9.600,9.100,Open-Meteo Historical Weather API,"Casalecchio di Reno, Bologna, Italy",44.4756,11.2759
2021-11-08T17:00:00+00:00,9.500,8.400,Open-Meteo Historical Weather API,"Casalecchio di Reno, Bologna, Italy",44.4756,11.2759
2021-11-08T18:00:00+00:00,9.400,7.900,Open-Meteo Historical Weather API,"Casalecchio di Reno, Bologna, Italy",44.4756,11.2759
2021-11-08T19:00:00+00:00,9.200,7.800,Open-Meteo Historical Weather API,"Casalecchio di Reno, Bologna, Italy",44.4756,11.2759
2021-11-08T20:00:00+00:00,9.100,7.800,Open-Meteo Historical Weather API,"Casalecchio di Reno, Bologna, Italy",44.4756,11.2759
2021-11-08T21:00:00+00:00,9.000,7.600,Open-Meteo Historical Weather API,"Casalecchio di Reno, Bologna, Italy",44.4756,11.2759
2021-11-08T22:00:00+00:00,8.800,7.300,Open-Meteo Historical Weather API,"Casalecchio di Reno, Bologna, Italy",44.4756,11.2759
2021-11-08T23:00:00+00:00,8.500,7.200,Open-Meteo Historical Weather API,"Casalecchio di Reno, Bologna, Italy",44.4756,11.2759
2021-11-09T00:00:00+00:00,8.400,7.400,Open-Meteo Historical Weather API,"Casalecchio di Reno, Bologna, Italy",44.4756,11.2759
2021-11-09T01:00:00+00:00,8.400,7.100,Open-Meteo Historical Weather API,"Casalecchio di Reno, Bologna, Italy",44.4756,11.2759
2021-11-09T02:00:00+00:00,8.200,6.800,Open-Meteo Historical Weather API,"Casalecchio di Reno, Bologna, Italy",44.4756,11.2759
2021-11-09T03:00:00+00:00,8.100,6.700,Open-Meteo Historical Weather API,"Casalecchio di Reno, Bologna, Italy",44.4756,11.2759
2021-11-09T04:00:00+00:00,8.100,6.400,Open-Meteo Historical Weather API,"Casalecchio di Reno, Bologna, Italy",44.4756,11.2759
2021-11-09T05:00:00+00:00,7.400,6.100,Open-Meteo Historical Weather API,"Casalecchio di Reno, Bologna, Italy",44.4756,11.2759
2021-11-09T06:00:00+00:00,7.600,6.000,Open-Meteo Historical Weather API,"Casalecchio di Reno, Bologna, Italy",44.4756,11.2759
2021-11-09T07:00:00+00:00,8.100,6.300,Open-Meteo Historical Weather API,"Casalecchio di Reno, Bologna, Italy",44.4756,11.2759
2021-11-09T08:00:00+00:00,9.000,6.900,Open-Meteo Historical Weather API,"Casalecchio di Reno, Bologna, Italy",44.4756,11.2759
2021-11-09T09:00:00+00:00,9.900,6.600,Open-Meteo Historical Weather API,"Casalecchio di Reno, Bologna, Italy",44.4756,11.2759
2021-11-09T10:00:00+00:00,10.800,6.800,Open-Meteo Historical Weather API,"Casalecchio di Reno, Bologna, Italy",44.4756,11.2759
2021-11-09T11:00:00+00:00,11.400,7.100,Open-Meteo Historical Weather API,"Casalecchio di Reno, Bologna, Italy",44.4756,11.2759
2021-11-09T12:00:00+00:00,11.200,7.500,Open-Meteo Historical Weather API,"Casalecchio di Reno, Bologna, Italy",44.4756,11.2759
2021-11-09T13:00:00+00:00,11.700,7.700,Open-Meteo Historical Weather API,"Casalecchio di Reno, Bologna, Italy",44.4756,11.2759
2021-11-09T14:00:00+00:00,12.300,7.700,Open-Meteo Historical Weather API,"Casalecchio di Reno, Bologna, Italy",44.4756,11.2759
2021-11-09T15:00:00+00:00,12.000,7.900,Open-Meteo Historical Weather API,"Casalecchio di Reno, Bologna, Italy",44.4756,11.2759
2021-11-09T16:00:00+00:00,11.200,7.800,Open-Meteo Historical Weather API,"Casalecchio di Reno, Bologna, Italy",44.4756,11.2759
2021-11-09T17:00:00+00:00,10.900,7.700,Open-Meteo Historical Weather API,"Casalecchio di Reno, Bologna, Italy",44.4756,11.2759
2021-11-09T18:00:00+00:00,10.400,7.600,Open-Meteo Historical Weather API,"Casalecchio di Reno, Bologna, Italy",44.4756,11.2759
2021-11-09T19:00:00+00:00,10.100,7.000,Open-Meteo Historical Weather API,"Casalecchio di Reno, Bologna, Italy",44.4756,11.2759
2021-11-09T20:00:00+00:00,10.200,6.600,Open-Meteo Historical Weather API,"Casalecchio di Reno, Bologna, Italy",44.4756,11.2759
2021-11-09T21:00:00+00:00,9.800,6.800,Open-Meteo Historical Weather API,"Casalecchio di Reno, Bologna, Italy",44.4756,11.2759
2021-11-09T22:00:00+00:00,9.600,7.100,Open-Meteo Historical Weather API,"Casalecchio di Reno, Bologna, Italy",44.4756,11.2759
2021-11-09T23:00:00+00:00,9.600,7.300,Open-Meteo Historical Weather API,"Casalecchio di Reno, Bologna, Italy",44.4756,11.2759
2021-11-10T00:00:00+00:00,9.100,6.300,Open-Meteo Historical Weather API,"Casalecchio di Reno, Bologna, Italy",44.4756,11.2759
2021-11-10T01:00:00+00:00,8.900,6.300,Open-Meteo Historical Weather API,"Casalecchio di Reno, Bologna, Italy",44.4756,11.2759
2021-11-10T02:00:00+00:00,8.800,6.400,Open-Meteo Historical Weather API,"Casalecchio di Reno, Bologna, Italy",44.4756,11.2759
2021-11-10T03:00:00+00:00,8.700,6.400,Open-Meteo Historical Weather API,"Casalecchio di Reno, Bologna, Italy",44.4756,11.2759
2021-11-10T04:00:00+00:00,8.600,6.200,Open-Meteo Historical Weather API,"Casalecchio di Reno, Bologna, Italy",44.4756,11.2759
2021-11-10T05:00:00+00:00,8.700,6.100,Open-Meteo Historical Weather API,"Casalecchio di Reno, Bologna, Italy",44.4756,11.2759
2021-11-10T06:00:00+00:00,8.200,6.100,Open-Meteo Historical Weather API,"Casalecchio di Reno, Bologna, Italy",44.4756,11.2759
2021-11-10T07:00:00+00:00,8.700,6.400,Open-Meteo Historical Weather API,"Casalecchio di Reno, Bologna, Italy",44.4756,11.2759
2021-11-10T08:00:00+00:00,9.800,6.300,Open-Meteo Historical Weather API,"Casalecchio di Reno, Bologna, Italy",44.4756,11.2759
2021-11-10T09:00:00+00:00,11.100,5.900,Open-Meteo Historical Weather API,"Casalecchio di Reno, Bologna, Italy",44.4756,11.2759
2021-11-10T10:00:00+00:00,12.200,5.800,Open-Meteo Historical Weather API,"Casalecchio di Reno, Bologna, Italy",44.4756,11.2759
2021-11-10T11:00:00+00:00,12.900,6.200,Open-Meteo Historical Weather API,"Casalecchio di Reno, Bologna, Italy",44.4756,11.2759
2021-11-10T12:00:00+00:00,12.200,7.100,Open-Meteo Historical Weather API,"Casalecchio di Reno, Bologna, Italy",44.4756,11.2759
2021-11-10T13:00:00+00:00,12.400,7.000,Open-Meteo Historical Weather API,"Casalecchio di Reno, Bologna, Italy",44.4756,11.2759
2021-11-10T14:00:00+00:00,12.100,6.800,Open-Meteo Historical Weather API,"Casalecchio di Reno, Bologna, Italy",44.4756,11.2759
2021-11-10T15:00:00+00:00,11.500,6.700,Open-Meteo Historical Weather API,"Casalecchio di Reno, Bologna, Italy",44.4756,11.2759
2021-11-10T16:00:00+00:00,9.600,6.700,Open-Meteo Historical Weather API,"Casalecchio di Reno, Bologna, Italy",44.4756,11.2759
2021-11-10T17:00:00+00:00,9.100,6.700,Open-Meteo Historical Weather API,"Casalecchio di Reno, Bologna, Italy",44.4756,11.2759
2021-11-10T18:00:00+00:00,9.100,6.800,Open-Meteo Historical Weather API,"Casalecchio di Reno, Bologna, Italy",44.4756,11.2759
2021-11-10T19:00:00+00:00,9.400,6.900,Open-Meteo Historical Weather API,"Casalecchio di Reno, Bologna, Italy",44.4756,11.2759
2021-11-10T20:00:00+00:00,9.700,6.900,Open-Meteo Historical Weather API,"Casalecchio di Reno, Bologna, Italy",44.4756,11.2759
2021-11-10T21:00:00+00:00,9.200,7.000,Open-Meteo Historical Weather API,"Casalecchio di Reno, Bologna, Italy",44.4756,11.2759
2021-11-10T22:00:00+00:00,8.600,6.800,Open-Meteo Historical Weather API,"Casalecchio di Reno, Bologna, Italy",44.4756,11.2759
2021-11-10T23:00:00+00:00,8.400,6.800,Open-Meteo Historical Weather API,"Casalecchio di Reno, Bologna, Italy",44.4756,11.2759
2021-11-11T00:00:00+00:00,10.100,7.800,Open-Meteo Historical Weather API,"Casalecchio di Reno, Bologna, Italy",44.4756,11.2759
2021-11-11T01:00:00+00:00,10.200,7.400,Open-Meteo Historical Weather API,"Casalecchio di Reno, Bologna, Italy",44.4756,11.2759
2021-11-11T02:00:00+00:00,10.200,7.500,Open-Meteo Historical Weather API,"Casalecchio di Reno, Bologna, Italy",44.4756,11.2759
2021-11-11T03:00:00+00:00,9.600,7.900,Open-Meteo Historical Weather API,"Casalecchio di Reno, Bologna, Italy",44.4756,11.2759
2021-11-11T04:00:00+00:00,9.600,7.900,Open-Meteo Historical Weather API,"Casalecchio di Reno, Bologna, Italy",44.4756,11.2759
2021-11-11T05:00:00+00:00,9.600,8.000,Open-Meteo Historical Weather API,"Casalecchio di Reno, Bologna, Italy",44.4756,11.2759
2021-11-11T06:00:00+00:00,9.600,7.900,Open-Meteo Historical Weather API,"Casalecchio di Reno, Bologna, Italy",44.4756,11.2759
2021-11-11T07:00:00+00:00,9.900,8.200,Open-Meteo Historical Weather API,"Casalecchio di Reno, Bologna, Italy",44.4756,11.2759
2021-11-11T08:00:00+00:00,11.600,8.800,Open-Meteo Historical Weather API,"Casalecchio di Reno, Bologna, Italy",44.4756,11.2759
2021-11-11T09:00:00+00:00,12.800,9.100,Open-Meteo Historical Weather API,"Casalecchio di Reno, Bologna, Italy",44.4756,11.2759
2021-11-11T10:00:00+00:00,13.600,9.400,Open-Meteo Historical Weather API,"Casalecchio di Reno, Bologna, Italy",44.4756,11.2759
2021-11-11T11:00:00+00:00,14.400,9.200,Open-Meteo Historical Weather API,"Casalecchio di Reno, Bologna, Italy",44.4756,11.2759
2021-11-11T12:00:00+00:00,13.100,8.400,Open-Meteo Historical Weather API,"Casalecchio di Reno, Bologna, Italy",44.4756,11.2759
2021-11-11T13:00:00+00:00,13.800,8.800,Open-Meteo Historical Weather API,"Casalecchio di Reno, Bologna, Italy",44.4756,11.2759
2021-11-11T14:00:00+00:00,14.100,9.100,Open-Meteo Historical Weather API,"Casalecchio di Reno, Bologna, Italy",44.4756,11.2759
2021-11-11T15:00:00+00:00,13.500,9.600,Open-Meteo Historical Weather API,"Casalecchio di Reno, Bologna, Italy",44.4756,11.2759
2021-11-11T16:00:00+00:00,10.200,8.700,Open-Meteo Historical Weather API,"Casalecchio di Reno, Bologna, Italy",44.4756,11.2759
2021-11-11T17:00:00+00:00,9.800,8.400,Open-Meteo Historical Weather API,"Casalecchio di Reno, Bologna, Italy",44.4756,11.2759
2021-11-11T18:00:00+00:00,9.500,8.400,Open-Meteo Historical Weather API,"Casalecchio di Reno, Bologna, Italy",44.4756,11.2759
2021-11-11T19:00:00+00:00,10.100,8.800,Open-Meteo Historical Weather API,"Casalecchio di Reno, Bologna, Italy",44.4756,11.2759
2021-11-11T20:00:00+00:00,9.900,8.600,Open-Meteo Historical Weather API,"Casalecchio di Reno, Bologna, Italy",44.4756,11.2759
2021-11-11T21:00:00+00:00,9.600,8.400,Open-Meteo Historical Weather API,"Casalecchio di Reno, Bologna, Italy",44.4756,11.2759
2021-11-11T22:00:00+00:00,8.900,7.800,Open-Meteo Historical Weather API,"Casalecchio di Reno, Bologna, Italy",44.4756,11.2759
2021-11-11T23:00:00+00:00,8.800,7.700,Open-Meteo Historical Weather API,"Casalecchio di Reno, Bologna, Italy",44.4756,11.2759
2021-11-12T00:00:00+00:00,9.000,7.400,Open-Meteo Historical Weather API,"Casalecchio di Reno, Bologna, Italy",44.4756,11.2759
2021-11-12T01:00:00+00:00,8.900,7.300,Open-Meteo Historical Weather API,"Casalecchio di Reno, Bologna, Italy",44.4756,11.2759
2021-11-12T02:00:00+00:00,8.100,6.900,Open-Meteo Historical Weather API,"Casalecchio di Reno, Bologna, Italy",44.4756,11.2759
2021-11-12T03:00:00+00:00,7.600,6.700,Open-Meteo Historical Weather API,"Casalecchio di Reno, Bologna, Italy",44.4756,11.2759
2021-11-12T04:00:00+00:00,7.900,7.100,Open-Meteo Historical Weather API,"Casalecchio di Reno, Bologna, Italy",44.4756,11.2759
2021-11-12T05:00:00+00:00,8.200,7.200,Open-Meteo Historical Weather API,"Casalecchio di Reno, Bologna, Italy",44.4756,11.2759
2021-11-12T06:00:00+00:00,8.100,7.100,Open-Meteo Historical Weather API,"Casalecchio di Reno, Bologna, Italy",44.4756,11.2759
2021-11-12T07:00:00+00:00,9.600,7.600,Open-Meteo Historical Weather API,"Casalecchio di Reno, Bologna, Italy",44.4756,11.2759
2021-11-12T08:00:00+00:00,11.400,8.400,Open-Meteo Historical Weather API,"Casalecchio di Reno, Bologna, Italy",44.4756,11.2759
2021-11-12T09:00:00+00:00,13.100,8.600,Open-Meteo Historical Weather API,"Casalecchio di Reno, Bologna, Italy",44.4756,11.2759
2021-11-12T10:00:00+00:00,13.900,9.200,Open-Meteo Historical Weather API,"Casalecchio di Reno, Bologna, Italy",44.4756,11.2759
2021-11-12T11:00:00+00:00,14.500,9.900,Open-Meteo Historical Weather API,"Casalecchio di Reno, Bologna, Italy",44.4756,11.2759
2021-11-12T12:00:00+00:00,14.900,9.900,Open-Meteo Historical Weather API,"Casalecchio di Reno, Bologna, Italy",44.4756,11.2759
2021-11-12T13:00:00+00:00,15.100,10.000,Open-Meteo Historical Weather API,"Casalecchio di Reno, Bologna, Italy",44.4756,11.2759
2021-11-12T14:00:00+00:00,14.900,9.900,Open-Meteo Historical Weather API,"Casalecchio di Reno, Bologna, Italy",44.4756,11.2759
2021-11-12T15:00:00+00:00,13.900,11.100,Open-Meteo Historical Weather API,"Casalecchio di Reno, Bologna, Italy",44.4756,11.2759
2021-11-12T16:00:00+00:00,13.300,9.600,Open-Meteo Historical Weather API,"Casalecchio di Reno, Bologna, Italy",44.4756,11.2759
2021-11-12T17:00:00+00:00,12.300,9.400,Open-Meteo Historical Weather API,"Casalecchio di Reno, Bologna, Italy",44.4756,11.2759
2021-11-12T18:00:00+00:00,9.400,8.400,Open-Meteo Historical Weather API,"Casalecchio di Reno, Bologna, Italy",44.4756,11.2759
2021-11-12T19:00:00+00:00,9.300,8.400,Open-Meteo Historical Weather API,"Casalecchio di Reno, Bologna, Italy",44.4756,11.2759
2021-11-12T20:00:00+00:00,8.900,7.900,Open-Meteo Historical Weather API,"Casalecchio di Reno, Bologna, Italy",44.4756,11.2759
2021-11-12T21:00:00+00:00,8.000,7.200,Open-Meteo Historical Weather API,"Casalecchio di Reno, Bologna, Italy",44.4756,11.2759
2021-11-12T22:00:00+00:00,7.700,6.800,Open-Meteo Historical Weather API,"Casalecchio di Reno, Bologna, Italy",44.4756,11.2759
2021-11-12T23:00:00+00:00,7.600,6.800,Open-Meteo Historical Weather API,"Casalecchio di Reno, Bologna, Italy",44.4756,11.2759
2021-11-13T00:00:00+00:00,7.400,6.800,Open-Meteo Historical Weather API,"Casalecchio di Reno, Bologna, Italy",44.4756,11.2759
2021-11-13T01:00:00+00:00,7.100,6.400,Open-Meteo Historical Weather API,"Casalecchio di Reno, Bologna, Italy",44.4756,11.2759
2021-11-13T02:00:00+00:00,7.200,6.400,Open-Meteo Historical Weather API,"Casalecchio di Reno, Bologna, Italy",44.4756,11.2759
2021-11-13T03:00:00+00:00,7.200,6.400,Open-Meteo Historical Weather API,"Casalecchio di Reno, Bologna, Italy",44.4756,11.2759
2021-11-13T04:00:00+00:00,6.900,6.200,Open-Meteo Historical Weather API,"Casalecchio di Reno, Bologna, Italy",44.4756,11.2759
2021-11-13T05:00:00+00:00,6.200,5.700,Open-Meteo Historical Weather API,"Casalecchio di Reno, Bologna, Italy",44.4756,11.2759
2021-11-13T06:00:00+00:00,6.100,5.400,Open-Meteo Historical Weather API,"Casalecchio di Reno, Bologna, Italy",44.4756,11.2759
2021-11-13T07:00:00+00:00,7.200,6.200,Open-Meteo Historical Weather API,"Casalecchio di Reno, Bologna, Italy",44.4756,11.2759
2021-11-13T08:00:00+00:00,10.000,7.900,Open-Meteo Historical Weather API,"Casalecchio di Reno, Bologna, Italy",44.4756,11.2759
2021-11-13T09:00:00+00:00,11.900,9.100,Open-Meteo Historical Weather API,"Casalecchio di Reno, Bologna, Italy",44.4756,11.2759
2021-11-13T10:00:00+00:00,12.700,9.800,Open-Meteo Historical Weather API,"Casalecchio di Reno, Bologna, Italy",44.4756,11.2759
2021-11-13T11:00:00+00:00,12.400,10.100,Open-Meteo Historical Weather API,"Casalecchio di Reno, Bologna, Italy",44.4756,11.2759
2021-11-13T12:00:00+00:00,12.200,10.300,Open-Meteo Historical Weather API,"Casalecchio di Reno, Bologna, Italy",44.4756,11.2759
2021-11-13T13:00:00+00:00,12.200,10.400,Open-Meteo Historical Weather API,"Casalecchio di Reno, Bologna, Italy",44.4756,11.2759
2021-11-13T14:00:00+00:00,12.500,10.500,Open-Meteo Historical Weather API,"Casalecchio di Reno, Bologna, Italy",44.4756,11.2759
2021-11-13T15:00:00+00:00,11.600,10.400,Open-Meteo Historical Weather API,"Casalecchio di Reno, Bologna, Italy",44.4756,11.2759
2021-11-13T16:00:00+00:00,10.900,10.600,Open-Meteo Historical Weather API,"Casalecchio di Reno, Bologna, Italy",44.4756,11.2759
2021-11-13T17:00:00+00:00,10.900,10.500,Open-Meteo Historical Weather API,"Casalecchio di Reno, Bologna, Italy",44.4756,11.2759
2021-11-13T18:00:00+00:00,11.100,10.600,Open-Meteo Historical Weather API,"Casalecchio di Reno, Bologna, Italy",44.4756,11.2759
2021-11-13T19:00:00+00:00,11.100,10.400,Open-Meteo Historical Weather API,"Casalecchio di Reno, Bologna, Italy",44.4756,11.2759
2021-11-13T20:00:00+00:00,10.900,10.100,Open-Meteo Historical Weather API,"Casalecchio di Reno, Bologna, Italy",44.4756,11.2759
2021-11-13T21:00:00+00:00,10.800,10.100,Open-Meteo Historical Weather API,"Casalecchio di Reno, Bologna, Italy",44.4756,11.2759
2021-11-13T22:00:00+00:00,10.600,10.000,Open-Meteo Historical Weather API,"Casalecchio di Reno, Bologna, Italy",44.4756,11.2759
2021-11-13T23:00:00+00:00,10.800,10.000,Open-Meteo Historical Weather API,"Casalecchio di Reno, Bologna, Italy",44.4756,11.2759
2021-11-14T00:00:00+00:00,10.200,10.100,Open-Meteo Historical Weather API,"Casalecchio di Reno, Bologna, Italy",44.4756,11.2759
2021-11-14T01:00:00+00:00,9.800,9.700,Open-Meteo Historical Weather API,"Casalecchio di Reno, Bologna, Italy",44.4756,11.2759
2021-11-14T02:00:00+00:00,10.000,9.900,Open-Meteo Historical Weather API,"Casalecchio di Reno, Bologna, Italy",44.4756,11.2759
2021-11-14T03:00:00+00:00,10.100,9.800,Open-Meteo Historical Weather API,"Casalecchio di Reno, Bologna, Italy",44.4756,11.2759
2021-11-14T04:00:00+00:00,10.200,9.600,Open-Meteo Historical Weather API,"Casalecchio di Reno, Bologna, Italy",44.4756,11.2759
2021-11-14T05:00:00+00:00,10.400,9.600,Open-Meteo Historical Weather API,"Casalecchio di Reno, Bologna, Italy",44.4756,11.2759
2021-11-14T06:00:00+00:00,10.800,9.800,Open-Meteo Historical Weather API,"Casalecchio di Reno, Bologna, Italy",44.4756,11.2759
2021-11-14T07:00:00+00:00,11.100,9.800,Open-Meteo Historical Weather API,"Casalecchio di Reno, Bologna, Italy",44.4756,11.2759
2021-11-14T08:00:00+00:00,11.900,10.600,Open-Meteo Historical Weather API,"Casalecchio di Reno, Bologna, Italy",44.4756,11.2759
2021-11-14T09:00:00+00:00,13.100,11.600,Open-Meteo Historical Weather API,"Casalecchio di Reno, Bologna, Italy",44.4756,11.2759
2021-11-14T10:00:00+00:00,13.900,11.900,Open-Meteo Historical Weather API,"Casalecchio di Reno, Bologna, Italy",44.4756,11.2759
2021-11-14T11:00:00+00:00,14.600,12.300,Open-Meteo Historical Weather API,"Casalecchio di Reno, Bologna, Italy",44.4756,11.2759
2021-11-14T12:00:00+00:00,12.600,12.500,Open-Meteo Historical Weather API,"Casalecchio di Reno, Bologna, Italy",44.4756,11.2759
2021-11-14T13:00:00+00:00,12.400,12.200,Open-Meteo Historical Weather API,"Casalecchio di Reno, Bologna, Italy",44.4756,11.2759
2021-11-14T14:00:00+00:00,12.100,11.600,Open-Meteo Historical Weather API,"Casalecchio di Reno, Bologna, Italy",44.4756,11.2759
2021-11-14T15:00:00+00:00,12.000,11.600,Open-Meteo Historical Weather API,"Casalecchio di Reno, Bologna, Italy",44.4756,11.2759
2021-11-14T16:00:00+00:00,11.900,11.600,Open-Meteo Historical Weather API,"Casalecchio di Reno, Bologna, Italy",44.4756,11.2759
2021-11-14T17:00:00+00:00,11.200,11.000,Open-Meteo Historical Weather API,"Casalecchio di Reno, Bologna, Italy",44.4756,11.2759
2021-11-14T18:00:00+00:00,10.900,10.600,Open-Meteo Historical Weather API,"Casalecchio di Reno, Bologna, Italy",44.4756,11.2759
2021-11-14T19:00:00+00:00,11.100,10.600,Open-Meteo Historical Weather API,"Casalecchio di Reno, Bologna, Italy",44.4756,11.2759
2021-11-14T20:00:00+00:00,11.100,10.700,Open-Meteo Historical Weather API,"Casalecchio di Reno, Bologna, Italy",44.4756,11.2759
2021-11-14T21:00:00+00:00,11.200,10.700,Open-Meteo Historical Weather API,"Casalecchio di Reno, Bologna, Italy",44.4756,11.2759
2021-11-14T22:00:00+00:00,11.200,10.900,Open-Meteo Historical Weather API,"Casalecchio di Reno, Bologna, Italy",44.4756,11.2759
2021-11-14T23:00:00+00:00,11.400,11.100,Open-Meteo Historical Weather API,"Casalecchio di Reno, Bologna, Italy",44.4756,11.2759
2021-11-15T00:00:00+00:00,12.100,11.700,Open-Meteo Historical Weather API,"Casalecchio di Reno, Bologna, Italy",44.4756,11.2759
2021-11-15T01:00:00+00:00,11.900,11.400,Open-Meteo Historical Weather API,"Casalecchio di Reno, Bologna, Italy",44.4756,11.2759
2021-11-15T02:00:00+00:00,11.700,11.300,Open-Meteo Historical Weather API,"Casalecchio di Reno, Bologna, Italy",44.4756,11.2759
2021-11-15T03:00:00+00:00,11.700,11.200,Open-Meteo Historical Weather API,"Casalecchio di Reno, Bologna, Italy",44.4756,11.2759
2021-11-15T04:00:00+00:00,11.700,11.000,Open-Meteo Historical Weather API,"Casalecchio di Reno, Bologna, Italy",44.4756,11.2759
2021-11-15T05:00:00+00:00,11.600,10.800,Open-Meteo Historical Weather API,"Casalecchio di Reno, Bologna, Italy",44.4756,11.2759
2021-11-15T06:00:00+00:00,11.400,10.700,Open-Meteo Historical Weather API,"Casalecchio di Reno, Bologna, Italy",44.4756,11.2759
2021-11-15T07:00:00+00:00,11.600,10.800,Open-Meteo Historical Weather API,"Casalecchio di Reno, Bologna, Italy",44.4756,11.2759
2021-11-15T08:00:00+00:00,12.100,10.500,Open-Meteo Historical Weather API,"Casalecchio di Reno, Bologna, Italy",44.4756,11.2759
2021-11-15T09:00:00+00:00,12.200,10.400,Open-Meteo Historical Weather API,"Casalecchio di Reno, Bologna, Italy",44.4756,11.2759
2021-11-15T10:00:00+00:00,12.100,10.700,Open-Meteo Historical Weather API,"Casalecchio di Reno, Bologna, Italy",44.4756,11.2759
2021-11-15T11:00:00+00:00,12.400,10.900,Open-Meteo Historical Weather API,"Casalecchio di Reno, Bologna, Italy",44.4756,11.2759
2021-11-15T12:00:00+00:00,12.400,11.400,Open-Meteo Historical Weather API,"Casalecchio di Reno, Bologna, Italy",44.4756,11.2759
2021-11-15T13:00:00+00:00,12.500,11.600,Open-Meteo Historical Weather API,"Casalecchio di Reno, Bologna, Italy",44.4756,11.2759
2021-11-15T14:00:00+00:00,12.500,11.800,Open-Meteo Historical Weather API,"Casalecchio di Reno, Bologna, Italy",44.4756,11.2759
2021-11-15T15:00:00+00:00,12.600,11.700,Open-Meteo Historical Weather API,"Casalecchio di Reno, Bologna, Italy",44.4756,11.2759
2021-11-15T16:00:00+00:00,12.100,11.000,Open-Meteo Historical Weather API,"Casalecchio di Reno, Bologna, Italy",44.4756,11.2759
2021-11-15T17:00:00+00:00,11.600,10.800,Open-Meteo Historical Weather API,"Casalecchio di Reno, Bologna, Italy",44.4756,11.2759
2021-11-15T18:00:00+00:00,11.400,10.600,Open-Meteo Historical Weather API,"Casalecchio di Reno, Bologna, Italy",44.4756,11.2759
2021-11-15T19:00:00+00:00,10.900,10.200,Open-Meteo Historical Weather API,"Casalecchio di Reno, Bologna, Italy",44.4756,11.2759
2021-11-15T20:00:00+00:00,10.600,9.900,Open-Meteo Historical Weather API,"Casalecchio di Reno, Bologna, Italy",44.4756,11.2759
2021-11-15T21:00:00+00:00,10.700,9.800,Open-Meteo Historical Weather API,"Casalecchio di Reno, Bologna, Italy",44.4756,11.2759
2021-11-15T22:00:00+00:00,10.600,9.700,Open-Meteo Historical Weather API,"Casalecchio di Reno, Bologna, Italy",44.4756,11.2759
2021-11-15T23:00:00+00:00,10.100,9.300,Open-Meteo Historical Weather API,"Casalecchio di Reno, Bologna, Italy",44.4756,11.2759
2021-11-16T00:00:00+00:00,9.900,9.100,Open-Meteo Historical Weather API,"Casalecchio di Reno, Bologna, Italy",44.4756,11.2759
2021-11-16T01:00:00+00:00,9.700,9.100,Open-Meteo Historical Weather API,"Casalecchio di Reno, Bologna, Italy",44.4756,11.2759
2021-11-16T02:00:00+00:00,9.600,8.700,Open-Meteo Historical Weather API,"Casalecchio di Reno, Bologna, Italy",44.4756,11.2759
2021-11-16T03:00:00+00:00,9.600,8.600,Open-Meteo Historical Weather API,"Casalecchio di Reno, Bologna, Italy",44.4756,11.2759
2021-11-16T04:00:00+00:00,9.400,8.500,Open-Meteo Historical Weather API,"Casalecchio di Reno, Bologna, Italy",44.4756,11.2759
2021-11-16T05:00:00+00:00,9.200,8.100,Open-Meteo Historical Weather API,"Casalecchio di Reno, Bologna, Italy",44.4756,11.2759
2021-11-16T06:00:00+00:00,9.100,7.600,Open-Meteo Historical Weather API,"Casalecchio di Reno, Bologna, Italy",44.4756,11.2759
2021-11-16T07:00:00+00:00,8.900,7.800,Open-Meteo Historical Weather API,"Casalecchio di Reno, Bologna, Italy",44.4756,11.2759
2021-11-16T08:00:00+00:00,8.900,8.100,Open-Meteo Historical Weather API,"Casalecchio di Reno, Bologna, Italy",44.4756,11.2759
2021-11-16T09:00:00+00:00,9.100,8.200,Open-Meteo Historical Weather API,"Casalecchio di Reno, Bologna, Italy",44.4756,11.2759
2021-11-16T10:00:00+00:00,9.200,8.400,Open-Meteo Historical Weather API,"Casalecchio di Reno, Bologna, Italy",44.4756,11.2759
2021-11-16T11:00:00+00:00,9.400,8.600,Open-Meteo Historical Weather API,"Casalecchio di Reno, Bologna, Italy",44.4756,11.2759
2021-11-16T12:00:00+00:00,9.000,8.100,Open-Meteo Historical Weather API,"Casalecchio di Reno, Bologna, Italy",44.4756,11.2759
2021-11-16T13:00:00+00:00,8.800,8.100,Open-Meteo Historical Weather API,"Casalecchio di Reno, Bologna, Italy",44.4756,11.2759
2021-11-16T14:00:00+00:00,8.800,8.100,Open-Meteo Historical Weather API,"Casalecchio di Reno, Bologna, Italy",44.4756,11.2759
2021-11-16T15:00:00+00:00,8.700,8.000,Open-Meteo Historical Weather API,"Casalecchio di Reno, Bologna, Italy",44.4756,11.2759
2021-11-16T16:00:00+00:00,8.600,7.800,Open-Meteo Historical Weather API,"Casalecchio di Reno, Bologna, Italy",44.4756,11.2759
2021-11-16T17:00:00+00:00,8.600,7.700,Open-Meteo Historical Weather API,"Casalecchio di Reno, Bologna, Italy",44.4756,11.2759
2021-11-16T18:00:00+00:00,8.600,7.700,Open-Meteo Historical Weather API,"Casalecchio di Reno, Bologna, Italy",44.4756,11.2759
2021-11-16T19:00:00+00:00,8.600,7.600,Open-Meteo Historical Weather API,"Casalecchio di Reno, Bologna, Italy",44.4756,11.2759
2021-11-16T20:00:00+00:00,8.500,7.700,Open-Meteo Historical Weather API,"Casalecchio di Reno, Bologna, Italy",44.4756,11.2759
2021-11-16T21:00:00+00:00,8.400,7.600,Open-Meteo Historical Weather API,"Casalecchio di Reno, Bologna, Italy",44.4756,11.2759
2021-11-16T22:00:00+00:00,8.400,7.700,Open-Meteo Historical Weather API,"Casalecchio di Reno, Bologna, Italy",44.4756,11.2759
2021-11-16T23:00:00+00:00,8.400,7.600,Open-Meteo Historical Weather API,"Casalecchio di Reno, Bologna, Italy",44.4756,11.2759
2021-11-17T00:00:00+00:00,8.100,7.500,Open-Meteo Historical Weather API,"Casalecchio di Reno, Bologna, Italy",44.4756,11.2759
2021-11-17T01:00:00+00:00,8.200,7.700,Open-Meteo Historical Weather API,"Casalecchio di Reno, Bologna, Italy",44.4756,11.2759
2021-11-17T02:00:00+00:00,8.300,7.500,Open-Meteo Historical Weather API,"Casalecchio di Reno, Bologna, Italy",44.4756,11.2759
2021-11-17T03:00:00+00:00,8.300,7.300,Open-Meteo Historical Weather API,"Casalecchio di Reno, Bologna, Italy",44.4756,11.2759
2021-11-17T04:00:00+00:00,8.400,7.200,Open-Meteo Historical Weather API,"Casalecchio di Reno, Bologna, Italy",44.4756,11.2759
2021-11-17T05:00:00+00:00,8.500,7.200,Open-Meteo Historical Weather API,"Casalecchio di Reno, Bologna, Italy",44.4756,11.2759
2021-11-17T06:00:00+00:00,8.400,7.100,Open-Meteo Historical Weather API,"Casalecchio di Reno, Bologna, Italy",44.4756,11.2759
2021-11-17T07:00:00+00:00,8.900,7.200,Open-Meteo Historical Weather API,"Casalecchio di Reno, Bologna, Italy",44.4756,11.2759
2021-11-17T08:00:00+00:00,9.700,7.600,Open-Meteo Historical Weather API,"Casalecchio di Reno, Bologna, Italy",44.4756,11.2759
2021-11-17T09:00:00+00:00,10.400,7.800,Open-Meteo Historical Weather API,"Casalecchio di Reno, Bologna, Italy",44.4756,11.2759
2021-11-17T10:00:00+00:00,11.400,7.800,Open-Meteo Historical Weather API,"Casalecchio di Reno, Bologna, Italy",44.4756,11.2759
2021-11-17T11:00:00+00:00,12.100,7.800,Open-Meteo Historical Weather API,"Casalecchio di Reno, Bologna, Italy",44.4756,11.2759
2021-11-17T12:00:00+00:00,10.800,8.100,Open-Meteo Historical Weather API,"Casalecchio di Reno, Bologna, Italy",44.4756,11.2759
2021-11-17T13:00:00+00:00,11.300,8.100,Open-Meteo Historical Weather API,"Casalecchio di Reno, Bologna, Italy",44.4756,11.2759
2021-11-17T14:00:00+00:00,11.600,8.100,Open-Meteo Historical Weather API,"Casalecchio di Reno, Bologna, Italy",44.4756,11.2759
2021-11-17T15:00:00+00:00,11.300,8.100,Open-Meteo Historical Weather API,"Casalecchio di Reno, Bologna, Italy",44.4756,11.2759
2021-11-17T16:00:00+00:00,10.900,8.100,Open-Meteo Historical Weather API,"Casalecchio di Reno, Bologna, Italy",44.4756,11.2759
2021-11-17T17:00:00+00:00,10.500,8.100,Open-Meteo Historical Weather API,"Casalecchio di Reno, Bologna, Italy",44.4756,11.2759
2021-11-17T18:00:00+00:00,10.600,8.100,Open-Meteo Historical Weather API,"Casalecchio di Reno, Bologna, Italy",44.4756,11.2759
2021-11-17T19:00:00+00:00,10.500,8.200,Open-Meteo Historical Weather API,"Casalecchio di Reno, Bologna, Italy",44.4756,11.2759
2021-11-17T20:00:00+00:00,10.600,8.200,Open-Meteo Historical Weather API,"Casalecchio di Reno, Bologna, Italy",44.4756,11.2759
2021-11-17T21:00:00+00:00,10.800,8.100,Open-Meteo Historical Weather API,"Casalecchio di Reno, Bologna, Italy",44.4756,11.2759
2021-11-17T22:00:00+00:00,10.900,8.100,Open-Meteo Historical Weather API,"Casalecchio di Reno, Bologna, Italy",44.4756,11.2759
2021-11-17T23:00:00+00:00,10.800,8.100,Open-Meteo Historical Weather API,"Casalecchio di Reno, Bologna, Italy",44.4756,11.2759
2021-11-18T00:00:00+00:00,10.700,8.500,Open-Meteo Historical Weather API,"Casalecchio di Reno, Bologna, Italy",44.4756,11.2759
2021-11-18T01:00:00+00:00,10.400,8.500,Open-Meteo Historical Weather API,"Casalecchio di Reno, Bologna, Italy",44.4756,11.2759
2021-11-18T02:00:00+00:00,10.400,8.400,Open-Meteo Historical Weather API,"Casalecchio di Reno, Bologna, Italy",44.4756,11.2759
2021-11-18T03:00:00+00:00,10.300,8.400,Open-Meteo Historical Weather API,"Casalecchio di Reno, Bologna, Italy",44.4756,11.2759
2021-11-18T04:00:00+00:00,9.900,8.400,Open-Meteo Historical Weather API,"Casalecchio di Reno, Bologna, Italy",44.4756,11.2759
2021-11-18T05:00:00+00:00,9.600,8.400,Open-Meteo Historical Weather API,"Casalecchio di Reno, Bologna, Italy",44.4756,11.2759
2021-11-18T06:00:00+00:00,9.900,8.400,Open-Meteo Historical Weather API,"Casalecchio di Reno, Bologna, Italy",44.4756,11.2759
2021-11-18T07:00:00+00:00,9.900,8.600,Open-Meteo Historical Weather API,"Casalecchio di Reno, Bologna, Italy",44.4756,11.2759
2021-11-18T08:00:00+00:00,10.100,8.800,Open-Meteo Historical Weather API,"Casalecchio di Reno, Bologna, Italy",44.4756,11.2759
2021-11-18T09:00:00+00:00,11.000,9.100,Open-Meteo Historical Weather API,"Casalecchio di Reno, Bologna, Italy",44.4756,11.2759
2021-11-18T10:00:00+00:00,11.500,9.400,Open-Meteo Historical Weather API,"Casalecchio di Reno, Bologna, Italy",44.4756,11.2759
2021-11-18T11:00:00+00:00,12.000,9.900,Open-Meteo Historical Weather API,"Casalecchio di Reno, Bologna, Italy",44.4756,11.2759
2021-11-18T12:00:00+00:00,12.600,10.200,Open-Meteo Historical Weather API,"Casalecchio di Reno, Bologna, Italy",44.4756,11.2759
2021-11-18T13:00:00+00:00,12.600,10.200,Open-Meteo Historical Weather API,"Casalecchio di Reno, Bologna, Italy",44.4756,11.2759
2021-11-18T14:00:00+00:00,12.700,10.200,Open-Meteo Historical Weather API,"Casalecchio di Reno, Bologna, Italy",44.4756,11.2759
2021-11-18T15:00:00+00:00,12.600,9.900,Open-Meteo Historical Weather API,"Casalecchio di Reno, Bologna, Italy",44.4756,11.2759
2021-11-18T16:00:00+00:00,12.100,9.900,Open-Meteo Historical Weather API,"Casalecchio di Reno, Bologna, Italy",44.4756,11.2759
2021-11-18T17:00:00+00:00,11.900,10.000,Open-Meteo Historical Weather API,"Casalecchio di Reno, Bologna, Italy",44.4756,11.2759
2021-11-18T18:00:00+00:00,11.200,10.000,Open-Meteo Historical Weather API,"Casalecchio di Reno, Bologna, Italy",44.4756,11.2759
2021-11-18T19:00:00+00:00,11.100,9.900,Open-Meteo Historical Weather API,"Casalecchio di Reno, Bologna, Italy",44.4756,11.2759
2021-11-18T20:00:00+00:00,10.400,9.500,Open-Meteo Historical Weather API,"Casalecchio di Reno, Bologna, Italy",44.4756,11.2759
2021-11-18T21:00:00+00:00,8.700,8.100,Open-Meteo Historical Weather API,"Casalecchio di Reno, Bologna, Italy",44.4756,11.2759
2021-11-18T22:00:00+00:00,8.800,8.100,Open-Meteo Historical Weather API,"Casalecchio di Reno, Bologna, Italy",44.4756,11.2759
2021-11-18T23:00:00+00:00,8.200,7.600,Open-Meteo Historical Weather API,"Casalecchio di Reno, Bologna, Italy",44.4756,11.2759
2021-11-19T00:00:00+00:00,9.200,8.900,Open-Meteo Historical Weather API,"Casalecchio di Reno, Bologna, Italy",44.4756,11.2759
2021-11-19T01:00:00+00:00,9.500,9.100,Open-Meteo Historical Weather API,"Casalecchio di Reno, Bologna, Italy",44.4756,11.2759
2021-11-19T02:00:00+00:00,9.400,9.000,Open-Meteo Historical Weather API,"Casalecchio di Reno, Bologna, Italy",44.4756,11.2759
2021-11-19T03:00:00+00:00,9.300,8.900,Open-Meteo Historical Weather API,"Casalecchio di Reno, Bologna, Italy",44.4756,11.2759
2021-11-19T04:00:00+00:00,8.900,8.600,Open-Meteo Historical Weather API,"Casalecchio di Reno, Bologna, Italy",44.4756,11.2759
2021-11-19T05:00:00+00:00,8.600,8.400,Open-Meteo Historical Weather API,"Casalecchio di Reno, Bologna, Italy",44.4756,11.2759
2021-11-19T06:00:00+00:00,8.500,8.100,Open-Meteo Historical Weather API,"Casalecchio di Reno, Bologna, Italy",44.4756,11.2759
2021-11-19T07:00:00+00:00,8.400,8.100,Open-Meteo Historical Weather API,"Casalecchio di Reno, Bologna, Italy",44.4756,11.2759
2021-11-19T08:00:00+00:00,9.700,8.400,Open-Meteo Historical Weather API,"Casalecchio di Reno, Bologna, Italy",44.4756,11.2759
2021-11-19T09:00:00+00:00,10.800,8.500,Open-Meteo Historical Weather API,"Casalecchio di Reno, Bologna, Italy",44.4756,11.2759
2021-11-19T10:00:00+00:00,11.200,8.700,Open-Meteo Historical Weather API,"Casalecchio di Reno, Bologna, Italy",44.4756,11.2759
2021-11-19T11:00:00+00:00,11.800,8.600,Open-Meteo Historical Weather API,"Casalecchio di Reno, Bologna, Italy",44.4756,11.2759
2021-11-19T12:00:00+00:00,12.200,8.900,Open-Meteo Historical Weather API,"Casalecchio di Reno, Bologna, Italy",44.4756,11.2759
2021-11-19T13:00:00+00:00,12.100,8.800,Open-Meteo Historical Weather API,"Casalecchio di Reno, Bologna, Italy",44.4756,11.2759
2021-11-19T14:00:00+00:00,11.800,8.600,Open-Meteo Historical Weather API,"Casalecchio di Reno, Bologna, Italy",44.4756,11.2759
2021-11-19T15:00:00+00:00,10.900,8.600,Open-Meteo Historical Weather API,"Casalecchio di Reno, Bologna, Italy",44.4756,11.2759
2021-11-19T16:00:00+00:00,8.300,7.600,Open-Meteo Historical Weather API,"Casalecchio di Reno, Bologna, Italy",44.4756,11.2759
2021-11-19T17:00:00+00:00,7.600,7.000,Open-Meteo Historical Weather API,"Casalecchio di Reno, Bologna, Italy",44.4756,11.2759
2021-11-19T18:00:00+00:00,7.400,6.800,Open-Meteo Historical Weather API,"Casalecchio di Reno, Bologna, Italy",44.4756,11.2759
2021-11-19T19:00:00+00:00,6.900,6.400,Open-Meteo Historical Weather API,"Casalecchio di Reno, Bologna, Italy",44.4756,11.2759
2021-11-19T20:00:00+00:00,7.200,6.700,Open-Meteo Historical Weather API,"Casalecchio di Reno, Bologna, Italy",44.4756,11.2759
2021-11-19T21:00:00+00:00,7.300,6.700,Open-Meteo Historical Weather API,"Casalecchio di Reno, Bologna, Italy",44.4756,11.2759
2021-11-19T22:00:00+00:00,6.700,6.200,Open-Meteo Historical Weather API,"Casalecchio di Reno, Bologna, Italy",44.4756,11.2759
2021-11-19T23:00:00+00:00,5.600,5.400,Open-Meteo Historical Weather API,"Casalecchio di Reno, Bologna, Italy",44.4756,11.2759
2021-11-20T00:00:00+00:00,8.100,8.100,Open-Meteo Historical Weather API,"Casalecchio di Reno, Bologna, Italy",44.4756,11.2759
2021-11-20T01:00:00+00:00,8.100,8.000,Open-Meteo Historical Weather API,"Casalecchio di Reno, Bologna, Italy",44.4756,11.2759
2021-11-20T02:00:00+00:00,8.000,7.800,Open-Meteo Historical Weather API,"Casalecchio di Reno, Bologna, Italy",44.4756,11.2759
2021-11-20T03:00:00+00:00,8.100,7.800,Open-Meteo Historical Weather API,"Casalecchio di Reno, Bologna, Italy",44.4756,11.2759
2021-11-20T04:00:00+00:00,8.000,7.800,Open-Meteo Historical Weather API,"Casalecchio di Reno, Bologna, Italy",44.4756,11.2759
2021-11-20T05:00:00+00:00,7.600,7.300,Open-Meteo Historical Weather API,"Casalecchio di Reno, Bologna, Italy",44.4756,11.2759
2021-11-20T06:00:00+00:00,7.600,6.900,Open-Meteo Historical Weather API,"Casalecchio di Reno, Bologna, Italy",44.4756,11.2759
2021-11-20T07:00:00+00:00,7.300,7.100,Open-Meteo Historical Weather API,"Casalecchio di Reno, Bologna, Italy",44.4756,11.2759
2021-11-20T08:00:00+00:00,7.900,7.600,Open-Meteo Historical Weather API,"Casalecchio di Reno, Bologna, Italy",44.4756,11.2759
2021-11-20T09:00:00+00:00,8.600,8.100,Open-Meteo Historical Weather API,"Casalecchio di Reno, Bologna, Italy",44.4756,11.2759
2021-11-20T10:00:00+00:00,9.900,8.500,Open-Meteo Historical Weather API,"Casalecchio di Reno, Bologna, Italy",44.4756,11.2759
2021-11-20T11:00:00+00:00,10.600,8.700,Open-Meteo Historical Weather API,"Casalecchio di Reno, Bologna, Italy",44.4756,11.2759
2021-11-20T12:00:00+00:00,10.100,8.600,Open-Meteo Historical Weather API,"Casalecchio di Reno, Bologna, Italy",44.4756,11.2759
2021-11-20T13:00:00+00:00,9.900,8.400,Open-Meteo Historical Weather API,"Casalecchio di Reno, Bologna, Italy",44.4756,11.2759
2021-11-20T14:00:00+00:00,10.100,8.200,Open-Meteo Historical Weather API,"Casalecchio di Reno, Bologna, Italy",44.4756,11.2759
2021-11-20T15:00:00+00:00,9.500,8.600,Open-Meteo Historical Weather API,"Casalecchio di Reno, Bologna, Italy",44.4756,11.2759
2021-11-20T16:00:00+00:00,8.900,7.800,Open-Meteo Historical Weather API,"Casalecchio di Reno, Bologna, Italy",44.4756,11.2759
2021-11-20T17:00:00+00:00,6.900,6.500,Open-Meteo Historical Weather API,"Casalecchio di Reno, Bologna, Italy",44.4756,11.2759
2021-11-20T18:00:00+00:00,7.300,6.800,Open-Meteo Historical Weather API,"Casalecchio di Reno, Bologna, Italy",44.4756,11.2759
2021-11-20T19:00:00+00:00,7.300,6.800,Open-Meteo Historical Weather API,"Casalecchio di Reno, Bologna, Italy",44.4756,11.2759
2021-11-20T20:00:00+00:00,7.200,6.600,Open-Meteo Historical Weather API,"Casalecchio di Reno, Bologna, Italy",44.4756,11.2759
2021-11-20T21:00:00+00:00,4.600,4.400,Open-Meteo Historical Weather API,"Casalecchio di Reno, Bologna, Italy",44.4756,11.2759
2021-11-20T22:00:00+00:00,4.700,4.700,Open-Meteo Historical Weather API,"Casalecchio di Reno, Bologna, Italy",44.4756,11.2759
2021-11-20T23:00:00+00:00,4.800,4.700,Open-Meteo Historical Weather API,"Casalecchio di Reno, Bologna, Italy",44.4756,11.2759
2021-11-21T00:00:00+00:00,5.800,5.800,Open-Meteo Historical Weather API,"Casalecchio di Reno, Bologna, Italy",44.4756,11.2759
2021-11-21T01:00:00+00:00,5.900,5.900,Open-Meteo Historical Weather API,"Casalecchio di Reno, Bologna, Italy",44.4756,11.2759
2021-11-21T02:00:00+00:00,5.600,5.300,Open-Meteo Historical Weather API,"Casalecchio di Reno, Bologna, Italy",44.4756,11.2759
2021-11-21T03:00:00+00:00,5.200,4.800,Open-Meteo Historical Weather API,"Casalecchio di Reno, Bologna, Italy",44.4756,11.2759
2021-11-21T04:00:00+00:00,4.700,4.200,Open-Meteo Historical Weather API,"Casalecchio di Reno, Bologna, Italy",44.4756,11.2759
2021-11-21T05:00:00+00:00,4.200,3.700,Open-Meteo Historical Weather API,"Casalecchio di Reno, Bologna, Italy",44.4756,11.2759
2021-11-21T06:00:00+00:00,5.200,4.200,Open-Meteo Historical Weather API,"Casalecchio di Reno, Bologna, Italy",44.4756,11.2759
2021-11-21T07:00:00+00:00,5.200,4.600,Open-Meteo Historical Weather API,"Casalecchio di Reno, Bologna, Italy",44.4756,11.2759
2021-11-21T08:00:00+00:00,6.600,5.300,Open-Meteo Historical Weather API,"Casalecchio di Reno, Bologna, Italy",44.4756,11.2759
2021-11-21T09:00:00+00:00,7.100,6.000,Open-Meteo Historical Weather API,"Casalecchio di Reno, Bologna, Italy",44.4756,11.2759
2021-11-21T10:00:00+00:00,7.500,6.600,Open-Meteo Historical Weather API,"Casalecchio di Reno, Bologna, Italy",44.4756,11.2759
2021-11-21T11:00:00+00:00,8.300,7.100,Open-Meteo Historical Weather API,"Casalecchio di Reno, Bologna, Italy",44.4756,11.2759
2021-11-21T12:00:00+00:00,8.100,6.900,Open-Meteo Historical Weather API,"Casalecchio di Reno, Bologna, Italy",44.4756,11.2759
2021-11-21T13:00:00+00:00,8.200,7.300,Open-Meteo Historical Weather API,"Casalecchio di Reno, Bologna, Italy",44.4756,11.2759
2021-11-21T14:00:00+00:00,7.800,7.300,Open-Meteo Historical Weather API,"Casalecchio di Reno, Bologna, Italy",44.4756,11.2759
2021-11-21T15:00:00+00:00,7.600,7.300,Open-Meteo Historical Weather API,"Casalecchio di Reno, Bologna, Italy",44.4756,11.2759
2021-11-21T16:00:00+00:00,7.400,7.300,Open-Meteo Historical Weather API,"Casalecchio di Reno, Bologna, Italy",44.4756,11.2759
2021-11-21T17:00:00+00:00,7.600,7.200,Open-Meteo Historical Weather API,"Casalecchio di Reno, Bologna, Italy",44.4756,11.2759
2021-11-21T18:00:00+00:00,6.900,6.800,Open-Meteo Historical Weather API,"Casalecchio di Reno, Bologna, Italy",44.4756,11.2759
2021-11-21T19:00:00+00:00,6.800,6.700,Open-Meteo Historical Weather API,"Casalecchio di Reno, Bologna, Italy",44.4756,11.2759
2021-11-21T20:00:00+00:00,6.600,6.500,Open-Meteo Historical Weather API,"Casalecchio di Reno, Bologna, Italy",44.4756,11.2759
2021-11-21T21:00:00+00:00,6.500,6.400,Open-Meteo Historical Weather API,"Casalecchio di Reno, Bologna, Italy",44.4756,11.2759
2021-11-21T22:00:00+00:00,6.700,6.600,Open-Meteo Historical Weather API,"Casalecchio di Reno, Bologna, Italy",44.4756,11.2759
2021-11-21T23:00:00+00:00,6.800,6.700,Open-Meteo Historical Weather API,"Casalecchio di Reno, Bologna, Italy",44.4756,11.2759
2021-11-22T00:00:00+00:00,7.200,7.200,Open-Meteo Historical Weather API,"Casalecchio di Reno, Bologna, Italy",44.4756,11.2759
2021-11-22T01:00:00+00:00,7.100,7.100,Open-Meteo Historical Weather API,"Casalecchio di Reno, Bologna, Italy",44.4756,11.2759
2021-11-22T02:00:00+00:00,7.100,7.000,Open-Meteo Historical Weather API,"Casalecchio di Reno, Bologna, Italy",44.4756,11.2759
2021-11-22T03:00:00+00:00,7.300,7.100,Open-Meteo Historical Weather API,"Casalecchio di Reno, Bologna, Italy",44.4756,11.2759
2021-11-22T04:00:00+00:00,7.400,7.100,Open-Meteo Historical Weather API,"Casalecchio di Reno, Bologna, Italy",44.4756,11.2759
2021-11-22T05:00:00+00:00,7.500,7.200,Open-Meteo Historical Weather API,"Casalecchio di Reno, Bologna, Italy",44.4756,11.2759
2021-11-22T06:00:00+00:00,7.600,7.200,Open-Meteo Historical Weather API,"Casalecchio di Reno, Bologna, Italy",44.4756,11.2759
2021-11-22T07:00:00+00:00,7.800,7.400,Open-Meteo Historical Weather API,"Casalecchio di Reno, Bologna, Italy",44.4756,11.2759
2021-11-22T08:00:00+00:00,8.200,7.800,Open-Meteo Historical Weather API,"Casalecchio di Reno, Bologna, Italy",44.4756,11.2759
2021-11-22T09:00:00+00:00,8.500,8.100,Open-Meteo Historical Weather API,"Casalecchio di Reno, Bologna, Italy",44.4756,11.2759
2021-11-22T10:00:00+00:00,9.000,8.200,Open-Meteo Historical Weather API,"Casalecchio di Reno, Bologna, Italy",44.4756,11.2759
2021-11-22T11:00:00+00:00,9.300,8.400,Open-Meteo Historical Weather API,"Casalecchio di Reno, Bologna, Italy",44.4756,11.2759
2021-11-22T12:00:00+00:00,8.900,7.800,Open-Meteo Historical Weather API,"Casalecchio di Reno, Bologna, Italy",44.4756,11.2759
2021-11-22T13:00:00+00:00,9.000,7.900,Open-Meteo Historical Weather API,"Casalecchio di Reno, Bologna, Italy",44.4756,11.2759
2021-11-22T14:00:00+00:00,8.900,8.000,Open-Meteo Historical Weather API,"Casalecchio di Reno, Bologna, Italy",44.4756,11.2759
2021-11-22T15:00:00+00:00,8.800,8.100,Open-Meteo Historical Weather API,"Casalecchio di Reno, Bologna, Italy",44.4756,11.2759
2021-11-22T16:00:00+00:00,8.600,8.100,Open-Meteo Historical Weather API,"Casalecchio di Reno, Bologna, Italy",44.4756,11.2759
2021-11-22T17:00:00+00:00,8.600,8.100,Open-Meteo Historical Weather API,"Casalecchio di Reno, Bologna, Italy",44.4756,11.2759
2021-11-22T18:00:00+00:00,8.700,8.300,Open-Meteo Historical Weather API,"Casalecchio di Reno, Bologna, Italy",44.4756,11.2759
2021-11-22T19:00:00+00:00,8.700,8.300,Open-Meteo Historical Weather API,"Casalecchio di Reno, Bologna, Italy",44.4756,11.2759
2021-11-22T20:00:00+00:00,8.700,8.400,Open-Meteo Historical Weather API,"Casalecchio di Reno, Bologna, Italy",44.4756,11.2759
2021-11-22T21:00:00+00:00,8.700,8.500,Open-Meteo Historical Weather API,"Casalecchio di Reno, Bologna, Italy",44.4756,11.2759
2021-11-22T22:00:00+00:00,8.800,8.600,Open-Meteo Historical Weather API,"Casalecchio di Reno, Bologna, Italy",44.4756,11.2759
2021-11-22T23:00:00+00:00,8.900,8.600,Open-Meteo Historical Weather API,"Casalecchio di Reno, Bologna, Italy",44.4756,11.2759
2021-11-23T00:00:00+00:00,8.600,8.500,Open-Meteo Historical Weather API,"Casalecchio di Reno, Bologna, Italy",44.4756,11.2759
2021-11-23T01:00:00+00:00,8.600,8.400,Open-Meteo Historical Weather API,"Casalecchio di Reno, Bologna, Italy",44.4756,11.2759
2021-11-23T02:00:00+00:00,8.600,8.400,Open-Meteo Historical Weather API,"Casalecchio di Reno, Bologna, Italy",44.4756,11.2759
2021-11-23T03:00:00+00:00,8.600,8.300,Open-Meteo Historical Weather API,"Casalecchio di Reno, Bologna, Italy",44.4756,11.2759
2021-11-23T04:00:00+00:00,7.800,7.300,Open-Meteo Historical Weather API,"Casalecchio di Reno, Bologna, Italy",44.4756,11.2759
2021-11-23T05:00:00+00:00,7.200,6.400,Open-Meteo Historical Weather API,"Casalecchio di Reno, Bologna, Italy",44.4756,11.2759
2021-11-23T06:00:00+00:00,6.200,5.500,Open-Meteo Historical Weather API,"Casalecchio di Reno, Bologna, Italy",44.4756,11.2759
2021-11-23T07:00:00+00:00,6.800,5.600,Open-Meteo Historical Weather API,"Casalecchio di Reno, Bologna, Italy",44.4756,11.2759
2021-11-23T08:00:00+00:00,8.100,6.400,Open-Meteo Historical Weather API,"Casalecchio di Reno, Bologna, Italy",44.4756,11.2759
2021-11-23T09:00:00+00:00,9.400,6.800,Open-Meteo Historical Weather API,"Casalecchio di Reno, Bologna, Italy",44.4756,11.2759
2021-11-23T10:00:00+00:00,10.900,6.400,Open-Meteo Historical Weather API,"Casalecchio di Reno, Bologna, Italy",44.4756,11.2759
2021-11-23T11:00:00+00:00,11.600,5.300,Open-Meteo Historical Weather API,"Casalecchio di Reno, Bologna, Italy",44.4756,11.2759
2021-11-23T12:00:00+00:00,12.000,6.200,Open-Meteo Historical Weather API,"Casalecchio di Reno, Bologna, Italy",44.4756,11.2759
2021-11-23T13:00:00+00:00,12.600,5.400,Open-Meteo Historical Weather API,"Casalecchio di Reno, Bologna, Italy",44.4756,11.2759
2021-11-23T14:00:00+00:00,12.000,5.600,Open-Meteo Historical Weather API,"Casalecchio di Reno, Bologna, Italy",44.4756,11.2759
2021-11-23T15:00:00+00:00,11.400,5.600,Open-Meteo Historical Weather API,"Casalecchio di Reno, Bologna, Italy",44.4756,11.2759
2021-11-23T16:00:00+00:00,9.700,5.900,Open-Meteo Historical Weather API,"Casalecchio di Reno, Bologna, Italy",44.4756,11.2759
2021-11-23T17:00:00+00:00,7.400,5.200,Open-Meteo Historical Weather API,"Casalecchio di Reno, Bologna, Italy",44.4756,11.2759
2021-11-23T18:00:00+00:00,6.700,4.900,Open-Meteo Historical Weather API,"Casalecchio di Reno, Bologna, Italy",44.4756,11.2759
2021-11-23T19:00:00+00:00,5.600,3.800,Open-Meteo Historical Weather API,"Casalecchio di Reno, Bologna, Italy",44.4756,11.2759
2021-11-23T20:00:00+00:00,5.300,3.500,Open-Meteo Historical Weather API,"Casalecchio di Reno, Bologna, Italy",44.4756,11.2759
2021-11-23T21:00:00+00:00,5.200,3.500,Open-Meteo Historical Weather API,"Casalecchio di Reno, Bologna, Italy",44.4756,11.2759
2021-11-23T22:00:00+00:00,4.800,3.400,Open-Meteo Historical Weather API,"Casalecchio di Reno, Bologna, Italy",44.4756,11.2759
2021-11-23T23:00:00+00:00,4.400,3.100,Open-Meteo Historical Weather API,"Casalecchio di Reno, Bologna, Italy",44.4756,11.2759
2021-11-24T00:00:00+00:00,4.500,2.800,Open-Meteo Historical Weather API,"Casalecchio di Reno, Bologna, Italy",44.4756,11.2759
2021-11-24T01:00:00+00:00,4.400,2.800,Open-Meteo Historical Weather API,"Casalecchio di Reno, Bologna, Italy",44.4756,11.2759
2021-11-24T02:00:00+00:00,4.000,2.700,Open-Meteo Historical Weather API,"Casalecchio di Reno, Bologna, Italy",44.4756,11.2759
2021-11-24T03:00:00+00:00,3.500,2.300,Open-Meteo Historical Weather API,"Casalecchio di Reno, Bologna, Italy",44.4756,11.2759
2021-11-24T04:00:00+00:00,3.200,1.900,Open-Meteo Historical Weather API,"Casalecchio di Reno, Bologna, Italy",44.4756,11.2759
2021-11-24T05:00:00+00:00,3.000,1.600,Open-Meteo Historical Weather API,"Casalecchio di Reno, Bologna, Italy",44.4756,11.2759
2021-11-24T06:00:00+00:00,3.000,1.400,Open-Meteo Historical Weather API,"Casalecchio di Reno, Bologna, Italy",44.4756,11.2759
2021-11-24T07:00:00+00:00,3.500,1.500,Open-Meteo Historical Weather API,"Casalecchio di Reno, Bologna, Italy",44.4756,11.2759
2021-11-24T08:00:00+00:00,5.300,2.400,Open-Meteo Historical Weather API,"Casalecchio di Reno, Bologna, Italy",44.4756,11.2759
2021-11-24T09:00:00+00:00,6.800,2.200,Open-Meteo Historical Weather API,"Casalecchio di Reno, Bologna, Italy",44.4756,11.2759
2021-11-24T10:00:00+00:00,8.000,2.200,Open-Meteo Historical Weather API,"Casalecchio di Reno, Bologna, Italy",44.4756,11.2759
2021-11-24T11:00:00+00:00,8.900,2.800,Open-Meteo Historical Weather API,"Casalecchio di Reno, Bologna, Italy",44.4756,11.2759
2021-11-24T12:00:00+00:00,8.900,1.500,Open-Meteo Historical Weather API,"Casalecchio di Reno, Bologna, Italy",44.4756,11.2759
2021-11-24T13:00:00+00:00,9.300,1.800,Open-Meteo Historical Weather API,"Casalecchio di Reno, Bologna, Italy",44.4756,11.2759
2021-11-24T14:00:00+00:00,9.100,1.900,Open-Meteo Historical Weather API,"Casalecchio di Reno, Bologna, Italy",44.4756,11.2759
2021-11-24T15:00:00+00:00,7.800,3.500,Open-Meteo Historical Weather API,"Casalecchio di Reno, Bologna, Italy",44.4756,11.2759
2021-11-24T16:00:00+00:00,7.700,1.500,Open-Meteo Historical Weather API,"Casalecchio di Reno, Bologna, Italy",44.4756,11.2759
2021-11-24T17:00:00+00:00,7.300,1.200,Open-Meteo Historical Weather API,"Casalecchio di Reno, Bologna, Italy",44.4756,11.2759
2021-11-24T18:00:00+00:00,6.300,1.400,Open-Meteo Historical Weather API,"Casalecchio di Reno, Bologna, Italy",44.4756,11.2759
2021-11-24T19:00:00+00:00,4.200,1.600,Open-Meteo Historical Weather API,"Casalecchio di Reno, Bologna, Italy",44.4756,11.2759
2021-11-24T20:00:00+00:00,4.100,1.700,Open-Meteo Historical Weather API,"Casalecchio di Reno, Bologna, Italy",44.4756,11.2759
2021-11-24T21:00:00+00:00,3.000,1.400,Open-Meteo Historical Weather API,"Casalecchio di Reno, Bologna, Italy",44.4756,11.2759
2021-11-24T22:00:00+00:00,3.200,1.500,Open-Meteo Historical Weather API,"Casalecchio di Reno, Bologna, Italy",44.4756,11.2759
2021-11-24T23:00:00+00:00,4.200,2.100,Open-Meteo Historical Weather API,"Casalecchio di Reno, Bologna, Italy",44.4756,11.2759
2021-11-25T00:00:00+00:00,5.200,2.000,Open-Meteo Historical Weather API,"Casalecchio di Reno, Bologna, Italy",44.4756,11.2759
2021-11-25T01:00:00+00:00,5.200,2.200,Open-Meteo Historical Weather API,"Casalecchio di Reno, Bologna, Italy",44.4756,11.2759
2021-11-25T02:00:00+00:00,5.200,2.200,Open-Meteo Historical Weather API,"Casalecchio di Reno, Bologna, Italy",44.4756,11.2759
2021-11-25T03:00:00+00:00,5.400,2.200,Open-Meteo Historical Weather API,"Casalecchio di Reno, Bologna, Italy",44.4756,11.2759
2021-11-25T04:00:00+00:00,5.300,2.200,Open-Meteo Historical Weather API,"Casalecchio di Reno, Bologna, Italy",44.4756,11.2759
2021-11-25T05:00:00+00:00,5.300,2.300,Open-Meteo Historical Weather API,"Casalecchio di Reno, Bologna, Italy",44.4756,11.2759
2021-11-25T06:00:00+00:00,5.400,3.500,Open-Meteo Historical Weather API,"Casalecchio di Reno, Bologna, Italy",44.4756,11.2759
2021-11-25T07:00:00+00:00,5.700,4.400,Open-Meteo Historical Weather API,"Casalecchio di Reno, Bologna, Italy",44.4756,11.2759
2021-11-25T08:00:00+00:00,5.800,4.800,Open-Meteo Historical Weather API,"Casalecchio di Reno, Bologna, Italy",44.4756,11.2759
2021-11-25T09:00:00+00:00,6.100,5.300,Open-Meteo Historical Weather API,"Casalecchio di Reno, Bologna, Italy",44.4756,11.2759
2021-11-25T10:00:00+00:00,6.200,5.400,Open-Meteo Historical Weather API,"Casalecchio di Reno, Bologna, Italy",44.4756,11.2759
2021-11-25T11:00:00+00:00,6.400,5.700,Open-Meteo Historical Weather API,"Casalecchio di Reno, Bologna, Italy",44.4756,11.2759
2021-11-25T12:00:00+00:00,4.600,3.800,Open-Meteo Historical Weather API,"Casalecchio di Reno, Bologna, Italy",44.4756,11.2759
2021-11-25T13:00:00+00:00,4.800,4.100,Open-Meteo Historical Weather API,"Casalecchio di Reno, Bologna, Italy",44.4756,11.2759
2021-11-25T14:00:00+00:00,5.300,3.900,Open-Meteo Historical Weather API,"Casalecchio di Reno, Bologna, Italy",44.4756,11.2759
2021-11-25T15:00:00+00:00,5.100,3.700,Open-Meteo Historical Weather API,"Casalecchio di Reno, Bologna, Italy",44.4756,11.2759
2021-11-25T16:00:00+00:00,4.900,3.500,Open-Meteo Historical Weather API,"Casalecchio di Reno, Bologna, Italy",44.4756,11.2759
2021-11-25T17:00:00+00:00,4.900,3.500,Open-Meteo Historical Weather API,"Casalecchio di Reno, Bologna, Italy",44.4756,11.2759
2021-11-25T18:00:00+00:00,4.800,3.600,Open-Meteo Historical Weather API,"Casalecchio di Reno, Bologna, Italy",44.4756,11.2759
2021-11-25T19:00:00+00:00,5.000,3.800,Open-Meteo Historical Weather API,"Casalecchio di Reno, Bologna, Italy",44.4756,11.2759
2021-11-25T20:00:00+00:00,4.900,3.800,Open-Meteo Historical Weather API,"Casalecchio di Reno, Bologna, Italy",44.4756,11.2759
2021-11-25T21:00:00+00:00,4.800,4.000,Open-Meteo Historical Weather API,"Casalecchio di Reno, Bologna, Italy",44.4756,11.2759
2021-11-25T22:00:00+00:00,4.900,4.200,Open-Meteo Historical Weather API,"Casalecchio di Reno, Bologna, Italy",44.4756,11.2759
2021-11-25T23:00:00+00:00,4.800,4.100,Open-Meteo Historical Weather API,"Casalecchio di Reno, Bologna, Italy",44.4756,11.2759
2021-11-26T00:00:00+00:00,4.300,3.700,Open-Meteo Historical Weather API,"Casalecchio di Reno, Bologna, Italy",44.4756,11.2759
2021-11-26T01:00:00+00:00,4.800,3.800,Open-Meteo Historical Weather API,"Casalecchio di Reno, Bologna, Italy",44.4756,11.2759
2021-11-26T02:00:00+00:00,4.900,3.700,Open-Meteo Historical Weather API,"Casalecchio di Reno, Bologna, Italy",44.4756,11.2759
2021-11-26T03:00:00+00:00,5.100,3.800,Open-Meteo Historical Weather API,"Casalecchio di Reno, Bologna, Italy",44.4756,11.2759
2021-11-26T04:00:00+00:00,5.100,3.500,Open-Meteo Historical Weather API,"Casalecchio di Reno, Bologna, Italy",44.4756,11.2759
2021-11-26T05:00:00+00:00,5.400,3.800,Open-Meteo Historical Weather API,"Casalecchio di Reno, Bologna, Italy",44.4756,11.2759
2021-11-26T06:00:00+00:00,5.700,3.900,Open-Meteo Historical Weather API,"Casalecchio di Reno, Bologna, Italy",44.4756,11.2759
2021-11-26T07:00:00+00:00,5.900,4.200,Open-Meteo Historical Weather API,"Casalecchio di Reno, Bologna, Italy",44.4756,11.2759
2021-11-26T08:00:00+00:00,7.200,5.300,Open-Meteo Historical Weather API,"Casalecchio di Reno, Bologna, Italy",44.4756,11.2759
2021-11-26T09:00:00+00:00,8.600,5.700,Open-Meteo Historical Weather API,"Casalecchio di Reno, Bologna, Italy",44.4756,11.2759
2021-11-26T10:00:00+00:00,9.700,6.200,Open-Meteo Historical Weather API,"Casalecchio di Reno, Bologna, Italy",44.4756,11.2759
2021-11-26T11:00:00+00:00,10.900,6.800,Open-Meteo Historical Weather API,"Casalecchio di Reno, Bologna, Italy",44.4756,11.2759
2021-11-26T12:00:00+00:00,10.600,6.400,Open-Meteo Historical Weather API,"Casalecchio di Reno, Bologna, Italy",44.4756,11.2759
2021-11-26T13:00:00+00:00,10.800,6.500,Open-Meteo Historical Weather API,"Casalecchio di Reno, Bologna, Italy",44.4756,11.2759
2021-11-26T14:00:00+00:00,10.200,6.600,Open-Meteo Historical Weather API,"Casalecchio di Reno, Bologna, Italy",44.4756,11.2759
2021-11-26T15:00:00+00:00,9.600,6.600,Open-Meteo Historical Weather API,"Casalecchio di Reno, Bologna, Italy",44.4756,11.2759
2021-11-26T16:00:00+00:00,8.600,6.400,Open-Meteo Historical Weather API,"Casalecchio di Reno, Bologna, Italy",44.4756,11.2759
2021-11-26T17:00:00+00:00,6.100,5.100,Open-Meteo Historical Weather API,"Casalecchio di Reno, Bologna, Italy",44.4756,11.2759
2021-11-26T18:00:00+00:00,5.500,4.600,Open-Meteo Historical Weather API,"Casalecchio di Reno, Bologna, Italy",44.4756,11.2759
2021-11-26T19:00:00+00:00,5.900,4.600,Open-Meteo Historical Weather API,"Casalecchio di Reno, Bologna, Italy",44.4756,11.2759
2021-11-26T20:00:00+00:00,6.400,4.800,Open-Meteo Historical Weather API,"Casalecchio di Reno, Bologna, Italy",44.4756,11.2759
2021-11-26T21:00:00+00:00,7.500,5.400,Open-Meteo Historical Weather API,"Casalecchio di Reno, Bologna, Italy",44.4756,11.2759
2021-11-26T22:00:00+00:00,8.400,5.900,Open-Meteo Historical Weather API,"Casalecchio di Reno, Bologna, Italy",44.4756,11.2759
2021-11-26T23:00:00+00:00,10.100,5.800,Open-Meteo Historical Weather API,"Casalecchio di Reno, Bologna, Italy",44.4756,11.2759
2021-11-27T00:00:00+00:00,10.400,6.300,Open-Meteo Historical Weather API,"Casalecchio di Reno, Bologna, Italy",44.4756,11.2759
2021-11-27T01:00:00+00:00,9.600,5.400,Open-Meteo Historical Weather API,"Casalecchio di Reno, Bologna, Italy",44.4756,11.2759
2021-11-27T02:00:00+00:00,10.100,5.100,Open-Meteo Historical Weather API,"Casalecchio di Reno, Bologna, Italy",44.4756,11.2759
2021-11-27T03:00:00+00:00,10.100,4.000,Open-Meteo Historical Weather API,"Casalecchio di Reno, Bologna, Italy",44.4756,11.2759
2021-11-27T04:00:00+00:00,9.800,3.500,Open-Meteo Historical Weather API,"Casalecchio di Reno, Bologna, Italy",44.4756,11.2759
2021-11-27T05:00:00+00:00,10.100,3.000,Open-Meteo Historical Weather API,"Casalecchio di Reno, Bologna, Italy",44.4756,11.2759
2021-11-27T06:00:00+00:00,10.100,2.900,Open-Meteo Historical Weather API,"Casalecchio di Reno, Bologna, Italy",44.4756,11.2759
2021-11-27T07:00:00+00:00,9.900,3.200,Open-Meteo Historical Weather API,"Casalecchio di Reno, Bologna, Italy",44.4756,11.2759
2021-11-27T08:00:00+00:00,10.600,4.100,Open-Meteo Historical Weather API,"Casalecchio di Reno, Bologna, Italy",44.4756,11.2759
2021-11-27T09:00:00+00:00,11.600,4.900,Open-Meteo Historical Weather API,"Casalecchio di Reno, Bologna, Italy",44.4756,11.2759
2021-11-27T10:00:00+00:00,12.700,5.500,Open-Meteo Historical Weather API,"Casalecchio di Reno, Bologna, Italy",44.4756,11.2759
2021-11-27T11:00:00+00:00,13.400,5.100,Open-Meteo Historical Weather API,"Casalecchio di Reno, Bologna, Italy",44.4756,11.2759
2021-11-27T12:00:00+00:00,12.700,7.600,Open-Meteo Historical Weather API,"Casalecchio di Reno, Bologna, Italy",44.4756,11.2759
2021-11-27T13:00:00+00:00,13.300,7.100,Open-Meteo Historical Weather API,"Casalecchio di Reno, Bologna, Italy",44.4756,11.2759
2021-11-27T14:00:00+00:00,12.900,7.200,Open-Meteo Historical Weather API,"Casalecchio di Reno, Bologna, Italy",44.4756,11.2759
2021-11-27T15:00:00+00:00,11.500,6.800,Open-Meteo Historical Weather API,"Casalecchio di Reno, Bologna, Italy",44.4756,11.2759
2021-11-27T16:00:00+00:00,10.200,5.100,Open-Meteo Historical Weather API,"Casalecchio di Reno, Bologna, Italy",44.4756,11.2759
2021-11-27T17:00:00+00:00,9.600,5.700,Open-Meteo Historical Weather API,"Casalecchio di Reno, Bologna, Italy",44.4756,11.2759
2021-11-27T18:00:00+00:00,9.700,5.800,Open-Meteo Historical Weather API,"Casalecchio di Reno, Bologna, Italy",44.4756,11.2759
2021-11-27T19:00:00+00:00,9.100,5.600,Open-Meteo Historical Weather API,"Casalecchio di Reno, Bologna, Italy",44.4756,11.2759
2021-11-27T20:00:00+00:00,8.500,5.700,Open-Meteo Historical Weather API,"Casalecchio di Reno, Bologna, Italy",44.4756,11.2759
2021-11-27T21:00:00+00:00,8.600,6.100,Open-Meteo Historical Weather API,"Casalecchio di Reno, Bologna, Italy",44.4756,11.2759
2021-11-27T22:00:00+00:00,7.800,6.600,Open-Meteo Historical Weather API,"Casalecchio di Reno, Bologna, Italy",44.4756,11.2759
2021-11-27T23:00:00+00:00,8.300,7.400,Open-Meteo Historical Weather API,"Casalecchio di Reno, Bologna, Italy",44.4756,11.2759
2021-11-28T00:00:00+00:00,8.300,6.800,Open-Meteo Historical Weather API,"Casalecchio di Reno, Bologna, Italy",44.4756,11.2759
2021-11-28T01:00:00+00:00,8.100,6.500,Open-Meteo Historical Weather API,"Casalecchio di Reno, Bologna, Italy",44.4756,11.2759
2021-11-28T02:00:00+00:00,7.300,5.700,Open-Meteo Historical Weather API,"Casalecchio di Reno, Bologna, Italy",44.4756,11.2759
2021-11-28T03:00:00+00:00,8.300,4.700,Open-Meteo Historical Weather API,"Casalecchio di Reno, Bologna, Italy",44.4756,11.2759
2021-11-28T04:00:00+00:00,7.800,3.800,Open-Meteo Historical Weather API,"Casalecchio di Reno, Bologna, Italy",44.4756,11.2759
2021-11-28T05:00:00+00:00,7.200,3.300,Open-Meteo Historical Weather API,"Casalecchio di Reno, Bologna, Italy",44.4756,11.2759
2021-11-28T06:00:00+00:00,5.800,2.500,Open-Meteo Historical Weather API,"Casalecchio di Reno, Bologna, Italy",44.4756,11.2759
2021-11-28T07:00:00+00:00,5.700,1.900,Open-Meteo Historical Weather API,"Casalecchio di Reno, Bologna, Italy",44.4756,11.2759
2021-11-28T08:00:00+00:00,7.900,3.200,Open-Meteo Historical Weather API,"Casalecchio di Reno, Bologna, Italy",44.4756,11.2759
2021-11-28T09:00:00+00:00,9.900,3.500,Open-Meteo Historical Weather API,"Casalecchio di Reno, Bologna, Italy",44.4756,11.2759
2021-11-28T10:00:00+00:00,9.600,4.600,Open-Meteo Historical Weather API,"Casalecchio di Reno, Bologna, Italy",44.4756,11.2759
2021-11-28T11:00:00+00:00,9.600,4.700,Open-Meteo Historical Weather API,"Casalecchio di Reno, Bologna, Italy",44.4756,11.2759
2021-11-28T12:00:00+00:00,10.100,1.300,Open-Meteo Historical Weather API,"Casalecchio di Reno, Bologna, Italy",44.4756,11.2759
2021-11-28T13:00:00+00:00,7.800,3.600,Open-Meteo Historical Weather API,"Casalecchio di Reno, Bologna, Italy",44.4756,11.2759
2021-11-28T14:00:00+00:00,6.300,3.900,Open-Meteo Historical Weather API,"Casalecchio di Reno, Bologna, Italy",44.4756,11.2759
2021-11-28T15:00:00+00:00,4.400,2.200,Open-Meteo Historical Weather API,"Casalecchio di Reno, Bologna, Italy",44.4756,11.2759
2021-11-28T16:00:00+00:00,4.900,1.100,Open-Meteo Historical Weather API,"Casalecchio di Reno, Bologna, Italy",44.4756,11.2759
2021-11-28T17:00:00+00:00,4.200,0.900,Open-Meteo Historical Weather API,"Casalecchio di Reno, Bologna, Italy",44.4756,11.2759
2021-11-28T18:00:00+00:00,3.300,0.800,Open-Meteo Historical Weather API,"Casalecchio di Reno, Bologna, Italy",44.4756,11.2759
2021-11-28T19:00:00+00:00,3.000,0.800,Open-Meteo Historical Weather API,"Casalecchio di Reno, Bologna, Italy",44.4756,11.2759
2021-11-28T20:00:00+00:00,2.700,0.600,Open-Meteo Historical Weather API,"Casalecchio di Reno, Bologna, Italy",44.4756,11.2759
2021-11-28T21:00:00+00:00,2.900,-0.800,Open-Meteo Historical Weather API,"Casalecchio di Reno, Bologna, Italy",44.4756,11.2759
2021-11-28T22:00:00+00:00,3.300,-2.800,Open-Meteo Historical Weather API,"Casalecchio di Reno, Bologna, Italy",44.4756,11.2759
2021-11-28T23:00:00+00:00,3.000,-3.100,Open-Meteo Historical Weather API,"Casalecchio di Reno, Bologna, Italy",44.4756,11.2759
2021-11-29T00:00:00+00:00,3.000,-2.700,Open-Meteo Historical Weather API,"Casalecchio di Reno, Bologna, Italy",44.4756,11.2759
2021-11-29T01:00:00+00:00,3.300,-4.200,Open-Meteo Historical Weather API,"Casalecchio di Reno, Bologna, Italy",44.4756,11.2759
2021-11-29T02:00:00+00:00,2.500,-5.500,Open-Meteo Historical Weather API,"Casalecchio di Reno, Bologna, Italy",44.4756,11.2759
2021-11-29T03:00:00+00:00,1.800,-5.300,Open-Meteo Historical Weather API,"Casalecchio di Reno, Bologna, Italy",44.4756,11.2759
2021-11-29T04:00:00+00:00,0.900,-4.400,Open-Meteo Historical Weather API,"Casalecchio di Reno, Bologna, Italy",44.4756,11.2759
2021-11-29T05:00:00+00:00,0.800,-4.700,Open-Meteo Historical Weather API,"Casalecchio di Reno, Bologna, Italy",44.4756,11.2759
2021-11-29T06:00:00+00:00,0.900,-4.600,Open-Meteo Historical Weather API,"Casalecchio di Reno, Bologna, Italy",44.4756,11.2759
2021-11-29T07:00:00+00:00,0.300,-4.000,Open-Meteo Historical Weather API,"Casalecchio di Reno, Bologna, Italy",44.4756,11.2759
2021-11-29T08:00:00+00:00,2.700,-2.700,Open-Meteo Historical Weather API,"Casalecchio di Reno, Bologna, Italy",44.4756,11.2759
2021-11-29T09:00:00+00:00,4.900,-0.900,Open-Meteo Historical Weather API,"Casalecchio di Reno, Bologna, Italy",44.4756,11.2759
2021-11-29T10:00:00+00:00,6.200,-0.800,Open-Meteo Historical Weather API,"Casalecchio di Reno, Bologna, Italy",44.4756,11.2759
2021-11-29T11:00:00+00:00,6.800,-0.300,Open-Meteo Historical Weather API,"Casalecchio di Reno, Bologna, Italy",44.4756,11.2759
2021-11-29T12:00:00+00:00,7.200,1.000,Open-Meteo Historical Weather API,"Casalecchio di Reno, Bologna, Italy",44.4756,11.2759
2021-11-29T13:00:00+00:00,7.400,0.800,Open-Meteo Historical Weather API,"Casalecchio di Reno, Bologna, Italy",44.4756,11.2759
2021-11-29T14:00:00+00:00,6.800,0.900,Open-Meteo Historical Weather API,"Casalecchio di Reno, Bologna, Italy",44.4756,11.2759
2021-11-29T15:00:00+00:00,6.200,1.400,Open-Meteo Historical Weather API,"Casalecchio di Reno, Bologna, Italy",44.4756,11.2759
2021-11-29T16:00:00+00:00,6.200,0.700,Open-Meteo Historical Weather API,"Casalecchio di Reno, Bologna, Italy",44.4756,11.2759
2021-11-29T17:00:00+00:00,2.500,-0.200,Open-Meteo Historical Weather API,"Casalecchio di Reno, Bologna, Italy",44.4756,11.2759
2021-11-29T18:00:00+00:00,2.700,-0.100,Open-Meteo Historical Weather API,"Casalecchio di Reno, Bologna, Italy",44.4756,11.2759
2021-11-29T19:00:00+00:00,2.300,-0.200,Open-Meteo Historical Weather API,"Casalecchio di Reno, Bologna, Italy",44.4756,11.2759
2021-11-29T20:00:00+00:00,2.700,-1.000,Open-Meteo Historical Weather API,"Casalecchio di Reno, Bologna, Italy",44.4756,11.2759
2021-11-29T21:00:00+00:00,2.700,-5.200,Open-Meteo Historical Weather API,"Casalecchio di Reno, Bologna, Italy",44.4756,11.2759
2021-11-29T22:00:00+00:00,2.500,-8.200,Open-Meteo Historical Weather API,"Casalecchio di Reno, Bologna, Italy",44.4756,11.2759
2021-11-29T23:00:00+00:00,2.400,-9.800,Open-Meteo Historical Weather API,"Casalecchio di Reno, Bologna, Italy",44.4756,11.2759
2021-11-30T00:00:00+00:00,2.500,-10.000,Open-Meteo Historical Weather API,"Casalecchio di Reno, Bologna, Italy",44.4756,11.2759
2021-11-30T01:00:00+00:00,2.700,-10.300,Open-Meteo Historical Weather API,"Casalecchio di Reno, Bologna, Italy",44.4756,11.2759
2021-11-30T02:00:00+00:00,2.500,-10.200,Open-Meteo Historical Weather API,"Casalecchio di Reno, Bologna, Italy",44.4756,11.2759
2021-11-30T03:00:00+00:00,2.200,-10.100,Open-Meteo Historical Weather API,"Casalecchio di Reno, Bologna, Italy",44.4756,11.2759
2021-11-30T04:00:00+00:00,1.800,-10.100,Open-Meteo Historical Weather API,"Casalecchio di Reno, Bologna, Italy",44.4756,11.2759
2021-11-30T05:00:00+00:00,1.600,-10.300,Open-Meteo Historical Weather API,"Casalecchio di Reno, Bologna, Italy",44.4756,11.2759
2021-11-30T06:00:00+00:00,1.800,-10.600,Open-Meteo Historical Weather API,"Casalecchio di Reno, Bologna, Italy",44.4756,11.2759
2021-11-30T07:00:00+00:00,2.200,-9.900,Open-Meteo Historical Weather API,"Casalecchio di Reno, Bologna, Italy",44.4756,11.2759
2021-11-30T08:00:00+00:00,4.400,-7.000,Open-Meteo Historical Weather API,"Casalecchio di Reno, Bologna, Italy",44.4756,11.2759
2021-11-30T09:00:00+00:00,6.900,-4.000,Open-Meteo Historical Weather API,"Casalecchio di Reno, Bologna, Italy",44.4756,11.2759
2021-11-30T10:00:00+00:00,8.800,-5.800,Open-Meteo Historical Weather API,"Casalecchio di Reno, Bologna, Italy",44.4756,11.2759
2021-11-30T11:00:00+00:00,9.900,-5.800,Open-Meteo Historical Weather API,"Casalecchio di Reno, Bologna, Italy",44.4756,11.2759
2021-11-30T12:00:00+00:00,10.200,-6.100,Open-Meteo Historical Weather API,"Casalecchio di Reno, Bologna, Italy",44.4756,11.2759
2021-11-30T13:00:00+00:00,10.400,-4.800,Open-Meteo Historical Weather API,"Casalecchio di Reno, Bologna, Italy",44.4756,11.2759
2021-11-30T14:00:00+00:00,9.800,-1.300,Open-Meteo Historical Weather API,"Casalecchio di Reno, Bologna, Italy",44.4756,11.2759
2021-11-30T15:00:00+00:00,6.800,1.000,Open-Meteo Historical Weather API,"Casalecchio di Reno, Bologna, Italy",44.4756,11.2759
2021-11-30T16:00:00+00:00,4.900,-2.000,Open-Meteo Historical Weather API,"Casalecchio di Reno, Bologna, Italy",44.4756,11.2759
2021-11-30T17:00:00+00:00,4.300,-3.200,Open-Meteo Historical Weather API,"Casalecchio di Reno, Bologna, Italy",44.4756,11.2759
2021-11-30T18:00:00+00:00,4.200,-2.900,Open-Meteo Historical Weather API,"Casalecchio di Reno, Bologna, Italy",44.4756,11.2759
2021-11-30T19:00:00+00:00,3.600,-1.900,Open-Meteo Historical Weather API,"Casalecchio di Reno, Bologna, Italy",44.4756,11.2759
2021-11-30T20:00:00+00:00,2.800,-1.200,Open-Meteo Historical Weather API,"Casalecchio di Reno, Bologna, Italy",44.4756,11.2759
2021-11-30T21:00:00+00:00,2.300,-1.100,Open-Meteo Historical Weather API,"Casalecchio di Reno, Bologna, Italy",44.4756,11.2759
2021-11-30T22:00:00+00:00,2.000,-1.000,Open-Meteo Historical Weather API,"Casalecchio di Reno, Bologna, Italy",44.4756,11.2759
2021-11-30T23:00:00+00:00,1.700,-1.100,Open-Meteo Historical Weather API,"Casalecchio di Reno, Bologna, Italy",44.4756,11.2759
2021-12-01T00:00:00+00:00,3.800,-1.100,Open-Meteo Historical Weather API,"Casalecchio di Reno, Bologna, Italy",44.4756,11.2759
2021-12-01T01:00:00+00:00,2.700,-0.300,Open-Meteo Historical Weather API,"Casalecchio di Reno, Bologna, Italy",44.4756,11.2759
2021-12-01T02:00:00+00:00,3.400,-0.200,Open-Meteo Historical Weather API,"Casalecchio di Reno, Bologna, Italy",44.4756,11.2759
2021-12-01T03:00:00+00:00,3.500,0.300,Open-Meteo Historical Weather API,"Casalecchio di Reno, Bologna, Italy",44.4756,11.2759
2021-12-01T04:00:00+00:00,4.600,1.900,Open-Meteo Historical Weather API,"Casalecchio di Reno, Bologna, Italy",44.4756,11.2759
2021-12-01T05:00:00+00:00,6.900,2.500,Open-Meteo Historical Weather API,"Casalecchio di Reno, Bologna, Italy",44.4756,11.2759
2021-12-01T06:00:00+00:00,7.600,2.800,Open-Meteo Historical Weather API,"Casalecchio di Reno, Bologna, Italy",44.4756,11.2759
2021-12-01T07:00:00+00:00,8.400,3.100,Open-Meteo Historical Weather API,"Casalecchio di Reno, Bologna, Italy",44.4756,11.2759
2021-12-01T08:00:00+00:00,9.200,3.800,Open-Meteo Historical Weather API,"Casalecchio di Reno, Bologna, Italy",44.4756,11.2759
2021-12-01T09:00:00+00:00,10.400,4.700,Open-Meteo Historical Weather API,"Casalecchio di Reno, Bologna, Italy",44.4756,11.2759
2021-12-01T10:00:00+00:00,11.700,4.800,Open-Meteo Historical Weather API,"Casalecchio di Reno, Bologna, Italy",44.4756,11.2759
2021-12-01T11:00:00+00:00,11.900,5.100,Open-Meteo Historical Weather API,"Casalecchio di Reno, Bologna, Italy",44.4756,11.2759
2021-12-01T12:00:00+00:00,10.500,4.200,Open-Meteo Historical Weather API,"Casalecchio di Reno, Bologna, Italy",44.4756,11.2759
2021-12-01T13:00:00+00:00,9.600,4.200,Open-Meteo Historical Weather API,"Casalecchio di Reno, Bologna, Italy",44.4756,11.2759
2021-12-01T14:00:00+00:00,9.800,4.800,Open-Meteo Historical Weather API,"Casalecchio di Reno, Bologna, Italy",44.4756,11.2759
2021-12-01T15:00:00+00:00,9.600,4.800,Open-Meteo Historical Weather API,"Casalecchio di Reno, Bologna, Italy",44.4756,11.2759
2021-12-01T16:00:00+00:00,9.000,4.900,Open-Meteo Historical Weather API,"Casalecchio di Reno, Bologna, Italy",44.4756,11.2759
2021-12-01T17:00:00+00:00,8.600,5.100,Open-Meteo Historical Weather API,"Casalecchio di Reno, Bologna, Italy",44.4756,11.2759
2021-12-01T18:00:00+00:00,7.400,4.900,Open-Meteo Historical Weather API,"Casalecchio di Reno, Bologna, Italy",44.4756,11.2759
2021-12-01T19:00:00+00:00,7.400,5.000,Open-Meteo Historical Weather API,"Casalecchio di Reno, Bologna, Italy",44.4756,11.2759
2021-12-01T20:00:00+00:00,5.700,4.200,Open-Meteo Historical Weather API,"Casalecchio di Reno, Bologna, Italy",44.4756,11.2759
2021-12-01T21:00:00+00:00,5.900,4.200,Open-Meteo Historical Weather API,"Casalecchio di Reno, Bologna, Italy",44.4756,11.2759
2021-12-01T22:00:00+00:00,5.100,4.100,Open-Meteo Historical Weather API,"Casalecchio di Reno, Bologna, Italy",44.4756,11.2759
2021-12-01T23:00:00+00:00,5.000,4.000,Open-Meteo Historical Weather API,"Casalecchio di Reno, Bologna, Italy",44.4756,11.2759
2021-12-02T00:00:00+00:00,4.100,3.300,Open-Meteo Historical Weather API,"Casalecchio di Reno, Bologna, Italy",44.4756,11.2759
2021-12-02T01:00:00+00:00,4.200,3.400,Open-Meteo Historical Weather API,"Casalecchio di Reno, Bologna, Italy",44.4756,11.2759
2021-12-02T02:00:00+00:00,3.800,3.500,Open-Meteo Historical Weather API,"Casalecchio di Reno, Bologna, Italy",44.4756,11.2759
2021-12-02T03:00:00+00:00,3.600,3.300,Open-Meteo Historical Weather API,"Casalecchio di Reno, Bologna, Italy",44.4756,11.2759
2021-12-02T04:00:00+00:00,3.900,3.500,Open-Meteo Historical Weather API,"Casalecchio di Reno, Bologna, Italy",44.4756,11.2759
2021-12-02T05:00:00+00:00,4.000,3.500,Open-Meteo Historical Weather API,"Casalecchio di Reno, Bologna, Italy",44.4756,11.2759
2021-12-02T06:00:00+00:00,3.700,3.200,Open-Meteo Historical Weather API,"Casalecchio di Reno, Bologna, Italy",44.4756,11.2759
2021-12-02T07:00:00+00:00,4.200,3.500,Open-Meteo Historical Weather API,"Casalecchio di Reno, Bologna, Italy",44.4756,11.2759
2021-12-02T08:00:00+00:00,4.800,4.200,Open-Meteo Historical Weather API,"Casalecchio di Reno, Bologna, Italy",44.4756,11.2759
2021-12-02T09:00:00+00:00,5.400,4.300,Open-Meteo Historical Weather API,"Casalecchio di Reno, Bologna, Italy",44.4756,11.2759
2021-12-02T10:00:00+00:00,5.400,4.400,Open-Meteo Historical Weather API,"Casalecchio di Reno, Bologna, Italy",44.4756,11.2759
2021-12-02T11:00:00+00:00,5.400,4.700,Open-Meteo Historical Weather API,"Casalecchio di Reno, Bologna, Italy",44.4756,11.2759
2021-12-02T12:00:00+00:00,5.700,4.800,Open-Meteo Historical Weather API,"Casalecchio di Reno, Bologna, Italy",44.4756,11.2759
2021-12-02T13:00:00+00:00,5.800,4.800,Open-Meteo Historical Weather API,"Casalecchio di Reno, Bologna, Italy",44.4756,11.2759
2021-12-02T14:00:00+00:00,6.000,4.900,Open-Meteo Historical Weather API,"Casalecchio di Reno, Bologna, Italy",44.4756,11.2759
2021-12-02T15:00:00+00:00,6.000,5.100,Open-Meteo Historical Weather API,"Casalecchio di Reno, Bologna, Italy",44.4756,11.2759
2021-12-02T16:00:00+00:00,5.700,4.900,Open-Meteo Historical Weather API,"Casalecchio di Reno, Bologna, Italy",44.4756,11.2759
2021-12-02T17:00:00+00:00,5.900,4.600,Open-Meteo Historical Weather API,"Casalecchio di Reno, Bologna, Italy",44.4756,11.2759
2021-12-02T18:00:00+00:00,5.000,4.600,Open-Meteo Historical Weather API,"Casalecchio di Reno, Bologna, Italy",44.4756,11.2759
2021-12-02T19:00:00+00:00,3.600,3.600,Open-Meteo Historical Weather API,"Casalecchio di Reno, Bologna, Italy",44.4756,11.2759
2021-12-02T20:00:00+00:00,4.300,4.100,Open-Meteo Historical Weather API,"Casalecchio di Reno, Bologna, Italy",44.4756,11.2759
2021-12-02T21:00:00+00:00,5.000,4.500,Open-Meteo Historical Weather API,"Casalecchio di Reno, Bologna, Italy",44.4756,11.2759
2021-12-02T22:00:00+00:00,5.200,4.600,Open-Meteo Historical Weather API,"Casalecchio di Reno, Bologna, Italy",44.4756,11.2759
2021-12-02T23:00:00+00:00,5.200,4.600,Open-Meteo Historical Weather API,"Casalecchio di Reno, Bologna, Italy",44.4756,11.2759
2021-12-03T00:00:00+00:00,4.600,4.400,Open-Meteo Historical Weather API,"Casalecchio di Reno, Bologna, Italy",44.4756,11.2759
2021-12-03T01:00:00+00:00,5.500,5.100,Open-Meteo Historical Weather API,"Casalecchio di Reno, Bologna, Italy",44.4756,11.2759
2021-12-03T02:00:00+00:00,5.500,5.100,Open-Meteo Historical Weather API,"Casalecchio di Reno, Bologna, Italy",44.4756,11.2759
2021-12-03T03:00:00+00:00,5.300,5.200,Open-Meteo Historical Weather API,"Casalecchio di Reno, Bologna, Italy",44.4756,11.2759
2021-12-03T04:00:00+00:00,5.400,5.200,Open-Meteo Historical Weather API,"Casalecchio di Reno, Bologna, Italy",44.4756,11.2759
2021-12-03T05:00:00+00:00,5.500,4.900,Open-Meteo Historical Weather API,"Casalecchio di Reno, Bologna, Italy",44.4756,11.2759
2021-12-03T06:00:00+00:00,5.200,4.800,Open-Meteo Historical Weather API,"Casalecchio di Reno, Bologna, Italy",44.4756,11.2759
2021-12-03T07:00:00+00:00,5.200,4.700,Open-Meteo Historical Weather API,"Casalecchio di Reno, Bologna, Italy",44.4756,11.2759
2021-12-03T08:00:00+00:00,5.200,4.700,Open-Meteo Historical Weather API,"Casalecchio di Reno, Bologna, Italy",44.4756,11.2759
2021-12-03T09:00:00+00:00,5.600,5.000,Open-Meteo Historical Weather API,"Casalecchio di Reno, Bologna, Italy",44.4756,11.2759
2021-12-03T10:00:00+00:00,5.800,5.100,Open-Meteo Historical Weather API,"Casalecchio di Reno, Bologna, Italy",44.4756,11.2759
2021-12-03T11:00:00+00:00,6.500,5.100,Open-Meteo Historical Weather API,"Casalecchio di Reno, Bologna, Italy",44.4756,11.2759
2021-12-03T12:00:00+00:00,6.500,4.800,Open-Meteo Historical Weather API,"Casalecchio di Reno, Bologna, Italy",44.4756,11.2759
2021-12-03T13:00:00+00:00,6.800,4.700,Open-Meteo Historical Weather API,"Casalecchio di Reno, Bologna, Italy",44.4756,11.2759
2021-12-03T14:00:00+00:00,7.100,4.300,Open-Meteo Historical Weather API,"Casalecchio di Reno, Bologna, Italy",44.4756,11.2759
2021-12-03T15:00:00+00:00,6.600,4.300,Open-Meteo Historical Weather API,"Casalecchio di Reno, Bologna, Italy",44.4756,11.2759
2021-12-03T16:00:00+00:00,4.900,3.500,Open-Meteo Historical Weather API,"Casalecchio di Reno, Bologna, Italy",44.4756,11.2759
2021-12-03T17:00:00+00:00,3.000,1.900,Open-Meteo Historical Weather API,"Casalecchio di Reno, Bologna, Italy",44.4756,11.2759
2021-12-03T18:00:00+00:00,3.300,1.500,Open-Meteo Historical Weather API,"Casalecchio di Reno, Bologna, Italy",44.4756,11.2759
2021-12-03T19:00:00+00:00,2.800,0.900,Open-Meteo Historical Weather API,"Casalecchio di Reno, Bologna, Italy",44.4756,11.2759
2021-12-03T20:00:00+00:00,2.200,0.300,Open-Meteo Historical Weather API,"Casalecchio di Reno, Bologna, Italy",44.4756,11.2759
2021-12-03T21:00:00+00:00,2.000,0.200,Open-Meteo Historical Weather API,"Casalecchio di Reno, Bologna, Italy",44.4756,11.2759
2021-12-03T22:00:00+00:00,1.800,0.100,Open-Meteo Historical Weather API,"Casalecchio di Reno, Bologna, Italy",44.4756,11.2759
2021-12-03T23:00:00+00:00,1.100,-0.200,Open-Meteo Historical Weather API,"Casalecchio di Reno, Bologna, Italy",44.4756,11.2759
2021-12-04T00:00:00+00:00,2.000,0.600,Open-Meteo Historical Weather API,"Casalecchio di Reno, Bologna, Italy",44.4756,11.2759
2021-12-04T01:00:00+00:00,1.800,0.900,Open-Meteo Historical Weather API,"Casalecchio di Reno, Bologna, Italy",44.4756,11.2759
2021-12-04T02:00:00+00:00,1.400,0.600,Open-Meteo Historical Weather API,"Casalecchio di Reno, Bologna, Italy",44.4756,11.2759
2021-12-04T03:00:00+00:00,1.500,0.600,Open-Meteo Historical Weather API,"Casalecchio di Reno, Bologna, Italy",44.4756,11.2759
2021-12-04T04:00:00+00:00,1.200,0.100,Open-Meteo Historical Weather API,"Casalecchio di Reno, Bologna, Italy",44.4756,11.2759
2021-12-04T05:00:00+00:00,1.100,0.000,Open-Meteo Historical Weather API,"Casalecchio di Reno, Bologna, Italy",44.4756,11.2759
2021-12-04T06:00:00+00:00,1.000,-0.300,Open-Meteo Historical Weather API,"Casalecchio di Reno, Bologna, Italy",44.4756,11.2759
2021-12-04T07:00:00+00:00,1.500,-0.800,Open-Meteo Historical Weather API,"Casalecchio di Reno, Bologna, Italy",44.4756,11.2759
2021-12-04T08:00:00+00:00,4.900,0.300,Open-Meteo Historical Weather API,"Casalecchio di Reno, Bologna, Italy",44.4756,11.2759
2021-12-04T09:00:00+00:00,6.800,2.200,Open-Meteo Historical Weather API,"Casalecchio di Reno, Bologna, Italy",44.4756,11.2759
2021-12-04T10:00:00+00:00,8.300,3.800,Open-Meteo Historical Weather API,"Casalecchio di Reno, Bologna, Italy",44.4756,11.2759
2021-12-04T11:00:00+00:00,8.800,5.300,Open-Meteo Historical Weather API,"Casalecchio di Reno, Bologna, Italy",44.4756,11.2759
2021-12-04T12:00:00+00:00,7.100,4.200,Open-Meteo Historical Weather API,"Casalecchio di Reno, Bologna, Italy",44.4756,11.2759
2021-12-04T13:00:00+00:00,5.600,3.100,Open-Meteo Historical Weather API,"Casalecchio di Reno, Bologna, Italy",44.4756,11.2759
2021-12-04T14:00:00+00:00,5.200,2.500,Open-Meteo Historical Weather API,"Casalecchio di Reno, Bologna, Italy",44.4756,11.2759
2021-12-04T15:00:00+00:00,4.200,2.000,Open-Meteo Historical Weather API,"Casalecchio di Reno, Bologna, Italy",44.4756,11.2759
2021-12-04T16:00:00+00:00,3.500,2.000,Open-Meteo Historical Weather API,"Casalecchio di Reno, Bologna, Italy",44.4756,11.2759
2021-12-04T17:00:00+00:00,3.300,2.200,Open-Meteo Historical Weather API,"Casalecchio di Reno, Bologna, Italy",44.4756,11.2759
2021-12-04T18:00:00+00:00,3.300,2.500,Open-Meteo Historical Weather API,"Casalecchio di Reno, Bologna, Italy",44.4756,11.2759
2021-12-04T19:00:00+00:00,3.500,2.800,Open-Meteo Historical Weather API,"Casalecchio di Reno, Bologna, Italy",44.4756,11.2759
2021-12-04T20:00:00+00:00,3.800,2.700,Open-Meteo Historical Weather API,"Casalecchio di Reno, Bologna, Italy",44.4756,11.2759
2021-12-04T21:00:00+00:00,3.800,2.500,Open-Meteo Historical Weather API,"Casalecchio di Reno, Bologna, Italy",44.4756,11.2759
2021-12-04T22:00:00+00:00,4.100,2.800,Open-Meteo Historical Weather API,"Casalecchio di Reno, Bologna, Italy",44.4756,11.2759
2021-12-04T23:00:00+00:00,4.000,2.800,Open-Meteo Historical Weather API,"Casalecchio di Reno, Bologna, Italy",44.4756,11.2759
2021-12-05T00:00:00+00:00,2.700,1.500,Open-Meteo Historical Weather API,"Casalecchio di Reno, Bologna, Italy",44.4756,11.2759
2021-12-05T01:00:00+00:00,3.000,1.900,Open-Meteo Historical Weather API,"Casalecchio di Reno, Bologna, Italy",44.4756,11.2759
2021-12-05T02:00:00+00:00,3.200,2.200,Open-Meteo Historical Weather API,"Casalecchio di Reno, Bologna, Italy",44.4756,11.2759
2021-12-05T03:00:00+00:00,3.400,2.300,Open-Meteo Historical Weather API,"Casalecchio di Reno, Bologna, Italy",44.4756,11.2759
2021-12-05T04:00:00+00:00,3.500,2.400,Open-Meteo Historical Weather API,"Casalecchio di Reno, Bologna, Italy",44.4756,11.2759
2021-12-05T05:00:00+00:00,3.400,2.500,Open-Meteo Historical Weather API,"Casalecchio di Reno, Bologna, Italy",44.4756,11.2759
2021-12-05T06:00:00+00:00,3.000,2.300,Open-Meteo Historical Weather API,"Casalecchio di Reno, Bologna, Italy",44.4756,11.2759
2021-12-05T07:00:00+00:00,2.500,2.200,Open-Meteo Historical Weather API,"Casalecchio di Reno, Bologna, Italy",44.4756,11.2759
2021-12-05T08:00:00+00:00,2.400,2.200,Open-Meteo Historical Weather API,"Casalecchio di Reno, Bologna, Italy",44.4756,11.2759
2021-12-05T09:00:00+00:00,3.500,2.600,Open-Meteo Historical Weather API,"Casalecchio di Reno, Bologna, Italy",44.4756,11.2759
2021-12-05T10:00:00+00:00,5.300,3.400,Open-Meteo Historical Weather API,"Casalecchio di Reno, Bologna, Italy",44.4756,11.2759
2021-12-05T11:00:00+00:00,6.400,3.500,Open-Meteo Historical Weather API,"Casalecchio di Reno, Bologna, Italy",44.4756,11.2759
2021-12-05T12:00:00+00:00,7.100,4.300,Open-Meteo Historical Weather API,"Casalecchio di Reno, Bologna, Italy",44.4756,11.2759
2021-12-05T13:00:00+00:00,7.800,4.100,Open-Meteo Historical Weather API,"Casalecchio di Reno, Bologna, Italy",44.4756,11.2759
2021-12-05T14:00:00+00:00,7.900,3.200,Open-Meteo Historical Weather API,"Casalecchio di Reno, Bologna, Italy",44.4756,11.2759
2021-12-05T15:00:00+00:00,6.400,2.700,Open-Meteo Historical Weather API,"Casalecchio di Reno, Bologna, Italy",44.4756,11.2759
2021-12-05T16:00:00+00:00,3.200,1.200,Open-Meteo Historical Weather API,"Casalecchio di Reno, Bologna, Italy",44.4756,11.2759
2021-12-05T17:00:00+00:00,2.400,0.400,Open-Meteo Historical Weather API,"Casalecchio di Reno, Bologna, Italy",44.4756,11.2759
2021-12-05T18:00:00+00:00,1.900,0.100,Open-Meteo Historical Weather API,"Casalecchio di Reno, Bologna, Italy",44.4756,11.2759
2021-12-05T19:00:00+00:00,2.200,0.600,Open-Meteo Historical Weather API,"Casalecchio di Reno, Bologna, Italy",44.4756,11.2759
2021-12-05T20:00:00+00:00,0.800,-0.300,Open-Meteo Historical Weather API,"Casalecchio di Reno, Bologna, Italy",44.4756,11.2759
2021-12-05T21:00:00+00:00,0.700,-0.600,Open-Meteo Historical Weather API,"Casalecchio di Reno, Bologna, Italy",44.4756,11.2759
2021-12-05T22:00:00+00:00,0.300,-0.800,Open-Meteo Historical Weather API,"Casalecchio di Reno, Bologna, Italy",44.4756,11.2759
2021-12-05T23:00:00+00:00,1.400,0.000,Open-Meteo Historical Weather API,"Casalecchio di Reno, Bologna, Italy",44.4756,11.2759
2021-12-06T00:00:00+00:00,0.600,-0.300,Open-Meteo Historical Weather API,"Casalecchio di Reno, Bologna, Italy",44.4756,11.2759
2021-12-06T01:00:00+00:00,1.500,0.300,Open-Meteo Historical Weather API,"Casalecchio di Reno, Bologna, Italy",44.4756,11.2759
2021-12-06T02:00:00+00:00,1.600,0.400,Open-Meteo Historical Weather API,"Casalecchio di Reno, Bologna, Italy",44.4756,11.2759
2021-12-06T03:00:00+00:00,1.600,0.000,Open-Meteo Historical Weather API,"Casalecchio di Reno, Bologna, Italy",44.4756,11.2759
2021-12-06T04:00:00+00:00,1.400,-0.300,Open-Meteo Historical Weather API,"Casalecchio di Reno, Bologna, Italy",44.4756,11.2759
2021-12-06T05:00:00+00:00,2.500,0.000,Open-Meteo Historical Weather API,"Casalecchio di Reno, Bologna, Italy",44.4756,11.2759
2021-12-06T06:00:00+00:00,2.200,0.100,Open-Meteo Historical Weather API,"Casalecchio di Reno, Bologna, Italy",44.4756,11.2759
2021-12-06T07:00:00+00:00,1.600,-0.100,Open-Meteo Historical Weather API,"Casalecchio di Reno, Bologna, Italy",44.4756,11.2759
2021-12-06T08:00:00+00:00,2.200,0.200,Open-Meteo Historical Weather API,"Casalecchio di Reno, Bologna, Italy",44.4756,11.2759
2021-12-06T09:00:00+00:00,3.200,0.600,Open-Meteo Historical Weather API,"Casalecchio di Reno, Bologna, Italy",44.4756,11.2759
2021-12-06T10:00:00+00:00,3.500,1.300,Open-Meteo Historical Weather API,"Casalecchio di Reno, Bologna, Italy",44.4756,11.2759
2021-12-06T11:00:00+00:00,4.400,2.000,Open-Meteo Historical Weather API,"Casalecchio di Reno, Bologna, Italy",44.4756,11.2759
2021-12-06T12:00:00+00:00,6.400,2.200,Open-Meteo Historical Weather API,"Casalecchio di Reno, Bologna, Italy",44.4756,11.2759
2021-12-06T13:00:00+00:00,7.100,2.600,Open-Meteo Historical Weather API,"Casalecchio di Reno, Bologna, Italy",44.4756,11.2759
2021-12-06T14:00:00+00:00,6.900,2.500,Open-Meteo Historical Weather API,"Casalecchio di Reno, Bologna, Italy",44.4756,11.2759
2021-12-06T15:00:00+00:00,5.600,2.300,Open-Meteo Historical Weather API,"Casalecchio di Reno, Bologna, Italy",44.4756,11.2759
2021-12-06T16:00:00+00:00,3.800,1.800,Open-Meteo Historical Weather API,"Casalecchio di Reno, Bologna, Italy",44.4756,11.2759
2021-12-06T17:00:00+00:00,3.000,0.900,Open-Meteo Historical Weather API,"Casalecchio di Reno, Bologna, Italy",44.4756,11.2759
2021-12-06T18:00:00+00:00,2.800,0.500,Open-Meteo Historical Weather API,"Casalecchio di Reno, Bologna, Italy",44.4756,11.2759
2021-12-06T19:00:00+00:00,2.500,0.000,Open-Meteo Historical Weather API,"Casalecchio di Reno, Bologna, Italy",44.4756,11.2759
2021-12-06T20:00:00+00:00,1.900,-1.200,Open-Meteo Historical Weather API,"Casalecchio di Reno, Bologna, Italy",44.4756,11.2759
2021-12-06T21:00:00+00:00,1.400,-2.700,Open-Meteo Historical Weather API,"Casalecchio di Reno, Bologna, Italy",44.4756,11.2759
2021-12-06T22:00:00+00:00,0.400,-3.700,Open-Meteo Historical Weather API,"Casalecchio di Reno, Bologna, Italy",44.4756,11.2759
2021-12-06T23:00:00+00:00,-1.100,-4.500,Open-Meteo Historical Weather API,"Casalecchio di Reno, Bologna, Italy",44.4756,11.2759
2021-12-07T00:00:00+00:00,0.000,-6.000,Open-Meteo Historical Weather API,"Casalecchio di Reno, Bologna, Italy",44.4756,11.2759
2021-12-07T01:00:00+00:00,0.300,-6.200,Open-Meteo Historical Weather API,"Casalecchio di Reno, Bologna, Italy",44.4756,11.2759
2021-12-07T02:00:00+00:00,-0.300,-6.300,Open-Meteo Historical Weather API,"Casalecchio di Reno, Bologna, Italy",44.4756,11.2759
2021-12-07T03:00:00+00:00,-0.700,-6.800,Open-Meteo Historical Weather API,"Casalecchio di Reno, Bologna, Italy",44.4756,11.2759
2021-12-07T04:00:00+00:00,-1.400,-7.200,Open-Meteo Historical Weather API,"Casalecchio di Reno, Bologna, Italy",44.4756,11.2759
2021-12-07T05:00:00+00:00,-1.200,-7.500,Open-Meteo Historical Weather API,"Casalecchio di Reno, Bologna, Italy",44.4756,11.2759
2021-12-07T06:00:00+00:00,-0.800,-7.500,Open-Meteo Historical Weather API,"Casalecchio di Reno, Bologna, Italy",44.4756,11.2759
2021-12-07T07:00:00+00:00,-0.300,-7.100,Open-Meteo Historical Weather API,"Casalecchio di Reno, Bologna, Italy",44.4756,11.2759
2021-12-07T08:00:00+00:00,1.900,-4.600,Open-Meteo Historical Weather API,"Casalecchio di Reno, Bologna, Italy",44.4756,11.2759
2021-12-07T09:00:00+00:00,4.000,-3.700,Open-Meteo Historical Weather API,"Casalecchio di Reno, Bologna, Italy",44.4756,11.2759
2021-12-07T10:00:00+00:00,5.300,-3.300,Open-Meteo Historical Weather API,"Casalecchio di Reno, Bologna, Italy",44.4756,11.2759
2021-12-07T11:00:00+00:00,6.400,-3.000,Open-Meteo Historical Weather API,"Casalecchio di Reno, Bologna, Italy",44.4756,11.2759
2021-12-07T12:00:00+00:00,6.600,-1.500,Open-Meteo Historical Weather API,"Casalecchio di Reno, Bologna, Italy",44.4756,11.2759
2021-12-07T13:00:00+00:00,7.300,-1.500,Open-Meteo Historical Weather API,"Casalecchio di Reno, Bologna, Italy",44.4756,11.2759
2021-12-07T14:00:00+00:00,7.400,-1.100,Open-Meteo Historical Weather API,"Casalecchio di Reno, Bologna, Italy",44.4756,11.2759
2021-12-07T15:00:00+00:00,7.100,-1.800,Open-Meteo Historical Weather API,"Casalecchio di Reno, Bologna, Italy",44.4756,11.2759
2021-12-07T16:00:00+00:00,4.200,-2.300,Open-Meteo Historical Weather API,"Casalecchio di Reno, Bologna, Italy",44.4756,11.2759
2021-12-07T17:00:00+00:00,1.600,-3.600,Open-Meteo Historical Weather API,"Casalecchio di Reno, Bologna, Italy",44.4756,11.2759
2021-12-07T18:00:00+00:00,-0.800,-4.400,Open-Meteo Historical Weather API,"Casalecchio di Reno, Bologna, Italy",44.4756,11.2759
2021-12-07T19:00:00+00:00,-1.100,-5.200,Open-Meteo Historical Weather API,"Casalecchio di Reno, Bologna, Italy",44.4756,11.2759
2021-12-07T20:00:00+00:00,-0.800,-5.800,Open-Meteo Historical Weather API,"Casalecchio di Reno, Bologna, Italy",44.4756,11.2759
2021-12-07T21:00:00+00:00,0.200,-5.700,Open-Meteo Historical Weather API,"Casalecchio di Reno, Bologna, Italy",44.4756,11.2759
2021-12-07T22:00:00+00:00,0.200,-5.200,Open-Meteo Historical Weather API,"Casalecchio di Reno, Bologna, Italy",44.4756,11.2759
2021-12-07T23:00:00+00:00,-0.400,-4.800,Open-Meteo Historical Weather API,"Casalecchio di Reno, Bologna, Italy",44.4756,11.2759
2021-12-08T00:00:00+00:00,-0.600,-4.600,Open-Meteo Historical Weather API,"Casalecchio di Reno, Bologna, Italy",44.4756,11.2759
2021-12-08T01:00:00+00:00,-0.900,-4.700,Open-Meteo Historical Weather API,"Casalecchio di Reno, Bologna, Italy",44.4756,11.2759
2021-12-08T02:00:00+00:00,1.600,-5.200,Open-Meteo Historical Weather API,"Casalecchio di Reno, Bologna, Italy",44.4756,11.2759
2021-12-08T03:00:00+00:00,1.800,-5.200,Open-Meteo Historical Weather API,"Casalecchio di Reno, Bologna, Italy",44.4756,11.2759
2021-12-08T04:00:00+00:00,1.200,-3.600,Open-Meteo Historical Weather API,"Casalecchio di Reno, Bologna, Italy",44.4756,11.2759
2021-12-08T05:00:00+00:00,2.500,-4.000,Open-Meteo Historical Weather API,"Casalecchio di Reno, Bologna, Italy",44.4756,11.2759
2021-12-08T06:00:00+00:00,2.500,-3.800,Open-Meteo Historical Weather API,"Casalecchio di Reno, Bologna, Italy",44.4756,11.2759
2021-12-08T07:00:00+00:00,2.200,-3.800,Open-Meteo Historical Weather API,"Casalecchio di Reno, Bologna, Italy",44.4756,11.2759
2021-12-08T08:00:00+00:00,2.500,-3.400,Open-Meteo Historical Weather API,"Casalecchio di Reno, Bologna, Italy",44.4756,11.2759
2021-12-08T09:00:00+00:00,2.500,-3.000,Open-Meteo Historical Weather API,"Casalecchio di Reno, Bologna, Italy",44.4756,11.2759
2021-12-08T10:00:00+00:00,2.500,-2.300,Open-Meteo Historical Weather API,"Casalecchio di Reno, Bologna, Italy",44.4756,11.2759
2021-12-08T11:00:00+00:00,4.000,-0.900,Open-Meteo Historical Weather API,"Casalecchio di Reno, Bologna, Italy",44.4756,11.2759
2021-12-08T12:00:00+00:00,2.200,1.600,Open-Meteo Historical Weather API,"Casalecchio di Reno, Bologna, Italy",44.4756,11.2759
2021-12-08T13:00:00+00:00,2.100,2.000,Open-Meteo Historical Weather API,"Casalecchio di Reno, Bologna, Italy",44.4756,11.2759
2021-12-08T14:00:00+00:00,2.000,1.900,Open-Meteo Historical Weather API,"Casalecchio di Reno, Bologna, Italy",44.4756,11.2759
2021-12-08T15:00:00+00:00,2.800,2.500,Open-Meteo Historical Weather API,"Casalecchio di Reno, Bologna, Italy",44.4756,11.2759
2021-12-08T16:00:00+00:00,2.300,2.200,Open-Meteo Historical Weather API,"Casalecchio di Reno, Bologna, Italy",44.4756,11.2759
2021-12-08T17:00:00+00:00,1.900,1.900,Open-Meteo Historical Weather API,"Casalecchio di Reno, Bologna, Italy",44.4756,11.2759
2021-12-08T18:00:00+00:00,2.200,2.100,Open-Meteo Historical Weather API,"Casalecchio di Reno, Bologna, Italy",44.4756,11.2759
2021-12-08T19:00:00+00:00,2.000,2.000,Open-Meteo Historical Weather API,"Casalecchio di Reno, Bologna, Italy",44.4756,11.2759
2021-12-08T20:00:00+00:00,2.300,2.000,Open-Meteo Historical Weather API,"Casalecchio di Reno, Bologna, Italy",44.4756,11.2759
2021-12-08T21:00:00+00:00,2.100,1.700,Open-Meteo Historical Weather API,"Casalecchio di Reno, Bologna, Italy",44.4756,11.2759
2021-12-08T22:00:00+00:00,2.200,1.300,Open-Meteo Historical Weather API,"Casalecchio di Reno, Bologna, Italy",44.4756,11.2759
2021-12-08T23:00:00+00:00,2.300,1.100,Open-Meteo Historical Weather API,"Casalecchio di Reno, Bologna, Italy",44.4756,11.2759
2021-12-09T00:00:00+00:00,1.500,0.300,Open-Meteo Historical Weather API,"Casalecchio di Reno, Bologna, Italy",44.4756,11.2759
2021-12-09T01:00:00+00:00,1.500,0.300,Open-Meteo Historical Weather API,"Casalecchio di Reno, Bologna, Italy",44.4756,11.2759
2021-12-09T02:00:00+00:00,1.600,0.300,Open-Meteo Historical Weather API,"Casalecchio di Reno, Bologna, Italy",44.4756,11.2759
2021-12-09T03:00:00+00:00,1.500,0.300,Open-Meteo Historical Weather API,"Casalecchio di Reno, Bologna, Italy",44.4756,11.2759
2021-12-09T04:00:00+00:00,1.600,0.400,Open-Meteo Historical Weather API,"Casalecchio di Reno, Bologna, Italy",44.4756,11.2759
2021-12-09T05:00:00+00:00,1.500,0.600,Open-Meteo Historical Weather API,"Casalecchio di Reno, Bologna, Italy",44.4756,11.2759
2021-12-09T06:00:00+00:00,1.800,0.500,Open-Meteo Historical Weather API,"Casalecchio di Reno, Bologna, Italy",44.4756,11.2759
2021-12-09T07:00:00+00:00,2.200,0.400,Open-Meteo Historical Weather API,"Casalecchio di Reno, Bologna, Italy",44.4756,11.2759
2021-12-09T08:00:00+00:00,2.800,0.600,Open-Meteo Historical Weather API,"Casalecchio di Reno, Bologna, Italy",44.4756,11.2759
2021-12-09T09:00:00+00:00,3.000,0.800,Open-Meteo Historical Weather API,"Casalecchio di Reno, Bologna, Italy",44.4756,11.2759
2021-12-09T10:00:00+00:00,3.600,0.500,Open-Meteo Historical Weather API,"Casalecchio di Reno, Bologna, Italy",44.4756,11.2759
2021-12-09T11:00:00+00:00,3.700,0.400,Open-Meteo Historical Weather API,"Casalecchio di Reno, Bologna, Italy",44.4756,11.2759
2021-12-09T12:00:00+00:00,3.200,2.100,Open-Meteo Historical Weather API,"Casalecchio di Reno, Bologna, Italy",44.4756,11.2759
2021-12-09T13:00:00+00:00,4.000,2.500,Open-Meteo Historical Weather API,"Casalecchio di Reno, Bologna, Italy",44.4756,11.2759
2021-12-09T14:00:00+00:00,3.700,2.700,Open-Meteo Historical Weather API,"Casalecchio di Reno, Bologna, Italy",44.4756,11.2759
2021-12-09T15:00:00+00:00,3.200,2.700,Open-Meteo Historical Weather API,"Casalecchio di Reno, Bologna, Italy",44.4756,11.2759
2021-12-09T16:00:00+00:00,3.000,2.500,Open-Meteo Historical Weather API,"Casalecchio di Reno, Bologna, Italy",44.4756,11.2759
2021-12-09T17:00:00+00:00,3.000,2.300,Open-Meteo Historical Weather API,"Casalecchio di Reno, Bologna, Italy",44.4756,11.2759
2021-12-09T18:00:00+00:00,3.200,2.200,Open-Meteo Historical Weather API,"Casalecchio di Reno, Bologna, Italy",44.4756,11.2759
2021-12-09T19:00:00+00:00,3.300,2.200,Open-Meteo Historical Weather API,"Casalecchio di Reno, Bologna, Italy",44.4756,11.2759
2021-12-09T20:00:00+00:00,3.500,1.900,Open-Meteo Historical Weather API,"Casalecchio di Reno, Bologna, Italy",44.4756,11.2759
2021-12-09T21:00:00+00:00,3.200,1.500,Open-Meteo Historical Weather API,"Casalecchio di Reno, Bologna, Italy",44.4756,11.2759
2021-12-09T22:00:00+00:00,2.900,0.900,Open-Meteo Historical Weather API,"Casalecchio di Reno, Bologna, Italy",44.4756,11.2759
2021-12-09T23:00:00+00:00,3.300,0.900,Open-Meteo Historical Weather API,"Casalecchio di Reno, Bologna, Italy",44.4756,11.2759
2021-12-10T00:00:00+00:00,2.400,0.600,Open-Meteo Historical Weather API,"Casalecchio di Reno, Bologna, Italy",44.4756,11.2759
2021-12-10T01:00:00+00:00,3.100,1.200,Open-Meteo Historical Weather API,"Casalecchio di Reno, Bologna, Italy",44.4756,11.2759
2021-12-10T02:00:00+00:00,1.100,-0.600,Open-Meteo Historical Weather API,"Casalecchio di Reno, Bologna, Italy",44.4756,11.2759
2021-12-10T03:00:00+00:00,0.600,-0.900,Open-Meteo Historical Weather API,"Casalecchio di Reno, Bologna, Italy",44.4756,11.2759
2021-12-10T04:00:00+00:00,0.400,-1.000,Open-Meteo Historical Weather API,"Casalecchio di Reno, Bologna, Italy",44.4756,11.2759
2021-12-10T05:00:00+00:00,0.500,-0.900,Open-Meteo Historical Weather API,"Casalecchio di Reno, Bologna, Italy",44.4756,11.2759
2021-12-10T06:00:00+00:00,0.200,-1.200,Open-Meteo Historical Weather API,"Casalecchio di Reno, Bologna, Italy",44.4756,11.2759
2021-12-10T07:00:00+00:00,-0.100,-1.500,Open-Meteo Historical Weather API,"Casalecchio di Reno, Bologna, Italy",44.4756,11.2759
2021-12-10T08:00:00+00:00,2.500,0.200,Open-Meteo Historical Weather API,"Casalecchio di Reno, Bologna, Italy",44.4756,11.2759
2021-12-10T09:00:00+00:00,4.800,2.200,Open-Meteo Historical Weather API,"Casalecchio di Reno, Bologna, Italy",44.4756,11.2759
2021-12-10T10:00:00+00:00,5.900,3.600,Open-Meteo Historical Weather API,"Casalecchio di Reno, Bologna, Italy",44.4756,11.2759
2021-12-10T11:00:00+00:00,6.200,4.400,Open-Meteo Historical Weather API,"Casalecchio di Reno, Bologna, Italy",44.4756,11.2759
2021-12-10T12:00:00+00:00,5.800,4.700,Open-Meteo Historical Weather API,"Casalecchio di Reno, Bologna, Italy",44.4756,11.2759
2021-12-10T13:00:00+00:00,4.800,4.300,Open-Meteo Historical Weather API,"Casalecchio di Reno, Bologna, Italy",44.4756,11.2759
2021-12-10T14:00:00+00:00,4.400,3.900,Open-Meteo Historical Weather API,"Casalecchio di Reno, Bologna, Italy",44.4756,11.2759
2021-12-10T15:00:00+00:00,4.200,3.900,Open-Meteo Historical Weather API,"Casalecchio di Reno, Bologna, Italy",44.4756,11.2759
2021-12-10T16:00:00+00:00,4.100,3.800,Open-Meteo Historical Weather API,"Casalecchio di Reno, Bologna, Italy",44.4756,11.2759
2021-12-10T17:00:00+00:00,4.000,3.800,Open-Meteo Historical Weather API,"Casalecchio di Reno, Bologna, Italy",44.4756,11.2759
2021-12-10T18:00:00+00:00,3.700,3.500,Open-Meteo Historical Weather API,"Casalecchio di Reno, Bologna, Italy",44.4756,11.2759
2021-12-10T19:00:00+00:00,3.200,2.900,Open-Meteo Historical Weather API,"Casalecchio di Reno, Bologna, Italy",44.4756,11.2759
2021-12-10T20:00:00+00:00,2.000,1.700,Open-Meteo Historical Weather API,"Casalecchio di Reno, Bologna, Italy",44.4756,11.2759
2021-12-10T21:00:00+00:00,1.300,1.000,Open-Meteo Historical Weather API,"Casalecchio di Reno, Bologna, Italy",44.4756,11.2759
2021-12-10T22:00:00+00:00,1.100,1.000,Open-Meteo Historical Weather API,"Casalecchio di Reno, Bologna, Italy",44.4756,11.2759
2021-12-10T23:00:00+00:00,1.400,1.000,Open-Meteo Historical Weather API,"Casalecchio di Reno, Bologna, Italy",44.4756,11.2759
2021-12-11T00:00:00+00:00,1.200,0.900,Open-Meteo Historical Weather API,"Casalecchio di Reno, Bologna, Italy",44.4756,11.2759
2021-12-11T01:00:00+00:00,1.500,1.200,Open-Meteo Historical Weather API,"Casalecchio di Reno, Bologna, Italy",44.4756,11.2759
2021-12-11T02:00:00+00:00,1.700,1.000,Open-Meteo Historical Weather API,"Casalecchio di Reno, Bologna, Italy",44.4756,11.2759
2021-12-11T03:00:00+00:00,1.600,0.900,Open-Meteo Historical Weather API,"Casalecchio di Reno, Bologna, Italy",44.4756,11.2759
2021-12-11T04:00:00+00:00,1.200,0.200,Open-Meteo Historical Weather API,"Casalecchio di Reno, Bologna, Italy",44.4756,11.2759
2021-12-11T05:00:00+00:00,1.500,-0.100,Open-Meteo Historical Weather API,"Casalecchio di Reno, Bologna, Italy",44.4756,11.2759
2021-12-11T06:00:00+00:00,1.900,-0.200,Open-Meteo Historical Weather API,"Casalecchio di Reno, Bologna, Italy",44.4756,11.2759
2021-12-11T07:00:00+00:00,1.200,-0.600,Open-Meteo Historical Weather API,"Casalecchio di Reno, Bologna, Italy",44.4756,11.2759
2021-12-11T08:00:00+00:00,2.300,-0.100,Open-Meteo Historical Weather API,"Casalecchio di Reno, Bologna, Italy",44.4756,11.2759
2021-12-11T09:00:00+00:00,3.800,0.300,Open-Meteo Historical Weather API,"Casalecchio di Reno, Bologna, Italy",44.4756,11.2759
2021-12-11T10:00:00+00:00,5.000,0.400,Open-Meteo Historical Weather API,"Casalecchio di Reno, Bologna, Italy",44.4756,11.2759
2021-12-11T11:00:00+00:00,5.800,0.800,Open-Meteo Historical Weather API,"Casalecchio di Reno, Bologna, Italy",44.4756,11.2759
2021-12-11T12:00:00+00:00,6.700,0.900,Open-Meteo Historical Weather API,"Casalecchio di Reno, Bologna, Italy",44.4756,11.2759
2021-12-11T13:00:00+00:00,7.100,1.000,Open-Meteo Historical Weather API,"Casalecchio di Reno, Bologna, Italy",44.4756,11.2759
2021-12-11T14:00:00+00:00,7.100,1.200,Open-Meteo Historical Weather API,"Casalecchio di Reno, Bologna, Italy",44.4756,11.2759
2021-12-11T15:00:00+00:00,5.700,1.400,Open-Meteo Historical Weather API,"Casalecchio di Reno, Bologna, Italy",44.4756,11.2759
2021-12-11T16:00:00+00:00,3.600,0.900,Open-Meteo Historical Weather API,"Casalecchio di Reno, Bologna, Italy",44.4756,11.2759
2021-12-11T17:00:00+00:00,3.000,0.400,Open-Meteo Historical Weather API,"Casalecchio di Reno, Bologna, Italy",44.4756,11.2759
2021-12-11T18:00:00+00:00,2.500,-0.300,Open-Meteo Historical Weather API,"Casalecchio di Reno, Bologna, Italy",44.4756,11.2759
2021-12-11T19:00:00+00:00,1.900,-0.800,Open-Meteo Historical Weather API,"Casalecchio di Reno, Bologna, Italy",44.4756,11.2759
2021-12-11T20:00:00+00:00,1.100,-1.000,Open-Meteo Historical Weather API,"Casalecchio di Reno, Bologna, Italy",44.4756,11.2759
2021-12-11T21:00:00+00:00,0.100,-1.200,Open-Meteo Historical Weather API,"Casalecchio di Reno, Bologna, Italy",44.4756,11.2759
2021-12-11T22:00:00+00:00,-0.600,-1.500,Open-Meteo Historical Weather API,"Casalecchio di Reno, Bologna, Italy",44.4756,11.2759
2021-12-11T23:00:00+00:00,-0.900,-1.900,Open-Meteo Historical Weather API,"Casalecchio di Reno, Bologna, Italy",44.4756,11.2759
2021-12-12T00:00:00+00:00,1.100,-3.800,Open-Meteo Historical Weather API,"Casalecchio di Reno, Bologna, Italy",44.4756,11.2759
2021-12-12T01:00:00+00:00,2.000,-4.200,Open-Meteo Historical Weather API,"Casalecchio di Reno, Bologna, Italy",44.4756,11.2759
2021-12-12T02:00:00+00:00,2.400,-4.000,Open-Meteo Historical Weather API,"Casalecchio di Reno, Bologna, Italy",44.4756,11.2759
2021-12-12T03:00:00+00:00,2.000,-4.000,Open-Meteo Historical Weather API,"Casalecchio di Reno, Bologna, Italy",44.4756,11.2759
2021-12-12T04:00:00+00:00,1.600,-4.100,Open-Meteo Historical Weather API,"Casalecchio di Reno, Bologna, Italy",44.4756,11.2759
2021-12-12T05:00:00+00:00,0.300,-4.200,Open-Meteo Historical Weather API,"Casalecchio di Reno, Bologna, Italy",44.4756,11.2759
2021-12-12T06:00:00+00:00,0.600,-4.600,Open-Meteo Historical Weather API,"Casalecchio di Reno, Bologna, Italy",44.4756,11.2759
2021-12-12T07:00:00+00:00,0.600,-4.800,Open-Meteo Historical Weather API,"Casalecchio di Reno, Bologna, Italy",44.4756,11.2759
2021-12-12T08:00:00+00:00,2.900,-3.300,Open-Meteo Historical Weather API,"Casalecchio di Reno, Bologna, Italy",44.4756,11.2759
2021-12-12T09:00:00+00:00,5.800,-1.300,Open-Meteo Historical Weather API,"Casalecchio di Reno, Bologna, Italy",44.4756,11.2759
2021-12-12T10:00:00+00:00,7.400,-1.900,Open-Meteo Historical Weather API,"Casalecchio di Reno, Bologna, Italy",44.4756,11.2759
2021-12-12T11:00:00+00:00,8.400,-1.500,Open-Meteo Historical Weather API,"Casalecchio di Reno, Bologna, Italy",44.4756,11.2759
2021-12-12T12:00:00+00:00,9.200,-0.700,Open-Meteo Historical Weather API,"Casalecchio di Reno, Bologna, Italy",44.4756,11.2759
2021-12-12T13:00:00+00:00,8.900,0.000,Open-Meteo Historical Weather API,"Casalecchio di Reno, Bologna, Italy",44.4756,11.2759
2021-12-12T14:00:00+00:00,8.500,0.700,Open-Meteo Historical Weather API,"Casalecchio di Reno, Bologna, Italy",44.4756,11.2759
2021-12-12T15:00:00+00:00,6.400,0.400,Open-Meteo Historical Weather API,"Casalecchio di Reno, Bologna, Italy",44.4756,11.2759
2021-12-12T16:00:00+00:00,4.700,-1.400,Open-Meteo Historical Weather API,"Casalecchio di Reno, Bologna, Italy",44.4756,11.2759
2021-12-12T17:00:00+00:00,3.900,-2.300,Open-Meteo Historical Weather API,"Casalecchio di Reno, Bologna, Italy",44.4756,11.2759
2021-12-12T18:00:00+00:00,3.200,-2.900,Open-Meteo Historical Weather API,"Casalecchio di Reno, Bologna, Italy",44.4756,11.2759
2021-12-12T19:00:00+00:00,2.200,-3.200,Open-Meteo Historical Weather API,"Casalecchio di Reno, Bologna, Italy",44.4756,11.2759
2021-12-12T20:00:00+00:00,1.900,-3.900,Open-Meteo Historical Weather API,"Casalecchio di Reno, Bologna, Italy",44.4756,11.2759
2021-12-12T21:00:00+00:00,2.200,-5.200,Open-Meteo Historical Weather API,"Casalecchio di Reno, Bologna, Italy",44.4756,11.2759
2021-12-12T22:00:00+00:00,1.800,-6.400,Open-Meteo Historical Weather API,"Casalecchio di Reno, Bologna, Italy",44.4756,11.2759
2021-12-12T23:00:00+00:00,1.400,-7.300,Open-Meteo Historical Weather API,"Casalecchio di Reno, Bologna, Italy",44.4756,11.2759
2021-12-13T00:00:00+00:00,2.200,-8.200,Open-Meteo Historical Weather API,"Casalecchio di Reno, Bologna, Italy",44.4756,11.2759
2021-12-13T01:00:00+00:00,2.000,-8.200,Open-Meteo Historical Weather API,"Casalecchio di Reno, Bologna, Italy",44.4756,11.2759
2021-12-13T02:00:00+00:00,2.200,-8.800,Open-Meteo Historical Weather API,"Casalecchio di Reno, Bologna, Italy",44.4756,11.2759
2021-12-13T03:00:00+00:00,2.100,-8.600,Open-Meteo Historical Weather API,"Casalecchio di Reno, Bologna, Italy",44.4756,11.2759
2021-12-13T04:00:00+00:00,1.000,-7.400,Open-Meteo Historical Weather API,"Casalecchio di Reno, Bologna, Italy",44.4756,11.2759
2021-12-13T05:00:00+00:00,0.600,-7.200,Open-Meteo Historical Weather API,"Casalecchio di Reno, Bologna, Italy",44.4756,11.2759
2021-12-13T06:00:00+00:00,0.200,-7.200,Open-Meteo Historical Weather API,"Casalecchio di Reno, Bologna, Italy",44.4756,11.2759
2021-12-13T07:00:00+00:00,1.500,-7.900,Open-Meteo Historical Weather API,"Casalecchio di Reno, Bologna, Italy",44.4756,11.2759
2021-12-13T08:00:00+00:00,3.700,-3.900,Open-Meteo Historical Weather API,"Casalecchio di Reno, Bologna, Italy",44.4756,11.2759
2021-12-13T09:00:00+00:00,6.700,0.000,Open-Meteo Historical Weather API,"Casalecchio di Reno, Bologna, Italy",44.4756,11.2759
2021-12-13T10:00:00+00:00,8.500,0.100,Open-Meteo Historical Weather API,"Casalecchio di Reno, Bologna, Italy",44.4756,11.2759
2021-12-13T11:00:00+00:00,9.100,0.800,Open-Meteo Historical Weather API,"Casalecchio di Reno, Bologna, Italy",44.4756,11.2759
2021-12-13T12:00:00+00:00,9.400,0.200,Open-Meteo Historical Weather API,"Casalecchio di Reno, Bologna, Italy",44.4756,11.2759
2021-12-13T13:00:00+00:00,9.400,0.200,Open-Meteo Historical Weather API,"Casalecchio di Reno, Bologna, Italy",44.4756,11.2759
2021-12-13T14:00:00+00:00,9.400,1.400,Open-Meteo Historical Weather API,"Casalecchio di Reno, Bologna, Italy",44.4756,11.2759
2021-12-13T15:00:00+00:00,6.900,2.500,Open-Meteo Historical Weather API,"Casalecchio di Reno, Bologna, Italy",44.4756,11.2759
2021-12-13T16:00:00+00:00,7.400,0.500,Open-Meteo Historical Weather API,"Casalecchio di Reno, Bologna, Italy",44.4756,11.2759
2021-12-13T17:00:00+00:00,3.900,1.400,Open-Meteo Historical Weather API,"Casalecchio di Reno, Bologna, Italy",44.4756,11.2759
2021-12-13T18:00:00+00:00,6.600,1.900,Open-Meteo Historical Weather API,"Casalecchio di Reno, Bologna, Italy",44.4756,11.2759
2021-12-13T19:00:00+00:00,6.500,1.400,Open-Meteo Historical Weather API,"Casalecchio di Reno, Bologna, Italy",44.4756,11.2759
2021-12-13T20:00:00+00:00,4.100,0.500,Open-Meteo Historical Weather API,"Casalecchio di Reno, Bologna, Italy",44.4756,11.2759
2021-12-13T21:00:00+00:00,2.000,-0.400,Open-Meteo Historical Weather API,"Casalecchio di Reno, Bologna, Italy",44.4756,11.2759
2021-12-13T22:00:00+00:00,2.000,-0.500,Open-Meteo Historical Weather API,"Casalecchio di Reno, Bologna, Italy",44.4756,11.2759
2021-12-13T23:00:00+00:00,1.900,-0.500,Open-Meteo Historical Weather API,"Casalecchio di Reno, Bologna, Italy",44.4756,11.2759
2021-12-14T00:00:00+00:00,1.800,-0.200,Open-Meteo Historical Weather API,"Casalecchio di Reno, Bologna, Italy",44.4756,11.2759
2021-12-14T01:00:00+00:00,1.200,-0.500,Open-Meteo Historical Weather API,"Casalecchio di Reno, Bologna, Italy",44.4756,11.2759
2021-12-14T02:00:00+00:00,0.700,-0.900,Open-Meteo Historical Weather API,"Casalecchio di Reno, Bologna, Italy",44.4756,11.2759
2021-12-14T03:00:00+00:00,0.600,-0.900,Open-Meteo Historical Weather API,"Casalecchio di Reno, Bologna, Italy",44.4756,11.2759
2021-12-14T04:00:00+00:00,0.600,-1.200,Open-Meteo Historical Weather API,"Casalecchio di Reno, Bologna, Italy",44.4756,11.2759
2021-12-14T05:00:00+00:00,0.600,-1.500,Open-Meteo Historical Weather API,"Casalecchio di Reno, Bologna, Italy",44.4756,11.2759
2021-12-14T06:00:00+00:00,0.000,-2.200,Open-Meteo Historical Weather API,"Casalecchio di Reno, Bologna, Italy",44.4756,11.2759
2021-12-14T07:00:00+00:00,0.800,-1.800,Open-Meteo Historical Weather API,"Casalecchio di Reno, Bologna, Italy",44.4756,11.2759
2021-12-14T08:00:00+00:00,2.800,-0.100,Open-Meteo Historical Weather API,"Casalecchio di Reno, Bologna, Italy",44.4756,11.2759
2021-12-14T09:00:00+00:00,5.100,1.500,Open-Meteo Historical Weather API,"Casalecchio di Reno, Bologna, Italy",44.4756,11.2759
2021-12-14T10:00:00+00:00,7.200,2.600,Open-Meteo Historical Weather API,"Casalecchio di Reno, Bologna, Italy",44.4756,11.2759
2021-12-14T11:00:00+00:00,8.300,3.400,Open-Meteo Historical Weather API,"Casalecchio di Reno, Bologna, Italy",44.4756,11.2759
2021-12-14T12:00:00+00:00,8.100,2.800,Open-Meteo Historical Weather API,"Casalecchio di Reno, Bologna, Italy",44.4756,11.2759
2021-12-14T13:00:00+00:00,8.400,2.500,Open-Meteo Historical Weather API,"Casalecchio di Reno, Bologna, Italy",44.4756,11.2759
2021-12-14T14:00:00+00:00,8.600,2.800,Open-Meteo Historical Weather API,"Casalecchio di Reno, Bologna, Italy",44.4756,11.2759
2021-12-14T15:00:00+00:00,6.200,3.200,Open-Meteo Historical Weather API,"Casalecchio di Reno, Bologna, Italy",44.4756,11.2759
2021-12-14T16:00:00+00:00,4.000,1.800,Open-Meteo Historical Weather API,"Casalecchio di Reno, Bologna, Italy",44.4756,11.2759
2021-12-14T17:00:00+00:00,3.600,1.600,Open-Meteo Historical Weather API,"Casalecchio di Reno, Bologna, Italy",44.4756,11.2759
2021-12-14T18:00:00+00:00,5.800,2.100,Open-Meteo Historical Weather API,"Casalecchio di Reno, Bologna, Italy",44.4756,11.2759
2021-12-14T19:00:00+00:00,5.900,2.000,Open-Meteo Historical Weather API,"Casalecchio di Reno, Bologna, Italy",44.4756,11.2759
2021-12-14T20:00:00+00:00,3.800,0.500,Open-Meteo Historical Weather API,"Casalecchio di Reno, Bologna, Italy",44.4756,11.2759
2021-12-14T21:00:00+00:00,2.500,-0.600,Open-Meteo Historical Weather API,"Casalecchio di Reno, Bologna, Italy",44.4756,11.2759
2021-12-14T22:00:00+00:00,5.100,-0.200,Open-Meteo Historical Weather API,"Casalecchio di Reno, Bologna, Italy",44.4756,11.2759
2021-12-14T23:00:00+00:00,4.500,-0.700,Open-Meteo Historical Weather API,"Casalecchio di Reno, Bologna, Italy",44.4756,11.2759
2021-12-15T00:00:00+00:00,1.400,-1.700,Open-Meteo Historical Weather API,"Casalecchio di Reno, Bologna, Italy",44.4756,11.2759
2021-12-15T01:00:00+00:00,1.900,-2.200,Open-Meteo Historical Weather API,"Casalecchio di Reno, Bologna, Italy",44.4756,11.2759
2021-12-15T02:00:00+00:00,2.100,-2.000,Open-Meteo Historical Weather API,"Casalecchio di Reno, Bologna, Italy",44.4756,11.2759
2021-12-15T03:00:00+00:00,-0.100,-2.700,Open-Meteo Historical Weather API,"Casalecchio di Reno, Bologna, Italy",44.4756,11.2759
2021-12-15T04:00:00+00:00,-0.200,-2.900,Open-Meteo Historical Weather API,"Casalecchio di Reno, Bologna, Italy",44.4756,11.2759
2021-12-15T05:00:00+00:00,-0.200,-3.000,Open-Meteo Historical Weather API,"Casalecchio di Reno, Bologna, Italy",44.4756,11.2759
2021-12-15T06:00:00+00:00,-1.400,-3.200,Open-Meteo Historical Weather API,"Casalecchio di Reno, Bologna, Italy",44.4756,11.2759
2021-12-15T07:00:00+00:00,-1.500,-2.800,Open-Meteo Historical Weather API,"Casalecchio di Reno, Bologna, Italy",44.4756,11.2759
2021-12-15T08:00:00+00:00,0.800,-1.800,Open-Meteo Historical Weather API,"Casalecchio di Reno, Bologna, Italy",44.4756,11.2759
2021-12-15T09:00:00+00:00,3.800,-1.200,Open-Meteo Historical Weather API,"Casalecchio di Reno, Bologna, Italy",44.4756,11.2759
2021-12-15T10:00:00+00:00,5.800,-0.800,Open-Meteo Historical Weather API,"Casalecchio di Reno, Bologna, Italy",44.4756,11.2759
2021-12-15T11:00:00+00:00,6.200,1.300,Open-Meteo Historical Weather API,"Casalecchio di Reno, Bologna, Italy",44.4756,11.2759
2021-12-15T12:00:00+00:00,6.800,2.100,Open-Meteo Historical Weather API,"Casalecchio di Reno, Bologna, Italy",44.4756,11.2759
2021-12-15T13:00:00+00:00,7.400,2.600,Open-Meteo Historical Weather API,"Casalecchio di Reno, Bologna, Italy",44.4756,11.2759
2021-12-15T14:00:00+00:00,7.100,3.000,Open-Meteo Historical Weather API,"Casalecchio di Reno, Bologna, Italy",44.4756,11.2759
2021-12-15T15:00:00+00:00,4.900,3.600,Open-Meteo Historical Weather API,"Casalecchio di Reno, Bologna, Italy",44.4756,11.2759
2021-12-15T16:00:00+00:00,2.400,2.000,Open-Meteo Historical Weather API,"Casalecchio di Reno, Bologna, Italy",44.4756,11.2759
2021-12-15T17:00:00+00:00,2.000,1.600,Open-Meteo Historical Weather API,"Casalecchio di Reno, Bologna, Italy",44.4756,11.2759
2021-12-15T18:00:00+00:00,1.100,0.700,Open-Meteo Historical Weather API,"Casalecchio di Reno, Bologna, Italy",44.4756,11.2759
2021-12-15T19:00:00+00:00,1.400,0.600,Open-Meteo Historical Weather API,"Casalecchio di Reno, Bologna, Italy",44.4756,11.2759
2021-12-15T20:00:00+00:00,1.800,0.600,Open-Meteo Historical Weather API,"Casalecchio di Reno, Bologna, Italy",44.4756,11.2759
2021-12-15T21:00:00+00:00,4.100,1.500,Open-Meteo Historical Weather API,"Casalecchio di Reno, Bologna, Italy",44.4756,11.2759
2021-12-15T22:00:00+00:00,4.200,1.600,Open-Meteo Historical Weather API,"Casalecchio di Reno, Bologna, Italy",44.4756,11.2759
2021-12-15T23:00:00+00:00,3.800,1.900,Open-Meteo Historical Weather API,"Casalecchio di Reno, Bologna, Italy",44.4756,11.2759
2021-12-16T00:00:00+00:00,2.000,1.000,Open-Meteo Historical Weather API,"Casalecchio di Reno, Bologna, Italy",44.4756,11.2759
2021-12-16T01:00:00+00:00,1.600,0.800,Open-Meteo Historical Weather API,"Casalecchio di Reno, Bologna, Italy",44.4756,11.2759
2021-12-16T02:00:00+00:00,1.600,0.900,Open-Meteo Historical Weather API,"Casalecchio di Reno, Bologna, Italy",44.4756,11.2759
2021-12-16T03:00:00+00:00,1.600,0.800,Open-Meteo Historical Weather API,"Casalecchio di Reno, Bologna, Italy",44.4756,11.2759
2021-12-16T04:00:00+00:00,1.200,0.300,Open-Meteo Historical Weather API,"Casalecchio di Reno, Bologna, Italy",44.4756,11.2759
2021-12-16T05:00:00+00:00,0.800,-0.200,Open-Meteo Historical Weather API,"Casalecchio di Reno, Bologna, Italy",44.4756,11.2759
2021-12-16T06:00:00+00:00,0.400,-0.400,Open-Meteo Historical Weather API,"Casalecchio di Reno, Bologna, Italy",44.4756,11.2759
2021-12-16T07:00:00+00:00,0.000,-0.700,Open-Meteo Historical Weather API,"Casalecchio di Reno, Bologna, Italy",44.4756,11.2759
2021-12-16T08:00:00+00:00,2.200,1.000,Open-Meteo Historical Weather API,"Casalecchio di Reno, Bologna, Italy",44.4756,11.2759
2021-12-16T09:00:00+00:00,3.500,2.200,Open-Meteo Historical Weather API,"Casalecchio di Reno, Bologna, Italy",44.4756,11.2759
2021-12-16T10:00:00+00:00,5.100,3.200,Open-Meteo Historical Weather API,"Casalecchio di Reno, Bologna, Italy",44.4756,11.2759
2021-12-16T11:00:00+00:00,6.000,3.700,Open-Meteo Historical Weather API,"Casalecchio di Reno, Bologna, Italy",44.4756,11.2759
2021-12-16T12:00:00+00:00,7.200,3.500,Open-Meteo Historical Weather API,"Casalecchio di Reno, Bologna, Italy",44.4756,11.2759
2021-12-16T13:00:00+00:00,7.900,3.700,Open-Meteo Historical Weather API,"Casalecchio di Reno, Bologna, Italy",44.4756,11.2759
2021-12-16T14:00:00+00:00,8.100,3.700,Open-Meteo Historical Weather API,"Casalecchio di Reno, Bologna, Italy",44.4756,11.2759
2021-12-16T15:00:00+00:00,6.200,4.000,Open-Meteo Historical Weather API,"Casalecchio di Reno, Bologna, Italy",44.4756,11.2759
2021-12-16T16:00:00+00:00,4.500,2.800,Open-Meteo Historical Weather API,"Casalecchio di Reno, Bologna, Italy",44.4756,11.2759
2021-12-16T17:00:00+00:00,2.500,1.500,Open-Meteo Historical Weather API,"Casalecchio di Reno, Bologna, Italy",44.4756,11.2759
2021-12-16T18:00:00+00:00,1.700,1.000,Open-Meteo Historical Weather API,"Casalecchio di Reno, Bologna, Italy",44.4756,11.2759
2021-12-16T19:00:00+00:00,3.800,2.200,Open-Meteo Historical Weather API,"Casalecchio di Reno, Bologna, Italy",44.4756,11.2759
2021-12-16T20:00:00+00:00,2.300,1.100,Open-Meteo Historical Weather API,"Casalecchio di Reno, Bologna, Italy",44.4756,11.2759
2021-12-16T21:00:00+00:00,1.500,0.200,Open-Meteo Historical Weather API,"Casalecchio di Reno, Bologna, Italy",44.4756,11.2759
2021-12-16T22:00:00+00:00,2.000,0.400,Open-Meteo Historical Weather API,"Casalecchio di Reno, Bologna, Italy",44.4756,11.2759
2021-12-16T23:00:00+00:00,0.900,0.100,Open-Meteo Historical Weather API,"Casalecchio di Reno, Bologna, Italy",44.4756,11.2759
2021-12-17T00:00:00+00:00,1.500,0.800,Open-Meteo Historical Weather API,"Casalecchio di Reno, Bologna, Italy",44.4756,11.2759
2021-12-17T01:00:00+00:00,1.300,0.900,Open-Meteo Historical Weather API,"Casalecchio di Reno, Bologna, Italy",44.4756,11.2759
2021-12-17T02:00:00+00:00,1.800,1.000,Open-Meteo Historical Weather API,"Casalecchio di Reno, Bologna, Italy",44.4756,11.2759
2021-12-17T03:00:00+00:00,1.700,0.800,Open-Meteo Historical Weather API,"Casalecchio di Reno, Bologna, Italy",44.4756,11.2759
2021-12-17T04:00:00+00:00,1.700,0.600,Open-Meteo Historical Weather API,"Casalecchio di Reno, Bologna, Italy",44.4756,11.2759
2021-12-17T05:00:00+00:00,1.200,0.400,Open-Meteo Historical Weather API,"Casalecchio di Reno, Bologna, Italy",44.4756,11.2759
2021-12-17T06:00:00+00:00,1.500,0.400,Open-Meteo Historical Weather API,"Casalecchio di Reno, Bologna, Italy",44.4756,11.2759
2021-12-17T07:00:00+00:00,1.500,0.200,Open-Meteo Historical Weather API,"Casalecchio di Reno, Bologna, Italy",44.4756,11.2759
2021-12-17T08:00:00+00:00,3.500,1.200,Open-Meteo Historical Weather API,"Casalecchio di Reno, Bologna, Italy",44.4756,11.2759
2021-12-17T09:00:00+00:00,6.100,2.700,Open-Meteo Historical Weather API,"Casalecchio di Reno, Bologna, Italy",44.4756,11.2759
2021-12-17T10:00:00+00:00,7.700,3.300,Open-Meteo Historical Weather API,"Casalecchio di Reno, Bologna, Italy",44.4756,11.2759
2021-12-17T11:00:00+00:00,8.800,4.300,Open-Meteo Historical Weather API,"Casalecchio di Reno, Bologna, Italy",44.4756,11.2759
2021-12-17T12:00:00+00:00,8.800,4.000,Open-Meteo Historical Weather API,"Casalecchio di Reno, Bologna, Italy",44.4756,11.2759
2021-12-17T13:00:00+00:00,9.100,4.200,Open-Meteo Historical Weather API,"Casalecchio di Reno, Bologna, Italy",44.4756,11.2759
2021-12-17T14:00:00+00:00,8.300,4.300,Open-Meteo Historical Weather API,"Casalecchio di Reno, Bologna, Italy",44.4756,11.2759
2021-12-17T15:00:00+00:00,5.700,4.300,Open-Meteo Historical Weather API,"Casalecchio di Reno, Bologna, Italy",44.4756,11.2759
2021-12-17T16:00:00+00:00,6.300,4.200,Open-Meteo Historical Weather API,"Casalecchio di Reno, Bologna, Italy",44.4756,11.2759
2021-12-17T17:00:00+00:00,5.900,4.100,Open-Meteo Historical Weather API,"Casalecchio di Reno, Bologna, Italy",44.4756,11.2759
2021-12-17T18:00:00+00:00,4.900,3.800,Open-Meteo Historical Weather API,"Casalecchio di Reno, Bologna, Italy",44.4756,11.2759
2021-12-17T19:00:00+00:00,3.800,2.800,Open-Meteo Historical Weather API,"Casalecchio di Reno, Bologna, Italy",44.4756,11.2759
2021-12-17T20:00:00+00:00,3.000,1.200,Open-Meteo Historical Weather API,"Casalecchio di Reno, Bologna, Italy",44.4756,11.2759
2021-12-17T21:00:00+00:00,0.400,-0.800,Open-Meteo Historical Weather API,"Casalecchio di Reno, Bologna, Italy",44.4756,11.2759
2021-12-17T22:00:00+00:00,-0.700,-2.000,Open-Meteo Historical Weather API,"Casalecchio di Reno, Bologna, Italy",44.4756,11.2759
2021-12-17T23:00:00+00:00,-0.700,-2.700,Open-Meteo Historical Weather API,"Casalecchio di Reno, Bologna, Italy",44.4756,11.2759
2021-12-18T00:00:00+00:00,-1.500,-3.500,Open-Meteo Historical Weather API,"Casalecchio di Reno, Bologna, Italy",44.4756,11.2759
2021-12-18T01:00:00+00:00,-0.300,-4.600,Open-Meteo Historical Weather API,"Casalecchio di Reno, Bologna, Italy",44.4756,11.2759
2021-12-18T02:00:00+00:00,-0.100,-4.700,Open-Meteo Historical Weather API,"Casalecchio di Reno, Bologna, Italy",44.4756,11.2759
2021-12-18T03:00:00+00:00,0.900,-2.700,Open-Meteo Historical Weather API,"Casalecchio di Reno, Bologna, Italy",44.4756,11.2759
2021-12-18T04:00:00+00:00,0.600,-1.800,Open-Meteo Historical Weather API,"Casalecchio di Reno, Bologna, Italy",44.4756,11.2759
2021-12-18T05:00:00+00:00,0.000,-2.000,Open-Meteo Historical Weather API,"Casalecchio di Reno, Bologna, Italy",44.4756,11.2759
2021-12-18T06:00:00+00:00,2.200,-0.400,Open-Meteo Historical Weather API,"Casalecchio di Reno, Bologna, Italy",44.4756,11.2759
2021-12-18T07:00:00+00:00,0.200,-1.400,Open-Meteo Historical Weather API,"Casalecchio di Reno, Bologna, Italy",44.4756,11.2759
2021-12-18T08:00:00+00:00,1.500,-0.100,Open-Meteo Historical Weather API,"Casalecchio di Reno, Bologna, Italy",44.4756,11.2759
2021-12-18T09:00:00+00:00,2.700,1.000,Open-Meteo Historical Weather API,"Casalecchio di Reno, Bologna, Italy",44.4756,11.2759
2021-12-18T10:00:00+00:00,3.500,2.100,Open-Meteo Historical Weather API,"Casalecchio di Reno, Bologna, Italy",44.4756,11.2759
2021-12-18T11:00:00+00:00,4.300,3.000,Open-Meteo Historical Weather API,"Casalecchio di Reno, Bologna, Italy",44.4756,11.2759
2021-12-18T12:00:00+00:00,3.200,-0.200,Open-Meteo Historical Weather API,"Casalecchio di Reno, Bologna, Italy",44.4756,11.2759
2021-12-18T13:00:00+00:00,3.000,0.000,Open-Meteo Historical Weather API,"Casalecchio di Reno, Bologna, Italy",44.4756,11.2759
2021-12-18T14:00:00+00:00,3.000,0.200,Open-Meteo Historical Weather API,"Casalecchio di Reno, Bologna, Italy",44.4756,11.2759
2021-12-18T15:00:00+00:00,0.200,-0.400,Open-Meteo Historical Weather API,"Casalecchio di Reno, Bologna, Italy",44.4756,11.2759
2021-12-18T16:00:00+00:00,-1.600,-1.800,Open-Meteo Historical Weather API,"Casalecchio di Reno, Bologna, Italy",44.4756,11.2759
2021-12-18T17:00:00+00:00,-2.200,-2.200,Open-Meteo Historical Weather API,"Casalecchio di Reno, Bologna, Italy",44.4756,11.2759
2021-12-18T18:00:00+00:00,-2.000,-2.200,Open-Meteo Historical Weather API,"Casalecchio di Reno, Bologna, Italy",44.4756,11.2759
2021-12-18T19:00:00+00:00,-2.200,-2.500,Open-Meteo Historical Weather API,"Casalecchio di Reno, Bologna, Italy",44.4756,11.2759
2021-12-18T20:00:00+00:00,-0.800,-1.300,Open-Meteo Historical Weather API,"Casalecchio di Reno, Bologna, Italy",44.4756,11.2759
2021-12-18T21:00:00+00:00,-2.500,-3.000,Open-Meteo Historical Weather API,"Casalecchio di Reno, Bologna, Italy",44.4756,11.2759
2021-12-18T22:00:00+00:00,-2.200,-2.400,Open-Meteo Historical Weather API,"Casalecchio di Reno, Bologna, Italy",44.4756,11.2759
2021-12-18T23:00:00+00:00,-2.500,-2.800,Open-Meteo Historical Weather API,"Casalecchio di Reno, Bologna, Italy",44.4756,11.2759
2021-12-19T00:00:00+00:00,-2.000,-2.800,Open-Meteo Historical Weather API,"Casalecchio di Reno, Bologna, Italy",44.4756,11.2759
2021-12-19T01:00:00+00:00,-2.200,-3.000,Open-Meteo Historical Weather API,"Casalecchio di Reno, Bologna, Italy",44.4756,11.2759
2021-12-19T02:00:00+00:00,-2.000,-2.900,Open-Meteo Historical Weather API,"Casalecchio di Reno, Bologna, Italy",44.4756,11.2759
2021-12-19T03:00:00+00:00,-2.700,-3.800,Open-Meteo Historical Weather API,"Casalecchio di Reno, Bologna, Italy",44.4756,11.2759
2021-12-19T04:00:00+00:00,-2.500,-4.100,Open-Meteo Historical Weather API,"Casalecchio di Reno, Bologna, Italy",44.4756,11.2759
2021-12-19T05:00:00+00:00,-2.400,-4.400,Open-Meteo Historical Weather API,"Casalecchio di Reno, Bologna, Italy",44.4756,11.2759
2021-12-19T06:00:00+00:00,-2.500,-4.800,Open-Meteo Historical Weather API,"Casalecchio di Reno, Bologna, Italy",44.4756,11.2759
2021-12-19T07:00:00+00:00,-2.600,-5.200,Open-Meteo Historical Weather API,"Casalecchio di Reno, Bologna, Italy",44.4756,11.2759
2021-12-19T08:00:00+00:00,-0.100,-4.800,Open-Meteo Historical Weather API,"Casalecchio di Reno, Bologna, Italy",44.4756,11.2759
2021-12-19T09:00:00+00:00,2.500,-3.800,Open-Meteo Historical Weather API,"Casalecchio di Reno, Bologna, Italy",44.4756,11.2759
2021-12-19T10:00:00+00:00,5.200,-3.200,Open-Meteo Historical Weather API,"Casalecchio di Reno, Bologna, Italy",44.4756,11.2759
2021-12-19T11:00:00+00:00,6.600,-1.700,Open-Meteo Historical Weather API,"Casalecchio di Reno, Bologna, Italy",44.4756,11.2759
2021-12-19T12:00:00+00:00,5.800,0.300,Open-Meteo Historical Weather API,"Casalecchio di Reno, Bologna, Italy",44.4756,11.2759
2021-12-19T13:00:00+00:00,5.600,0.600,Open-Meteo Historical Weather API,"Casalecchio di Reno, Bologna, Italy",44.4756,11.2759
2021-12-19T14:00:00+00:00,5.200,1.900,Open-Meteo Historical Weather API,"Casalecchio di Reno, Bologna, Italy",44.4756,11.2759
2021-12-19T15:00:00+00:00,2.600,0.800,Open-Meteo Historical Weather API,"Casalecchio di Reno, Bologna, Italy",44.4756,11.2759
2021-12-19T16:00:00+00:00,0.200,-1.100,Open-Meteo Historical Weather API,"Casalecchio di Reno, Bologna, Italy",44.4756,11.2759
2021-12-19T17:00:00+00:00,1.900,0.300,Open-Meteo Historical Weather API,"Casalecchio di Reno, Bologna, Italy",44.4756,11.2759
2021-12-19T18:00:00+00:00,1.600,-0.100,Open-Meteo Historical Weather API,"Casalecchio di Reno, Bologna, Italy",44.4756,11.2759
2021-12-19T19:00:00+00:00,1.800,-0.400,Open-Meteo Historical Weather API,"Casalecchio di Reno, Bologna, Italy",44.4756,11.2759
2021-12-19T20:00:00+00:00,2.100,-0.400,Open-Meteo Historical Weather API,"Casalecchio di Reno, Bologna, Italy",44.4756,11.2759
2021-12-19T21:00:00+00:00,2.300,-0.300,Open-Meteo Historical Weather API,"Casalecchio di Reno, Bologna, Italy",44.4756,11.2759
2021-12-19T22:00:00+00:00,2.700,-0.200,Open-Meteo Historical Weather API,"Casalecchio di Reno, Bologna, Italy",44.4756,11.2759
2021-12-19T23:00:00+00:00,2.800,0.000,Open-Meteo Historical Weather API,"Casalecchio di Reno, Bologna, Italy",44.4756,11.2759
2021-12-20T00:00:00+00:00,3.200,-1.300,Open-Meteo Historical Weather API,"Casalecchio di Reno, Bologna, Italy",44.4756,11.2759
2021-12-20T01:00:00+00:00,3.600,-0.900,Open-Meteo Historical Weather API,"Casalecchio di Reno, Bologna, Italy",44.4756,11.2759
2021-12-20T02:00:00+00:00,3.800,0.000,Open-Meteo Historical Weather API,"Casalecchio di Reno, Bologna, Italy",44.4756,11.2759
2021-12-20T03:00:00+00:00,3.300,0.800,Open-Meteo Historical Weather API,"Casalecchio di Reno, Bologna, Italy",44.4756,11.2759
2021-12-20T04:00:00+00:00,4.100,1.500,Open-Meteo Historical Weather API,"Casalecchio di Reno, Bologna, Italy",44.4756,11.2759
2021-12-20T05:00:00+00:00,4.100,1.600,Open-Meteo Historical Weather API,"Casalecchio di Reno, Bologna, Italy",44.4756,11.2759
2021-12-20T06:00:00+00:00,1.500,0.100,Open-Meteo Historical Weather API,"Casalecchio di Reno, Bologna, Italy",44.4756,11.2759
2021-12-20T07:00:00+00:00,2.500,1.200,Open-Meteo Historical Weather API,"Casalecchio di Reno, Bologna, Italy",44.4756,11.2759
2021-12-20T08:00:00+00:00,1.800,0.300,Open-Meteo Historical Weather API,"Casalecchio di Reno, Bologna, Italy",44.4756,11.2759
2021-12-20T09:00:00+00:00,3.100,0.500,Open-Meteo Historical Weather API,"Casalecchio di Reno, Bologna, Italy",44.4756,11.2759
2021-12-20T10:00:00+00:00,5.500,1.500,Open-Meteo Historical Weather API,"Casalecchio di Reno, Bologna, Italy",44.4756,11.2759
2021-12-20T11:00:00+00:00,6.200,2.400,Open-Meteo Historical Weather API,"Casalecchio di Reno, Bologna, Italy",44.4756,11.2759
2021-12-20T12:00:00+00:00,8.400,3.200,Open-Meteo Historical Weather API,"Casalecchio di Reno, Bologna, Italy",44.4756,11.2759
2021-12-20T13:00:00+00:00,7.600,3.200,Open-Meteo Historical Weather API,"Casalecchio di Reno, Bologna, Italy",44.4756,11.2759
2021-12-20T14:00:00+00:00,5.200,3.000,Open-Meteo Historical Weather API,"Casalecchio di Reno, Bologna, Italy",44.4756,11.2759
2021-12-20T15:00:00+00:00,3.200,2.700,Open-Meteo Historical Weather API,"Casalecchio di Reno, Bologna, Italy",44.4756,11.2759
2021-12-20T16:00:00+00:00,1.800,1.300,Open-Meteo Historical Weather API,"Casalecchio di Reno, Bologna, Italy",44.4756,11.2759
2021-12-20T17:00:00+00:00,1.200,0.600,Open-Meteo Historical Weather API,"Casalecchio di Reno, Bologna, Italy",44.4756,11.2759
2021-12-20T18:00:00+00:00,-0.200,-0.800,Open-Meteo Historical Weather API,"Casalecchio di Reno, Bologna, Italy",44.4756,11.2759
2021-12-20T19:00:00+00:00,2.300,1.300,Open-Meteo Historical Weather API,"Casalecchio di Reno, Bologna, Italy",44.4756,11.2759
2021-12-20T20:00:00+00:00,1.900,1.100,Open-Meteo Historical Weather API,"Casalecchio di Reno, Bologna, Italy",44.4756,11.2759
2021-12-20T21:00:00+00:00,2.200,1.500,Open-Meteo Historical Weather API,"Casalecchio di Reno, Bologna, Italy",44.4756,11.2759
2021-12-20T22:00:00+00:00,2.500,1.900,Open-Meteo Historical Weather API,"Casalecchio di Reno, Bologna, Italy",44.4756,11.2759
2021-12-20T23:00:00+00:00,2.000,1.300,Open-Meteo Historical Weather API,"Casalecchio di Reno, Bologna, Italy",44.4756,11.2759
2021-12-21T00:00:00+00:00,2.500,1.900,Open-Meteo Historical Weather API,"Casalecchio di Reno, Bologna, Italy",44.4756,11.2759
2021-12-21T01:00:00+00:00,2.700,2.000,Open-Meteo Historical Weather API,"Casalecchio di Reno, Bologna, Italy",44.4756,11.2759
2021-12-21T02:00:00+00:00,2.600,1.900,Open-Meteo Historical Weather API,"Casalecchio di Reno, Bologna, Italy",44.4756,11.2759
2021-12-21T03:00:00+00:00,2.200,1.500,Open-Meteo Historical Weather API,"Casalecchio di Reno, Bologna, Italy",44.4756,11.2759
2021-12-21T04:00:00+00:00,2.100,1.500,Open-Meteo Historical Weather API,"Casalecchio di Reno, Bologna, Italy",44.4756,11.2759
2021-12-21T05:00:00+00:00,2.500,2.000,Open-Meteo Historical Weather API,"Casalecchio di Reno, Bologna, Italy",44.4756,11.2759
2021-12-21T06:00:00+00:00,2.800,2.200,Open-Meteo Historical Weather API,"Casalecchio di Reno, Bologna, Italy",44.4756,11.2759
2021-12-21T07:00:00+00:00,2.800,2.400,Open-Meteo Historical Weather API,"Casalecchio di Reno, Bologna, Italy",44.4756,11.2759
2021-12-21T08:00:00+00:00,3.500,2.800,Open-Meteo Historical Weather API,"Casalecchio di Reno, Bologna, Italy",44.4756,11.2759
2021-12-21T09:00:00+00:00,4.200,3.300,Open-Meteo Historical Weather API,"Casalecchio di Reno, Bologna, Italy",44.4756,11.2759
2021-12-21T10:00:00+00:00,4.800,3.500,Open-Meteo Historical Weather API,"Casalecchio di Reno, Bologna, Italy",44.4756,11.2759
2021-12-21T11:00:00+00:00,5.400,3.700,Open-Meteo Historical Weather API,"Casalecchio di Reno, Bologna, Italy",44.4756,11.2759
2021-12-21T12:00:00+00:00,4.800,2.700,Open-Meteo Historical Weather API,"Casalecchio di Reno, Bologna, Italy",44.4756,11.2759
2021-12-21T13:00:00+00:00,5.200,2.700,Open-Meteo Historical Weather API,"Casalecchio di Reno, Bologna, Italy",44.4756,11.2759
2021-12-21T14:00:00+00:00,4.600,2.400,Open-Meteo Historical Weather API,"Casalecchio di Reno, Bologna, Italy",44.4756,11.2759
2021-12-21T15:00:00+00:00,4.300,2.300,Open-Meteo Historical Weather API,"Casalecchio di Reno, Bologna, Italy",44.4756,11.2759
2021-12-21T16:00:00+00:00,4.000,2.100,Open-Meteo Historical Weather API,"Casalecchio di Reno, Bologna, Italy",44.4756,11.2759
2021-12-21T17:00:00+00:00,3.800,2.000,Open-Meteo Historical Weather API,"Casalecchio di Reno, Bologna, Italy",44.4756,11.2759
2021-12-21T18:00:00+00:00,3.700,2.200,Open-Meteo Historical Weather API,"Casalecchio di Reno, Bologna, Italy",44.4756,11.2759
2021-12-21T19:00:00+00:00,3.700,2.200,Open-Meteo Historical Weather API,"Casalecchio di Reno, Bologna, Italy",44.4756,11.2759
2021-12-21T20:00:00+00:00,3.800,2.200,Open-Meteo Historical Weather API,"Casalecchio di Reno, Bologna, Italy",44.4756,11.2759
2021-12-21T21:00:00+00:00,3.800,2.200,Open-Meteo Historical Weather API,"Casalecchio di Reno, Bologna, Italy",44.4756,11.2759
2021-12-21T22:00:00+00:00,3.900,2.200,Open-Meteo Historical Weather API,"Casalecchio di Reno, Bologna, Italy",44.4756,11.2759
2021-12-21T23:00:00+00:00,3.800,2.100,Open-Meteo Historical Weather API,"Casalecchio di Reno, Bologna, Italy",44.4756,11.2759
2021-12-22T00:00:00+00:00,4.000,2.500,Open-Meteo Historical Weather API,"Casalecchio di Reno, Bologna, Italy",44.4756,11.2759
2021-12-22T01:00:00+00:00,4.000,2.500,Open-Meteo Historical Weather API,"Casalecchio di Reno, Bologna, Italy",44.4756,11.2759
2021-12-22T02:00:00+00:00,3.900,2.400,Open-Meteo Historical Weather API,"Casalecchio di Reno, Bologna, Italy",44.4756,11.2759
2021-12-22T03:00:00+00:00,3.800,2.500,Open-Meteo Historical Weather API,"Casalecchio di Reno, Bologna, Italy",44.4756,11.2759
2021-12-22T04:00:00+00:00,4.000,2.500,Open-Meteo Historical Weather API,"Casalecchio di Reno, Bologna, Italy",44.4756,11.2759
2021-12-22T05:00:00+00:00,3.500,2.300,Open-Meteo Historical Weather API,"Casalecchio di Reno, Bologna, Italy",44.4756,11.2759
2021-12-22T06:00:00+00:00,3.700,2.400,Open-Meteo Historical Weather API,"Casalecchio di Reno, Bologna, Italy",44.4756,11.2759
2021-12-22T07:00:00+00:00,3.500,2.500,Open-Meteo Historical Weather API,"Casalecchio di Reno, Bologna, Italy",44.4756,11.2759
2021-12-22T08:00:00+00:00,3.800,2.700,Open-Meteo Historical Weather API,"Casalecchio di Reno, Bologna, Italy",44.4756,11.2759
2021-12-22T09:00:00+00:00,4.700,2.500,Open-Meteo Historical Weather API,"Casalecchio di Reno, Bologna, Italy",44.4756,11.2759
2021-12-22T10:00:00+00:00,5.100,1.800,Open-Meteo Historical Weather API,"Casalecchio di Reno, Bologna, Italy",44.4756,11.2759
2021-12-22T11:00:00+00:00,5.600,1.500,Open-Meteo Historical Weather API,"Casalecchio di Reno, Bologna, Italy",44.4756,11.2759
2021-12-22T12:00:00+00:00,6.000,1.400,Open-Meteo Historical Weather API,"Casalecchio di Reno, Bologna, Italy",44.4756,11.2759
2021-12-22T13:00:00+00:00,6.400,1.200,Open-Meteo Historical Weather API,"Casalecchio di Reno, Bologna, Italy",44.4756,11.2759
2021-12-22T14:00:00+00:00,6.300,1.200,Open-Meteo Historical Weather API,"Casalecchio di Reno, Bologna, Italy",44.4756,11.2759
2021-12-22T15:00:00+00:00,4.700,2.000,Open-Meteo Historical Weather API,"Casalecchio di Reno, Bologna, Italy",44.4756,11.2759
2021-12-22T16:00:00+00:00,4.000,0.600,Open-Meteo Historical Weather API,"Casalecchio di Reno, Bologna, Italy",44.4756,11.2759
2021-12-22T17:00:00+00:00,1.500,-0.300,Open-Meteo Historical Weather API,"Casalecchio di Reno, Bologna, Italy",44.4756,11.2759
2021-12-22T18:00:00+00:00,2.200,0.400,Open-Meteo Historical Weather API,"Casalecchio di Reno, Bologna, Italy",44.4756,11.2759
2021-12-22T19:00:00+00:00,3.400,0.800,Open-Meteo Historical Weather API,"Casalecchio di Reno, Bologna, Italy",44.4756,11.2759
2021-12-22T20:00:00+00:00,3.900,0.600,Open-Meteo Historical Weather API,"Casalecchio di Reno, Bologna, Italy",44.4756,11.2759
2021-12-22T21:00:00+00:00,3.500,0.600,Open-Meteo Historical Weather API,"Casalecchio di Reno, Bologna, Italy",44.4756,11.2759
2021-12-22T22:00:00+00:00,3.200,0.600,Open-Meteo Historical Weather API,"Casalecchio di Reno, Bologna, Italy",44.4756,11.2759
2021-12-22T23:00:00+00:00,3.000,0.600,Open-Meteo Historical Weather API,"Casalecchio di Reno, Bologna, Italy",44.4756,11.2759
2021-12-23T00:00:00+00:00,2.800,0.300,Open-Meteo Historical Weather API,"Casalecchio di Reno, Bologna, Italy",44.4756,11.2759
2021-12-23T01:00:00+00:00,2.200,0.100,Open-Meteo Historical Weather API,"Casalecchio di Reno, Bologna, Italy",44.4756,11.2759
2021-12-23T02:00:00+00:00,2.200,-0.200,Open-Meteo Historical Weather API,"Casalecchio di Reno, Bologna, Italy",44.4756,11.2759
2021-12-23T03:00:00+00:00,2.000,-0.200,Open-Meteo Historical Weather API,"Casalecchio di Reno, Bologna, Italy",44.4756,11.2759
2021-12-23T04:00:00+00:00,0.800,-0.400,Open-Meteo Historical Weather API,"Casalecchio di Reno, Bologna, Italy",44.4756,11.2759
2021-12-23T05:00:00+00:00,0.000,-0.900,Open-Meteo Historical Weather API,"Casalecchio di Reno, Bologna, Italy",44.4756,11.2759
2021-12-23T06:00:00+00:00,0.400,-0.600,Open-Meteo Historical Weather API,"Casalecchio di Reno, Bologna, Italy",44.4756,11.2759
2021-12-23T07:00:00+00:00,0.300,-0.400,Open-Meteo Historical Weather API,"Casalecchio di Reno, Bologna, Italy",44.4756,11.2759
2021-12-23T08:00:00+00:00,1.100,0.100,Open-Meteo Historical Weather API,"Casalecchio di Reno, Bologna, Italy",44.4756,11.2759
2021-12-23T09:00:00+00:00,2.200,0.400,Open-Meteo Historical Weather API,"Casalecchio di Reno, Bologna, Italy",44.4756,11.2759
2021-12-23T10:00:00+00:00,2.200,0.400,Open-Meteo Historical Weather API,"Casalecchio di Reno, Bologna, Italy",44.4756,11.2759
2021-12-23T11:00:00+00:00,3.400,1.000,Open-Meteo Historical Weather API,"Casalecchio di Reno, Bologna, Italy",44.4756,11.2759
2021-12-23T12:00:00+00:00,3.300,1.400,Open-Meteo Historical Weather API,"Casalecchio di Reno, Bologna, Italy",44.4756,11.2759
2021-12-23T13:00:00+00:00,3.300,1.400,Open-Meteo Historical Weather API,"Casalecchio di Reno, Bologna, Italy",44.4756,11.2759
2021-12-23T14:00:00+00:00,3.400,1.500,Open-Meteo Historical Weather API,"Casalecchio di Reno, Bologna, Italy",44.4756,11.2759
2021-12-23T15:00:00+00:00,3.000,1.500,Open-Meteo Historical Weather API,"Casalecchio di Reno, Bologna, Italy",44.4756,11.2759
2021-12-23T16:00:00+00:00,2.200,1.500,Open-Meteo Historical Weather API,"Casalecchio di Reno, Bologna, Italy",44.4756,11.2759
2021-12-23T17:00:00+00:00,0.700,0.500,Open-Meteo Historical Weather API,"Casalecchio di Reno, Bologna, Italy",44.4756,11.2759
2021-12-23T18:00:00+00:00,2.300,1.500,Open-Meteo Historical Weather API,"Casalecchio di Reno, Bologna, Italy",44.4756,11.2759
2021-12-23T19:00:00+00:00,2.200,1.500,Open-Meteo Historical Weather API,"Casalecchio di Reno, Bologna, Italy",44.4756,11.2759
2021-12-23T20:00:00+00:00,1.900,1.400,Open-Meteo Historical Weather API,"Casalecchio di Reno, Bologna, Italy",44.4756,11.2759
2021-12-23T21:00:00+00:00,1.000,1.000,Open-Meteo Historical Weather API,"Casalecchio di Reno, Bologna, Italy",44.4756,11.2759
2021-12-23T22:00:00+00:00,1.500,1.200,Open-Meteo Historical Weather API,"Casalecchio di Reno, Bologna, Italy",44.4756,11.2759
2021-12-23T23:00:00+00:00,1.800,1.200,Open-Meteo Historical Weather API,"Casalecchio di Reno, Bologna, Italy",44.4756,11.2759
2021-12-24T00:00:00+00:00,2.000,1.200,Open-Meteo Historical Weather API,"Casalecchio di Reno, Bologna, Italy",44.4756,11.2759
2021-12-24T01:00:00+00:00,1.500,1.000,Open-Meteo Historical Weather API,"Casalecchio di Reno, Bologna, Italy",44.4756,11.2759
2021-12-24T02:00:00+00:00,1.600,1.000,Open-Meteo Historical Weather API,"Casalecchio di Reno, Bologna, Italy",44.4756,11.2759
2021-12-24T03:00:00+00:00,1.900,1.100,Open-Meteo Historical Weather API,"Casalecchio di Reno, Bologna, Italy",44.4756,11.2759
2021-12-24T04:00:00+00:00,1.400,1.100,Open-Meteo Historical Weather API,"Casalecchio di Reno, Bologna, Italy",44.4756,11.2759
2021-12-24T05:00:00+00:00,1.200,1.200,Open-Meteo Historical Weather API,"Casalecchio di Reno, Bologna, Italy",44.4756,11.2759
2021-12-24T06:00:00+00:00,1.800,1.500,Open-Meteo Historical Weather API,"Casalecchio di Reno, Bologna, Italy",44.4756,11.2759
2021-12-24T07:00:00+00:00,2.000,1.900,Open-Meteo Historical Weather API,"Casalecchio di Reno, Bologna, Italy",44.4756,11.2759
2021-12-24T08:00:00+00:00,2.400,2.200,Open-Meteo Historical Weather API,"Casalecchio di Reno, Bologna, Italy",44.4756,11.2759
2021-12-24T09:00:00+00:00,2.400,2.200,Open-Meteo Historical Weather API,"Casalecchio di Reno, Bologna, Italy",44.4756,11.2759
2021-12-24T10:00:00+00:00,2.700,2.500,Open-Meteo Historical Weather API,"Casalecchio di Reno, Bologna, Italy",44.4756,11.2759
2021-12-24T11:00:00+00:00,3.700,2.800,Open-Meteo Historical Weather API,"Casalecchio di Reno, Bologna, Italy",44.4756,11.2759
2021-12-24T12:00:00+00:00,3.300,2.000,Open-Meteo Historical Weather API,"Casalecchio di Reno, Bologna, Italy",44.4756,11.2759
2021-12-24T13:00:00+00:00,2.800,1.600,Open-Meteo Historical Weather API,"Casalecchio di Reno, Bologna, Italy",44.4756,11.2759
2021-12-24T14:00:00+00:00,2.400,1.700,Open-Meteo Historical Weather API,"Casalecchio di Reno, Bologna, Italy",44.4756,11.2759
2021-12-24T15:00:00+00:00,2.300,1.900,Open-Meteo Historical Weather API,"Casalecchio di Reno, Bologna, Italy",44.4756,11.2759
2021-12-24T16:00:00+00:00,1.800,1.800,Open-Meteo Historical Weather API,"Casalecchio di Reno, Bologna, Italy",44.4756,11.2759
2021-12-24T17:00:00+00:00,1.500,1.500,Open-Meteo Historical Weather API,"Casalecchio di Reno, Bologna, Italy",44.4756,11.2759
2021-12-24T18:00:00+00:00,1.200,1.200,Open-Meteo Historical Weather API,"Casalecchio di Reno, Bologna, Italy",44.4756,11.2759
2021-12-24T19:00:00+00:00,1.300,1.300,Open-Meteo Historical Weather API,"Casalecchio di Reno, Bologna, Italy",44.4756,11.2759
2021-12-24T20:00:00+00:00,1.900,1.900,Open-Meteo Historical Weather API,"Casalecchio di Reno, Bologna, Italy",44.4756,11.2759
2021-12-24T21:00:00+00:00,2.000,2.000,Open-Meteo Historical Weather API,"Casalecchio di Reno, Bologna, Italy",44.4756,11.2759
2021-12-24T22:00:00+00:00,2.100,2.100,Open-Meteo Historical Weather API,"Casalecchio di Reno, Bologna, Italy",44.4756,11.2759
2021-12-24T23:00:00+00:00,2.000,2.000,Open-Meteo Historical Weather API,"Casalecchio di Reno, Bologna, Italy",44.4756,11.2759
2021-12-25T00:00:00+00:00,1.900,0.900,Open-Meteo Historical Weather API,"Casalecchio di Reno, Bologna, Italy",44.4756,11.2759
2021-12-25T01:00:00+00:00,1.200,1.100,Open-Meteo Historical Weather API,"Casalecchio di Reno, Bologna, Italy",44.4756,11.2759
2021-12-25T02:00:00+00:00,1.500,0.600,Open-Meteo Historical Weather API,"Casalecchio di Reno, Bologna, Italy",44.4756,11.2759
2021-12-25T03:00:00+00:00,1.700,0.900,Open-Meteo Historical Weather API,"Casalecchio di Reno, Bologna, Italy",44.4756,11.2759
2021-12-25T04:00:00+00:00,1.600,1.600,Open-Meteo Historical Weather API,"Casalecchio di Reno, Bologna, Italy",44.4756,11.2759
2021-12-25T05:00:00+00:00,1.800,1.800,Open-Meteo Historical Weather API,"Casalecchio di Reno, Bologna, Italy",44.4756,11.2759
2021-12-25T06:00:00+00:00,2.000,1.900,Open-Meteo Historical Weather API,"Casalecchio di Reno, Bologna, Italy",44.4756,11.2759
2021-12-25T07:00:00+00:00,1.900,1.400,Open-Meteo Historical Weather API,"Casalecchio di Reno, Bologna, Italy",44.4756,11.2759
2021-12-25T08:00:00+00:00,1.800,1.800,Open-Meteo Historical Weather API,"Casalecchio di Reno, Bologna, Italy",44.4756,11.2759
2021-12-25T09:00:00+00:00,2.000,2.000,Open-Meteo Historical Weather API,"Casalecchio di Reno, Bologna, Italy",44.4756,11.2759
2021-12-25T10:00:00+00:00,2.700,2.700,Open-Meteo Historical Weather API,"Casalecchio di Reno, Bologna, Italy",44.4756,11.2759
2021-12-25T11:00:00+00:00,3.400,3.200,Open-Meteo Historical Weather API,"Casalecchio di Reno, Bologna, Italy",44.4756,11.2759
2021-12-25T12:00:00+00:00,2.500,2.500,Open-Meteo Historical Weather API,"Casalecchio di Reno, Bologna, Italy",44.4756,11.2759
2021-12-25T13:00:00+00:00,3.000,2.900,Open-Meteo Historical Weather API,"Casalecchio di Reno, Bologna, Italy",44.4756,11.2759
2021-12-25T14:00:00+00:00,2.800,2.800,Open-Meteo Historical Weather API,"Casalecchio di Reno, Bologna, Italy",44.4756,11.2759
2021-12-25T15:00:00+00:00,2.800,2.800,Open-Meteo Historical Weather API,"Casalecchio di Reno, Bologna, Italy",44.4756,11.2759
2021-12-25T16:00:00+00:00,2.700,2.700,Open-Meteo Historical Weather API,"Casalecchio di Reno, Bologna, Italy",44.4756,11.2759
2021-12-25T17:00:00+00:00,2.800,2.800,Open-Meteo Historical Weather API,"Casalecchio di Reno, Bologna, Italy",44.4756,11.2759
2021-12-25T18:00:00+00:00,3.000,3.000,Open-Meteo Historical Weather API,"Casalecchio di Reno, Bologna, Italy",44.4756,11.2759
2021-12-25T19:00:00+00:00,3.400,3.200,Open-Meteo Historical Weather API,"Casalecchio di Reno, Bologna, Italy",44.4756,11.2759
2021-12-25T20:00:00+00:00,3.800,3.500,Open-Meteo Historical Weather API,"Casalecchio di Reno, Bologna, Italy",44.4756,11.2759
2021-12-25T21:00:00+00:00,4.000,3.700,Open-Meteo Historical Weather API,"Casalecchio di Reno, Bologna, Italy",44.4756,11.2759
2021-12-25T22:00:00+00:00,4.100,3.800,Open-Meteo Historical Weather API,"Casalecchio di Reno, Bologna, Italy",44.4756,11.2759
2021-12-25T23:00:00+00:00,4.200,3.700,Open-Meteo Historical Weather API,"Casalecchio di Reno, Bologna, Italy",44.4756,11.2759
2021-12-26T00:00:00+00:00,5.200,4.300,Open-Meteo Historical Weather API,"Casalecchio di Reno, Bologna, Italy",44.4756,11.2759
2021-12-26T01:00:00+00:00,5.600,4.400,Open-Meteo Historical Weather API,"Casalecchio di Reno, Bologna, Italy",44.4756,11.2759
2021-12-26T02:00:00+00:00,3.700,3.100,Open-Meteo Historical Weather API,"Casalecchio di Reno, Bologna, Italy",44.4756,11.2759
2021-12-26T03:00:00+00:00,3.700,3.200,Open-Meteo Historical Weather API,"Casalecchio di Reno, Bologna, Italy",44.4756,11.2759
2021-12-26T04:00:00+00:00,2.500,2.300,Open-Meteo Historical Weather API,"Casalecchio di Reno, Bologna, Italy",44.4756,11.2759
2021-12-26T05:00:00+00:00,2.300,2.200,Open-Meteo Historical Weather API,"Casalecchio di Reno, Bologna, Italy",44.4756,11.2759
2021-12-26T06:00:00+00:00,3.200,2.800,Open-Meteo Historical Weather API,"Casalecchio di Reno, Bologna, Italy",44.4756,11.2759
2021-12-26T07:00:00+00:00,3.600,3.000,Open-Meteo Historical Weather API,"Casalecchio di Reno, Bologna, Italy",44.4756,11.2759
2021-12-26T08:00:00+00:00,3.800,3.500,Open-Meteo Historical Weather API,"Casalecchio di Reno, Bologna, Italy",44.4756,11.2759
2021-12-26T09:00:00+00:00,3.500,3.500,Open-Meteo Historical Weather API,"Casalecchio di Reno, Bologna, Italy",44.4756,11.2759
2021-12-26T10:00:00+00:00,3.800,3.500,Open-Meteo Historical Weather API,"Casalecchio di Reno, Bologna, Italy",44.4756,11.2759
2021-12-26T11:00:00+00:00,4.600,4.100,Open-Meteo Historical Weather API,"Casalecchio di Reno, Bologna, Italy",44.4756,11.2759
2021-12-26T12:00:00+00:00,4.500,4.000,Open-Meteo Historical Weather API,"Casalecchio di Reno, Bologna, Italy",44.4756,11.2759
2021-12-26T13:00:00+00:00,4.800,4.200,Open-Meteo Historical Weather API,"Casalecchio di Reno, Bologna, Italy",44.4756,11.2759
2021-12-26T14:00:00+00:00,5.200,4.600,Open-Meteo Historical Weather API,"Casalecchio di Reno, Bologna, Italy",44.4756,11.2759
2021-12-26T15:00:00+00:00,5.100,4.600,Open-Meteo Historical Weather API,"Casalecchio di Reno, Bologna, Italy",44.4756,11.2759
2021-12-26T16:00:00+00:00,4.900,4.700,Open-Meteo Historical Weather API,"Casalecchio di Reno, Bologna, Italy",44.4756,11.2759
2021-12-26T17:00:00+00:00,4.800,4.600,Open-Meteo Historical Weather API,"Casalecchio di Reno, Bologna, Italy",44.4756,11.2759
2021-12-26T18:00:00+00:00,4.600,4.400,Open-Meteo Historical Weather API,"Casalecchio di Reno, Bologna, Italy",44.4756,11.2759
2021-12-26T19:00:00+00:00,4.800,4.600,Open-Meteo Historical Weather API,"Casalecchio di Reno, Bologna, Italy",44.4756,11.2759
2021-12-26T20:00:00+00:00,4.900,4.700,Open-Meteo Historical Weather API,"Casalecchio di Reno, Bologna, Italy",44.4756,11.2759
2021-12-26T21:00:00+00:00,4.900,4.700,Open-Meteo Historical Weather API,"Casalecchio di Reno, Bologna, Italy",44.4756,11.2759
2021-12-26T22:00:00+00:00,5.100,4.800,Open-Meteo Historical Weather API,"Casalecchio di Reno, Bologna, Italy",44.4756,11.2759
2021-12-26T23:00:00+00:00,5.200,4.900,Open-Meteo Historical Weather API,"Casalecchio di Reno, Bologna, Italy",44.4756,11.2759
2021-12-27T00:00:00+00:00,5.300,5.200,Open-Meteo Historical Weather API,"Casalecchio di Reno, Bologna, Italy",44.4756,11.2759
2021-12-27T01:00:00+00:00,4.800,4.600,Open-Meteo Historical Weather API,"Casalecchio di Reno, Bologna, Italy",44.4756,11.2759
2021-12-27T02:00:00+00:00,3.900,3.800,Open-Meteo Historical Weather API,"Casalecchio di Reno, Bologna, Italy",44.4756,11.2759
2021-12-27T03:00:00+00:00,4.800,4.600,Open-Meteo Historical Weather API,"Casalecchio di Reno, Bologna, Italy",44.4756,11.2759
2021-12-27T04:00:00+00:00,5.200,4.800,Open-Meteo Historical Weather API,"Casalecchio di Reno, Bologna, Italy",44.4756,11.2759
2021-12-27T05:00:00+00:00,5.300,5.000,Open-Meteo Historical Weather API,"Casalecchio di Reno, Bologna, Italy",44.4756,11.2759
2021-12-27T06:00:00+00:00,5.200,4.800,Open-Meteo Historical Weather API,"Casalecchio di Reno, Bologna, Italy",44.4756,11.2759
2021-12-27T07:00:00+00:00,5.400,5.100,Open-Meteo Historical Weather API,"Casalecchio di Reno, Bologna, Italy",44.4756,11.2759
2021-12-27T08:00:00+00:00,6.100,5.300,Open-Meteo Historical Weather API,"Casalecchio di Reno, Bologna, Italy",44.4756,11.2759
2021-12-27T09:00:00+00:00,6.400,5.700,Open-Meteo Historical Weather API,"Casalecchio di Reno, Bologna, Italy",44.4756,11.2759
2021-12-27T10:00:00+00:00,6.300,5.800,Open-Meteo Historical Weather API,"Casalecchio di Reno, Bologna, Italy",44.4756,11.2759
2021-12-27T11:00:00+00:00,6.300,5.900,Open-Meteo Historical Weather API,"Casalecchio di Reno, Bologna, Italy",44.4756,11.2759
2021-12-27T12:00:00+00:00,6.500,6.200,Open-Meteo Historical Weather API,"Casalecchio di Reno, Bologna, Italy",44.4756,11.2759
2021-12-27T13:00:00+00:00,6.800,6.100,Open-Meteo Historical Weather API,"Casalecchio di Reno, Bologna, Italy",44.4756,11.2759
2021-12-27T14:00:00+00:00,6.600,6.200,Open-Meteo Historical Weather API,"Casalecchio di Reno, Bologna, Italy",44.4756,11.2759
2021-12-27T15:00:00+00:00,6.500,6.200,Open-Meteo Historical Weather API,"Casalecchio di Reno, Bologna, Italy",44.4756,11.2759
2021-12-27T16:00:00+00:00,6.200,6.100,Open-Meteo Historical Weather API,"Casalecchio di Reno, Bologna, Italy",44.4756,11.2759
2021-12-27T17:00:00+00:00,5.900,5.900,Open-Meteo Historical Weather API,"Casalecchio di Reno, Bologna, Italy",44.4756,11.2759
2021-12-27T18:00:00+00:00,5.900,5.800,Open-Meteo Historical Weather API,"Casalecchio di Reno, Bologna, Italy",44.4756,11.2759
2021-12-27T19:00:00+00:00,5.900,5.800,Open-Meteo Historical Weather API,"Casalecchio di Reno, Bologna, Italy",44.4756,11.2759
2021-12-27T20:00:00+00:00,5.800,5.800,Open-Meteo Historical Weather API,"Casalecchio di Reno, Bologna, Italy",44.4756,11.2759
2021-12-27T21:00:00+00:00,5.900,5.800,Open-Meteo Historical Weather API,"Casalecchio di Reno, Bologna, Italy",44.4756,11.2759
2021-12-27T22:00:00+00:00,6.000,5.900,Open-Meteo Historical Weather API,"Casalecchio di Reno, Bologna, Italy",44.4756,11.2759
2021-12-27T23:00:00+00:00,5.900,5.800,Open-Meteo Historical Weather API,"Casalecchio di Reno, Bologna, Italy",44.4756,11.2759
2021-12-28T00:00:00+00:00,6.200,6.200,Open-Meteo Historical Weather API,"Casalecchio di Reno, Bologna, Italy",44.4756,11.2759
2021-12-28T01:00:00+00:00,6.500,6.300,Open-Meteo Historical Weather API,"Casalecchio di Reno, Bologna, Italy",44.4756,11.2759
2021-12-28T02:00:00+00:00,6.400,6.100,Open-Meteo Historical Weather API,"Casalecchio di Reno, Bologna, Italy",44.4756,11.2759
2021-12-28T03:00:00+00:00,6.200,6.100,Open-Meteo Historical Weather API,"Casalecchio di Reno, Bologna, Italy",44.4756,11.2759
2021-12-28T04:00:00+00:00,6.200,6.100,Open-Meteo Historical Weather API,"Casalecchio di Reno, Bologna, Italy",44.4756,11.2759
2021-12-28T05:00:00+00:00,6.100,6.000,Open-Meteo Historical Weather API,"Casalecchio di Reno, Bologna, Italy",44.4756,11.2759
2021-12-28T06:00:00+00:00,6.100,5.900,Open-Meteo Historical Weather API,"Casalecchio di Reno, Bologna, Italy",44.4756,11.2759
2021-12-28T07:00:00+00:00,5.600,5.600,Open-Meteo Historical Weather API,"Casalecchio di Reno, Bologna, Italy",44.4756,11.2759
2021-12-28T08:00:00+00:00,5.900,5.800,Open-Meteo Historical Weather API,"Casalecchio di Reno, Bologna, Italy",44.4756,11.2759
2021-12-28T09:00:00+00:00,5.900,5.800,Open-Meteo Historical Weather API,"Casalecchio di Reno, Bologna, Italy",44.4756,11.2759
2021-12-28T10:00:00+00:00,6.200,5.800,Open-Meteo Historical Weather API,"Casalecchio di Reno, Bologna, Italy",44.4756,11.2759
2021-12-28T11:00:00+00:00,6.700,6.100,Open-Meteo Historical Weather API,"Casalecchio di Reno, Bologna, Italy",44.4756,11.2759
2021-12-28T12:00:00+00:00,7.300,6.300,Open-Meteo Historical Weather API,"Casalecchio di Reno, Bologna, Italy",44.4756,11.2759
2021-12-28T13:00:00+00:00,7.700,6.600,Open-Meteo Historical Weather API,"Casalecchio di Reno, Bologna, Italy",44.4756,11.2759
2021-12-28T14:00:00+00:00,7.700,6.600,Open-Meteo Historical Weather API,"Casalecchio di Reno, Bologna, Italy",44.4756,11.2759
2021-12-28T15:00:00+00:00,7.400,6.500,Open-Meteo Historical Weather API,"Casalecchio di Reno, Bologna, Italy",44.4756,11.2759
2021-12-28T16:00:00+00:00,6.700,6.300,Open-Meteo Historical Weather API,"Casalecchio di Reno, Bologna, Italy",44.4756,11.2759
2021-12-28T17:00:00+00:00,6.200,6.200,Open-Meteo Historical Weather API,"Casalecchio di Reno, Bologna, Italy",44.4756,11.2759
2021-12-28T18:00:00+00:00,6.200,6.100,Open-Meteo Historical Weather API,"Casalecchio di Reno, Bologna, Italy",44.4756,11.2759
2021-12-28T19:00:00+00:00,6.200,6.000,Open-Meteo Historical Weather API,"Casalecchio di Reno, Bologna, Italy",44.4756,11.2759
2021-12-28T20:00:00+00:00,6.100,5.900,Open-Meteo Historical Weather API,"Casalecchio di Reno, Bologna, Italy",44.4756,11.2759
2021-12-28T21:00:00+00:00,5.700,5.700,Open-Meteo Historical Weather API,"Casalecchio di Reno, Bologna, Italy",44.4756,11.2759
2021-12-28T22:00:00+00:00,5.300,5.200,Open-Meteo Historical Weather API,"Casalecchio di Reno, Bologna, Italy",44.4756,11.2759
2021-12-28T23:00:00+00:00,5.600,5.400,Open-Meteo Historical Weather API,"Casalecchio di Reno, Bologna, Italy",44.4756,11.2759
2021-12-29T00:00:00+00:00,5.400,5.300,Open-Meteo Historical Weather API,"Casalecchio di Reno, Bologna, Italy",44.4756,11.2759
2021-12-29T01:00:00+00:00,5.800,5.200,Open-Meteo Historical Weather API,"Casalecchio di Reno, Bologna, Italy",44.4756,11.2759
2021-12-29T02:00:00+00:00,4.200,3.800,Open-Meteo Historical Weather API,"Casalecchio di Reno, Bologna, Italy",44.4756,11.2759
2021-12-29T03:00:00+00:00,3.800,3.300,Open-Meteo Historical Weather API,"Casalecchio di Reno, Bologna, Italy",44.4756,11.2759
2021-12-29T04:00:00+00:00,3.700,3.200,Open-Meteo Historical Weather API,"Casalecchio di Reno, Bologna, Italy",44.4756,11.2759
2021-12-29T05:00:00+00:00,4.000,3.500,Open-Meteo Historical Weather API,"Casalecchio di Reno, Bologna, Italy",44.4756,11.2759
2021-12-29T06:00:00+00:00,4.000,3.600,Open-Meteo Historical Weather API,"Casalecchio di Reno, Bologna, Italy",44.4756,11.2759
2021-12-29T07:00:00+00:00,4.300,3.800,Open-Meteo Historical Weather API,"Casalecchio di Reno, Bologna, Italy",44.4756,11.2759
2021-12-29T08:00:00+00:00,4.900,4.300,Open-Meteo Historical Weather API,"Casalecchio di Reno, Bologna, Italy",44.4756,11.2759
2021-12-29T09:00:00+00:00,5.900,5.300,Open-Meteo Historical Weather API,"Casalecchio di Reno, Bologna, Italy",44.4756,11.2759
2021-12-29T10:00:00+00:00,7.000,5.900,Open-Meteo Historical Weather API,"Casalecchio di Reno, Bologna, Italy",44.4756,11.2759
2021-12-29T11:00:00+00:00,7.600,6.200,Open-Meteo Historical Weather API,"Casalecchio di Reno, Bologna, Italy",44.4756,11.2759
2021-12-29T12:00:00+00:00,8.000,6.100,Open-Meteo Historical Weather API,"Casalecchio di Reno, Bologna, Italy",44.4756,11.2759
2021-12-29T13:00:00+00:00,8.200,6.600,Open-Meteo Historical Weather API,"Casalecchio di Reno, Bologna, Italy",44.4756,11.2759
2021-12-29T14:00:00+00:00,7.500,6.200,Open-Meteo Historical Weather API,"Casalecchio di Reno, Bologna, Italy",44.4756,11.2759
2021-12-29T15:00:00+00:00,6.700,6.000,Open-Meteo Historical Weather API,"Casalecchio di Reno, Bologna, Italy",44.4756,11.2759
2021-12-29T16:00:00+00:00,6.000,5.800,Open-Meteo Historical Weather API,"Casalecchio di Reno, Bologna, Italy",44.4756,11.2759
2021-12-29T17:00:00+00:00,5.600,5.300,Open-Meteo Historical Weather API,"Casalecchio di Reno, Bologna, Italy",44.4756,11.2759
2021-12-29T18:00:00+00:00,6.700,6.100,Open-Meteo Historical Weather API,"Casalecchio di Reno, Bologna, Italy",44.4756,11.2759
2021-12-29T19:00:00+00:00,6.400,5.800,Open-Meteo Historical Weather API,"Casalecchio di Reno, Bologna, Italy",44.4756,11.2759
2021-12-29T20:00:00+00:00,5.700,5.600,Open-Meteo Historical Weather API,"Casalecchio di Reno, Bologna, Italy",44.4756,11.2759
2021-12-29T21:00:00+00:00,5.800,5.600,Open-Meteo Historical Weather API,"Casalecchio di Reno, Bologna, Italy",44.4756,11.2759
2021-12-29T22:00:00+00:00,4.700,4.500,Open-Meteo Historical Weather API,"Casalecchio di Reno, Bologna, Italy",44.4756,11.2759
2021-12-29T23:00:00+00:00,3.300,3.300,Open-Meteo Historical Weather API,"Casalecchio di Reno, Bologna, Italy",44.4756,11.2759
2021-12-30T00:00:00+00:00,3.800,3.800,Open-Meteo Historical Weather API,"Casalecchio di Reno, Bologna, Italy",44.4756,11.2759
2021-12-30T01:00:00+00:00,3.800,3.500,Open-Meteo Historical Weather API,"Casalecchio di Reno, Bologna, Italy",44.4756,11.2759
2021-12-30T02:00:00+00:00,3.000,2.500,Open-Meteo Historical Weather API,"Casalecchio di Reno, Bologna, Italy",44.4756,11.2759
2021-12-30T03:00:00+00:00,3.100,2.800,Open-Meteo Historical Weather API,"Casalecchio di Reno, Bologna, Italy",44.4756,11.2759
2021-12-30T04:00:00+00:00,2.500,2.300,Open-Meteo Historical Weather API,"Casalecchio di Reno, Bologna, Italy",44.4756,11.2759
2021-12-30T05:00:00+00:00,2.500,2.300,Open-Meteo Historical Weather API,"Casalecchio di Reno, Bologna, Italy",44.4756,11.2759
2021-12-30T06:00:00+00:00,2.700,2.300,Open-Meteo Historical Weather API,"Casalecchio di Reno, Bologna, Italy",44.4756,11.2759
2021-12-30T07:00:00+00:00,3.200,2.300,Open-Meteo Historical Weather API,"Casalecchio di Reno, Bologna, Italy",44.4756,11.2759
2021-12-30T08:00:00+00:00,5.200,3.500,Open-Meteo Historical Weather API,"Casalecchio di Reno, Bologna, Italy",44.4756,11.2759
2021-12-30T09:00:00+00:00,6.600,4.800,Open-Meteo Historical Weather API,"Casalecchio di Reno, Bologna, Italy",44.4756,11.2759
2021-12-30T10:00:00+00:00,7.300,5.700,Open-Meteo Historical Weather API,"Casalecchio di Reno, Bologna, Italy",44.4756,11.2759
2021-12-30T11:00:00+00:00,8.400,6.300,Open-Meteo Historical Weather API,"Casalecchio di Reno, Bologna, Italy",44.4756,11.2759
2021-12-30T12:00:00+00:00,7.700,5.400,Open-Meteo Historical Weather API,"Casalecchio di Reno, Bologna, Italy",44.4756,11.2759
2021-12-30T13:00:00+00:00,7.900,5.600,Open-Meteo Historical Weather API,"Casalecchio di Reno, Bologna, Italy",44.4756,11.2759
2021-12-30T14:00:00+00:00,7.600,5.600,Open-Meteo Historical Weather API,"Casalecchio di Reno, Bologna, Italy",44.4756,11.2759
2021-12-30T15:00:00+00:00,7.000,5.600,Open-Meteo Historical Weather API,"Casalecchio di Reno, Bologna, Italy",44.4756,11.2759
2021-12-30T16:00:00+00:00,5.200,4.100,Open-Meteo Historical Weather API,"Casalecchio di Reno, Bologna, Italy",44.4756,11.2759
2021-12-30T17:00:00+00:00,6.800,4.900,Open-Meteo Historical Weather API,"Casalecchio di Reno, Bologna, Italy",44.4756,11.2759
2021-12-30T18:00:00+00:00,6.500,4.700,Open-Meteo Historical Weather API,"Casalecchio di Reno, Bologna, Italy",44.4756,11.2759
2021-12-30T19:00:00+00:00,2.900,2.500,Open-Meteo Historical Weather API,"Casalecchio di Reno, Bologna, Italy",44.4756,11.2759
2021-12-30T20:00:00+00:00,3.500,2.900,Open-Meteo Historical Weather API,"Casalecchio di Reno, Bologna, Italy",44.4756,11.2759
2021-12-30T21:00:00+00:00,2.300,2.000,Open-Meteo Historical Weather API,"Casalecchio di Reno, Bologna, Italy",44.4756,11.2759
2021-12-30T22:00:00+00:00,2.800,2.300,Open-Meteo Historical Weather API,"Casalecchio di Reno, Bologna, Italy",44.4756,11.2759
2021-12-30T23:00:00+00:00,2.400,2.000,Open-Meteo Historical Weather API,"Casalecchio di Reno, Bologna, Italy",44.4756,11.2759
2021-12-31T00:00:00+00:00,3.000,2.300,Open-Meteo Historical Weather API,"Casalecchio di Reno, Bologna, Italy",44.4756,11.2759
2021-12-31T01:00:00+00:00,3.000,2.600,Open-Meteo Historical Weather API,"Casalecchio di Reno, Bologna, Italy",44.4756,11.2759
2021-12-31T02:00:00+00:00,3.300,2.700,Open-Meteo Historical Weather API,"Casalecchio di Reno, Bologna, Italy",44.4756,11.2759
2021-12-31T03:00:00+00:00,3.100,2.100,Open-Meteo Historical Weather API,"Casalecchio di Reno, Bologna, Italy",44.4756,11.2759
2021-12-31T04:00:00+00:00,2.000,1.400,Open-Meteo Historical Weather API,"Casalecchio di Reno, Bologna, Italy",44.4756,11.2759
2021-12-31T05:00:00+00:00,1.500,1.000,Open-Meteo Historical Weather API,"Casalecchio di Reno, Bologna, Italy",44.4756,11.2759
2021-12-31T06:00:00+00:00,3.000,1.600,Open-Meteo Historical Weather API,"Casalecchio di Reno, Bologna, Italy",44.4756,11.2759
2021-12-31T07:00:00+00:00,3.900,1.800,Open-Meteo Historical Weather API,"Casalecchio di Reno, Bologna, Italy",44.4756,11.2759
2021-12-31T08:00:00+00:00,4.200,2.100,Open-Meteo Historical Weather API,"Casalecchio di Reno, Bologna, Italy",44.4756,11.2759
2021-12-31T09:00:00+00:00,5.700,2.800,Open-Meteo Historical Weather API,"Casalecchio di Reno, Bologna, Italy",44.4756,11.2759
2021-12-31T10:00:00+00:00,6.800,3.500,Open-Meteo Historical Weather API,"Casalecchio di Reno, Bologna, Italy",44.4756,11.2759
2021-12-31T11:00:00+00:00,6.900,4.600,Open-Meteo Historical Weather API,"Casalecchio di Reno, Bologna, Italy",44.4756,11.2759
2021-12-31T12:00:00+00:00,7.000,5.600,Open-Meteo Historical Weather API,"Casalecchio di Reno, Bologna, Italy",44.4756,11.2759
2021-12-31T13:00:00+00:00,6.900,5.400,Open-Meteo Historical Weather API,"Casalecchio di Reno, Bologna, Italy",44.4756,11.2759
2021-12-31T14:00:00+00:00,7.100,5.800,Open-Meteo Historical Weather API,"Casalecchio di Reno, Bologna, Italy",44.4756,11.2759
2021-12-31T15:00:00+00:00,6.800,5.900,Open-Meteo Historical Weather API,"Casalecchio di Reno, Bologna, Italy",44.4756,11.2759
2021-12-31T16:00:00+00:00,6.700,5.900,Open-Meteo Historical Weather API,"Casalecchio di Reno, Bologna, Italy",44.4756,11.2759
2021-12-31T17:00:00+00:00,7.200,5.900,Open-Meteo Historical Weather API,"Casalecchio di Reno, Bologna, Italy",44.4756,11.2759
2021-12-31T18:00:00+00:00,3.900,3.500,Open-Meteo Historical Weather API,"Casalecchio di Reno, Bologna, Italy",44.4756,11.2759
2021-12-31T19:00:00+00:00,4.200,3.200,Open-Meteo Historical Weather API,"Casalecchio di Reno, Bologna, Italy",44.4756,11.2759
2021-12-31T20:00:00+00:00,3.000,2.200,Open-Meteo Historical Weather API,"Casalecchio di Reno, Bologna, Italy",44.4756,11.2759
2021-12-31T21:00:00+00:00,3.700,2.700,Open-Meteo Historical Weather API,"Casalecchio di Reno, Bologna, Italy",44.4756,11.2759
2021-12-31T22:00:00+00:00,3.800,2.800,Open-Meteo Historical Weather API,"Casalecchio di Reno, Bologna, Italy",44.4756,11.2759
2021-12-31T23:00:00+00:00,3.800,2.800,Open-Meteo Historical Weather API,"Casalecchio di Reno, Bologna, Italy",44.4756,11.2759
2022-01-01T00:00:00+00:00,4.000,3.100,Open-Meteo Historical Weather API,"Casalecchio di Reno, Bologna, Italy",44.4756,11.2759
2022-01-01T01:00:00+00:00,4.000,3.000,Open-Meteo Historical Weather API,"Casalecchio di Reno, Bologna, Italy",44.4756,11.2759
2022-01-01T02:00:00+00:00,2.000,1.500,Open-Meteo Historical Weather API,"Casalecchio di Reno, Bologna, Italy",44.4756,11.2759
2022-01-01T03:00:00+00:00,1.900,1.800,Open-Meteo Historical Weather API,"Casalecchio di Reno, Bologna, Italy",44.4756,11.2759
2022-01-01T04:00:00+00:00,4.400,4.000,Open-Meteo Historical Weather API,"Casalecchio di Reno, Bologna, Italy",44.4756,11.2759
2022-01-01T05:00:00+00:00,4.000,3.800,Open-Meteo Historical Weather API,"Casalecchio di Reno, Bologna, Italy",44.4756,11.2759
2022-01-01T06:00:00+00:00,1.800,1.800,Open-Meteo Historical Weather API,"Casalecchio di Reno, Bologna, Italy",44.4756,11.2759
2022-01-01T07:00:00+00:00,0.900,0.800,Open-Meteo Historical Weather API,"Casalecchio di Reno, Bologna, Italy",44.4756,11.2759
2022-01-01T08:00:00+00:00,3.700,3.000,Open-Meteo Historical Weather API,"Casalecchio di Reno, Bologna, Italy",44.4756,11.2759
2022-01-01T09:00:00+00:00,4.900,3.700,Open-Meteo Historical Weather API,"Casalecchio di Reno, Bologna, Italy",44.4756,11.2759
2022-01-01T10:00:00+00:00,6.800,4.500,Open-Meteo Historical Weather API,"Casalecchio di Reno, Bologna, Italy",44.4756,11.2759
2022-01-01T11:00:00+00:00,7.700,5.200,Open-Meteo Historical Weather API,"Casalecchio di Reno, Bologna, Italy",44.4756,11.2759
2022-01-01T12:00:00+00:00,6.600,4.400,Open-Meteo Historical Weather API,"Casalecchio di Reno, Bologna, Italy",44.4756,11.2759
2022-01-01T13:00:00+00:00,7.200,5.200,Open-Meteo Historical Weather API,"Casalecchio di Reno, Bologna, Italy",44.4756,11.2759
2022-01-01T14:00:00+00:00,5.600,4.300,Open-Meteo Historical Weather API,"Casalecchio di Reno, Bologna, Italy",44.4756,11.2759
2022-01-01T15:00:00+00:00,5.100,4.300,Open-Meteo Historical Weather API,"Casalecchio di Reno, Bologna, Italy",44.4756,11.2759
2022-01-01T16:00:00+00:00,4.100,3.500,Open-Meteo Historical Weather API,"Casalecchio di Reno, Bologna, Italy",44.4756,11.2759
2022-01-01T17:00:00+00:00,5.200,4.800,Open-Meteo Historical Weather API,"Casalecchio di Reno, Bologna, Italy",44.4756,11.2759
2022-01-01T18:00:00+00:00,3.300,3.300,Open-Meteo Historical Weather API,"Casalecchio di Reno, Bologna, Italy",44.4756,11.2759
2022-01-01T19:00:00+00:00,2.100,2.100,Open-Meteo Historical Weather API,"Casalecchio di Reno, Bologna, Italy",44.4756,11.2759
2022-01-01T20:00:00+00:00,2.500,2.500,Open-Meteo Historical Weather API,"Casalecchio di Reno, Bologna, Italy",44.4756,11.2759
2022-01-01T21:00:00+00:00,2.500,2.500,Open-Meteo Historical Weather API,"Casalecchio di Reno, Bologna, Italy",44.4756,11.2759
2022-01-01T22:00:00+00:00,3.200,3.000,Open-Meteo Historical Weather API,"Casalecchio di Reno, Bologna, Italy",44.4756,11.2759
2022-01-01T23:00:00+00:00,4.000,3.500,Open-Meteo Historical Weather API,"Casalecchio di Reno, Bologna, Italy",44.4756,11.2759
2022-01-02T00:00:00+00:00,1.400,0.800,Open-Meteo Historical Weather API,"Casalecchio di Reno, Bologna, Italy",44.4756,11.2759
2022-01-02T01:00:00+00:00,0.600,-0.100,Open-Meteo Historical Weather API,"Casalecchio di Reno, Bologna, Italy",44.4756,11.2759
2022-01-02T02:00:00+00:00,0.200,-0.400,Open-Meteo Historical Weather API,"Casalecchio di Reno, Bologna, Italy",44.4756,11.2759
2022-01-02T03:00:00+00:00,0.000,-0.800,Open-Meteo Historical Weather API,"Casalecchio di Reno, Bologna, Italy",44.4756,11.2759
2022-01-02T04:00:00+00:00,0.100,-1.000,Open-Meteo Historical Weather API,"Casalecchio di Reno, Bologna, Italy",44.4756,11.2759
2022-01-02T05:00:00+00:00,0.600,-0.900,Open-Meteo Historical Weather API,"Casalecchio di Reno, Bologna, Italy",44.4756,11.2759
2022-01-02T06:00:00+00:00,0.500,-1.000,Open-Meteo Historical Weather API,"Casalecchio di Reno, Bologna, Italy",44.4756,11.2759
2022-01-02T07:00:00+00:00,1.100,-0.400,Open-Meteo Historical Weather API,"Casalecchio di Reno, Bologna, Italy",44.4756,11.2759
2022-01-02T08:00:00+00:00,3.500,1.500,Open-Meteo Historical Weather API,"Casalecchio di Reno, Bologna, Italy",44.4756,11.2759
2022-01-02T09:00:00+00:00,6.100,3.100,Open-Meteo Historical Weather API,"Casalecchio di Reno, Bologna, Italy",44.4756,11.2759
2022-01-02T10:00:00+00:00,7.800,4.600,Open-Meteo Historical Weather API,"Casalecchio di Reno, Bologna, Italy",44.4756,11.2759
2022-01-02T11:00:00+00:00,8.700,5.800,Open-Meteo Historical Weather API,"Casalecchio di Reno, Bologna, Italy",44.4756,11.2759
2022-01-02T12:00:00+00:00,9.900,5.300,Open-Meteo Historical Weather API,"Casalecchio di Reno, Bologna, Italy",44.4756,11.2759
2022-01-02T13:00:00+00:00,10.600,6.800,Open-Meteo Historical Weather API,"Casalecchio di Reno, Bologna, Italy",44.4756,11.2759
2022-01-02T14:00:00+00:00,9.700,7.200,Open-Meteo Historical Weather API,"Casalecchio di Reno, Bologna, Italy",44.4756,11.2759
2022-01-02T15:00:00+00:00,7.400,6.600,Open-Meteo Historical Weather API,"Casalecchio di Reno, Bologna, Italy",44.4756,11.2759
2022-01-02T16:00:00+00:00,7.500,6.400,Open-Meteo Historical Weather API,"Casalecchio di Reno, Bologna, Italy",44.4756,11.2759
2022-01-02T17:00:00+00:00,6.800,6.300,Open-Meteo Historical Weather API,"Casalecchio di Reno, Bologna, Italy",44.4756,11.2759
2022-01-02T18:00:00+00:00,6.300,6.100,Open-Meteo Historical Weather API,"Casalecchio di Reno, Bologna, Italy",44.4756,11.2759
2022-01-02T19:00:00+00:00,5.900,5.700,Open-Meteo Historical Weather API,"Casalecchio di Reno, Bologna, Italy",44.4756,11.2759
2022-01-02T20:00:00+00:00,5.500,4.500,Open-Meteo Historical Weather API,"Casalecchio di Reno, Bologna, Italy",44.4756,11.2759
2022-01-02T21:00:00+00:00,5.700,4.400,Open-Meteo Historical Weather API,"Casalecchio di Reno, Bologna, Italy",44.4756,11.2759
2022-01-02T22:00:00+00:00,5.400,4.000,Open-Meteo Historical Weather API,"Casalecchio di Reno, Bologna, Italy",44.4756,11.2759
2022-01-02T23:00:00+00:00,2.400,1.100,Open-Meteo Historical Weather API,"Casalecchio di Reno, Bologna, Italy",44.4756,11.2759
2022-01-03T00:00:00+00:00,3.800,2.000,Open-Meteo Historical Weather API,"Casalecchio di Reno, Bologna, Italy",44.4756,11.2759
2022-01-03T01:00:00+00:00,4.200,2.500,Open-Meteo Historical Weather API,"Casalecchio di Reno, Bologna, Italy",44.4756,11.2759
2022-01-03T02:00:00+00:00,1.200,0.400,Open-Meteo Historical Weather API,"Casalecchio di Reno, Bologna, Italy",44.4756,11.2759
2022-01-03T03:00:00+00:00,3.000,1.800,Open-Meteo Historical Weather API,"Casalecchio di Reno, Bologna, Italy",44.4756,11.2759
2022-01-03T04:00:00+00:00,2.400,1.600,Open-Meteo Historical Weather API,"Casalecchio di Reno, Bologna, Italy",44.4756,11.2759
2022-01-03T05:00:00+00:00,4.400,3.000,Open-Meteo Historical Weather API,"Casalecchio di Reno, Bologna, Italy",44.4756,11.2759
2022-01-03T06:00:00+00:00,3.200,2.100,Open-Meteo Historical Weather API,"Casalecchio di Reno, Bologna, Italy",44.4756,11.2759
2022-01-03T07:00:00+00:00,3.900,2.800,Open-Meteo Historical Weather API,"Casalecchio di Reno, Bologna, Italy",44.4756,11.2759
2022-01-03T08:00:00+00:00,3.700,2.800,Open-Meteo Historical Weather API,"Casalecchio di Reno, Bologna, Italy",44.4756,11.2759
2022-01-03T09:00:00+00:00,4.700,3.900,Open-Meteo Historical Weather API,"Casalecchio di Reno, Bologna, Italy",44.4756,11.2759
2022-01-03T10:00:00+00:00,5.800,3.700,Open-Meteo Historical Weather API,"Casalecchio di Reno, Bologna, Italy",44.4756,11.2759
2022-01-03T11:00:00+00:00,5.800,4.700,Open-Meteo Historical Weather API,"Casalecchio di Reno, Bologna, Italy",44.4756,11.2759
2022-01-03T12:00:00+00:00,6.400,3.900,Open-Meteo Historical Weather API,"Casalecchio di Reno, Bologna, Italy",44.4756,11.2759
2022-01-03T13:00:00+00:00,5.900,3.800,Open-Meteo Historical Weather API,"Casalecchio di Reno, Bologna, Italy",44.4756,11.2759
2022-01-03T14:00:00+00:00,5.700,3.500,Open-Meteo Historical Weather API,"Casalecchio di Reno, Bologna, Italy",44.4756,11.2759
2022-01-03T15:00:00+00:00,5.100,3.900,Open-Meteo Historical Weather API,"Casalecchio di Reno, Bologna, Italy",44.4756,11.2759
2022-01-03T16:00:00+00:00,3.200,2.900,Open-Meteo Historical Weather API,"Casalecchio di Reno, Bologna, Italy",44.4756,11.2759
2022-01-03T17:00:00+00:00,4.800,4.500,Open-Meteo Historical Weather API,"Casalecchio di Reno, Bologna, Italy",44.4756,11.2759
2022-01-03T18:00:00+00:00,2.800,2.800,Open-Meteo Historical Weather API,"Casalecchio di Reno, Bologna, Italy",44.4756,11.2759
2022-01-03T19:00:00+00:00,4.300,4.200,Open-Meteo Historical Weather API,"Casalecchio di Reno, Bologna, Italy",44.4756,11.2759
2022-01-03T20:00:00+00:00,3.500,3.400,Open-Meteo Historical Weather API,"Casalecchio di Reno, Bologna, Italy",44.4756,11.2759
2022-01-03T21:00:00+00:00,4.200,3.600,Open-Meteo Historical Weather API,"Casalecchio di Reno, Bologna, Italy",44.4756,11.2759
2022-01-03T22:00:00+00:00,3.500,2.900,Open-Meteo Historical Weather API,"Casalecchio di Reno, Bologna, Italy",44.4756,11.2759
2022-01-03T23:00:00+00:00,2.500,2.100,Open-Meteo Historical Weather API,"Casalecchio di Reno, Bologna, Italy",44.4756,11.2759
2022-01-04T00:00:00+00:00,1.400,0.900,Open-Meteo Historical Weather API,"Casalecchio di Reno, Bologna, Italy",44.4756,11.2759
2022-01-04T01:00:00+00:00,2.300,1.500,Open-Meteo Historical Weather API,"Casalecchio di Reno, Bologna, Italy",44.4756,11.2759
2022-01-04T02:00:00+00:00,2.000,1.100,Open-Meteo Historical Weather API,"Casalecchio di Reno, Bologna, Italy",44.4756,11.2759
2022-01-04T03:00:00+00:00,1.500,0.800,Open-Meteo Historical Weather API,"Casalecchio di Reno, Bologna, Italy",44.4756,11.2759
2022-01-04T04:00:00+00:00,1.100,0.300,Open-Meteo Historical Weather API,"Casalecchio di Reno, Bologna, Italy",44.4756,11.2759
2022-01-04T05:00:00+00:00,2.300,0.300,Open-Meteo Historical Weather API,"Casalecchio di Reno, Bologna, Italy",44.4756,11.2759
2022-01-04T06:00:00+00:00,2.000,-0.100,Open-Meteo Historical Weather API,"Casalecchio di Reno, Bologna, Italy",44.4756,11.2759
2022-01-04T07:00:00+00:00,1.800,0.000,Open-Meteo Historical Weather API,"Casalecchio di Reno, Bologna, Italy",44.4756,11.2759
2022-01-04T08:00:00+00:00,2.800,0.900,Open-Meteo Historical Weather API,"Casalecchio di Reno, Bologna, Italy",44.4756,11.2759
2022-01-04T09:00:00+00:00,4.000,1.500,Open-Meteo Historical Weather API,"Casalecchio di Reno, Bologna, Italy",44.4756,11.2759
2022-01-04T10:00:00+00:00,5.600,2.800,Open-Meteo Historical Weather API,"Casalecchio di Reno, Bologna, Italy",44.4756,11.2759
2022-01-04T11:00:00+00:00,6.600,3.000,Open-Meteo Historical Weather API,"Casalecchio di Reno, Bologna, Italy",44.4756,11.2759
2022-01-04T12:00:00+00:00,5.800,1.100,Open-Meteo Historical Weather API,"Casalecchio di Reno, Bologna, Italy",44.4756,11.2759
2022-01-04T13:00:00+00:00,5.300,2.900,Open-Meteo Historical Weather API,"Casalecchio di Reno, Bologna, Italy",44.4756,11.2759
2022-01-04T14:00:00+00:00,4.200,3.000,Open-Meteo Historical Weather API,"Casalecchio di Reno, Bologna, Italy",44.4756,11.2759
2022-01-04T15:00:00+00:00,3.000,2.200,Open-Meteo Historical Weather API,"Casalecchio di Reno, Bologna, Italy",44.4756,11.2759
2022-01-04T16:00:00+00:00,2.700,1.700,Open-Meteo Historical Weather API,"Casalecchio di Reno, Bologna, Italy",44.4756,11.2759
2022-01-04T17:00:00+00:00,5.200,3.000,Open-Meteo Historical Weather API,"Casalecchio di Reno, Bologna, Italy",44.4756,11.2759
2022-01-04T18:00:00+00:00,9.100,5.600,Open-Meteo Historical Weather API,"Casalecchio di Reno, Bologna, Italy",44.4756,11.2759
2022-01-04T19:00:00+00:00,9.900,6.600,Open-Meteo Historical Weather API,"Casalecchio di Reno, Bologna, Italy",44.4756,11.2759
2022-01-04T20:00:00+00:00,8.400,6.000,Open-Meteo Historical Weather API,"Casalecchio di Reno, Bologna, Italy",44.4756,11.2759
2022-01-04T21:00:00+00:00,5.900,4.600,Open-Meteo Historical Weather API,"Casalecchio di Reno, Bologna, Italy",44.4756,11.2759
2022-01-04T22:00:00+00:00,6.700,5.200,Open-Meteo Historical Weather API,"Casalecchio di Reno, Bologna, Italy",44.4756,11.2759
2022-01-04T23:00:00+00:00,8.600,6.200,Open-Meteo Historical Weather API,"Casalecchio di Reno, Bologna, Italy",44.4756,11.2759
2022-01-05T00:00:00+00:00,8.200,3.800,Open-Meteo Historical Weather API,"Casalecchio di Reno, Bologna, Italy",44.4756,11.2759
2022-01-05T01:00:00+00:00,8.200,4.400,Open-Meteo Historical Weather API,"Casalecchio di Reno, Bologna, Italy",44.4756,11.2759
2022-01-05T02:00:00+00:00,5.000,3.800,Open-Meteo Historical Weather API,"Casalecchio di Reno, Bologna, Italy",44.4756,11.2759
2022-01-05T03:00:00+00:00,9.100,6.700,Open-Meteo Historical Weather API,"Casalecchio di Reno, Bologna, Italy",44.4756,11.2759
2022-01-05T04:00:00+00:00,9.100,6.800,Open-Meteo Historical Weather API,"Casalecchio di Reno, Bologna, Italy",44.4756,11.2759
2022-01-05T05:00:00+00:00,7.200,5.500,Open-Meteo Historical Weather API,"Casalecchio di Reno, Bologna, Italy",44.4756,11.2759
2022-01-05T06:00:00+00:00,7.300,5.600,Open-Meteo Historical Weather API,"Casalecchio di Reno, Bologna, Italy",44.4756,11.2759
2022-01-05T07:00:00+00:00,10.100,7.500,Open-Meteo Historical Weather API,"Casalecchio di Reno, Bologna, Italy",44.4756,11.2759
2022-01-05T08:00:00+00:00,10.600,7.800,Open-Meteo Historical Weather API,"Casalecchio di Reno, Bologna, Italy",44.4756,11.2759
2022-01-05T09:00:00+00:00,11.400,8.400,Open-Meteo Historical Weather API,"Casalecchio di Reno, Bologna, Italy",44.4756,11.2759
2022-01-05T10:00:00+00:00,11.600,8.400,Open-Meteo Historical Weather API,"Casalecchio di Reno, Bologna, Italy",44.4756,11.2759
2022-01-05T11:00:00+00:00,12.400,8.800,Open-Meteo Historical Weather API,"Casalecchio di Reno, Bologna, Italy",44.4756,11.2759
2022-01-05T12:00:00+00:00,13.900,8.400,Open-Meteo Historical Weather API,"Casalecchio di Reno, Bologna, Italy",44.4756,11.2759
2022-01-05T13:00:00+00:00,11.100,8.000,Open-Meteo Historical Weather API,"Casalecchio di Reno, Bologna, Italy",44.4756,11.2759
2022-01-05T14:00:00+00:00,8.600,6.300,Open-Meteo Historical Weather API,"Casalecchio di Reno, Bologna, Italy",44.4756,11.2759
2022-01-05T15:00:00+00:00,6.200,5.100,Open-Meteo Historical Weather API,"Casalecchio di Reno, Bologna, Italy",44.4756,11.2759
2022-01-05T16:00:00+00:00,4.600,4.200,Open-Meteo Historical Weather API,"Casalecchio di Reno, Bologna, Italy",44.4756,11.2759
2022-01-05T17:00:00+00:00,5.700,4.800,Open-Meteo Historical Weather API,"Casalecchio di Reno, Bologna, Italy",44.4756,11.2759
2022-01-05T18:00:00+00:00,5.700,4.800,Open-Meteo Historical Weather API,"Casalecchio di Reno, Bologna, Italy",44.4756,11.2759
2022-01-05T19:00:00+00:00,5.300,4.800,Open-Meteo Historical Weather API,"Casalecchio di Reno, Bologna, Italy",44.4756,11.2759
2022-01-05T20:00:00+00:00,5.600,4.100,Open-Meteo Historical Weather API,"Casalecchio di Reno, Bologna, Italy",44.4756,11.2759
2022-01-05T21:00:00+00:00,4.600,3.000,Open-Meteo Historical Weather API,"Casalecchio di Reno, Bologna, Italy",44.4756,11.2759
2022-01-05T22:00:00+00:00,2.000,1.700,Open-Meteo Historical Weather API,"Casalecchio di Reno, Bologna, Italy",44.4756,11.2759
2022-01-05T23:00:00+00:00,1.300,1.100,Open-Meteo Historical Weather API,"Casalecchio di Reno, Bologna, Italy",44.4756,11.2759
2022-01-06T00:00:00+00:00,3.600,2.400,Open-Meteo Historical Weather API,"Casalecchio di Reno, Bologna, Italy",44.4756,11.2759
2022-01-06T01:00:00+00:00,2.500,2.000,Open-Meteo Historical Weather API,"Casalecchio di Reno, Bologna, Italy",44.4756,11.2759
2022-01-06T02:00:00+00:00,2.200,1.700,Open-Meteo Historical Weather API,"Casalecchio di Reno, Bologna, Italy",44.4756,11.2759
2022-01-06T03:00:00+00:00,1.700,1.500,Open-Meteo Historical Weather API,"Casalecchio di Reno, Bologna, Italy",44.4756,11.2759
2022-01-06T04:00:00+00:00,1.500,1.400,Open-Meteo Historical Weather API,"Casalecchio di Reno, Bologna, Italy",44.4756,11.2759
2022-01-06T05:00:00+00:00,1.500,1.200,Open-Meteo Historical Weather API,"Casalecchio di Reno, Bologna, Italy",44.4756,11.2759
2022-01-06T06:00:00+00:00,1.700,1.500,Open-Meteo Historical Weather API,"Casalecchio di Reno, Bologna, Italy",44.4756,11.2759
2022-01-06T07:00:00+00:00,2.200,1.500,Open-Meteo Historical Weather API,"Casalecchio di Reno, Bologna, Italy",44.4756,11.2759
2022-01-06T08:00:00+00:00,2.700,1.700,Open-Meteo Historical Weather API,"Casalecchio di Reno, Bologna, Italy",44.4756,11.2759
2022-01-06T09:00:00+00:00,3.000,1.900,Open-Meteo Historical Weather API,"Casalecchio di Reno, Bologna, Italy",44.4756,11.2759
2022-01-06T10:00:00+00:00,3.700,1.900,Open-Meteo Historical Weather API,"Casalecchio di Reno, Bologna, Italy",44.4756,11.2759
2022-01-06T11:00:00+00:00,4.200,2.200,Open-Meteo Historical Weather API,"Casalecchio di Reno, Bologna, Italy",44.4756,11.2759
2022-01-06T12:00:00+00:00,3.700,2.500,Open-Meteo Historical Weather API,"Casalecchio di Reno, Bologna, Italy",44.4756,11.2759
2022-01-06T13:00:00+00:00,4.400,2.500,Open-Meteo Historical Weather API,"Casalecchio di Reno, Bologna, Italy",44.4756,11.2759
2022-01-06T14:00:00+00:00,5.100,2.700,Open-Meteo Historical Weather API,"Casalecchio di Reno, Bologna, Italy",44.4756,11.2759
2022-01-06T15:00:00+00:00,4.800,2.600,Open-Meteo Historical Weather API,"Casalecchio di Reno, Bologna, Italy",44.4756,11.2759
2022-01-06T16:00:00+00:00,3.700,2.000,Open-Meteo Historical Weather API,"Casalecchio di Reno, Bologna, Italy",44.4756,11.2759
2022-01-06T17:00:00+00:00,3.200,1.300,Open-Meteo Historical Weather API,"Casalecchio di Reno, Bologna, Italy",44.4756,11.2759
2022-01-06T18:00:00+00:00,3.200,1.500,Open-Meteo Historical Weather API,"Casalecchio di Reno, Bologna, Italy",44.4756,11.2759
2022-01-06T19:00:00+00:00,2.000,0.800,Open-Meteo Historical Weather API,"Casalecchio di Reno, Bologna, Italy",44.4756,11.2759
2022-01-06T20:00:00+00:00,0.400,-0.500,Open-Meteo Historical Weather API,"Casalecchio di Reno, Bologna, Italy",44.4756,11.2759
2022-01-06T21:00:00+00:00,-0.400,-1.200,Open-Meteo Historical Weather API,"Casalecchio di Reno, Bologna, Italy",44.4756,11.2759
2022-01-06T22:00:00+00:00,0.200,-0.600,Open-Meteo Historical Weather API,"Casalecchio di Reno, Bologna, Italy",44.4756,11.2759
2022-01-06T23:00:00+00:00,0.200,-0.600,Open-Meteo Historical Weather API,"Casalecchio di Reno, Bologna, Italy",44.4756,11.2759
2022-01-07T00:00:00+00:00,0.300,-0.400,Open-Meteo Historical Weather API,"Casalecchio di Reno, Bologna, Italy",44.4756,11.2759
2022-01-07T01:00:00+00:00,0.800,-0.200,Open-Meteo Historical Weather API,"Casalecchio di Reno, Bologna, Italy",44.4756,11.2759
2022-01-07T02:00:00+00:00,-0.600,-1.500,Open-Meteo Historical Weather API,"Casalecchio di Reno, Bologna, Italy",44.4756,11.2759
2022-01-07T03:00:00+00:00,0.600,-0.400,Open-Meteo Historical Weather API,"Casalecchio di Reno, Bologna, Italy",44.4756,11.2759
2022-01-07T04:00:00+00:00,0.600,-0.300,Open-Meteo Historical Weather API,"Casalecchio di Reno, Bologna, Italy",44.4756,11.2759
2022-01-07T05:00:00+00:00,0.300,-0.500,Open-Meteo Historical Weather API,"Casalecchio di Reno, Bologna, Italy",44.4756,11.2759
2022-01-07T06:00:00+00:00,0.400,-0.400,Open-Meteo Historical Weather API,"Casalecchio di Reno, Bologna, Italy",44.4756,11.2759
2022-01-07T07:00:00+00:00,0.000,-0.900,Open-Meteo Historical Weather API,"Casalecchio di Reno, Bologna, Italy",44.4756,11.2759
2022-01-07T08:00:00+00:00,0.800,-0.400,Open-Meteo Historical Weather API,"Casalecchio di Reno, Bologna, Italy",44.4756,11.2759
2022-01-07T09:00:00+00:00,2.500,0.500,Open-Meteo Historical Weather API,"Casalecchio di Reno, Bologna, Italy",44.4756,11.2759
2022-01-07T10:00:00+00:00,3.500,1.100,Open-Meteo Historical Weather API,"Casalecchio di Reno, Bologna, Italy",44.4756,11.2759
2022-01-07T11:00:00+00:00,4.400,1.400,Open-Meteo Historical Weather API,"Casalecchio di Reno, Bologna, Italy",44.4756,11.2759
2022-01-07T12:00:00+00:00,4.600,1.200,Open-Meteo Historical Weather API,"Casalecchio di Reno, Bologna, Italy",44.4756,11.2759
2022-01-07T13:00:00+00:00,5.000,0.900,Open-Meteo Historical Weather API,"Casalecchio di Reno, Bologna, Italy",44.4756,11.2759
2022-01-07T14:00:00+00:00,4.900,0.600,Open-Meteo Historical Weather API,"Casalecchio di Reno, Bologna, Italy",44.4756,11.2759
2022-01-07T15:00:00+00:00,4.000,1.000,Open-Meteo Historical Weather API,"Casalecchio di Reno, Bologna, Italy",44.4756,11.2759
2022-01-07T16:00:00+00:00,3.500,-0.100,Open-Meteo Historical Weather API,"Casalecchio di Reno, Bologna, Italy",44.4756,11.2759
2022-01-07T17:00:00+00:00,3.100,-0.200,Open-Meteo Historical Weather API,"Casalecchio di Reno, Bologna, Italy",44.4756,11.2759
2022-01-07T18:00:00+00:00,-0.700,-2.000,Open-Meteo Historical Weather API,"Casalecchio di Reno, Bologna, Italy",44.4756,11.2759
2022-01-07T19:00:00+00:00,-0.400,-1.500,Open-Meteo Historical Weather API,"Casalecchio di Reno, Bologna, Italy",44.4756,11.2759
2022-01-07T20:00:00+00:00,-1.100,-2.100,Open-Meteo Historical Weather API,"Casalecchio di Reno, Bologna, Italy",44.4756,11.2759
2022-01-07T21:00:00+00:00,-1.500,-2.500,Open-Meteo Historical Weather API,"Casalecchio di Reno, Bologna, Italy",44.4756,11.2759
2022-01-07T22:00:00+00:00,-1.900,-3.000,Open-Meteo Historical Weather API,"Casalecchio di Reno, Bologna, Italy",44.4756,11.2759
2022-01-07T23:00:00+00:00,-1.600,-2.800,Open-Meteo Historical Weather API,"Casalecchio di Reno, Bologna, Italy",44.4756,11.2759
2022-01-08T00:00:00+00:00,-1.000,-2.300,Open-Meteo Historical Weather API,"Casalecchio di Reno, Bologna, Italy",44.4756,11.2759
2022-01-08T01:00:00+00:00,-1.400,-2.800,Open-Meteo Historical Weather API,"Casalecchio di Reno, Bologna, Italy",44.4756,11.2759
2022-01-08T02:00:00+00:00,-1.800,-3.200,Open-Meteo Historical Weather API,"Casalecchio di Reno, Bologna, Italy",44.4756,11.2759
2022-01-08T03:00:00+00:00,-2.700,-4.100,Open-Meteo Historical Weather API,"Casalecchio di Reno, Bologna, Italy",44.4756,11.2759
2022-01-08T04:00:00+00:00,-2.500,-4.000,Open-Meteo Historical Weather API,"Casalecchio di Reno, Bologna, Italy",44.4756,11.2759
2022-01-08T05:00:00+00:00,-2.500,-4.200,Open-Meteo Historical Weather API,"Casalecchio di Reno, Bologna, Italy",44.4756,11.2759
2022-01-08T06:00:00+00:00,-3.000,-4.600,Open-Meteo Historical Weather API,"Casalecchio di Reno, Bologna, Italy",44.4756,11.2759
2022-01-08T07:00:00+00:00,-3.200,-4.700,Open-Meteo Historical Weather API,"Casalecchio di Reno, Bologna, Italy",44.4756,11.2759
2022-01-08T08:00:00+00:00,-0.900,-3.300,Open-Meteo Historical Weather API,"Casalecchio di Reno, Bologna, Italy",44.4756,11.2759
2022-01-08T09:00:00+00:00,2.200,-1.200,Open-Meteo Historical Weather API,"Casalecchio di Reno, Bologna, Italy",44.4756,11.2759
2022-01-08T10:00:00+00:00,3.400,-1.100,Open-Meteo Historical Weather API,"Casalecchio di Reno, Bologna, Italy",44.4756,11.2759
2022-01-08T11:00:00+00:00,4.400,-1.400,Open-Meteo Historical Weather API,"Casalecchio di Reno, Bologna, Italy",44.4756,11.2759
2022-01-08T12:00:00+00:00,4.600,0.800,Open-Meteo Historical Weather API,"Casalecchio di Reno, Bologna, Italy",44.4756,11.2759
2022-01-08T13:00:00+00:00,5.000,0.700,Open-Meteo Historical Weather API,"Casalecchio di Reno, Bologna, Italy",44.4756,11.2759
2022-01-08T14:00:00+00:00,4.900,0.900,Open-Meteo Historical Weather API,"Casalecchio di Reno, Bologna, Italy",44.4756,11.2759
2022-01-08T15:00:00+00:00,3.700,2.200,Open-Meteo Historical Weather API,"Casalecchio di Reno, Bologna, Italy",44.4756,11.2759
2022-01-08T16:00:00+00:00,2.400,0.200,Open-Meteo Historical Weather API,"Casalecchio di Reno, Bologna, Italy",44.4756,11.2759
2022-01-08T17:00:00+00:00,-0.100,-1.400,Open-Meteo Historical Weather API,"Casalecchio di Reno, Bologna, Italy",44.4756,11.2759
2022-01-08T18:00:00+00:00,-1.200,-2.200,Open-Meteo Historical Weather API,"Casalecchio di Reno, Bologna, Italy",44.4756,11.2759
2022-01-08T19:00:00+00:00,-1.600,-2.800,Open-Meteo Historical Weather API,"Casalecchio di Reno, Bologna, Italy",44.4756,11.2759
2022-01-08T20:00:00+00:00,-1.600,-3.000,Open-Meteo Historical Weather API,"Casalecchio di Reno, Bologna, Italy",44.4756,11.2759
2022-01-08T21:00:00+00:00,-1.600,-3.200,Open-Meteo Historical Weather API,"Casalecchio di Reno, Bologna, Italy",44.4756,11.2759
2022-01-08T22:00:00+00:00,-2.200,-3.400,Open-Meteo Historical Weather API,"Casalecchio di Reno, Bologna, Italy",44.4756,11.2759
2022-01-08T23:00:00+00:00,-0.900,-2.600,Open-Meteo Historical Weather API,"Casalecchio di Reno, Bologna, Italy",44.4756,11.2759
2022-01-09T00:00:00+00:00,-0.500,-2.700,Open-Meteo Historical Weather API,"Casalecchio di Reno, Bologna, Italy",44.4756,11.2759
2022-01-09T01:00:00+00:00,-0.700,-4.000,Open-Meteo Historical Weather API,"Casalecchio di Reno, Bologna, Italy",44.4756,11.2759
2022-01-09T02:00:00+00:00,-0.900,-4.000,Open-Meteo Historical Weather API,"Casalecchio di Reno, Bologna, Italy",44.4756,11.2759
2022-01-09T03:00:00+00:00,0.100,-3.000,Open-Meteo Historical Weather API,"Casalecchio di Reno, Bologna, Italy",44.4756,11.2759
2022-01-09T04:00:00+00:00,-2.400,-4.000,Open-Meteo Historical Weather API,"Casalecchio di Reno, Bologna, Italy",44.4756,11.2759
2022-01-09T05:00:00+00:00,-1.200,-2.600,Open-Meteo Historical Weather API,"Casalecchio di Reno, Bologna, Italy",44.4756,11.2759
2022-01-09T06:00:00+00:00,0.300,-2.100,Open-Meteo Historical Weather API,"Casalecchio di Reno, Bologna, Italy",44.4756,11.2759
2022-01-09T07:00:00+00:00,-0.600,-1.800,Open-Meteo Historical Weather API,"Casalecchio di Reno, Bologna, Italy",44.4756,11.2759
2022-01-09T08:00:00+00:00,-0.800,-1.900,Open-Meteo Historical Weather API,"Casalecchio di Reno, Bologna, Italy",44.4756,11.2759
2022-01-09T09:00:00+00:00,-0.400,-1.600,Open-Meteo Historical Weather API,"Casalecchio di Reno, Bologna, Italy",44.4756,11.2759
2022-01-09T10:00:00+00:00,0.700,-1.100,Open-Meteo Historical Weather API,"Casalecchio di Reno, Bologna, Italy",44.4756,11.2759
2022-01-09T11:00:00+00:00,1.200,-1.000,Open-Meteo Historical Weather API,"Casalecchio di Reno, Bologna, Italy",44.4756,11.2759
2022-01-09T12:00:00+00:00,0.600,-0.900,Open-Meteo Historical Weather API,"Casalecchio di Reno, Bologna, Italy",44.4756,11.2759
2022-01-09T13:00:00+00:00,0.700,-0.600,Open-Meteo Historical Weather API,"Casalecchio di Reno, Bologna, Italy",44.4756,11.2759
2022-01-09T14:00:00+00:00,0.900,-0.300,Open-Meteo Historical Weather API,"Casalecchio di Reno, Bologna, Italy",44.4756,11.2759
2022-01-09T15:00:00+00:00,1.400,-0.200,Open-Meteo Historical Weather API,"Casalecchio di Reno, Bologna, Italy",44.4756,11.2759
2022-01-09T16:00:00+00:00,0.900,-0.600,Open-Meteo Historical Weather API,"Casalecchio di Reno, Bologna, Italy",44.4756,11.2759
2022-01-09T17:00:00+00:00,0.900,-1.000,Open-Meteo Historical Weather API,"Casalecchio di Reno, Bologna, Italy",44.4756,11.2759
2022-01-09T18:00:00+00:00,0.800,-1.300,Open-Meteo Historical Weather API,"Casalecchio di Reno, Bologna, Italy",44.4756,11.2759
2022-01-09T19:00:00+00:00,0.400,-1.500,Open-Meteo Historical Weather API,"Casalecchio di Reno, Bologna, Italy",44.4756,11.2759
2022-01-09T20:00:00+00:00,0.600,-1.700,Open-Meteo Historical Weather API,"Casalecchio di Reno, Bologna, Italy",44.4756,11.2759
2022-01-09T21:00:00+00:00,0.800,-1.800,Open-Meteo Historical Weather API,"Casalecchio di Reno, Bologna, Italy",44.4756,11.2759
2022-01-09T22:00:00+00:00,0.900,-2.000,Open-Meteo Historical Weather API,"Casalecchio di Reno, Bologna, Italy",44.4756,11.2759
2022-01-09T23:00:00+00:00,0.200,-2.300,Open-Meteo Historical Weather API,"Casalecchio di Reno, Bologna, Italy",44.4756,11.2759
2022-01-10T00:00:00+00:00,1.100,0.600,Open-Meteo Historical Weather API,"Casalecchio di Reno, Bologna, Italy",44.4756,11.2759
2022-01-10T01:00:00+00:00,1.500,0.900,Open-Meteo Historical Weather API,"Casalecchio di Reno, Bologna, Italy",44.4756,11.2759
2022-01-10T02:00:00+00:00,1.600,0.800,Open-Meteo Historical Weather API,"Casalecchio di Reno, Bologna, Italy",44.4756,11.2759
2022-01-10T03:00:00+00:00,1.900,0.800,Open-Meteo Historical Weather API,"Casalecchio di Reno, Bologna, Italy",44.4756,11.2759
2022-01-10T04:00:00+00:00,2.000,0.700,Open-Meteo Historical Weather API,"Casalecchio di Reno, Bologna, Italy",44.4756,11.2759
2022-01-10T05:00:00+00:00,1.200,-0.100,Open-Meteo Historical Weather API,"Casalecchio di Reno, Bologna, Italy",44.4756,11.2759
2022-01-10T06:00:00+00:00,0.900,0.000,Open-Meteo Historical Weather API,"Casalecchio di Reno, Bologna, Italy",44.4756,11.2759
2022-01-10T07:00:00+00:00,0.200,-0.900,Open-Meteo Historical Weather API,"Casalecchio di Reno, Bologna, Italy",44.4756,11.2759
2022-01-10T08:00:00+00:00,1.400,-0.200,Open-Meteo Historical Weather API,"Casalecchio di Reno, Bologna, Italy",44.4756,11.2759
2022-01-10T09:00:00+00:00,2.400,0.800,Open-Meteo Historical Weather API,"Casalecchio di Reno, Bologna, Italy",44.4756,11.2759
2022-01-10T10:00:00+00:00,3.400,1.400,Open-Meteo Historical Weather API,"Casalecchio di Reno, Bologna, Italy",44.4756,11.2759
2022-01-10T11:00:00+00:00,4.200,1.600,Open-Meteo Historical Weather API,"Casalecchio di Reno, Bologna, Italy",44.4756,11.2759
2022-01-10T12:00:00+00:00,3.800,0.600,Open-Meteo Historical Weather API,"Casalecchio di Reno, Bologna, Italy",44.4756,11.2759
2022-01-10T13:00:00+00:00,4.300,0.500,Open-Meteo Historical Weather API,"Casalecchio di Reno, Bologna, Italy",44.4756,11.2759
2022-01-10T14:00:00+00:00,4.400,0.200,Open-Meteo Historical Weather API,"Casalecchio di Reno, Bologna, Italy",44.4756,11.2759
2022-01-10T15:00:00+00:00,4.300,0.300,Open-Meteo Historical Weather API,"Casalecchio di Reno, Bologna, Italy",44.4756,11.2759
2022-01-10T16:00:00+00:00,3.300,0.600,Open-Meteo Historical Weather API,"Casalecchio di Reno, Bologna, Italy",44.4756,11.2759
2022-01-10T17:00:00+00:00,3.000,0.300,Open-Meteo Historical Weather API,"Casalecchio di Reno, Bologna, Italy",44.4756,11.2759
2022-01-10T18:00:00+00:00,2.800,-0.100,Open-Meteo Historical Weather API,"Casalecchio di Reno, Bologna, Italy",44.4756,11.2759
2022-01-10T19:00:00+00:00,2.300,-0.600,Open-Meteo Historical Weather API,"Casalecchio di Reno, Bologna, Italy",44.4756,11.2759
2022-01-10T20:00:00+00:00,2.300,-1.400,Open-Meteo Historical Weather API,"Casalecchio di Reno, Bologna, Italy",44.4756,11.2759
2022-01-10T21:00:00+00:00,2.100,-2.200,Open-Meteo Historical Weather API,"Casalecchio di Reno, Bologna, Italy",44.4756,11.2759
2022-01-10T22:00:00+00:00,0.700,-3.000,Open-Meteo Historical Weather API,"Casalecchio di Reno, Bologna, Italy",44.4756,11.2759
2022-01-10T23:00:00+00:00,-0.100,-3.600,Open-Meteo Historical Weather API,"Casalecchio di Reno, Bologna, Italy",44.4756,11.2759
2022-01-11T00:00:00+00:00,0.300,-3.000,Open-Meteo Historical Weather API,"Casalecchio di Reno, Bologna, Italy",44.4756,11.2759
2022-01-11T01:00:00+00:00,0.600,-3.000,Open-Meteo Historical Weather API,"Casalecchio di Reno, Bologna, Italy",44.4756,11.2759
2022-01-11T02:00:00+00:00,0.200,-3.200,Open-Meteo Historical Weather API,"Casalecchio di Reno, Bologna, Italy",44.4756,11.2759
2022-01-11T03:00:00+00:00,0.500,-3.700,Open-Meteo Historical Weather API,"Casalecchio di Reno, Bologna, Italy",44.4756,11.2759
2022-01-11T04:00:00+00:00,-0.200,-4.000,Open-Meteo Historical Weather API,"Casalecchio di Reno, Bologna, Italy",44.4756,11.2759
2022-01-11T05:00:00+00:00,-0.600,-4.300,Open-Meteo Historical Weather API,"Casalecchio di Reno, Bologna, Italy",44.4756,11.2759
2022-01-11T06:00:00+00:00,-0.300,-4.700,Open-Meteo Historical Weather API,"Casalecchio di Reno, Bologna, Italy",44.4756,11.2759
2022-01-11T07:00:00+00:00,-0.200,-4.800,Open-Meteo Historical Weather API,"Casalecchio di Reno, Bologna, Italy",44.4756,11.2759
2022-01-11T08:00:00+00:00,1.600,-3.400,Open-Meteo Historical Weather API,"Casalecchio di Reno, Bologna, Italy",44.4756,11.2759
2022-01-11T09:00:00+00:00,3.800,-1.700,Open-Meteo Historical Weather API,"Casalecchio di Reno, Bologna, Italy",44.4756,11.2759
2022-01-11T10:00:00+00:00,5.400,-1.600,Open-Meteo Historical Weather API,"Casalecchio di Reno, Bologna, Italy",44.4756,11.2759
2022-01-11T11:00:00+00:00,6.500,-1.600,Open-Meteo Historical Weather API,"Casalecchio di Reno, Bologna, Italy",44.4756,11.2759
2022-01-11T12:00:00+00:00,7.100,-0.100,Open-Meteo Historical Weather API,"Casalecchio di Reno, Bologna, Italy",44.4756,11.2759
2022-01-11T13:00:00+00:00,7.400,-0.100,Open-Meteo Historical Weather API,"Casalecchio di Reno, Bologna, Italy",44.4756,11.2759
2022-01-11T14:00:00+00:00,7.400,-0.200,Open-Meteo Historical Weather API,"Casalecchio di Reno, Bologna, Italy",44.4756,11.2759
2022-01-11T15:00:00+00:00,6.100,1.200,Open-Meteo Historical Weather API,"Casalecchio di Reno, Bologna, Italy",44.4756,11.2759
2022-01-11T16:00:00+00:00,2.500,-0.900,Open-Meteo Historical Weather API,"Casalecchio di Reno, Bologna, Italy",44.4756,11.2759
2022-01-11T17:00:00+00:00,4.800,-0.300,Open-Meteo Historical Weather API,"Casalecchio di Reno, Bologna, Italy",44.4756,11.2759
2022-01-11T18:00:00+00:00,0.600,-1.600,Open-Meteo Historical Weather API,"Casalecchio di Reno, Bologna, Italy",44.4756,11.2759
2022-01-11T19:00:00+00:00,1.200,-1.300,Open-Meteo Historical Weather API,"Casalecchio di Reno, Bologna, Italy",44.4756,11.2759
2022-01-11T20:00:00+00:00,-0.600,-3.000,Open-Meteo Historical Weather API,"Casalecchio di Reno, Bologna, Italy",44.4756,11.2759
2022-01-11T21:00:00+00:00,-0.100,-3.400,Open-Meteo Historical Weather API,"Casalecchio di Reno, Bologna, Italy",44.4756,11.2759
2022-01-11T22:00:00+00:00,2.400,-2.500,Open-Meteo Historical Weather API,"Casalecchio di Reno, Bologna, Italy",44.4756,11.2759
2022-01-11T23:00:00+00:00,1.800,-2.500,Open-Meteo Historical Weather API,"Casalecchio di Reno, Bologna, Italy",44.4756,11.2759
2022-01-12T00:00:00+00:00,-0.100,-3.100,Open-Meteo Historical Weather API,"Casalecchio di Reno, Bologna, Italy",44.4756,11.2759
2022-01-12T01:00:00+00:00,-2.000,-4.100,Open-Meteo Historical Weather API,"Casalecchio di Reno, Bologna, Italy",44.4756,11.2759
2022-01-12T02:00:00+00:00,-1.700,-4.400,Open-Meteo Historical Weather API,"Casalecchio di Reno, Bologna, Italy",44.4756,11.2759
2022-01-12T03:00:00+00:00,-1.400,-4.100,Open-Meteo Historical Weather API,"Casalecchio di Reno, Bologna, Italy",44.4756,11.2759
2022-01-12T04:00:00+00:00,-1.400,-3.700,Open-Meteo Historical Weather API,"Casalecchio di Reno, Bologna, Italy",44.4756,11.2759
2022-01-12T05:00:00+00:00,-1.800,-3.800,Open-Meteo Historical Weather API,"Casalecchio di Reno, Bologna, Italy",44.4756,11.2759
2022-01-12T06:00:00+00:00,-1.900,-3.900,Open-Meteo Historical Weather API,"Casalecchio di Reno, Bologna, Italy",44.4756,11.2759
2022-01-12T07:00:00+00:00,-1.800,-3.900,Open-Meteo Historical Weather API,"Casalecchio di Reno, Bologna, Italy",44.4756,11.2759
2022-01-12T08:00:00+00:00,-0.200,-3.200,Open-Meteo Historical Weather API,"Casalecchio di Reno, Bologna, Italy",44.4756,11.2759
2022-01-12T09:00:00+00:00,1.800,-2.300,Open-Meteo Historical Weather API,"Casalecchio di Reno, Bologna, Italy",44.4756,11.2759
2022-01-12T10:00:00+00:00,3.500,-3.000,Open-Meteo Historical Weather API,"Casalecchio di Reno, Bologna, Italy",44.4756,11.2759
2022-01-12T11:00:00+00:00,4.600,-3.000,Open-Meteo Historical Weather API,"Casalecchio di Reno, Bologna, Italy",44.4756,11.2759
2022-01-12T12:00:00+00:00,5.600,-1.600,Open-Meteo Historical Weather API,"Casalecchio di Reno, Bologna, Italy",44.4756,11.2759
2022-01-12T13:00:00+00:00,6.200,-1.700,Open-Meteo Historical Weather API,"Casalecchio di Reno, Bologna, Italy",44.4756,11.2759
2022-01-12T14:00:00+00:00,6.200,-2.000,Open-Meteo Historical Weather API,"Casalecchio di Reno, Bologna, Italy",44.4756,11.2759
2022-01-12T15:00:00+00:00,5.000,-0.800,Open-Meteo Historical Weather API,"Casalecchio di Reno, Bologna, Italy",44.4756,11.2759
2022-01-12T16:00:00+00:00,1.000,-2.100,Open-Meteo Historical Weather API,"Casalecchio di Reno, Bologna, Italy",44.4756,11.2759
2022-01-12T17:00:00+00:00,0.200,-2.800,Open-Meteo Historical Weather API,"Casalecchio di Reno, Bologna, Italy",44.4756,11.2759
2022-01-12T18:00:00+00:00,-0.900,-3.800,Open-Meteo Historical Weather API,"Casalecchio di Reno, Bologna, Italy",44.4756,11.2759
2022-01-12T19:00:00+00:00,-1.300,-4.800,Open-Meteo Historical Weather API,"Casalecchio di Reno, Bologna, Italy",44.4756,11.2759
2022-01-12T20:00:00+00:00,2.600,-4.400,Open-Meteo Historical Weather API,"Casalecchio di Reno, Bologna, Italy",44.4756,11.2759
2022-01-12T21:00:00+00:00,2.800,-4.800,Open-Meteo Historical Weather API,"Casalecchio di Reno, Bologna, Italy",44.4756,11.2759
2022-01-12T22:00:00+00:00,2.500,-4.700,Open-Meteo Historical Weather API,"Casalecchio di Reno, Bologna, Italy",44.4756,11.2759
2022-01-12T23:00:00+00:00,2.000,-4.400,Open-Meteo Historical Weather API,"Casalecchio di Reno, Bologna, Italy",44.4756,11.2759
2022-01-13T00:00:00+00:00,-1.500,-4.900,Open-Meteo Historical Weather API,"Casalecchio di Reno, Bologna, Italy",44.4756,11.2759
2022-01-13T01:00:00+00:00,2.300,-4.800,Open-Meteo Historical Weather API,"Casalecchio di Reno, Bologna, Italy",44.4756,11.2759
2022-01-13T02:00:00+00:00,0.200,-5.300,Open-Meteo Historical Weather API,"Casalecchio di Reno, Bologna, Italy",44.4756,11.2759
2022-01-13T03:00:00+00:00,-1.900,-5.800,Open-Meteo Historical Weather API,"Casalecchio di Reno, Bologna, Italy",44.4756,11.2759
2022-01-13T04:00:00+00:00,-2.100,-5.800,Open-Meteo Historical Weather API,"Casalecchio di Reno, Bologna, Italy",44.4756,11.2759
2022-01-13T05:00:00+00:00,-1.500,-5.800,Open-Meteo Historical Weather API,"Casalecchio di Reno, Bologna, Italy",44.4756,11.2759
2022-01-13T06:00:00+00:00,-2.000,-5.900,Open-Meteo Historical Weather API,"Casalecchio di Reno, Bologna, Italy",44.4756,11.2759
2022-01-13T07:00:00+00:00,-2.700,-5.900,Open-Meteo Historical Weather API,"Casalecchio di Reno, Bologna, Italy",44.4756,11.2759
2022-01-13T08:00:00+00:00,1.100,-4.900,Open-Meteo Historical Weather API,"Casalecchio di Reno, Bologna, Italy",44.4756,11.2759
2022-01-13T09:00:00+00:00,3.700,-4.900,Open-Meteo Historical Weather API,"Casalecchio di Reno, Bologna, Italy",44.4756,11.2759
2022-01-13T10:00:00+00:00,5.300,-5.200,Open-Meteo Historical Weather API,"Casalecchio di Reno, Bologna, Italy",44.4756,11.2759
2022-01-13T11:00:00+00:00,6.000,-3.800,Open-Meteo Historical Weather API,"Casalecchio di Reno, Bologna, Italy",44.4756,11.2759
2022-01-13T12:00:00+00:00,5.400,-3.200,Open-Meteo Historical Weather API,"Casalecchio di Reno, Bologna, Italy",44.4756,11.2759
2022-01-13T13:00:00+00:00,5.600,-2.900,Open-Meteo Historical Weather API,"Casalecchio di Reno, Bologna, Italy",44.4756,11.2759
2022-01-13T14:00:00+00:00,5.300,-2.500,Open-Meteo Historical Weather API,"Casalecchio di Reno, Bologna, Italy",44.4756,11.2759
2022-01-13T15:00:00+00:00,3.500,-1.400,Open-Meteo Historical Weather API,"Casalecchio di Reno, Bologna, Italy",44.4756,11.2759
2022-01-13T16:00:00+00:00,-0.300,-4.300,Open-Meteo Historical Weather API,"Casalecchio di Reno, Bologna, Italy",44.4756,11.2759
2022-01-13T17:00:00+00:00,-0.300,-4.800,Open-Meteo Historical Weather API,"Casalecchio di Reno, Bologna, Italy",44.4756,11.2759
2022-01-13T18:00:00+00:00,-0.200,-5.400,Open-Meteo Historical Weather API,"Casalecchio di Reno, Bologna, Italy",44.4756,11.2759
2022-01-13T19:00:00+00:00,0.100,-5.800,Open-Meteo Historical Weather API,"Casalecchio di Reno, Bologna, Italy",44.4756,11.2759
2022-01-13T20:00:00+00:00,0.100,-6.000,Open-Meteo Historical Weather API,"Casalecchio di Reno, Bologna, Italy",44.4756,11.2759
2022-01-13T21:00:00+00:00,0.200,-6.200,Open-Meteo Historical Weather API,"Casalecchio di Reno, Bologna, Italy",44.4756,11.2759
2022-01-13T22:00:00+00:00,0.200,-6.400,Open-Meteo Historical Weather API,"Casalecchio di Reno, Bologna, Italy",44.4756,11.2759
2022-01-13T23:00:00+00:00,-0.200,-6.600,Open-Meteo Historical Weather API,"Casalecchio di Reno, Bologna, Italy",44.4756,11.2759
2022-01-14T00:00:00+00:00,0.100,-7.700,Open-Meteo Historical Weather API,"Casalecchio di Reno, Bologna, Italy",44.4756,11.2759
2022-01-14T01:00:00+00:00,0.600,-7.800,Open-Meteo Historical Weather API,"Casalecchio di Reno, Bologna, Italy",44.4756,11.2759
2022-01-14T02:00:00+00:00,1.000,-7.700,Open-Meteo Historical Weather API,"Casalecchio di Reno, Bologna, Italy",44.4756,11.2759
2022-01-14T03:00:00+00:00,1.400,-7.900,Open-Meteo Historical Weather API,"Casalecchio di Reno, Bologna, Italy",44.4756,11.2759
2022-01-14T04:00:00+00:00,1.400,-8.800,Open-Meteo Historical Weather API,"Casalecchio di Reno, Bologna, Italy",44.4756,11.2759
2022-01-14T05:00:00+00:00,1.500,-9.500,Open-Meteo Historical Weather API,"Casalecchio di Reno, Bologna, Italy",44.4756,11.2759
2022-01-14T06:00:00+00:00,1.800,-9.800,Open-Meteo Historical Weather API,"Casalecchio di Reno, Bologna, Italy",44.4756,11.2759
2022-01-14T07:00:00+00:00,2.200,-9.200,Open-Meteo Historical Weather API,"Casalecchio di Reno, Bologna, Italy",44.4756,11.2759
2022-01-14T08:00:00+00:00,4.200,-5.400,Open-Meteo Historical Weather API,"Casalecchio di Reno, Bologna, Italy",44.4756,11.2759
2022-01-14T09:00:00+00:00,7.400,-1.200,Open-Meteo Historical Weather API,"Casalecchio di Reno, Bologna, Italy",44.4756,11.2759
2022-01-14T10:00:00+00:00,9.600,1.500,Open-Meteo Historical Weather API,"Casalecchio di Reno, Bologna, Italy",44.4756,11.2759
2022-01-14T11:00:00+00:00,10.000,2.100,Open-Meteo Historical Weather API,"Casalecchio di Reno, Bologna, Italy",44.4756,11.2759
2022-01-14T12:00:00+00:00,9.800,1.400,Open-Meteo Historical Weather API,"Casalecchio di Reno, Bologna, Italy",44.4756,11.2759
2022-01-14T13:00:00+00:00,9.600,2.000,Open-Meteo Historical Weather API,"Casalecchio di Reno, Bologna, Italy",44.4756,11.2759
2022-01-14T14:00:00+00:00,8.900,2.700,Open-Meteo Historical Weather API,"Casalecchio di Reno, Bologna, Italy",44.4756,11.2759
2022-01-14T15:00:00+00:00,6.800,2.700,Open-Meteo Historical Weather API,"Casalecchio di Reno, Bologna, Italy",44.4756,11.2759
2022-01-14T16:00:00+00:00,3.500,0.800,Open-Meteo Historical Weather API,"Casalecchio di Reno, Bologna, Italy",44.4756,11.2759
2022-01-14T17:00:00+00:00,3.900,1.300,Open-Meteo Historical Weather API,"Casalecchio di Reno, Bologna, Italy",44.4756,11.2759
2022-01-14T18:00:00+00:00,3.300,0.700,Open-Meteo Historical Weather API,"Casalecchio di Reno, Bologna, Italy",44.4756,11.2759
2022-01-14T19:00:00+00:00,2.200,-0.100,Open-Meteo Historical Weather API,"Casalecchio di Reno, Bologna, Italy",44.4756,11.2759
2022-01-14T20:00:00+00:00,2.500,0.200,Open-Meteo Historical Weather API,"Casalecchio di Reno, Bologna, Italy",44.4756,11.2759
2022-01-14T21:00:00+00:00,1.900,-0.100,Open-Meteo Historical Weather API,"Casalecchio di Reno, Bologna, Italy",44.4756,11.2759
2022-01-14T22:00:00+00:00,1.500,-0.400,Open-Meteo Historical Weather API,"Casalecchio di Reno, Bologna, Italy",44.4756,11.2759
2022-01-14T23:00:00+00:00,1.400,-0.300,Open-Meteo Historical Weather API,"Casalecchio di Reno, Bologna, Italy",44.4756,11.2759
2022-01-15T00:00:00+00:00,1.500,-0.400,Open-Meteo Historical Weather API,"Casalecchio di Reno, Bologna, Italy",44.4756,11.2759
2022-01-15T01:00:00+00:00,1.900,0.000,Open-Meteo Historical Weather API,"Casalecchio di Reno, Bologna, Italy",44.4756,11.2759
2022-01-15T02:00:00+00:00,2.600,0.200,Open-Meteo Historical Weather API,"Casalecchio di Reno, Bologna, Italy",44.4756,11.2759
2022-01-15T03:00:00+00:00,3.200,0.200,Open-Meteo Historical Weather API,"Casalecchio di Reno, Bologna, Italy",44.4756,11.2759
2022-01-15T04:00:00+00:00,3.200,0.100,Open-Meteo Historical Weather API,"Casalecchio di Reno, Bologna, Italy",44.4756,11.2759
2022-01-15T05:00:00+00:00,2.800,-0.600,Open-Meteo Historical Weather API,"Casalecchio di Reno, Bologna, Italy",44.4756,11.2759
2022-01-15T06:00:00+00:00,0.900,-1.900,Open-Meteo Historical Weather API,"Casalecchio di Reno, Bologna, Italy",44.4756,11.2759
2022-01-15T07:00:00+00:00,0.900,-2.200,Open-Meteo Historical Weather API,"Casalecchio di Reno, Bologna, Italy",44.4756,11.2759
2022-01-15T08:00:00+00:00,4.300,0.500,Open-Meteo Historical Weather API,"Casalecchio di Reno, Bologna, Italy",44.4756,11.2759
2022-01-15T09:00:00+00:00,6.700,3.200,Open-Meteo Historical Weather API,"Casalecchio di Reno, Bologna, Italy",44.4756,11.2759
2022-01-15T10:00:00+00:00,8.000,3.200,Open-Meteo Historical Weather API,"Casalecchio di Reno, Bologna, Italy",44.4756,11.2759
2022-01-15T11:00:00+00:00,8.400,3.500,Open-Meteo Historical Weather API,"Casalecchio di Reno, Bologna, Italy",44.4756,11.2759
2022-01-15T12:00:00+00:00,9.700,3.200,Open-Meteo Historical Weather API,"Casalecchio di Reno, Bologna, Italy",44.4756,11.2759
2022-01-15T13:00:00+00:00,10.100,3.200,Open-Meteo Historical Weather API,"Casalecchio di Reno, Bologna, Italy",44.4756,11.2759
2022-01-15T14:00:00+00:00,10.000,3.200,Open-Meteo Historical Weather API,"Casalecchio di Reno, Bologna, Italy",44.4756,11.2759
2022-01-15T15:00:00+00:00,8.400,5.000,Open-Meteo Historical Weather API,"Casalecchio di Reno, Bologna, Italy",44.4756,11.2759
2022-01-15T16:00:00+00:00,7.600,2.800,Open-Meteo Historical Weather API,"Casalecchio di Reno, Bologna, Italy",44.4756,11.2759
2022-01-15T17:00:00+00:00,6.700,2.500,Open-Meteo Historical Weather API,"Casalecchio di Reno, Bologna, Italy",44.4756,11.2759
2022-01-15T18:00:00+00:00,3.000,1.000,Open-Meteo Historical Weather API,"Casalecchio di Reno, Bologna, Italy",44.4756,11.2759
2022-01-15T19:00:00+00:00,2.800,0.900,Open-Meteo Historical Weather API,"Casalecchio di Reno, Bologna, Italy",44.4756,11.2759
2022-01-15T20:00:00+00:00,2.800,0.800,Open-Meteo Historical Weather API,"Casalecchio di Reno, Bologna, Italy",44.4756,11.2759
2022-01-15T21:00:00+00:00,2.200,0.300,Open-Meteo Historical Weather API,"Casalecchio di Reno, Bologna, Italy",44.4756,11.2759
2022-01-15T22:00:00+00:00,1.200,-0.400,Open-Meteo Historical Weather API,"Casalecchio di Reno, Bologna, Italy",44.4756,11.2759
2022-01-15T23:00:00+00:00,2.000,0.200,Open-Meteo Historical Weather API,"Casalecchio di Reno, Bologna, Italy",44.4756,11.2759
2022-01-16T00:00:00+00:00,0.900,-0.400,Open-Meteo Historical Weather API,"Casalecchio di Reno, Bologna, Italy",44.4756,11.2759
2022-01-16T01:00:00+00:00,0.500,-0.800,Open-Meteo Historical Weather API,"Casalecchio di Reno, Bologna, Italy",44.4756,11.2759
2022-01-16T02:00:00+00:00,0.600,-0.800,Open-Meteo Historical Weather API,"Casalecchio di Reno, Bologna, Italy",44.4756,11.2759
2022-01-16T03:00:00+00:00,0.200,-1.000,Open-Meteo Historical Weather API,"Casalecchio di Reno, Bologna, Italy",44.4756,11.2759
2022-01-16T04:00:00+00:00,0.000,-1.400,Open-Meteo Historical Weather API,"Casalecchio di Reno, Bologna, Italy",44.4756,11.2759
2022-01-16T05:00:00+00:00,-0.300,-1.600,Open-Meteo Historical Weather API,"Casalecchio di Reno, Bologna, Italy",44.4756,11.2759
2022-01-16T06:00:00+00:00,-0.600,-1.900,Open-Meteo Historical Weather API,"Casalecchio di Reno, Bologna, Italy",44.4756,11.2759
2022-01-16T07:00:00+00:00,-0.700,-2.000,Open-Meteo Historical Weather API,"Casalecchio di Reno, Bologna, Italy",44.4756,11.2759
2022-01-16T08:00:00+00:00,1.800,-0.300,Open-Meteo Historical Weather API,"Casalecchio di Reno, Bologna, Italy",44.4756,11.2759
2022-01-16T09:00:00+00:00,5.100,1.300,Open-Meteo Historical Weather API,"Casalecchio di Reno, Bologna, Italy",44.4756,11.2759
2022-01-16T10:00:00+00:00,7.300,2.300,Open-Meteo Historical Weather API,"Casalecchio di Reno, Bologna, Italy",44.4756,11.2759
2022-01-16T11:00:00+00:00,8.300,3.400,Open-Meteo Historical Weather API,"Casalecchio di Reno, Bologna, Italy",44.4756,11.2759
2022-01-16T12:00:00+00:00,9.300,3.500,Open-Meteo Historical Weather API,"Casalecchio di Reno, Bologna, Italy",44.4756,11.2759
2022-01-16T13:00:00+00:00,9.600,4.200,Open-Meteo Historical Weather API,"Casalecchio di Reno, Bologna, Italy",44.4756,11.2759
2022-01-16T14:00:00+00:00,9.800,4.600,Open-Meteo Historical Weather API,"Casalecchio di Reno, Bologna, Italy",44.4756,11.2759
2022-01-16T15:00:00+00:00,8.800,5.600,Open-Meteo Historical Weather API,"Casalecchio di Reno, Bologna, Italy",44.4756,11.2759
2022-01-16T16:00:00+00:00,4.400,2.800,Open-Meteo Historical Weather API,"Casalecchio di Reno, Bologna, Italy",44.4756,11.2759
2022-01-16T17:00:00+00:00,3.200,2.000,Open-Meteo Historical Weather API,"Casalecchio di Reno, Bologna, Italy",44.4756,11.2759
2022-01-16T18:00:00+00:00,3.700,2.300,Open-Meteo Historical Weather API,"Casalecchio di Reno, Bologna, Italy",44.4756,11.2759
2022-01-16T19:00:00+00:00,4.200,3.000,Open-Meteo Historical Weather API,"Casalecchio di Reno, Bologna, Italy",44.4756,11.2759
2022-01-16T20:00:00+00:00,4.600,3.400,Open-Meteo Historical Weather API,"Casalecchio di Reno, Bologna, Italy",44.4756,11.2759
2022-01-16T21:00:00+00:00,4.700,3.500,Open-Meteo Historical Weather API,"Casalecchio di Reno, Bologna, Italy",44.4756,11.2759
2022-01-16T22:00:00+00:00,4.300,3.200,Open-Meteo Historical Weather API,"Casalecchio di Reno, Bologna, Italy",44.4756,11.2759
2022-01-16T23:00:00+00:00,3.800,2.800,Open-Meteo Historical Weather API,"Casalecchio di Reno, Bologna, Italy",44.4756,11.2759
2022-01-17T00:00:00+00:00,4.900,3.700,Open-Meteo Historical Weather API,"Casalecchio di Reno, Bologna, Italy",44.4756,11.2759
2022-01-17T01:00:00+00:00,4.600,2.800,Open-Meteo Historical Weather API,"Casalecchio di Reno, Bologna, Italy",44.4756,11.2759
2022-01-17T02:00:00+00:00,3.200,1.200,Open-Meteo Historical Weather API,"Casalecchio di Reno, Bologna, Italy",44.4756,11.2759
2022-01-17T03:00:00+00:00,3.200,0.100,Open-Meteo Historical Weather API,"Casalecchio di Reno, Bologna, Italy",44.4756,11.2759
2022-01-17T04:00:00+00:00,2.100,-0.900,Open-Meteo Historical Weather API,"Casalecchio di Reno, Bologna, Italy",44.4756,11.2759
2022-01-17T05:00:00+00:00,0.900,-2.000,Open-Meteo Historical Weather API,"Casalecchio di Reno, Bologna, Italy",44.4756,11.2759
2022-01-17T06:00:00+00:00,1.000,-2.500,Open-Meteo Historical Weather API,"Casalecchio di Reno, Bologna, Italy",44.4756,11.2759
2022-01-17T07:00:00+00:00,0.700,-3.500,Open-Meteo Historical Weather API,"Casalecchio di Reno, Bologna, Italy",44.4756,11.2759
2022-01-17T08:00:00+00:00,3.400,-2.500,Open-Meteo Historical Weather API,"Casalecchio di Reno, Bologna, Italy",44.4756,11.2759
2022-01-17T09:00:00+00:00,6.200,-0.400,Open-Meteo Historical Weather API,"Casalecchio di Reno, Bologna, Italy",44.4756,11.2759
2022-01-17T10:00:00+00:00,7.800,0.800,Open-Meteo Historical Weather API,"Casalecchio di Reno, Bologna, Italy",44.4756,11.2759
2022-01-17T11:00:00+00:00,9.100,1.100,Open-Meteo Historical Weather API,"Casalecchio di Reno, Bologna, Italy",44.4756,11.2759
2022-01-17T12:00:00+00:00,10.900,2.200,Open-Meteo Historical Weather API,"Casalecchio di Reno, Bologna, Italy",44.4756,11.2759
2022-01-17T13:00:00+00:00,11.600,2.500,Open-Meteo Historical Weather API,"Casalecchio di Reno, Bologna, Italy",44.4756,11.2759
2022-01-17T14:00:00+00:00,11.600,3.400,Open-Meteo Historical Weather API,"Casalecchio di Reno, Bologna, Italy",44.4756,11.2759
2022-01-17T15:00:00+00:00,10.300,4.600,Open-Meteo Historical Weather API,"Casalecchio di Reno, Bologna, Italy",44.4756,11.2759
2022-01-17T16:00:00+00:00,7.200,3.500,Open-Meteo Historical Weather API,"Casalecchio di Reno, Bologna, Italy",44.4756,11.2759
2022-01-17T17:00:00+00:00,6.600,2.800,Open-Meteo Historical Weather API,"Casalecchio di Reno, Bologna, Italy",44.4756,11.2759
2022-01-17T18:00:00+00:00,6.200,1.000,Open-Meteo Historical Weather API,"Casalecchio di Reno, Bologna, Italy",44.4756,11.2759
2022-01-17T19:00:00+00:00,5.700,-0.900,Open-Meteo Historical Weather API,"Casalecchio di Reno, Bologna, Italy",44.4756,11.2759
2022-01-17T20:00:00+00:00,5.200,-0.700,Open-Meteo Historical Weather API,"Casalecchio di Reno, Bologna, Italy",44.4756,11.2759
2022-01-17T21:00:00+00:00,4.000,0.000,Open-Meteo Historical Weather API,"Casalecchio di Reno, Bologna, Italy",44.4756,11.2759
2022-01-17T22:00:00+00:00,2.800,0.100,Open-Meteo Historical Weather API,"Casalecchio di Reno, Bologna, Italy",44.4756,11.2759
2022-01-17T23:00:00+00:00,2.300,-0.100,Open-Meteo Historical Weather API,"Casalecchio di Reno, Bologna, Italy",44.4756,11.2759
2022-01-18T00:00:00+00:00,3.200,-2.500,Open-Meteo Historical Weather API,"Casalecchio di Reno, Bologna, Italy",44.4756,11.2759
2022-01-18T01:00:00+00:00,2.200,-3.700,Open-Meteo Historical Weather API,"Casalecchio di Reno, Bologna, Italy",44.4756,11.2759
2022-01-18T02:00:00+00:00,3.500,-4.500,Open-Meteo Historical Weather API,"Casalecchio di Reno, Bologna, Italy",44.4756,11.2759
2022-01-18T03:00:00+00:00,3.000,-4.900,Open-Meteo Historical Weather API,"Casalecchio di Reno, Bologna, Italy",44.4756,11.2759
2022-01-18T04:00:00+00:00,0.400,-4.300,Open-Meteo Historical Weather API,"Casalecchio di Reno, Bologna, Italy",44.4756,11.2759
2022-01-18T05:00:00+00:00,1.500,-4.500,Open-Meteo Historical Weather API,"Casalecchio di Reno, Bologna, Italy",44.4756,11.2759
2022-01-18T06:00:00+00:00,2.300,-4.400,Open-Meteo Historical Weather API,"Casalecchio di Reno, Bologna, Italy",44.4756,11.2759
2022-01-18T07:00:00+00:00,0.200,-4.100,Open-Meteo Historical Weather API,"Casalecchio di Reno, Bologna, Italy",44.4756,11.2759
2022-01-18T08:00:00+00:00,3.500,-2.200,Open-Meteo Historical Weather API,"Casalecchio di Reno, Bologna, Italy",44.4756,11.2759
2022-01-18T09:00:00+00:00,5.400,-0.500,Open-Meteo Historical Weather API,"Casalecchio di Reno, Bologna, Italy",44.4756,11.2759
2022-01-18T10:00:00+00:00,6.600,1.400,Open-Meteo Historical Weather API,"Casalecchio di Reno, Bologna, Italy",44.4756,11.2759
2022-01-18T11:00:00+00:00,7.300,3.700,Open-Meteo Historical Weather API,"Casalecchio di Reno, Bologna, Italy",44.4756,11.2759
2022-01-18T12:00:00+00:00,6.400,3.000,Open-Meteo Historical Weather API,"Casalecchio di Reno, Bologna, Italy",44.4756,11.2759
2022-01-18T13:00:00+00:00,7.100,3.500,Open-Meteo Historical Weather API,"Casalecchio di Reno, Bologna, Italy",44.4756,11.2759
2022-01-18T14:00:00+00:00,7.300,3.700,Open-Meteo Historical Weather API,"Casalecchio di Reno, Bologna, Italy",44.4756,11.2759
2022-01-18T15:00:00+00:00,6.700,4.700,Open-Meteo Historical Weather API,"Casalecchio di Reno, Bologna, Italy",44.4756,11.2759
2022-01-18T16:00:00+00:00,6.300,3.700,Open-Meteo Historical Weather API,"Casalecchio di Reno, Bologna, Italy",44.4756,11.2759
2022-01-18T17:00:00+00:00,3.500,2.200,Open-Meteo Historical Weather API,"Casalecchio di Reno, Bologna, Italy",44.4756,11.2759
2022-01-18T18:00:00+00:00,2.100,1.400,Open-Meteo Historical Weather API,"Casalecchio di Reno, Bologna, Italy",44.4756,11.2759
2022-01-18T19:00:00+00:00,0.600,0.200,Open-Meteo Historical Weather API,"Casalecchio di Reno, Bologna, Italy",44.4756,11.2759
2022-01-18T20:00:00+00:00,-0.100,-0.600,Open-Meteo Historical Weather API,"Casalecchio di Reno, Bologna, Italy",44.4756,11.2759
2022-01-18T21:00:00+00:00,0.200,-0.800,Open-Meteo Historical Weather API,"Casalecchio di Reno, Bologna, Italy",44.4756,11.2759
2022-01-18T22:00:00+00:00,-0.200,-1.100,Open-Meteo Historical Weather API,"Casalecchio di Reno, Bologna, Italy",44.4756,11.2759
2022-01-18T23:00:00+00:00,-0.300,-1.400,Open-Meteo Historical Weather API,"Casalecchio di Reno, Bologna, Italy",44.4756,11.2759
2022-01-19T00:00:00+00:00,-1.600,-2.500,Open-Meteo Historical Weather API,"Casalecchio di Reno, Bologna, Italy",44.4756,11.2759
2022-01-19T01:00:00+00:00,-1.000,-2.000,Open-Meteo Historical Weather API,"Casalecchio di Reno, Bologna, Italy",44.4756,11.2759
2022-01-19T02:00:00+00:00,-0.600,-1.800,Open-Meteo Historical Weather API,"Casalecchio di Reno, Bologna, Italy",44.4756,11.2759
2022-01-19T03:00:00+00:00,-1.100,-2.200,Open-Meteo Historical Weather API,"Casalecchio di Reno, Bologna, Italy",44.4756,11.2759
2022-01-19T04:00:00+00:00,-1.600,-2.500,Open-Meteo Historical Weather API,"Casalecchio di Reno, Bologna, Italy",44.4756,11.2759
2022-01-19T05:00:00+00:00,-2.200,-3.200,Open-Meteo Historical Weather API,"Casalecchio di Reno, Bologna, Italy",44.4756,11.2759
2022-01-19T06:00:00+00:00,-2.200,-3.500,Open-Meteo Historical Weather API,"Casalecchio di Reno, Bologna, Italy",44.4756,11.2759
2022-01-19T07:00:00+00:00,-2.100,-3.400,Open-Meteo Historical Weather API,"Casalecchio di Reno, Bologna, Italy",44.4756,11.2759
2022-01-19T08:00:00+00:00,0.200,-1.500,Open-Meteo Historical Weather API,"Casalecchio di Reno, Bologna, Italy",44.4756,11.2759
2022-01-19T09:00:00+00:00,3.400,0.300,Open-Meteo Historical Weather API,"Casalecchio di Reno, Bologna, Italy",44.4756,11.2759
2022-01-19T10:00:00+00:00,4.700,1.700,Open-Meteo Historical Weather API,"Casalecchio di Reno, Bologna, Italy",44.4756,11.2759
2022-01-19T11:00:00+00:00,5.800,3.000,Open-Meteo Historical Weather API,"Casalecchio di Reno, Bologna, Italy",44.4756,11.2759
2022-01-19T12:00:00+00:00,6.300,3.800,Open-Meteo Historical Weather API,"Casalecchio di Reno, Bologna, Italy",44.4756,11.2759
2022-01-19T13:00:00+00:00,6.600,3.900,Open-Meteo Historical Weather API,"Casalecchio di Reno, Bologna, Italy",44.4756,11.2759
2022-01-19T14:00:00+00:00,6.400,3.900,Open-Meteo Historical Weather API,"Casalecchio di Reno, Bologna, Italy",44.4756,11.2759
2022-01-19T15:00:00+00:00,5.800,4.000,Open-Meteo Historical Weather API,"Casalecchio di Reno, Bologna, Italy",44.4756,11.2759
2022-01-19T16:00:00+00:00,3.800,3.200,Open-Meteo Historical Weather API,"Casalecchio di Reno, Bologna, Italy",44.4756,11.2759
2022-01-19T17:00:00+00:00,3.700,3.500,Open-Meteo Historical Weather API,"Casalecchio di Reno, Bologna, Italy",44.4756,11.2759
2022-01-19T18:00:00+00:00,3.300,3.300,Open-Meteo Historical Weather API,"Casalecchio di Reno, Bologna, Italy",44.4756,11.2759
2022-01-19T19:00:00+00:00,3.200,3.000,Open-Meteo Historical Weather API,"Casalecchio di Reno, Bologna, Italy",44.4756,11.2759
2022-01-19T20:00:00+00:00,3.000,2.800,Open-Meteo Historical Weather API,"Casalecchio di Reno, Bologna, Italy",44.4756,11.2759
2022-01-19T21:00:00+00:00,1.000,0.200,Open-Meteo Historical Weather API,"Casalecchio di Reno, Bologna, Italy",44.4756,11.2759
2022-01-19T22:00:00+00:00,-0.200,-1.200,Open-Meteo Historical Weather API,"Casalecchio di Reno, Bologna, Italy",44.4756,11.2759
2022-01-19T23:00:00+00:00,2.600,0.200,Open-Meteo Historical Weather API,"Casalecchio di Reno, Bologna, Italy",44.4756,11.2759
2022-01-20T00:00:00+00:00,3.000,1.800,Open-Meteo Historical Weather API,"Casalecchio di Reno, Bologna, Italy",44.4756,11.2759
2022-01-20T01:00:00+00:00,0.400,-0.100,Open-Meteo Historical Weather API,"Casalecchio di Reno, Bologna, Italy",44.4756,11.2759
2022-01-20T02:00:00+00:00,1.400,0.600,Open-Meteo Historical Weather API,"Casalecchio di Reno, Bologna, Italy",44.4756,11.2759
2022-01-20T03:00:00+00:00,1.400,0.600,Open-Meteo Historical Weather API,"Casalecchio di Reno, Bologna, Italy",44.4756,11.2759
2022-01-20T04:00:00+00:00,0.700,0.200,Open-Meteo Historical Weather API,"Casalecchio di Reno, Bologna, Italy",44.4756,11.2759
2022-01-20T05:00:00+00:00,0.700,0.200,Open-Meteo Historical Weather API,"Casalecchio di Reno, Bologna, Italy",44.4756,11.2759
2022-01-20T06:00:00+00:00,0.800,0.100,Open-Meteo Historical Weather API,"Casalecchio di Reno, Bologna, Italy",44.4756,11.2759
2022-01-20T07:00:00+00:00,0.300,-0.300,Open-Meteo Historical Weather API,"Casalecchio di Reno, Bologna, Italy",44.4756,11.2759
2022-01-20T08:00:00+00:00,0.200,-0.100,Open-Meteo Historical Weather API,"Casalecchio di Reno, Bologna, Italy",44.4756,11.2759
2022-01-20T09:00:00+00:00,0.400,0.300,Open-Meteo Historical Weather API,"Casalecchio di Reno, Bologna, Italy",44.4756,11.2759
2022-01-20T10:00:00+00:00,2.400,1.400,Open-Meteo Historical Weather API,"Casalecchio di Reno, Bologna, Italy",44.4756,11.2759
2022-01-20T11:00:00+00:00,4.200,2.700,Open-Meteo Historical Weather API,"Casalecchio di Reno, Bologna, Italy",44.4756,11.2759
2022-01-20T12:00:00+00:00,4.600,3.100,Open-Meteo Historical Weather API,"Casalecchio di Reno, Bologna, Italy",44.4756,11.2759
2022-01-20T13:00:00+00:00,6.800,3.800,Open-Meteo Historical Weather API,"Casalecchio di Reno, Bologna, Italy",44.4756,11.2759
2022-01-20T14:00:00+00:00,7.300,3.900,Open-Meteo Historical Weather API,"Casalecchio di Reno, Bologna, Italy",44.4756,11.2759
2022-01-20T15:00:00+00:00,7.100,4.200,Open-Meteo Historical Weather API,"Casalecchio di Reno, Bologna, Italy",44.4756,11.2759
2022-01-20T16:00:00+00:00,3.500,2.400,Open-Meteo Historical Weather API,"Casalecchio di Reno, Bologna, Italy",44.4756,11.2759
2022-01-20T17:00:00+00:00,2.300,1.500,Open-Meteo Historical Weather API,"Casalecchio di Reno, Bologna, Italy",44.4756,11.2759
2022-01-20T18:00:00+00:00,0.900,0.400,Open-Meteo Historical Weather API,"Casalecchio di Reno, Bologna, Italy",44.4756,11.2759
2022-01-20T19:00:00+00:00,0.600,0.100,Open-Meteo Historical Weather API,"Casalecchio di Reno, Bologna, Italy",44.4756,11.2759
2022-01-20T20:00:00+00:00,0.800,0.000,Open-Meteo Historical Weather API,"Casalecchio di Reno, Bologna, Italy",44.4756,11.2759
2022-01-20T21:00:00+00:00,-0.100,-1.000,Open-Meteo Historical Weather API,"Casalecchio di Reno, Bologna, Italy",44.4756,11.2759
2022-01-20T22:00:00+00:00,-0.600,-1.600,Open-Meteo Historical Weather API,"Casalecchio di Reno, Bologna, Italy",44.4756,11.2759
2022-01-20T23:00:00+00:00,-0.900,-1.900,Open-Meteo Historical Weather API,"Casalecchio di Reno, Bologna, Italy",44.4756,11.2759
2022-01-21T00:00:00+00:00,0.800,-0.500,Open-Meteo Historical Weather API,"Casalecchio di Reno, Bologna, Italy",44.4756,11.2759
2022-01-21T01:00:00+00:00,1.600,-0.200,Open-Meteo Historical Weather API,"Casalecchio di Reno, Bologna, Italy",44.4756,11.2759
2022-01-21T02:00:00+00:00,0.900,-1.600,Open-Meteo Historical Weather API,"Casalecchio di Reno, Bologna, Italy",44.4756,11.2759
2022-01-21T03:00:00+00:00,-0.200,-2.700,Open-Meteo Historical Weather API,"Casalecchio di Reno, Bologna, Italy",44.4756,11.2759
2022-01-21T04:00:00+00:00,0.300,-3.700,Open-Meteo Historical Weather API,"Casalecchio di Reno, Bologna, Italy",44.4756,11.2759
2022-01-21T05:00:00+00:00,-1.000,-3.900,Open-Meteo Historical Weather API,"Casalecchio di Reno, Bologna, Italy",44.4756,11.2759
2022-01-21T06:00:00+00:00,-0.600,-3.200,Open-Meteo Historical Weather API,"Casalecchio di Reno, Bologna, Italy",44.4756,11.2759
2022-01-21T07:00:00+00:00,-2.100,-3.700,Open-Meteo Historical Weather API,"Casalecchio di Reno, Bologna, Italy",44.4756,11.2759
2022-01-21T08:00:00+00:00,-0.100,-2.800,Open-Meteo Historical Weather API,"Casalecchio di Reno, Bologna, Italy",44.4756,11.2759
2022-01-21T09:00:00+00:00,1.100,-2.200,Open-Meteo Historical Weather API,"Casalecchio di Reno, Bologna, Italy",44.4756,11.2759
2022-01-21T10:00:00+00:00,1.900,-1.100,Open-Meteo Historical Weather API,"Casalecchio di Reno, Bologna, Italy",44.4756,11.2759
2022-01-21T11:00:00+00:00,2.500,0.200,Open-Meteo Historical Weather API,"Casalecchio di Reno, Bologna, Italy",44.4756,11.2759
2022-01-21T12:00:00+00:00,4.200,1.500,Open-Meteo Historical Weather API,"Casalecchio di Reno, Bologna, Italy",44.4756,11.2759
2022-01-21T13:00:00+00:00,4.600,1.900,Open-Meteo Historical Weather API,"Casalecchio di Reno, Bologna, Italy",44.4756,11.2759
2022-01-21T14:00:00+00:00,5.100,2.200,Open-Meteo Historical Weather API,"Casalecchio di Reno, Bologna, Italy",44.4756,11.2759
2022-01-21T15:00:00+00:00,5.100,2.500,Open-Meteo Historical Weather API,"Casalecchio di Reno, Bologna, Italy",44.4756,11.2759
2022-01-21T16:00:00+00:00,4.000,2.200,Open-Meteo Historical Weather API,"Casalecchio di Reno, Bologna, Italy",44.4756,11.2759
2022-01-21T17:00:00+00:00,1.400,0.400,Open-Meteo Historical Weather API,"Casalecchio di Reno, Bologna, Italy",44.4756,11.2759
2022-01-21T18:00:00+00:00,1.100,0.000,Open-Meteo Historical Weather API,"Casalecchio di Reno, Bologna, Italy",44.4756,11.2759
2022-01-21T19:00:00+00:00,0.800,-0.300,Open-Meteo Historical Weather API,"Casalecchio di Reno, Bologna, Italy",44.4756,11.2759
2022-01-21T20:00:00+00:00,0.100,-1.000,Open-Meteo Historical Weather API,"Casalecchio di Reno, Bologna, Italy",44.4756,11.2759
2022-01-21T21:00:00+00:00,-0.400,-1.700,Open-Meteo Historical Weather API,"Casalecchio di Reno, Bologna, Italy",44.4756,11.2759
2022-01-21T22:00:00+00:00,-1.600,-2.600,Open-Meteo Historical Weather API,"Casalecchio di Reno, Bologna, Italy",44.4756,11.2759
2022-01-21T23:00:00+00:00,-2.300,-3.400,Open-Meteo Historical Weather API,"Casalecchio di Reno, Bologna, Italy",44.4756,11.2759
2022-01-22T00:00:00+00:00,-1.400,-2.200,Open-Meteo Historical Weather API,"Casalecchio di Reno, Bologna, Italy",44.4756,11.2759
2022-01-22T01:00:00+00:00,-1.500,-2.500,Open-Meteo Historical Weather API,"Casalecchio di Reno, Bologna, Italy",44.4756,11.2759
2022-01-22T02:00:00+00:00,-1.600,-2.800,Open-Meteo Historical Weather API,"Casalecchio di Reno, Bologna, Italy",44.4756,11.2759
2022-01-22T03:00:00+00:00,-1.500,-2.700,Open-Meteo Historical Weather API,"Casalecchio di Reno, Bologna, Italy",44.4756,11.2759
2022-01-22T04:00:00+00:00,-0.900,-2.500,Open-Meteo Historical Weather API,"Casalecchio di Reno, Bologna, Italy",44.4756,11.2759
2022-01-22T05:00:00+00:00,-1.000,-3.200,Open-Meteo Historical Weather API,"Casalecchio di Reno, Bologna, Italy",44.4756,11.2759
2022-01-22T06:00:00+00:00,-1.200,-3.800,Open-Meteo Historical Weather API,"Casalecchio di Reno, Bologna, Italy",44.4756,11.2759
2022-01-22T07:00:00+00:00,-1.200,-4.300,Open-Meteo Historical Weather API,"Casalecchio di Reno, Bologna, Italy",44.4756,11.2759
2022-01-22T08:00:00+00:00,0.800,-3.100,Open-Meteo Historical Weather API,"Casalecchio di Reno, Bologna, Italy",44.4756,11.2759
2022-01-22T09:00:00+00:00,4.100,-0.600,Open-Meteo Historical Weather API,"Casalecchio di Reno, Bologna, Italy",44.4756,11.2759
2022-01-22T10:00:00+00:00,6.100,-0.200,Open-Meteo Historical Weather API,"Casalecchio di Reno, Bologna, Italy",44.4756,11.2759
2022-01-22T11:00:00+00:00,7.200,0.400,Open-Meteo Historical Weather API,"Casalecchio di Reno, Bologna, Italy",44.4756,11.2759
2022-01-22T12:00:00+00:00,9.200,-0.400,Open-Meteo Historical Weather API,"Casalecchio di Reno, Bologna, Italy",44.4756,11.2759
2022-01-22T13:00:00+00:00,9.600,0.600,Open-Meteo Historical Weather API,"Casalecchio di Reno, Bologna, Italy",44.4756,11.2759
2022-01-22T14:00:00+00:00,9.100,0.800,Open-Meteo Historical Weather API,"Casalecchio di Reno, Bologna, Italy",44.4756,11.2759
2022-01-22T15:00:00+00:00,7.800,1.200,Open-Meteo Historical Weather API,"Casalecchio di Reno, Bologna, Italy",44.4756,11.2759
2022-01-22T16:00:00+00:00,5.200,0.900,Open-Meteo Historical Weather API,"Casalecchio di Reno, Bologna, Italy",44.4756,11.2759
2022-01-22T17:00:00+00:00,3.300,0.800,Open-Meteo Historical Weather API,"Casalecchio di Reno, Bologna, Italy",44.4756,11.2759
2022-01-22T18:00:00+00:00,2.200,-0.100,Open-Meteo Historical Weather API,"Casalecchio di Reno, Bologna, Italy",44.4756,11.2759
2022-01-22T19:00:00+00:00,3.200,-0.600,Open-Meteo Historical Weather API,"Casalecchio di Reno, Bologna, Italy",44.4756,11.2759
2022-01-22T20:00:00+00:00,2.500,-1.000,Open-Meteo Historical Weather API,"Casalecchio di Reno, Bologna, Italy",44.4756,11.2759
2022-01-22T21:00:00+00:00,0.100,-2.000,Open-Meteo Historical Weather API,"Casalecchio di Reno, Bologna, Italy",44.4756,11.2759
2022-01-22T22:00:00+00:00,1.500,-1.500,Open-Meteo Historical Weather API,"Casalecchio di Reno, Bologna, Italy",44.4756,11.2759
2022-01-22T23:00:00+00:00,0.200,-1.500,Open-Meteo Historical Weather API,"Casalecchio di Reno, Bologna, Italy",44.4756,11.2759
2022-01-23T00:00:00+00:00,0.100,-1.800,Open-Meteo Historical Weather API,"Casalecchio di Reno, Bologna, Italy",44.4756,11.2759
2022-01-23T01:00:00+00:00,-0.600,-2.800,Open-Meteo Historical Weather API,"Casalecchio di Reno, Bologna, Italy",44.4756,11.2759
2022-01-23T02:00:00+00:00,-1.100,-3.500,Open-Meteo Historical Weather API,"Casalecchio di Reno, Bologna, Italy",44.4756,11.2759
2022-01-23T03:00:00+00:00,-1.500,-4.000,Open-Meteo Historical Weather API,"Casalecchio di Reno, Bologna, Italy",44.4756,11.2759
2022-01-23T04:00:00+00:00,-1.400,-3.900,Open-Meteo Historical Weather API,"Casalecchio di Reno, Bologna, Italy",44.4756,11.2759
2022-01-23T05:00:00+00:00,-2.000,-4.200,Open-Meteo Historical Weather API,"Casalecchio di Reno, Bologna, Italy",44.4756,11.2759
2022-01-23T06:00:00+00:00,-2.200,-4.200,Open-Meteo Historical Weather API,"Casalecchio di Reno, Bologna, Italy",44.4756,11.2759
2022-01-23T07:00:00+00:00,-2.000,-4.100,Open-Meteo Historical Weather API,"Casalecchio di Reno, Bologna, Italy",44.4756,11.2759
2022-01-23T08:00:00+00:00,0.100,-2.500,Open-Meteo Historical Weather API,"Casalecchio di Reno, Bologna, Italy",44.4756,11.2759
2022-01-23T09:00:00+00:00,3.200,-1.300,Open-Meteo Historical Weather API,"Casalecchio di Reno, Bologna, Italy",44.4756,11.2759
2022-01-23T10:00:00+00:00,4.600,0.200,Open-Meteo Historical Weather API,"Casalecchio di Reno, Bologna, Italy",44.4756,11.2759
2022-01-23T11:00:00+00:00,4.800,1.400,Open-Meteo Historical Weather API,"Casalecchio di Reno, Bologna, Italy",44.4756,11.2759
2022-01-23T12:00:00+00:00,5.300,0.600,Open-Meteo Historical Weather API,"Casalecchio di Reno, Bologna, Italy",44.4756,11.2759
2022-01-23T13:00:00+00:00,6.100,0.700,Open-Meteo Historical Weather API,"Casalecchio di Reno, Bologna, Italy",44.4756,11.2759
2022-01-23T14:00:00+00:00,6.100,1.000,Open-Meteo Historical Weather API,"Casalecchio di Reno, Bologna, Italy",44.4756,11.2759
2022-01-23T15:00:00+00:00,4.400,1.600,Open-Meteo Historical Weather API,"Casalecchio di Reno, Bologna, Italy",44.4756,11.2759
2022-01-23T16:00:00+00:00,2.500,1.500,Open-Meteo Historical Weather API,"Casalecchio di Reno, Bologna, Italy",44.4756,11.2759
2022-01-23T17:00:00+00:00,-1.000,-1.600,Open-Meteo Historical Weather API,"Casalecchio di Reno, Bologna, Italy",44.4756,11.2759
2022-01-23T18:00:00+00:00,-1.200,-1.900,Open-Meteo Historical Weather API,"Casalecchio di Reno, Bologna, Italy",44.4756,11.2759
2022-01-23T19:00:00+00:00,-1.200,-1.900,Open-Meteo Historical Weather API,"Casalecchio di Reno, Bologna, Italy",44.4756,11.2759
2022-01-23T20:00:00+00:00,-0.500,-1.600,Open-Meteo Historical Weather API,"Casalecchio di Reno, Bologna, Italy",44.4756,11.2759
2022-01-23T21:00:00+00:00,-1.000,-2.100,Open-Meteo Historical Weather API,"Casalecchio di Reno, Bologna, Italy",44.4756,11.2759
2022-01-23T22:00:00+00:00,-2.000,-3.000,Open-Meteo Historical Weather API,"Casalecchio di Reno, Bologna, Italy",44.4756,11.2759
2022-01-23T23:00:00+00:00,-2.000,-2.800,Open-Meteo Historical Weather API,"Casalecchio di Reno, Bologna, Italy",44.4756,11.2759
2022-01-24T00:00:00+00:00,-1.100,-2.200,Open-Meteo Historical Weather API,"Casalecchio di Reno, Bologna, Italy",44.4756,11.2759
2022-01-24T01:00:00+00:00,-1.400,-2.600,Open-Meteo Historical Weather API,"Casalecchio di Reno, Bologna, Italy",44.4756,11.2759
2022-01-24T02:00:00+00:00,-1.800,-2.800,Open-Meteo Historical Weather API,"Casalecchio di Reno, Bologna, Italy",44.4756,11.2759
2022-01-24T03:00:00+00:00,-3.000,-4.000,Open-Meteo Historical Weather API,"Casalecchio di Reno, Bologna, Italy",44.4756,11.2759
2022-01-24T04:00:00+00:00,-2.500,-3.600,Open-Meteo Historical Weather API,"Casalecchio di Reno, Bologna, Italy",44.4756,11.2759
2022-01-24T05:00:00+00:00,-2.700,-4.100,Open-Meteo Historical Weather API,"Casalecchio di Reno, Bologna, Italy",44.4756,11.2759
2022-01-24T06:00:00+00:00,-2.500,-4.100,Open-Meteo Historical Weather API,"Casalecchio di Reno, Bologna, Italy",44.4756,11.2759
2022-01-24T07:00:00+00:00,-2.800,-4.100,Open-Meteo Historical Weather API,"Casalecchio di Reno, Bologna, Italy",44.4756,11.2759
2022-01-24T08:00:00+00:00,-0.200,-2.600,Open-Meteo Historical Weather API,"Casalecchio di Reno, Bologna, Italy",44.4756,11.2759
2022-01-24T09:00:00+00:00,2.600,-1.200,Open-Meteo Historical Weather API,"Casalecchio di Reno, Bologna, Italy",44.4756,11.2759
2022-01-24T10:00:00+00:00,4.000,-0.100,Open-Meteo Historical Weather API,"Casalecchio di Reno, Bologna, Italy",44.4756,11.2759
2022-01-24T11:00:00+00:00,4.900,0.800,Open-Meteo Historical Weather API,"Casalecchio di Reno, Bologna, Italy",44.4756,11.2759
2022-01-24T12:00:00+00:00,4.800,0.300,Open-Meteo Historical Weather API,"Casalecchio di Reno, Bologna, Italy",44.4756,11.2759
2022-01-24T13:00:00+00:00,4.800,0.400,Open-Meteo Historical Weather API,"Casalecchio di Reno, Bologna, Italy",44.4756,11.2759
2022-01-24T14:00:00+00:00,4.900,0.700,Open-Meteo Historical Weather API,"Casalecchio di Reno, Bologna, Italy",44.4756,11.2759
2022-01-24T15:00:00+00:00,3.900,1.000,Open-Meteo Historical Weather API,"Casalecchio di Reno, Bologna, Italy",44.4756,11.2759
2022-01-24T16:00:00+00:00,1.500,0.100,Open-Meteo Historical Weather API,"Casalecchio di Reno, Bologna, Italy",44.4756,11.2759
2022-01-24T17:00:00+00:00,-0.200,-0.900,Open-Meteo Historical Weather API,"Casalecchio di Reno, Bologna, Italy",44.4756,11.2759
2022-01-24T18:00:00+00:00,-0.900,-1.500,Open-Meteo Historical Weather API,"Casalecchio di Reno, Bologna, Italy",44.4756,11.2759
2022-01-24T19:00:00+00:00,1.300,0.400,Open-Meteo Historical Weather API,"Casalecchio di Reno, Bologna, Italy",44.4756,11.2759
2022-01-24T20:00:00+00:00,2.000,1.200,Open-Meteo Historical Weather API,"Casalecchio di Reno, Bologna, Italy",44.4756,11.2759
2022-01-24T21:00:00+00:00,1.300,1.200,Open-Meteo Historical Weather API,"Casalecchio di Reno, Bologna, Italy",44.4756,11.2759
2022-01-24T22:00:00+00:00,0.900,0.900,Open-Meteo Historical Weather API,"Casalecchio di Reno, Bologna, Italy",44.4756,11.2759
2022-01-24T23:00:00+00:00,-0.800,-0.900,Open-Meteo Historical Weather API,"Casalecchio di Reno, Bologna, Italy",44.4756,11.2759
2022-01-25T00:00:00+00:00,0.800,0.600,Open-Meteo Historical Weather API,"Casalecchio di Reno, Bologna, Italy",44.4756,11.2759
2022-01-25T01:00:00+00:00,0.800,0.800,Open-Meteo Historical Weather API,"Casalecchio di Reno, Bologna, Italy",44.4756,11.2759
2022-01-25T02:00:00+00:00,0.900,0.900,Open-Meteo Historical Weather API,"Casalecchio di Reno, Bologna, Italy",44.4756,11.2759
2022-01-25T03:00:00+00:00,1.000,0.900,Open-Meteo Historical Weather API,"Casalecchio di Reno, Bologna, Italy",44.4756,11.2759
2022-01-25T04:00:00+00:00,1.200,0.900,Open-Meteo Historical Weather API,"Casalecchio di Reno, Bologna, Italy",44.4756,11.2759
2022-01-25T05:00:00+00:00,1.400,0.900,Open-Meteo Historical Weather API,"Casalecchio di Reno, Bologna, Italy",44.4756,11.2759
2022-01-25T06:00:00+00:00,1.500,0.900,Open-Meteo Historical Weather API,"Casalecchio di Reno, Bologna, Italy",44.4756,11.2759
2022-01-25T07:00:00+00:00,1.500,0.900,Open-Meteo Historical Weather API,"Casalecchio di Reno, Bologna, Italy",44.4756,11.2759
2022-01-25T08:00:00+00:00,2.200,1.400,Open-Meteo Historical Weather API,"Casalecchio di Reno, Bologna, Italy",44.4756,11.2759
2022-01-25T09:00:00+00:00,3.000,2.000,Open-Meteo Historical Weather API,"Casalecchio di Reno, Bologna, Italy",44.4756,11.2759
2022-01-25T10:00:00+00:00,4.000,2.500,Open-Meteo Historical Weather API,"Casalecchio di Reno, Bologna, Italy",44.4756,11.2759
2022-01-25T11:00:00+00:00,4.900,2.700,Open-Meteo Historical Weather API,"Casalecchio di Reno, Bologna, Italy",44.4756,11.2759
2022-01-25T12:00:00+00:00,5.000,1.300,Open-Meteo Historical Weather API,"Casalecchio di Reno, Bologna, Italy",44.4756,11.2759
2022-01-25T13:00:00+00:00,5.600,0.900,Open-Meteo Historical Weather API,"Casalecchio di Reno, Bologna, Italy",44.4756,11.2759
2022-01-25T14:00:00+00:00,5.600,0.900,Open-Meteo Historical Weather API,"Casalecchio di Reno, Bologna, Italy",44.4756,11.2759
2022-01-25T15:00:00+00:00,4.600,1.100,Open-Meteo Historical Weather API,"Casalecchio di Reno, Bologna, Italy",44.4756,11.2759
2022-01-25T16:00:00+00:00,0.300,-0.900,Open-Meteo Historical Weather API,"Casalecchio di Reno, Bologna, Italy",44.4756,11.2759
2022-01-25T17:00:00+00:00,0.300,-0.600,Open-Meteo Historical Weather API,"Casalecchio di Reno, Bologna, Italy",44.4756,11.2759
2022-01-25T18:00:00+00:00,-1.500,-2.100,Open-Meteo Historical Weather API,"Casalecchio di Reno, Bologna, Italy",44.4756,11.2759
2022-01-25T19:00:00+00:00,-1.700,-2.200,Open-Meteo Historical Weather API,"Casalecchio di Reno, Bologna, Italy",44.4756,11.2759
2022-01-25T20:00:00+00:00,-1.800,-2.200,Open-Meteo Historical Weather API,"Casalecchio di Reno, Bologna, Italy",44.4756,11.2759
2022-01-25T21:00:00+00:00,-1.800,-2.200,Open-Meteo Historical Weather API,"Casalecchio di Reno, Bologna, Italy",44.4756,11.2759
2022-01-25T22:00:00+00:00,-0.600,-1.200,Open-Meteo Historical Weather API,"Casalecchio di Reno, Bologna, Italy",44.4756,11.2759
2022-01-25T23:00:00+00:00,0.300,-0.900,Open-Meteo Historical Weather API,"Casalecchio di Reno, Bologna, Italy",44.4756,11.2759
2022-01-26T00:00:00+00:00,0.300,0.200,Open-Meteo Historical Weather API,"Casalecchio di Reno, Bologna, Italy",44.4756,11.2759
2022-01-26T01:00:00+00:00,1.300,1.200,Open-Meteo Historical Weather API,"Casalecchio di Reno, Bologna, Italy",44.4756,11.2759
2022-01-26T02:00:00+00:00,0.900,0.800,Open-Meteo Historical Weather API,"Casalecchio di Reno, Bologna, Italy",44.4756,11.2759
2022-01-26T03:00:00+00:00,-0.400,-0.600,Open-Meteo Historical Weather API,"Casalecchio di Reno, Bologna, Italy",44.4756,11.2759
2022-01-26T04:00:00+00:00,-0.700,-1.100,Open-Meteo Historical Weather API,"Casalecchio di Reno, Bologna, Italy",44.4756,11.2759
2022-01-26T05:00:00+00:00,0.100,-0.800,Open-Meteo Historical Weather API,"Casalecchio di Reno, Bologna, Italy",44.4756,11.2759
2022-01-26T06:00:00+00:00,-1.500,-2.200,Open-Meteo Historical Weather API,"Casalecchio di Reno, Bologna, Italy",44.4756,11.2759
2022-01-26T07:00:00+00:00,-0.800,-1.300,Open-Meteo Historical Weather API,"Casalecchio di Reno, Bologna, Italy",44.4756,11.2759
2022-01-26T08:00:00+00:00,1.400,0.400,Open-Meteo Historical Weather API,"Casalecchio di Reno, Bologna, Italy",44.4756,11.2759
2022-01-26T09:00:00+00:00,2.800,1.500,Open-Meteo Historical Weather API,"Casalecchio di Reno, Bologna, Italy",44.4756,11.2759
2022-01-26T10:00:00+00:00,3.600,2.000,Open-Meteo Historical Weather API,"Casalecchio di Reno, Bologna, Italy",44.4756,11.2759
2022-01-26T11:00:00+00:00,4.600,2.500,Open-Meteo Historical Weather API,"Casalecchio di Reno, Bologna, Italy",44.4756,11.2759
2022-01-26T12:00:00+00:00,5.400,2.600,Open-Meteo Historical Weather API,"Casalecchio di Reno, Bologna, Italy",44.4756,11.2759
2022-01-26T13:00:00+00:00,5.800,3.000,Open-Meteo Historical Weather API,"Casalecchio di Reno, Bologna, Italy",44.4756,11.2759
2022-01-26T14:00:00+00:00,5.700,3.200,Open-Meteo Historical Weather API,"Casalecchio di Reno, Bologna, Italy",44.4756,11.2759
2022-01-26T15:00:00+00:00,5.700,3.300,Open-Meteo Historical Weather API,"Casalecchio di Reno, Bologna, Italy",44.4756,11.2759
2022-01-26T16:00:00+00:00,4.900,3.200,Open-Meteo Historical Weather API,"Casalecchio di Reno, Bologna, Italy",44.4756,11.2759
2022-01-26T17:00:00+00:00,4.200,3.000,Open-Meteo Historical Weather API,"Casalecchio di Reno, Bologna, Italy",44.4756,11.2759
2022-01-26T18:00:00+00:00,2.000,1.100,Open-Meteo Historical Weather API,"Casalecchio di Reno, Bologna, Italy",44.4756,11.2759
2022-01-26T19:00:00+00:00,-0.300,-0.900,Open-Meteo Historical Weather API,"Casalecchio di Reno, Bologna, Italy",44.4756,11.2759
2022-01-26T20:00:00+00:00,1.100,0.200,Open-Meteo Historical Weather API,"Casalecchio di Reno, Bologna, Italy",44.4756,11.2759
2022-01-26T21:00:00+00:00,-0.100,-0.900,Open-Meteo Historical Weather API,"Casalecchio di Reno, Bologna, Italy",44.4756,11.2759
2022-01-26T22:00:00+00:00,-0.600,-1.300,Open-Meteo Historical Weather API,"Casalecchio di Reno, Bologna, Italy",44.4756,11.2759
2022-01-26T23:00:00+00:00,-0.900,-1.500,Open-Meteo Historical Weather API,"Casalecchio di Reno, Bologna, Italy",44.4756,11.2759
2022-01-27T00:00:00+00:00,0.400,0.100,Open-Meteo Historical Weather API,"Casalecchio di Reno, Bologna, Italy",44.4756,11.2759
2022-01-27T01:00:00+00:00,2.200,1.600,Open-Meteo Historical Weather API,"Casalecchio di Reno, Bologna, Italy",44.4756,11.2759
2022-01-27T02:00:00+00:00,1.500,1.000,Open-Meteo Historical Weather API,"Casalecchio di Reno, Bologna, Italy",44.4756,11.2759
2022-01-27T03:00:00+00:00,0.200,-0.200,Open-Meteo Historical Weather API,"Casalecchio di Reno, Bologna, Italy",44.4756,11.2759
2022-01-27T04:00:00+00:00,-0.300,-0.900,Open-Meteo Historical Weather API,"Casalecchio di Reno, Bologna, Italy",44.4756,11.2759
2022-01-27T05:00:00+00:00,-0.600,-1.400,Open-Meteo Historical Weather API,"Casalecchio di Reno, Bologna, Italy",44.4756,11.2759
2022-01-27T06:00:00+00:00,-0.800,-1.600,Open-Meteo Historical Weather API,"Casalecchio di Reno, Bologna, Italy",44.4756,11.2759
2022-01-27T07:00:00+00:00,-0.400,-1.300,Open-Meteo Historical Weather API,"Casalecchio di Reno, Bologna, Italy",44.4756,11.2759
2022-01-27T08:00:00+00:00,2.000,0.400,Open-Meteo Historical Weather API,"Casalecchio di Reno, Bologna, Italy",44.4756,11.2759
2022-01-27T09:00:00+00:00,3.800,2.000,Open-Meteo Historical Weather API,"Casalecchio di Reno, Bologna, Italy",44.4756,11.2759
2022-01-27T10:00:00+00:00,5.200,3.200,Open-Meteo Historical Weather API,"Casalecchio di Reno, Bologna, Italy",44.4756,11.2759
2022-01-27T11:00:00+00:00,6.500,3.800,Open-Meteo Historical Weather API,"Casalecchio di Reno, Bologna, Italy",44.4756,11.2759
2022-01-27T12:00:00+00:00,5.600,3.300,Open-Meteo Historical Weather API,"Casalecchio di Reno, Bologna, Italy",44.4756,11.2759
2022-01-27T13:00:00+00:00,5.700,3.200,Open-Meteo Historical Weather API,"Casalecchio di Reno, Bologna, Italy",44.4756,11.2759
2022-01-27T14:00:00+00:00,5.800,3.200,Open-Meteo Historical Weather API,"Casalecchio di Reno, Bologna, Italy",44.4756,11.2759
2022-01-27T15:00:00+00:00,5.300,3.200,Open-Meteo Historical Weather API,"Casalecchio di Reno, Bologna, Italy",44.4756,11.2759
2022-01-27T16:00:00+00:00,4.400,3.000,Open-Meteo Historical Weather API,"Casalecchio di Reno, Bologna, Italy",44.4756,11.2759
2022-01-27T17:00:00+00:00,3.100,2.300,Open-Meteo Historical Weather API,"Casalecchio di Reno, Bologna, Italy",44.4756,11.2759
2022-01-27T18:00:00+00:00,3.000,2.400,Open-Meteo Historical Weather API,"Casalecchio di Reno, Bologna, Italy",44.4756,11.2759
2022-01-27T19:00:00+00:00,1.200,0.700,Open-Meteo Historical Weather API,"Casalecchio di Reno, Bologna, Italy",44.4756,11.2759
2022-01-27T20:00:00+00:00,-0.300,-0.900,Open-Meteo Historical Weather API,"Casalecchio di Reno, Bologna, Italy",44.4756,11.2759
2022-01-27T21:00:00+00:00,-0.400,-1.400,Open-Meteo Historical Weather API,"Casalecchio di Reno, Bologna, Italy",44.4756,11.2759
2022-01-27T22:00:00+00:00,0.300,-0.600,Open-Meteo Historical Weather API,"Casalecchio di Reno, Bologna, Italy",44.4756,11.2759
2022-01-27T23:00:00+00:00,-1.000,-1.500,Open-Meteo Historical Weather API,"Casalecchio di Reno, Bologna, Italy",44.4756,11.2759
2022-01-28T00:00:00+00:00,-0.100,-0.400,Open-Meteo Historical Weather API,"Casalecchio di Reno, Bologna, Italy",44.4756,11.2759
2022-01-28T01:00:00+00:00,0.600,0.600,Open-Meteo Historical Weather API,"Casalecchio di Reno, Bologna, Italy",44.4756,11.2759
2022-01-28T02:00:00+00:00,0.800,0.600,Open-Meteo Historical Weather API,"Casalecchio di Reno, Bologna, Italy",44.4756,11.2759
2022-01-28T03:00:00+00:00,0.300,-0.300,Open-Meteo Historical Weather API,"Casalecchio di Reno, Bologna, Italy",44.4756,11.2759
2022-01-28T04:00:00+00:00,0.000,-0.900,Open-Meteo Historical Weather API,"Casalecchio di Reno, Bologna, Italy",44.4756,11.2759
2022-01-28T05:00:00+00:00,0.700,-0.200,Open-Meteo Historical Weather API,"Casalecchio di Reno, Bologna, Italy",44.4756,11.2759
2022-01-28T06:00:00+00:00,1.100,0.300,Open-Meteo Historical Weather API,"Casalecchio di Reno, Bologna, Italy",44.4756,11.2759
2022-01-28T07:00:00+00:00,-0.600,-1.000,Open-Meteo Historical Weather API,"Casalecchio di Reno, Bologna, Italy",44.4756,11.2759
2022-01-28T08:00:00+00:00,2.000,0.900,Open-Meteo Historical Weather API,"Casalecchio di Reno, Bologna, Italy",44.4756,11.2759
2022-01-28T09:00:00+00:00,2.700,1.700,Open-Meteo Historical Weather API,"Casalecchio di Reno, Bologna, Italy",44.4756,11.2759
2022-01-28T10:00:00+00:00,4.100,2.400,Open-Meteo Historical Weather API,"Casalecchio di Reno, Bologna, Italy",44.4756,11.2759
2022-01-28T11:00:00+00:00,6.500,2.900,Open-Meteo Historical Weather API,"Casalecchio di Reno, Bologna, Italy",44.4756,11.2759
2022-01-28T12:00:00+00:00,6.800,2.900,Open-Meteo Historical Weather API,"Casalecchio di Reno, Bologna, Italy",44.4756,11.2759
2022-01-28T13:00:00+00:00,8.700,2.700,Open-Meteo Historical Weather API,"Casalecchio di Reno, Bologna, Italy",44.4756,11.2759
2022-01-28T14:00:00+00:00,10.100,2.200,Open-Meteo Historical Weather API,"Casalecchio di Reno, Bologna, Italy",44.4756,11.2759
2022-01-28T15:00:00+00:00,9.100,5.000,Open-Meteo Historical Weather API,"Casalecchio di Reno, Bologna, Italy",44.4756,11.2759
2022-01-28T16:00:00+00:00,8.200,3.400,Open-Meteo Historical Weather API,"Casalecchio di Reno, Bologna, Italy",44.4756,11.2759
2022-01-28T17:00:00+00:00,2.800,0.600,Open-Meteo Historical Weather API,"Casalecchio di Reno, Bologna, Italy",44.4756,11.2759
2022-01-28T18:00:00+00:00,2.000,-0.600,Open-Meteo Historical Weather API,"Casalecchio di Reno, Bologna, Italy",44.4756,11.2759
2022-01-28T19:00:00+00:00,4.100,-0.800,Open-Meteo Historical Weather API,"Casalecchio di Reno, Bologna, Italy",44.4756,11.2759
2022-01-28T20:00:00+00:00,0.900,-2.000,Open-Meteo Historical Weather API,"Casalecchio di Reno, Bologna, Italy",44.4756,11.2759
2022-01-28T21:00:00+00:00,1.600,-1.700,Open-Meteo Historical Weather API,"Casalecchio di Reno, Bologna, Italy",44.4756,11.2759
2022-01-28T22:00:00+00:00,1.600,-1.200,Open-Meteo Historical Weather API,"Casalecchio di Reno, Bologna, Italy",44.4756,11.2759
2022-01-28T23:00:00+00:00,1.800,-1.100,Open-Meteo Historical Weather API,"Casalecchio di Reno, Bologna, Italy",44.4756,11.2759
2022-01-29T00:00:00+00:00,0.300,-0.500,Open-Meteo Historical Weather API,"Casalecchio di Reno, Bologna, Italy",44.4756,11.2759
2022-01-29T01:00:00+00:00,-1.600,-2.700,Open-Meteo Historical Weather API,"Casalecchio di Reno, Bologna, Italy",44.4756,11.2759
2022-01-29T02:00:00+00:00,-1.500,-3.500,Open-Meteo Historical Weather API,"Casalecchio di Reno, Bologna, Italy",44.4756,11.2759
2022-01-29T03:00:00+00:00,0.600,-6.600,Open-Meteo Historical Weather API,"Casalecchio di Reno, Bologna, Italy",44.4756,11.2759
2022-01-29T04:00:00+00:00,1.000,-9.600,Open-Meteo Historical Weather API,"Casalecchio di Reno, Bologna, Italy",44.4756,11.2759
2022-01-29T05:00:00+00:00,1.200,-10.400,Open-Meteo Historical Weather API,"Casalecchio di Reno, Bologna, Italy",44.4756,11.2759
2022-01-29T06:00:00+00:00,0.600,-9.100,Open-Meteo Historical Weather API,"Casalecchio di Reno, Bologna, Italy",44.4756,11.2759
2022-01-29T07:00:00+00:00,0.100,-8.300,Open-Meteo Historical Weather API,"Casalecchio di Reno, Bologna, Italy",44.4756,11.2759
2022-01-29T08:00:00+00:00,3.000,-5.000,Open-Meteo Historical Weather API,"Casalecchio di Reno, Bologna, Italy",44.4756,11.2759
2022-01-29T09:00:00+00:00,7.900,-1.800,Open-Meteo Historical Weather API,"Casalecchio di Reno, Bologna, Italy",44.4756,11.2759
2022-01-29T10:00:00+00:00,10.900,-0.100,Open-Meteo Historical Weather API,"Casalecchio di Reno, Bologna, Italy",44.4756,11.2759
2022-01-29T11:00:00+00:00,11.200,0.900,Open-Meteo Historical Weather API,"Casalecchio di Reno, Bologna, Italy",44.4756,11.2759
2022-01-29T12:00:00+00:00,8.400,-1.500,Open-Meteo Historical Weather API,"Casalecchio di Reno, Bologna, Italy",44.4756,11.2759
2022-01-29T13:00:00+00:00,8.900,-2.400,Open-Meteo Historical Weather API,"Casalecchio di Reno, Bologna, Italy",44.4756,11.2759
2022-01-29T14:00:00+00:00,9.100,-2.500,Open-Meteo Historical Weather API,"Casalecchio di Reno, Bologna, Italy",44.4756,11.2759
2022-01-29T15:00:00+00:00,6.300,-2.500,Open-Meteo Historical Weather API,"Casalecchio di Reno, Bologna, Italy",44.4756,11.2759
2022-01-29T16:00:00+00:00,5.100,-2.300,Open-Meteo Historical Weather API,"Casalecchio di Reno, Bologna, Italy",44.4756,11.2759
2022-01-29T17:00:00+00:00,0.800,-2.800,Open-Meteo Historical Weather API,"Casalecchio di Reno, Bologna, Italy",44.4756,11.2759
2022-01-29T18:00:00+00:00,1.800,-2.900,Open-Meteo Historical Weather API,"Casalecchio di Reno, Bologna, Italy",44.4756,11.2759
2022-01-29T19:00:00+00:00,2.400,-3.800,Open-Meteo Historical Weather API,"Casalecchio di Reno, Bologna, Italy",44.4756,11.2759
2022-01-29T20:00:00+00:00,2.200,-3.600,Open-Meteo Historical Weather API,"Casalecchio di Reno, Bologna, Italy",44.4756,11.2759
2022-01-29T21:00:00+00:00,1.700,-3.300,Open-Meteo Historical Weather API,"Casalecchio di Reno, Bologna, Italy",44.4756,11.2759
2022-01-29T22:00:00+00:00,1.500,-2.200,Open-Meteo Historical Weather API,"Casalecchio di Reno, Bologna, Italy",44.4756,11.2759
2022-01-29T23:00:00+00:00,2.000,-0.700,Open-Meteo Historical Weather API,"Casalecchio di Reno, Bologna, Italy",44.4756,11.2759
2022-01-30T00:00:00+00:00,2.800,-0.600,Open-Meteo Historical Weather API,"Casalecchio di Reno, Bologna, Italy",44.4756,11.2759
2022-01-30T01:00:00+00:00,3.800,-0.100,Open-Meteo Historical Weather API,"Casalecchio di Reno, Bologna, Italy",44.4756,11.2759
2022-01-30T02:00:00+00:00,3.200,0.100,Open-Meteo Historical Weather API,"Casalecchio di Reno, Bologna, Italy",44.4756,11.2759
2022-01-30T03:00:00+00:00,2.500,0.200,Open-Meteo Historical Weather API,"Casalecchio di Reno, Bologna, Italy",44.4756,11.2759
2022-01-30T04:00:00+00:00,2.800,0.600,Open-Meteo Historical Weather API,"Casalecchio di Reno, Bologna, Italy",44.4756,11.2759
2022-01-30T05:00:00+00:00,1.700,-0.100,Open-Meteo Historical Weather API,"Casalecchio di Reno, Bologna, Italy",44.4756,11.2759
2022-01-30T06:00:00+00:00,1.800,0.200,Open-Meteo Historical Weather API,"Casalecchio di Reno, Bologna, Italy",44.4756,11.2759
2022-01-30T07:00:00+00:00,1.500,0.200,Open-Meteo Historical Weather API,"Casalecchio di Reno, Bologna, Italy",44.4756,11.2759
2022-01-30T08:00:00+00:00,4.000,2.000,Open-Meteo Historical Weather API,"Casalecchio di Reno, Bologna, Italy",44.4756,11.2759
2022-01-30T09:00:00+00:00,6.000,3.000,Open-Meteo Historical Weather API,"Casalecchio di Reno, Bologna, Italy",44.4756,11.2759
2022-01-30T10:00:00+00:00,7.000,3.000,Open-Meteo Historical Weather API,"Casalecchio di Reno, Bologna, Italy",44.4756,11.2759
2022-01-30T11:00:00+00:00,7.900,3.500,Open-Meteo Historical Weather API,"Casalecchio di Reno, Bologna, Italy",44.4756,11.2759
2022-01-30T12:00:00+00:00,11.000,3.700,Open-Meteo Historical Weather API,"Casalecchio di Reno, Bologna, Italy",44.4756,11.2759
2022-01-30T13:00:00+00:00,12.600,5.200,Open-Meteo Historical Weather API,"Casalecchio di Reno, Bologna, Italy",44.4756,11.2759
2022-01-30T14:00:00+00:00,12.600,5.600,Open-Meteo Historical Weather API,"Casalecchio di Reno, Bologna, Italy",44.4756,11.2759
2022-01-30T15:00:00+00:00,11.100,5.800,Open-Meteo Historical Weather API,"Casalecchio di Reno, Bologna, Italy",44.4756,11.2759
2022-01-30T16:00:00+00:00,8.500,4.600,Open-Meteo Historical Weather API,"Casalecchio di Reno, Bologna, Italy",44.4756,11.2759
2022-01-30T17:00:00+00:00,4.800,3.500,Open-Meteo Historical Weather API,"Casalecchio di Reno, Bologna, Italy",44.4756,11.2759
2022-01-30T18:00:00+00:00,4.900,3.700,Open-Meteo Historical Weather API,"Casalecchio di Reno, Bologna, Italy",44.4756,11.2759
2022-01-30T19:00:00+00:00,2.800,1.900,Open-Meteo Historical Weather API,"Casalecchio di Reno, Bologna, Italy",44.4756,11.2759
2022-01-30T20:00:00+00:00,2.800,1.800,Open-Meteo Historical Weather API,"Casalecchio di Reno, Bologna, Italy",44.4756,11.2759
2022-01-30T21:00:00+00:00,1.500,0.600,Open-Meteo Historical Weather API,"Casalecchio di Reno, Bologna, Italy",44.4756,11.2759
2022-01-30T22:00:00+00:00,0.900,0.100,Open-Meteo Historical Weather API,"Casalecchio di Reno, Bologna, Italy",44.4756,11.2759
2022-01-30T23:00:00+00:00,1.900,0.600,Open-Meteo Historical Weather API,"Casalecchio di Reno, Bologna, Italy",44.4756,11.2759
2022-01-31T00:00:00+00:00,0.800,-0.400,Open-Meteo Historical Weather API,"Casalecchio di Reno, Bologna, Italy",44.4756,11.2759
2022-01-31T01:00:00+00:00,0.600,-0.400,Open-Meteo Historical Weather API,"Casalecchio di Reno, Bologna, Italy",44.4756,11.2759
2022-01-31T02:00:00+00:00,0.900,-0.100,Open-Meteo Historical Weather API,"Casalecchio di Reno, Bologna, Italy",44.4756,11.2759
2022-01-31T03:00:00+00:00,0.600,-0.100,Open-Meteo Historical Weather API,"Casalecchio di Reno, Bologna, Italy",44.4756,11.2759
2022-01-31T04:00:00+00:00,0.800,0.200,Open-Meteo Historical Weather API,"Casalecchio di Reno, Bologna, Italy",44.4756,11.2759
2022-01-31T05:00:00+00:00,1.000,0.600,Open-Meteo Historical Weather API,"Casalecchio di Reno, Bologna, Italy",44.4756,11.2759
2022-01-31T06:00:00+00:00,1.200,0.900,Open-Meteo Historical Weather API,"Casalecchio di Reno, Bologna, Italy",44.4756,11.2759
2022-01-31T07:00:00+00:00,2.000,1.800,Open-Meteo Historical Weather API,"Casalecchio di Reno, Bologna, Italy",44.4756,11.2759
2022-01-31T08:00:00+00:00,4.100,3.000,Open-Meteo Historical Weather API,"Casalecchio di Reno, Bologna, Italy",44.4756,11.2759
2022-01-31T09:00:00+00:00,4.800,3.200,Open-Meteo Historical Weather API,"Casalecchio di Reno, Bologna, Italy",44.4756,11.2759
2022-01-31T10:00:00+00:00,7.200,4.200,Open-Meteo Historical Weather API,"Casalecchio di Reno, Bologna, Italy",44.4756,11.2759
2022-01-31T11:00:00+00:00,7.400,3.800,Open-Meteo Historical Weather API,"Casalecchio di Reno, Bologna, Italy",44.4756,11.2759
2022-01-31T12:00:00+00:00,6.800,3.400,Open-Meteo Historical Weather API,"Casalecchio di Reno, Bologna, Italy",44.4756,11.2759
2022-01-31T13:00:00+00:00,8.600,4.200,Open-Meteo Historical Weather API,"Casalecchio di Reno, Bologna, Italy",44.4756,11.2759
2022-01-31T14:00:00+00:00,8.400,3.200,Open-Meteo Historical Weather API,"Casalecchio di Reno, Bologna, Italy",44.4756,11.2759
2022-01-31T15:00:00+00:00,6.100,2.500,Open-Meteo Historical Weather API,"Casalecchio di Reno, Bologna, Italy",44.4756,11.2759
2022-01-31T16:00:00+00:00,4.600,2.300,Open-Meteo Historical Weather API,"Casalecchio di Reno, Bologna, Italy",44.4756,11.2759
2022-01-31T17:00:00+00:00,3.500,2.200,Open-Meteo Historical Weather API,"Casalecchio di Reno, Bologna, Italy",44.4756,11.2759
2022-01-31T18:00:00+00:00,4.200,2.500,Open-Meteo Historical Weather API,"Casalecchio di Reno, Bologna, Italy",44.4756,11.2759
2022-01-31T19:00:00+00:00,4.000,2.200,Open-Meteo Historical Weather API,"Casalecchio di Reno, Bologna, Italy",44.4756,11.2759
2022-01-31T20:00:00+00:00,4.200,2.800,Open-Meteo Historical Weather API,"Casalecchio di Reno, Bologna, Italy",44.4756,11.2759
2022-01-31T21:00:00+00:00,4.200,2.500,Open-Meteo Historical Weather API,"Casalecchio di Reno, Bologna, Italy",44.4756,11.2759
2022-01-31T22:00:00+00:00,4.200,-3.700,Open-Meteo Historical Weather API,"Casalecchio di Reno, Bologna, Italy",44.4756,11.2759
2022-01-31T23:00:00+00:00,4.200,-9.300,Open-Meteo Historical Weather API,"Casalecchio di Reno, Bologna, Italy",44.4756,11.2759
2022-02-01T00:00:00+00:00,4.300,-5.300,Open-Meteo Historical Weather API,"Casalecchio di Reno, Bologna, Italy",44.4756,11.2759
2022-02-01T01:00:00+00:00,4.600,-6.300,Open-Meteo Historical Weather API,"Casalecchio di Reno, Bologna, Italy",44.4756,11.2759
2022-02-01T02:00:00+00:00,4.900,-7.200,Open-Meteo Historical Weather API,"Casalecchio di Reno, Bologna, Italy",44.4756,11.2759
2022-02-01T03:00:00+00:00,4.900,-8.400,Open-Meteo Historical Weather API,"Casalecchio di Reno, Bologna, Italy",44.4756,11.2759
2022-02-01T04:00:00+00:00,5.200,-8.900,Open-Meteo Historical Weather API,"Casalecchio di Reno, Bologna, Italy",44.4756,11.2759
2022-02-01T05:00:00+00:00,5.500,-8.600,Open-Meteo Historical Weather API,"Casalecchio di Reno, Bologna, Italy",44.4756,11.2759
2022-02-01T06:00:00+00:00,5.100,-8.400,Open-Meteo Historical Weather API,"Casalecchio di Reno, Bologna, Italy",44.4756,11.2759
2022-02-01T07:00:00+00:00,4.600,-7.800,Open-Meteo Historical Weather API,"Casalecchio di Reno, Bologna, Italy",44.4756,11.2759
2022-02-01T08:00:00+00:00,5.700,-5.400,Open-Meteo Historical Weather API,"Casalecchio di Reno, Bologna, Italy",44.4756,11.2759
2022-02-01T09:00:00+00:00,7.800,-3.000,Open-Meteo Historical Weather API,"Casalecchio di Reno, Bologna, Italy",44.4756,11.2759
2022-02-01T10:00:00+00:00,9.100,-2.800,Open-Meteo Historical Weather API,"Casalecchio di Reno, Bologna, Italy",44.4756,11.2759
2022-02-01T11:00:00+00:00,10.300,-1.800,Open-Meteo Historical Weather API,"Casalecchio di Reno, Bologna, Italy",44.4756,11.2759
2022-02-01T12:00:00+00:00,11.900,-2.000,Open-Meteo Historical Weather API,"Casalecchio di Reno, Bologna, Italy",44.4756,11.2759
2022-02-01T13:00:00+00:00,12.400,-1.700,Open-Meteo Historical Weather API,"Casalecchio di Reno, Bologna, Italy",44.4756,11.2759
2022-02-01T14:00:00+00:00,12.300,-1.800,Open-Meteo Historical Weather API,"Casalecchio di Reno, Bologna, Italy",44.4756,11.2759
2022-02-01T15:00:00+00:00,11.200,-0.100,Open-Meteo Historical Weather API,"Casalecchio di Reno, Bologna, Italy",44.4756,11.2759
2022-02-01T16:00:00+00:00,7.400,-0.100,Open-Meteo Historical Weather API,"Casalecchio di Reno, Bologna, Italy",44.4756,11.2759
2022-02-01T17:00:00+00:00,6.300,-3.200,Open-Meteo Historical Weather API,"Casalecchio di Reno, Bologna, Italy",44.4756,11.2759
2022-02-01T18:00:00+00:00,5.700,-3.800,Open-Meteo Historical Weather API,"Casalecchio di Reno, Bologna, Italy",44.4756,11.2759
2022-02-01T19:00:00+00:00,5.300,-4.400,Open-Meteo Historical Weather API,"Casalecchio di Reno, Bologna, Italy",44.4756,11.2759
2022-02-01T20:00:00+00:00,5.200,-4.700,Open-Meteo Historical Weather API,"Casalecchio di Reno, Bologna, Italy",44.4756,11.2759
2022-02-01T21:00:00+00:00,4.600,-5.100,Open-Meteo Historical Weather API,"Casalecchio di Reno, Bologna, Italy",44.4756,11.2759
2022-02-01T22:00:00+00:00,4.400,-5.900,Open-Meteo Historical Weather API,"Casalecchio di Reno, Bologna, Italy",44.4756,11.2759
2022-02-01T23:00:00+00:00,4.900,-7.000,Open-Meteo Historical Weather API,"Casalecchio di Reno, Bologna, Italy",44.4756,11.2759
2022-02-02T00:00:00+00:00,6.100,-7.500,Open-Meteo Historical Weather API,"Casalecchio di Reno, Bologna, Italy",44.4756,11.2759
2022-02-02T01:00:00+00:00,4.100,-6.000,Open-Meteo Historical Weather API,"Casalecchio di Reno, Bologna, Italy",44.4756,11.2759
2022-02-02T02:00:00+00:00,3.200,-5.900,Open-Meteo Historical Weather API,"Casalecchio di Reno, Bologna, Italy",44.4756,11.2759
2022-02-02T03:00:00+00:00,3.000,-5.800,Open-Meteo Historical Weather API,"Casalecchio di Reno, Bologna, Italy",44.4756,11.2759
2022-02-02T04:00:00+00:00,6.300,-5.400,Open-Meteo Historical Weather API,"Casalecchio di Reno, Bologna, Italy",44.4756,11.2759
2022-02-02T05:00:00+00:00,8.200,-4.700,Open-Meteo Historical Weather API,"Casalecchio di Reno, Bologna, Italy",44.4756,11.2759
2022-02-02T06:00:00+00:00,8.100,-4.000,Open-Meteo Historical Weather API,"Casalecchio di Reno, Bologna, Italy",44.4756,11.2759
2022-02-02T07:00:00+00:00,8.200,-2.900,Open-Meteo Historical Weather API,"Casalecchio di Reno, Bologna, Italy",44.4756,11.2759
2022-02-02T08:00:00+00:00,10.200,-0.600,Open-Meteo Historical Weather API,"Casalecchio di Reno, Bologna, Italy",44.4756,11.2759
2022-02-02T09:00:00+00:00,12.200,1.000,Open-Meteo Historical Weather API,"Casalecchio di Reno, Bologna, Italy",44.4756,11.2759
2022-02-02T10:00:00+00:00,13.400,3.200,Open-Meteo Historical Weather API,"Casalecchio di Reno, Bologna, Italy",44.4756,11.2759
2022-02-02T11:00:00+00:00,14.600,2.500,Open-Meteo Historical Weather API,"Casalecchio di Reno, Bologna, Italy",44.4756,11.2759
2022-02-02T12:00:00+00:00,13.900,2.200,Open-Meteo Historical Weather API,"Casalecchio di Reno, Bologna, Italy",44.4756,11.2759
2022-02-02T13:00:00+00:00,13.700,2.700,Open-Meteo Historical Weather API,"Casalecchio di Reno, Bologna, Italy",44.4756,11.2759
2022-02-02T14:00:00+00:00,13.200,3.800,Open-Meteo Historical Weather API,"Casalecchio di Reno, Bologna, Italy",44.4756,11.2759
2022-02-02T15:00:00+00:00,12.100,7.700,Open-Meteo Historical Weather API,"Casalecchio di Reno, Bologna, Italy",44.4756,11.2759
2022-02-02T16:00:00+00:00,8.600,3.700,Open-Meteo Historical Weather API,"Casalecchio di Reno, Bologna, Italy",44.4756,11.2759
2022-02-02T17:00:00+00:00,9.800,2.000,Open-Meteo Historical Weather API,"Casalecchio di Reno, Bologna, Italy",44.4756,11.2759
2022-02-02T18:00:00+00:00,9.900,0.600,Open-Meteo Historical Weather API,"Casalecchio di Reno, Bologna, Italy",44.4756,11.2759
2022-02-02T19:00:00+00:00,8.800,0.100,Open-Meteo Historical Weather API,"Casalecchio di Reno, Bologna, Italy",44.4756,11.2759
2022-02-02T20:00:00+00:00,8.200,-0.200,Open-Meteo Historical Weather API,"Casalecchio di Reno, Bologna, Italy",44.4756,11.2759
2022-02-02T21:00:00+00:00,8.100,-0.400,Open-Meteo Historical Weather API,"Casalecchio di Reno, Bologna, Italy",44.4756,11.2759
2022-02-02T22:00:00+00:00,8.100,-0.700,Open-Meteo Historical Weather API,"Casalecchio di Reno, Bologna, Italy",44.4756,11.2759
2022-02-02T23:00:00+00:00,7.900,-1.100,Open-Meteo Historical Weather API,"Casalecchio di Reno, Bologna, Italy",44.4756,11.2759
2022-02-03T00:00:00+00:00,8.200,-2.800,Open-Meteo Historical Weather API,"Casalecchio di Reno, Bologna, Italy",44.4756,11.2759
2022-02-03T01:00:00+00:00,7.700,-2.500,Open-Meteo Historical Weather API,"Casalecchio di Reno, Bologna, Italy",44.4756,11.2759
2022-02-03T02:00:00+00:00,6.800,-2.200,Open-Meteo Historical Weather API,"Casalecchio di Reno, Bologna, Italy",44.4756,11.2759
2022-02-03T03:00:00+00:00,4.900,-2.200,Open-Meteo Historical Weather API,"Casalecchio di Reno, Bologna, Italy",44.4756,11.2759
2022-02-03T04:00:00+00:00,3.300,-2.100,Open-Meteo Historical Weather API,"Casalecchio di Reno, Bologna, Italy",44.4756,11.2759
2022-02-03T05:00:00+00:00,2.500,-2.000,Open-Meteo Historical Weather API,"Casalecchio di Reno, Bologna, Italy",44.4756,11.2759
2022-02-03T06:00:00+00:00,3.000,-2.200,Open-Meteo Historical Weather API,"Casalecchio di Reno, Bologna, Italy",44.4756,11.2759
2022-02-03T07:00:00+00:00,3.000,-1.400,Open-Meteo Historical Weather API,"Casalecchio di Reno, Bologna, Italy",44.4756,11.2759
2022-02-03T08:00:00+00:00,5.200,0.900,Open-Meteo Historical Weather API,"Casalecchio di Reno, Bologna, Italy",44.4756,11.2759
2022-02-03T09:00:00+00:00,8.100,3.200,Open-Meteo Historical Weather API,"Casalecchio di Reno, Bologna, Italy",44.4756,11.2759
2022-02-03T10:00:00+00:00,9.200,3.500,Open-Meteo Historical Weather API,"Casalecchio di Reno, Bologna, Italy",44.4756,11.2759
2022-02-03T11:00:00+00:00,9.900,4.000,Open-Meteo Historical Weather API,"Casalecchio di Reno, Bologna, Italy",44.4756,11.2759
2022-02-03T12:00:00+00:00,10.200,3.700,Open-Meteo Historical Weather API,"Casalecchio di Reno, Bologna, Italy",44.4756,11.2759
2022-02-03T13:00:00+00:00,10.400,4.200,Open-Meteo Historical Weather API,"Casalecchio di Reno, Bologna, Italy",44.4756,11.2759
2022-02-03T14:00:00+00:00,10.200,4.400,Open-Meteo Historical Weather API,"Casalecchio di Reno, Bologna, Italy",44.4756,11.2759
2022-02-03T15:00:00+00:00,9.400,4.600,Open-Meteo Historical Weather API,"Casalecchio di Reno, Bologna, Italy",44.4756,11.2759
2022-02-03T16:00:00+00:00,8.300,4.400,Open-Meteo Historical Weather API,"Casalecchio di Reno, Bologna, Italy",44.4756,11.2759
2022-02-03T17:00:00+00:00,7.800,4.100,Open-Meteo Historical Weather API,"Casalecchio di Reno, Bologna, Italy",44.4756,11.2759
2022-02-03T18:00:00+00:00,5.400,3.200,Open-Meteo Historical Weather API,"Casalecchio di Reno, Bologna, Italy",44.4756,11.2759
2022-02-03T19:00:00+00:00,5.500,3.300,Open-Meteo Historical Weather API,"Casalecchio di Reno, Bologna, Italy",44.4756,11.2759
2022-02-03T20:00:00+00:00,5.400,3.400,Open-Meteo Historical Weather API,"Casalecchio di Reno, Bologna, Italy",44.4756,11.2759
2022-02-03T21:00:00+00:00,5.200,3.100,Open-Meteo Historical Weather API,"Casalecchio di Reno, Bologna, Italy",44.4756,11.2759
2022-02-03T22:00:00+00:00,4.800,2.900,Open-Meteo Historical Weather API,"Casalecchio di Reno, Bologna, Italy",44.4756,11.2759
2022-02-03T23:00:00+00:00,4.400,2.900,Open-Meteo Historical Weather API,"Casalecchio di Reno, Bologna, Italy",44.4756,11.2759
2022-02-04T00:00:00+00:00,4.300,3.200,Open-Meteo Historical Weather API,"Casalecchio di Reno, Bologna, Italy",44.4756,11.2759
2022-02-04T01:00:00+00:00,4.900,3.500,Open-Meteo Historical Weather API,"Casalecchio di Reno, Bologna, Italy",44.4756,11.2759
2022-02-04T02:00:00+00:00,5.700,4.000,Open-Meteo Historical Weather API,"Casalecchio di Reno, Bologna, Italy",44.4756,11.2759
2022-02-04T03:00:00+00:00,3.300,2.500,Open-Meteo Historical Weather API,"Casalecchio di Reno, Bologna, Italy",44.4756,11.2759
2022-02-04T04:00:00+00:00,5.200,3.300,Open-Meteo Historical Weather API,"Casalecchio di Reno, Bologna, Italy",44.4756,11.2759
2022-02-04T05:00:00+00:00,5.300,3.800,Open-Meteo Historical Weather API,"Casalecchio di Reno, Bologna, Italy",44.4756,11.2759
2022-02-04T06:00:00+00:00,5.400,4.600,Open-Meteo Historical Weather API,"Casalecchio di Reno, Bologna, Italy",44.4756,11.2759
2022-02-04T07:00:00+00:00,4.400,4.400,Open-Meteo Historical Weather API,"Casalecchio di Reno, Bologna, Italy",44.4756,11.2759
2022-02-04T08:00:00+00:00,6.600,6.100,Open-Meteo Historical Weather API,"Casalecchio di Reno, Bologna, Italy",44.4756,11.2759
2022-02-04T09:00:00+00:00,7.200,6.200,Open-Meteo Historical Weather API,"Casalecchio di Reno, Bologna, Italy",44.4756,11.2759
2022-02-04T10:00:00+00:00,7.700,6.200,Open-Meteo Historical Weather API,"Casalecchio di Reno, Bologna, Italy",44.4756,11.2759
2022-02-04T11:00:00+00:00,10.100,7.400,Open-Meteo Historical Weather API,"Casalecchio di Reno, Bologna, Italy",44.4756,11.2759
2022-02-04T12:00:00+00:00,6.800,5.200,Open-Meteo Historical Weather API,"Casalecchio di Reno, Bologna, Italy",44.4756,11.2759
2022-02-04T13:00:00+00:00,7.000,5.400,Open-Meteo Historical Weather API,"Casalecchio di Reno, Bologna, Italy",44.4756,11.2759
2022-02-04T14:00:00+00:00,8.000,5.900,Open-Meteo Historical Weather API,"Casalecchio di Reno, Bologna, Italy",44.4756,11.2759
2022-02-04T15:00:00+00:00,7.500,6.000,Open-Meteo Historical Weather API,"Casalecchio di Reno, Bologna, Italy",44.4756,11.2759
2022-02-04T16:00:00+00:00,6.200,5.800,Open-Meteo Historical Weather API,"Casalecchio di Reno, Bologna, Italy",44.4756,11.2759
2022-02-04T17:00:00+00:00,4.300,4.300,Open-Meteo Historical Weather API,"Casalecchio di Reno, Bologna, Italy",44.4756,11.2759
2022-02-04T18:00:00+00:00,4.600,4.600,Open-Meteo Historical Weather API,"Casalecchio di Reno, Bologna, Italy",44.4756,11.2759
2022-02-04T19:00:00+00:00,3.400,3.400,Open-Meteo Historical Weather API,"Casalecchio di Reno, Bologna, Italy",44.4756,11.2759
2022-02-04T20:00:00+00:00,3.700,3.700,Open-Meteo Historical Weather API,"Casalecchio di Reno, Bologna, Italy",44.4756,11.2759
2022-02-04T21:00:00+00:00,5.300,4.900,Open-Meteo Historical Weather API,"Casalecchio di Reno, Bologna, Italy",44.4756,11.2759
2022-02-04T22:00:00+00:00,4.900,4.300,Open-Meteo Historical Weather API,"Casalecchio di Reno, Bologna, Italy",44.4756,11.2759
2022-02-04T23:00:00+00:00,4.600,4.200,Open-Meteo Historical Weather API,"Casalecchio di Reno, Bologna, Italy",44.4756,11.2759
2022-02-05T00:00:00+00:00,5.600,5.400,Open-Meteo Historical Weather API,"Casalecchio di Reno, Bologna, Italy",44.4756,11.2759
2022-02-05T01:00:00+00:00,6.200,5.800,Open-Meteo Historical Weather API,"Casalecchio di Reno, Bologna, Italy",44.4756,11.2759
2022-02-05T02:00:00+00:00,6.300,5.800,Open-Meteo Historical Weather API,"Casalecchio di Reno, Bologna, Italy",44.4756,11.2759
2022-02-05T03:00:00+00:00,5.800,5.600,Open-Meteo Historical Weather API,"Casalecchio di Reno, Bologna, Italy",44.4756,11.2759
2022-02-05T04:00:00+00:00,5.200,5.200,Open-Meteo Historical Weather API,"Casalecchio di Reno, Bologna, Italy",44.4756,11.2759
2022-02-05T05:00:00+00:00,4.600,4.500,Open-Meteo Historical Weather API,"Casalecchio di Reno, Bologna, Italy",44.4756,11.2759
2022-02-05T06:00:00+00:00,6.200,5.400,Open-Meteo Historical Weather API,"Casalecchio di Reno, Bologna, Italy",44.4756,11.2759
2022-02-05T07:00:00+00:00,4.800,4.600,Open-Meteo Historical Weather API,"Casalecchio di Reno, Bologna, Italy",44.4756,11.2759
2022-02-05T08:00:00+00:00,5.900,5.300,Open-Meteo Historical Weather API,"Casalecchio di Reno, Bologna, Italy",44.4756,11.2759
2022-02-05T09:00:00+00:00,6.200,5.800,Open-Meteo Historical Weather API,"Casalecchio di Reno, Bologna, Italy",44.4756,11.2759
2022-02-05T10:00:00+00:00,7.100,6.000,Open-Meteo Historical Weather API,"Casalecchio di Reno, Bologna, Italy",44.4756,11.2759
2022-02-05T11:00:00+00:00,8.800,6.300,Open-Meteo Historical Weather API,"Casalecchio di Reno, Bologna, Italy",44.4756,11.2759
2022-02-05T12:00:00+00:00,9.600,6.600,Open-Meteo Historical Weather API,"Casalecchio di Reno, Bologna, Italy",44.4756,11.2759
2022-02-05T13:00:00+00:00,10.500,6.900,Open-Meteo Historical Weather API,"Casalecchio di Reno, Bologna, Italy",44.4756,11.2759
2022-02-05T14:00:00+00:00,11.100,7.100,Open-Meteo Historical Weather API,"Casalecchio di Reno, Bologna, Italy",44.4756,11.2759
2022-02-05T15:00:00+00:00,10.800,6.900,Open-Meteo Historical Weather API,"Casalecchio di Reno, Bologna, Italy",44.4756,11.2759
2022-02-05T16:00:00+00:00,10.200,6.700,Open-Meteo Historical Weather API,"Casalecchio di Reno, Bologna, Italy",44.4756,11.2759
2022-02-05T17:00:00+00:00,9.200,6.600,Open-Meteo Historical Weather API,"Casalecchio di Reno, Bologna, Italy",44.4756,11.2759
2022-02-05T18:00:00+00:00,7.200,5.800,Open-Meteo Historical Weather API,"Casalecchio di Reno, Bologna, Italy",44.4756,11.2759
2022-02-05T19:00:00+00:00,5.000,4.300,Open-Meteo Historical Weather API,"Casalecchio di Reno, Bologna, Italy",44.4756,11.2759
2022-02-05T20:00:00+00:00,5.600,4.800,Open-Meteo Historical Weather API,"Casalecchio di Reno, Bologna, Italy",44.4756,11.2759
2022-02-05T21:00:00+00:00,4.300,3.800,Open-Meteo Historical Weather API,"Casalecchio di Reno, Bologna, Italy",44.4756,11.2759
2022-02-05T22:00:00+00:00,4.100,3.500,Open-Meteo Historical Weather API,"Casalecchio di Reno, Bologna, Italy",44.4756,11.2759
2022-02-05T23:00:00+00:00,3.900,3.700,Open-Meteo Historical Weather API,"Casalecchio di Reno, Bologna, Italy",44.4756,11.2759
2022-02-06T00:00:00+00:00,4.700,4.400,Open-Meteo Historical Weather API,"Casalecchio di Reno, Bologna, Italy",44.4756,11.2759
2022-02-06T01:00:00+00:00,3.800,3.600,Open-Meteo Historical Weather API,"Casalecchio di Reno, Bologna, Italy",44.4756,11.2759
2022-02-06T02:00:00+00:00,3.000,2.600,Open-Meteo Historical Weather API,"Casalecchio di Reno, Bologna, Italy",44.4756,11.2759
2022-02-06T03:00:00+00:00,2.100,1.800,Open-Meteo Historical Weather API,"Casalecchio di Reno, Bologna, Italy",44.4756,11.2759
2022-02-06T04:00:00+00:00,2.000,1.600,Open-Meteo Historical Weather API,"Casalecchio di Reno, Bologna, Italy",44.4756,11.2759
2022-02-06T05:00:00+00:00,2.000,1.500,Open-Meteo Historical Weather API,"Casalecchio di Reno, Bologna, Italy",44.4756,11.2759
2022-02-06T06:00:00+00:00,1.800,1.100,Open-Meteo Historical Weather API,"Casalecchio di Reno, Bologna, Italy",44.4756,11.2759
2022-02-06T07:00:00+00:00,1.500,0.900,Open-Meteo Historical Weather API,"Casalecchio di Reno, Bologna, Italy",44.4756,11.2759
2022-02-06T08:00:00+00:00,3.500,2.700,Open-Meteo Historical Weather API,"Casalecchio di Reno, Bologna, Italy",44.4756,11.2759
2022-02-06T09:00:00+00:00,5.500,3.300,Open-Meteo Historical Weather API,"Casalecchio di Reno, Bologna, Italy",44.4756,11.2759
2022-02-06T10:00:00+00:00,6.500,4.000,Open-Meteo Historical Weather API,"Casalecchio di Reno, Bologna, Italy",44.4756,11.2759
2022-02-06T11:00:00+00:00,6.700,5.200,Open-Meteo Historical Weather API,"Casalecchio di Reno, Bologna, Italy",44.4756,11.2759
2022-02-06T12:00:00+00:00,8.100,5.400,Open-Meteo Historical Weather API,"Casalecchio di Reno, Bologna, Italy",44.4756,11.2759
2022-02-06T13:00:00+00:00,8.400,5.600,Open-Meteo Historical Weather API,"Casalecchio di Reno, Bologna, Italy",44.4756,11.2759
2022-02-06T14:00:00+00:00,8.500,5.200,Open-Meteo Historical Weather API,"Casalecchio di Reno, Bologna, Italy",44.4756,11.2759
2022-02-06T15:00:00+00:00,8.300,5.200,Open-Meteo Historical Weather API,"Casalecchio di Reno, Bologna, Italy",44.4756,11.2759
2022-02-06T16:00:00+00:00,6.700,5.400,Open-Meteo Historical Weather API,"Casalecchio di Reno, Bologna, Italy",44.4756,11.2759
2022-02-06T17:00:00+00:00,4.200,3.700,Open-Meteo Historical Weather API,"Casalecchio di Reno, Bologna, Italy",44.4756,11.2759
2022-02-06T18:00:00+00:00,4.800,3.800,Open-Meteo Historical Weather API,"Casalecchio di Reno, Bologna, Italy",44.4756,11.2759
2022-02-06T19:00:00+00:00,4.300,3.200,Open-Meteo Historical Weather API,"Casalecchio di Reno, Bologna, Italy",44.4756,11.2759
2022-02-06T20:00:00+00:00,4.400,3.500,Open-Meteo Historical Weather API,"Casalecchio di Reno, Bologna, Italy",44.4756,11.2759
2022-02-06T21:00:00+00:00,3.500,2.800,Open-Meteo Historical Weather API,"Casalecchio di Reno, Bologna, Italy",44.4756,11.2759
2022-02-06T22:00:00+00:00,3.300,2.600,Open-Meteo Historical Weather API,"Casalecchio di Reno, Bologna, Italy",44.4756,11.2759
2022-02-06T23:00:00+00:00,3.700,2.800,Open-Meteo Historical Weather API,"Casalecchio di Reno, Bologna, Italy",44.4756,11.2759
2022-02-07T00:00:00+00:00,6.000,3.800,Open-Meteo Historical Weather API,"Casalecchio di Reno, Bologna, Italy",44.4756,11.2759
2022-02-07T01:00:00+00:00,7.000,5.200,Open-Meteo Historical Weather API,"Casalecchio di Reno, Bologna, Italy",44.4756,11.2759
2022-02-07T02:00:00+00:00,4.000,3.100,Open-Meteo Historical Weather API,"Casalecchio di Reno, Bologna, Italy",44.4756,11.2759
2022-02-07T03:00:00+00:00,5.200,3.700,Open-Meteo Historical Weather API,"Casalecchio di Reno, Bologna, Italy",44.4756,11.2759
2022-02-07T04:00:00+00:00,4.600,3.000,Open-Meteo Historical Weather API,"Casalecchio di Reno, Bologna, Italy",44.4756,11.2759
2022-02-07T05:00:00+00:00,6.400,3.500,Open-Meteo Historical Weather API,"Casalecchio di Reno, Bologna, Italy",44.4756,11.2759
2022-02-07T06:00:00+00:00,8.100,4.300,Open-Meteo Historical Weather API,"Casalecchio di Reno, Bologna, Italy",44.4756,11.2759
2022-02-07T07:00:00+00:00,3.800,3.000,Open-Meteo Historical Weather API,"Casalecchio di Reno, Bologna, Italy",44.4756,11.2759
2022-02-07T08:00:00+00:00,6.200,4.300,Open-Meteo Historical Weather API,"Casalecchio di Reno, Bologna, Italy",44.4756,11.2759
2022-02-07T09:00:00+00:00,8.900,5.100,Open-Meteo Historical Weather API,"Casalecchio di Reno, Bologna, Italy",44.4756,11.2759
2022-02-07T10:00:00+00:00,10.300,5.100,Open-Meteo Historical Weather API,"Casalecchio di Reno, Bologna, Italy",44.4756,11.2759
2022-02-07T11:00:00+00:00,11.800,4.300,Open-Meteo Historical Weather API,"Casalecchio di Reno, Bologna, Italy",44.4756,11.2759
2022-02-07T12:00:00+00:00,11.400,6.900,Open-Meteo Historical Weather API,"Casalecchio di Reno, Bologna, Italy",44.4756,11.2759
2022-02-07T13:00:00+00:00,12.500,6.000,Open-Meteo Historical Weather API,"Casalecchio di Reno, Bologna, Italy",44.4756,11.2759
2022-02-07T14:00:00+00:00,12.600,-2.800,Open-Meteo Historical Weather API,"Casalecchio di Reno, Bologna, Italy",44.4756,11.2759
2022-02-07T15:00:00+00:00,11.900,-0.900,Open-Meteo Historical Weather API,"Casalecchio di Reno, Bologna, Italy",44.4756,11.2759
2022-02-07T16:00:00+00:00,8.800,-0.700,Open-Meteo Historical Weather API,"Casalecchio di Reno, Bologna, Italy",44.4756,11.2759
2022-02-07T17:00:00+00:00,5.200,-8.200,Open-Meteo Historical Weather API,"Casalecchio di Reno, Bologna, Italy",44.4756,11.2759
2022-02-07T18:00:00+00:00,5.200,-11.400,Open-Meteo Historical Weather API,"Casalecchio di Reno, Bologna, Italy",44.4756,11.2759
2022-02-07T19:00:00+00:00,8.900,-13.200,Open-Meteo Historical Weather API,"Casalecchio di Reno, Bologna, Italy",44.4756,11.2759
2022-02-07T20:00:00+00:00,8.100,-13.100,Open-Meteo Historical Weather API,"Casalecchio di Reno, Bologna, Italy",44.4756,11.2759
2022-02-07T21:00:00+00:00,1.900,-9.400,Open-Meteo Historical Weather API,"Casalecchio di Reno, Bologna, Italy",44.4756,11.2759
2022-02-07T22:00:00+00:00,2.600,-9.600,Open-Meteo Historical Weather API,"Casalecchio di Reno, Bologna, Italy",44.4756,11.2759
2022-02-07T23:00:00+00:00,0.900,-8.300,Open-Meteo Historical Weather API,"Casalecchio di Reno, Bologna, Italy",44.4756,11.2759
2022-02-08T00:00:00+00:00,1.700,-10.600,Open-Meteo Historical Weather API,"Casalecchio di Reno, Bologna, Italy",44.4756,11.2759
2022-02-08T01:00:00+00:00,2.800,-12.500,Open-Meteo Historical Weather API,"Casalecchio di Reno, Bologna, Italy",44.4756,11.2759
2022-02-08T02:00:00+00:00,1.600,-10.800,Open-Meteo Historical Weather API,"Casalecchio di Reno, Bologna, Italy",44.4756,11.2759
2022-02-08T03:00:00+00:00,1.400,-11.200,Open-Meteo Historical Weather API,"Casalecchio di Reno, Bologna, Italy",44.4756,11.2759
2022-02-08T04:00:00+00:00,1.000,-11.100,Open-Meteo Historical Weather API,"Casalecchio di Reno, Bologna, Italy",44.4756,11.2759
2022-02-08T05:00:00+00:00,0.900,-11.100,Open-Meteo Historical Weather API,"Casalecchio di Reno, Bologna, Italy",44.4756,11.2759
2022-02-08T06:00:00+00:00,1.100,-11.100,Open-Meteo Historical Weather API,"Casalecchio di Reno, Bologna, Italy",44.4756,11.2759
2022-02-08T07:00:00+00:00,0.900,-9.100,Open-Meteo Historical Weather API,"Casalecchio di Reno, Bologna, Italy",44.4756,11.2759
2022-02-08T08:00:00+00:00,4.200,-4.700,Open-Meteo Historical Weather API,"Casalecchio di Reno, Bologna, Italy",44.4756,11.2759
2022-02-08T09:00:00+00:00,8.200,-0.800,Open-Meteo Historical Weather API,"Casalecchio di Reno, Bologna, Italy",44.4756,11.2759
2022-02-08T10:00:00+00:00,10.000,-2.400,Open-Meteo Historical Weather API,"Casalecchio di Reno, Bologna, Italy",44.4756,11.2759
2022-02-08T11:00:00+00:00,10.600,-1.300,Open-Meteo Historical Weather API,"Casalecchio di Reno, Bologna, Italy",44.4756,11.2759
2022-02-08T12:00:00+00:00,12.100,-4.800,Open-Meteo Historical Weather API,"Casalecchio di Reno, Bologna, Italy",44.4756,11.2759
2022-02-08T13:00:00+00:00,13.100,-3.800,Open-Meteo Historical Weather API,"Casalecchio di Reno, Bologna, Italy",44.4756,11.2759
2022-02-08T14:00:00+00:00,13.200,-2.500,Open-Meteo Historical Weather API,"Casalecchio di Reno, Bologna, Italy",44.4756,11.2759
2022-02-08T15:00:00+00:00,12.100,1.400,Open-Meteo Historical Weather API,"Casalecchio di Reno, Bologna, Italy",44.4756,11.2759
2022-02-08T16:00:00+00:00,11.400,-1.600,Open-Meteo Historical Weather API,"Casalecchio di Reno, Bologna, Italy",44.4756,11.2759
2022-02-08T17:00:00+00:00,6.200,-1.100,Open-Meteo Historical Weather API,"Casalecchio di Reno, Bologna, Italy",44.4756,11.2759
2022-02-08T18:00:00+00:00,6.000,-2.200,Open-Meteo Historical Weather API,"Casalecchio di Reno, Bologna, Italy",44.4756,11.2759
2022-02-08T19:00:00+00:00,4.900,-1.800,Open-Meteo Historical Weather API,"Casalecchio di Reno, Bologna, Italy",44.4756,11.2759
2022-02-08T20:00:00+00:00,5.500,-0.700,Open-Meteo Historical Weather API,"Casalecchio di Reno, Bologna, Italy",44.4756,11.2759
2022-02-08T21:00:00+00:00,5.400,-1.000,Open-Meteo Historical Weather API,"Casalecchio di Reno, Bologna, Italy",44.4756,11.2759
2022-02-08T22:00:00+00:00,5.200,-1.500,Open-Meteo Historical Weather API,"Casalecchio di Reno, Bologna, Italy",44.4756,11.2759
2022-02-08T23:00:00+00:00,4.800,-1.500,Open-Meteo Historical Weather API,"Casalecchio di Reno, Bologna, Italy",44.4756,11.2759
2022-02-09T00:00:00+00:00,4.900,-1.900,Open-Meteo Historical Weather API,"Casalecchio di Reno, Bologna, Italy",44.4756,11.2759
2022-02-09T01:00:00+00:00,4.600,-1.700,Open-Meteo Historical Weather API,"Casalecchio di Reno, Bologna, Italy",44.4756,11.2759
2022-02-09T02:00:00+00:00,4.300,-1.400,Open-Meteo Historical Weather API,"Casalecchio di Reno, Bologna, Italy",44.4756,11.2759
2022-02-09T03:00:00+00:00,3.800,-1.100,Open-Meteo Historical Weather API,"Casalecchio di Reno, Bologna, Italy",44.4756,11.2759
2022-02-09T04:00:00+00:00,3.200,-1.100,Open-Meteo Historical Weather API,"Casalecchio di Reno, Bologna, Italy",44.4756,11.2759
2022-02-09T05:00:00+00:00,2.500,-0.900,Open-Meteo Historical Weather API,"Casalecchio di Reno, Bologna, Italy",44.4756,11.2759
2022-02-09T06:00:00+00:00,1.800,-0.800,Open-Meteo Historical Weather API,"Casalecchio di Reno, Bologna, Italy",44.4756,11.2759
2022-02-09T07:00:00+00:00,2.000,-0.200,Open-Meteo Historical Weather API,"Casalecchio di Reno, Bologna, Italy",44.4756,11.2759
2022-02-09T08:00:00+00:00,5.400,2.200,Open-Meteo Historical Weather API,"Casalecchio di Reno, Bologna, Italy",44.4756,11.2759
2022-02-09T09:00:00+00:00,9.600,4.500,Open-Meteo Historical Weather API,"Casalecchio di Reno, Bologna, Italy",44.4756,11.2759
2022-02-09T10:00:00+00:00,11.400,4.100,Open-Meteo Historical Weather API,"Casalecchio di Reno, Bologna, Italy",44.4756,11.2759
2022-02-09T11:00:00+00:00,11.800,3.300,Open-Meteo Historical Weather API,"Casalecchio di Reno, Bologna, Italy",44.4756,11.2759
2022-02-09T12:00:00+00:00,12.600,0.600,Open-Meteo Historical Weather API,"Casalecchio di Reno, Bologna, Italy",44.4756,11.2759
2022-02-09T13:00:00+00:00,12.800,0.900,Open-Meteo Historical Weather API,"Casalecchio di Reno, Bologna, Italy",44.4756,11.2759
2022-02-09T14:00:00+00:00,12.400,1.700,Open-Meteo Historical Weather API,"Casalecchio di Reno, Bologna, Italy",44.4756,11.2759
2022-02-09T15:00:00+00:00,11.900,2.500,Open-Meteo Historical Weather API,"Casalecchio di Reno, Bologna, Italy",44.4756,11.2759
2022-02-09T16:00:00+00:00,9.600,4.000,Open-Meteo Historical Weather API,"Casalecchio di Reno, Bologna, Italy",44.4756,11.2759
2022-02-09T17:00:00+00:00,7.700,2.700,Open-Meteo Historical Weather API,"Casalecchio di Reno, Bologna, Italy",44.4756,11.2759
2022-02-09T18:00:00+00:00,5.400,2.800,Open-Meteo Historical Weather API,"Casalecchio di Reno, Bologna, Italy",44.4756,11.2759
2022-02-09T19:00:00+00:00,7.200,4.600,Open-Meteo Historical Weather API,"Casalecchio di Reno, Bologna, Italy",44.4756,11.2759
2022-02-09T20:00:00+00:00,6.900,4.600,Open-Meteo Historical Weather API,"Casalecchio di Reno, Bologna, Italy",44.4756,11.2759
2022-02-09T21:00:00+00:00,6.400,4.300,Open-Meteo Historical Weather API,"Casalecchio di Reno, Bologna, Italy",44.4756,11.2759
2022-02-09T22:00:00+00:00,5.800,4.200,Open-Meteo Historical Weather API,"Casalecchio di Reno, Bologna, Italy",44.4756,11.2759
2022-02-09T23:00:00+00:00,5.700,4.300,Open-Meteo Historical Weather API,"Casalecchio di Reno, Bologna, Italy",44.4756,11.2759
2022-02-10T00:00:00+00:00,6.200,4.800,Open-Meteo Historical Weather API,"Casalecchio di Reno, Bologna, Italy",44.4756,11.2759
2022-02-10T01:00:00+00:00,6.400,5.000,Open-Meteo Historical Weather API,"Casalecchio di Reno, Bologna, Italy",44.4756,11.2759
2022-02-10T02:00:00+00:00,6.000,4.800,Open-Meteo Historical Weather API,"Casalecchio di Reno, Bologna, Italy",44.4756,11.2759
2022-02-10T03:00:00+00:00,5.600,4.300,Open-Meteo Historical Weather API,"Casalecchio di Reno, Bologna, Italy",44.4756,11.2759
2022-02-10T04:00:00+00:00,5.300,4.000,Open-Meteo Historical Weather API,"Casalecchio di Reno, Bologna, Italy",44.4756,11.2759
2022-02-10T05:00:00+00:00,5.100,3.800,Open-Meteo Historical Weather API,"Casalecchio di Reno, Bologna, Italy",44.4756,11.2759
2022-02-10T06:00:00+00:00,4.800,3.500,Open-Meteo Historical Weather API,"Casalecchio di Reno, Bologna, Italy",44.4756,11.2759
2022-02-10T07:00:00+00:00,5.200,3.800,Open-Meteo Historical Weather API,"Casalecchio di Reno, Bologna, Italy",44.4756,11.2759
2022-02-10T08:00:00+00:00,7.900,5.700,Open-Meteo Historical Weather API,"Casalecchio di Reno, Bologna, Italy",44.4756,11.2759
2022-02-10T09:00:00+00:00,10.500,7.100,Open-Meteo Historical Weather API,"Casalecchio di Reno, Bologna, Italy",44.4756,11.2759
2022-02-10T10:00:00+00:00,12.200,8.100,Open-Meteo Historical Weather API,"Casalecchio di Reno, Bologna, Italy",44.4756,11.2759
2022-02-10T11:00:00+00:00,13.400,7.600,Open-Meteo Historical Weather API,"Casalecchio di Reno, Bologna, Italy",44.4756,11.2759
2022-02-10T12:00:00+00:00,14.700,5.100,Open-Meteo Historical Weather API,"Casalecchio di Reno, Bologna, Italy",44.4756,11.2759
2022-02-10T13:00:00+00:00,15.100,5.900,Open-Meteo Historical Weather API,"Casalecchio di Reno, Bologna, Italy",44.4756,11.2759
2022-02-10T14:00:00+00:00,14.600,6.200,Open-Meteo Historical Weather API,"Casalecchio di Reno, Bologna, Italy",44.4756,11.2759
2022-02-10T15:00:00+00:00,13.700,6.100,Open-Meteo Historical Weather API,"Casalecchio di Reno, Bologna, Italy",44.4756,11.2759
2022-02-10T16:00:00+00:00,11.900,6.600,Open-Meteo Historical Weather API,"Casalecchio di Reno, Bologna, Italy",44.4756,11.2759
2022-02-10T17:00:00+00:00,11.600,5.700,Open-Meteo Historical Weather API,"Casalecchio di Reno, Bologna, Italy",44.4756,11.2759
2022-02-10T18:00:00+00:00,8.200,4.600,Open-Meteo Historical Weather API,"Casalecchio di Reno, Bologna, Italy",44.4756,11.2759
2022-02-10T19:00:00+00:00,8.400,3.000,Open-Meteo Historical Weather API,"Casalecchio di Reno, Bologna, Italy",44.4756,11.2759
2022-02-10T20:00:00+00:00,7.400,2.800,Open-Meteo Historical Weather API,"Casalecchio di Reno, Bologna, Italy",44.4756,11.2759
2022-02-10T21:00:00+00:00,6.900,2.700,Open-Meteo Historical Weather API,"Casalecchio di Reno, Bologna, Italy",44.4756,11.2759
2022-02-10T22:00:00+00:00,6.300,2.500,Open-Meteo Historical Weather API,"Casalecchio di Reno, Bologna, Italy",44.4756,11.2759
2022-02-10T23:00:00+00:00,5.800,2.100,Open-Meteo Historical Weather API,"Casalecchio di Reno, Bologna, Italy",44.4756,11.2759
2022-02-11T00:00:00+00:00,5.300,1.800,Open-Meteo Historical Weather API,"Casalecchio di Reno, Bologna, Italy",44.4756,11.2759
2022-02-11T01:00:00+00:00,4.700,1.800,Open-Meteo Historical Weather API,"Casalecchio di Reno, Bologna, Italy",44.4756,11.2759
2022-02-11T02:00:00+00:00,4.000,1.800,Open-Meteo Historical Weather API,"Casalecchio di Reno, Bologna, Italy",44.4756,11.2759
2022-02-11T03:00:00+00:00,3.800,1.900,Open-Meteo Historical Weather API,"Casalecchio di Reno, Bologna, Italy",44.4756,11.2759
2022-02-11T04:00:00+00:00,4.100,2.200,Open-Meteo Historical Weather API,"Casalecchio di Reno, Bologna, Italy",44.4756,11.2759
2022-02-11T05:00:00+00:00,4.500,2.300,Open-Meteo Historical Weather API,"Casalecchio di Reno, Bologna, Italy",44.4756,11.2759
2022-02-11T06:00:00+00:00,4.600,2.400,Open-Meteo Historical Weather API,"Casalecchio di Reno, Bologna, Italy",44.4756,11.2759
2022-02-11T07:00:00+00:00,5.000,2.600,Open-Meteo Historical Weather API,"Casalecchio di Reno, Bologna, Italy",44.4756,11.2759
2022-02-11T08:00:00+00:00,7.400,4.200,Open-Meteo Historical Weather API,"Casalecchio di Reno, Bologna, Italy",44.4756,11.2759
2022-02-11T09:00:00+00:00,10.400,5.900,Open-Meteo Historical Weather API,"Casalecchio di Reno, Bologna, Italy",44.4756,11.2759
2022-02-11T10:00:00+00:00,12.000,4.200,Open-Meteo Historical Weather API,"Casalecchio di Reno, Bologna, Italy",44.4756,11.2759
2022-02-11T11:00:00+00:00,12.800,3.800,Open-Meteo Historical Weather API,"Casalecchio di Reno, Bologna, Italy",44.4756,11.2759
2022-02-11T12:00:00+00:00,13.400,4.600,Open-Meteo Historical Weather API,"Casalecchio di Reno, Bologna, Italy",44.4756,11.2759
2022-02-11T13:00:00+00:00,13.100,4.900,Open-Meteo Historical Weather API,"Casalecchio di Reno, Bologna, Italy",44.4756,11.2759
2022-02-11T14:00:00+00:00,13.400,5.700,Open-Meteo Historical Weather API,"Casalecchio di Reno, Bologna, Italy",44.4756,11.2759
2022-02-11T15:00:00+00:00,12.900,6.200,Open-Meteo Historical Weather API,"Casalecchio di Reno, Bologna, Italy",44.4756,11.2759
2022-02-11T16:00:00+00:00,12.300,6.200,Open-Meteo Historical Weather API,"Casalecchio di Reno, Bologna, Italy",44.4756,11.2759
2022-02-11T17:00:00+00:00,10.500,6.300,Open-Meteo Historical Weather API,"Casalecchio di Reno, Bologna, Italy",44.4756,11.2759
2022-02-11T18:00:00+00:00,9.600,7.000,Open-Meteo Historical Weather API,"Casalecchio di Reno, Bologna, Italy",44.4756,11.2759
2022-02-11T19:00:00+00:00,9.300,6.900,Open-Meteo Historical Weather API,"Casalecchio di Reno, Bologna, Italy",44.4756,11.2759
2022-02-11T20:00:00+00:00,8.800,7.500,Open-Meteo Historical Weather API,"Casalecchio di Reno, Bologna, Italy",44.4756,11.2759
2022-02-11T21:00:00+00:00,8.200,7.400,Open-Meteo Historical Weather API,"Casalecchio di Reno, Bologna, Italy",44.4756,11.2759
2022-02-11T22:00:00+00:00,7.400,7.200,Open-Meteo Historical Weather API,"Casalecchio di Reno, Bologna, Italy",44.4756,11.2759
2022-02-11T23:00:00+00:00,7.100,6.700,Open-Meteo Historical Weather API,"Casalecchio di Reno, Bologna, Italy",44.4756,11.2759
2022-02-12T00:00:00+00:00,6.700,6.000,Open-Meteo Historical Weather API,"Casalecchio di Reno, Bologna, Italy",44.4756,11.2759
2022-02-12T01:00:00+00:00,6.200,5.400,Open-Meteo Historical Weather API,"Casalecchio di Reno, Bologna, Italy",44.4756,11.2759
2022-02-12T02:00:00+00:00,6.400,5.400,Open-Meteo Historical Weather API,"Casalecchio di Reno, Bologna, Italy",44.4756,11.2759
2022-02-12T03:00:00+00:00,6.400,4.300,Open-Meteo Historical Weather API,"Casalecchio di Reno, Bologna, Italy",44.4756,11.2759
2022-02-12T04:00:00+00:00,6.100,3.800,Open-Meteo Historical Weather API,"Casalecchio di Reno, Bologna, Italy",44.4756,11.2759
2022-02-12T05:00:00+00:00,5.600,3.800,Open-Meteo Historical Weather API,"Casalecchio di Reno, Bologna, Italy",44.4756,11.2759
2022-02-12T06:00:00+00:00,5.400,3.800,Open-Meteo Historical Weather API,"Casalecchio di Reno, Bologna, Italy",44.4756,11.2759
2022-02-12T07:00:00+00:00,5.200,3.700,Open-Meteo Historical Weather API,"Casalecchio di Reno, Bologna, Italy",44.4756,11.2759
2022-02-12T08:00:00+00:00,5.400,3.800,Open-Meteo Historical Weather API,"Casalecchio di Reno, Bologna, Italy",44.4756,11.2759
2022-02-12T09:00:00+00:00,6.900,3.500,Open-Meteo Historical Weather API,"Casalecchio di Reno, Bologna, Italy",44.4756,11.2759
2022-02-12T10:00:00+00:00,8.400,1.900,Open-Meteo Historical Weather API,"Casalecchio di Reno, Bologna, Italy",44.4756,11.2759
2022-02-12T11:00:00+00:00,9.400,0.900,Open-Meteo Historical Weather API,"Casalecchio di Reno, Bologna, Italy",44.4756,11.2759
2022-02-12T12:00:00+00:00,8.100,0.800,Open-Meteo Historical Weather API,"Casalecchio di Reno, Bologna, Italy",44.4756,11.2759
2022-02-12T13:00:00+00:00,9.000,0.300,Open-Meteo Historical Weather API,"Casalecchio di Reno, Bologna, Italy",44.4756,11.2759
2022-02-12T14:00:00+00:00,9.400,-0.200,Open-Meteo Historical Weather API,"Casalecchio di Reno, Bologna, Italy",44.4756,11.2759
2022-02-12T15:00:00+00:00,9.100,-0.700,Open-Meteo Historical Weather API,"Casalecchio di Reno, Bologna, Italy",44.4756,11.2759
2022-02-12T16:00:00+00:00,7.300,1.100,Open-Meteo Historical Weather API,"Casalecchio di Reno, Bologna, Italy",44.4756,11.2759
2022-02-12T17:00:00+00:00,4.300,-0.400,Open-Meteo Historical Weather API,"Casalecchio di Reno, Bologna, Italy",44.4756,11.2759
2022-02-12T18:00:00+00:00,3.400,-0.500,Open-Meteo Historical Weather API,"Casalecchio di Reno, Bologna, Italy",44.4756,11.2759
2022-02-12T19:00:00+00:00,3.000,-0.600,Open-Meteo Historical Weather API,"Casalecchio di Reno, Bologna, Italy",44.4756,11.2759
2022-02-12T20:00:00+00:00,2.300,-0.800,Open-Meteo Historical Weather API,"Casalecchio di Reno, Bologna, Italy",44.4756,11.2759
2022-02-12T21:00:00+00:00,1.300,-0.900,Open-Meteo Historical Weather API,"Casalecchio di Reno, Bologna, Italy",44.4756,11.2759
2022-02-12T22:00:00+00:00,0.600,-1.400,Open-Meteo Historical Weather API,"Casalecchio di Reno, Bologna, Italy",44.4756,11.2759
2022-02-12T23:00:00+00:00,0.600,-1.700,Open-Meteo Historical Weather API,"Casalecchio di Reno, Bologna, Italy",44.4756,11.2759
2022-02-13T00:00:00+00:00,0.900,-1.400,Open-Meteo Historical Weather API,"Casalecchio di Reno, Bologna, Italy",44.4756,11.2759
2022-02-13T01:00:00+00:00,0.600,-1.900,Open-Meteo Historical Weather API,"Casalecchio di Reno, Bologna, Italy",44.4756,11.2759
2022-02-13T02:00:00+00:00,0.200,-2.200,Open-Meteo Historical Weather API,"Casalecchio di Reno, Bologna, Italy",44.4756,11.2759
2022-02-13T03:00:00+00:00,-0.200,-2.500,Open-Meteo Historical Weather API,"Casalecchio di Reno, Bologna, Italy",44.4756,11.2759
2022-02-13T04:00:00+00:00,-0.800,-2.900,Open-Meteo Historical Weather API,"Casalecchio di Reno, Bologna, Italy",44.4756,11.2759
2022-02-13T05:00:00+00:00,-0.900,-3.000,Open-Meteo Historical Weather API,"Casalecchio di Reno, Bologna, Italy",44.4756,11.2759
2022-02-13T06:00:00+00:00,-1.500,-3.400,Open-Meteo Historical Weather API,"Casalecchio di Reno, Bologna, Italy",44.4756,11.2759
2022-02-13T07:00:00+00:00,-0.100,-2.500,Open-Meteo Historical Weather API,"Casalecchio di Reno, Bologna, Italy",44.4756,11.2759
2022-02-13T08:00:00+00:00,3.000,-0.400,Open-Meteo Historical Weather API,"Casalecchio di Reno, Bologna, Italy",44.4756,11.2759
2022-02-13T09:00:00+00:00,5.200,0.400,Open-Meteo Historical Weather API,"Casalecchio di Reno, Bologna, Italy",44.4756,11.2759
2022-02-13T10:00:00+00:00,6.800,1.800,Open-Meteo Historical Weather API,"Casalecchio di Reno, Bologna, Italy",44.4756,11.2759
2022-02-13T11:00:00+00:00,7.800,2.200,Open-Meteo Historical Weather API,"Casalecchio di Reno, Bologna, Italy",44.4756,11.2759
2022-02-13T12:00:00+00:00,8.100,1.400,Open-Meteo Historical Weather API,"Casalecchio di Reno, Bologna, Italy",44.4756,11.2759
2022-02-13T13:00:00+00:00,8.400,1.000,Open-Meteo Historical Weather API,"Casalecchio di Reno, Bologna, Italy",44.4756,11.2759
2022-02-13T14:00:00+00:00,8.400,0.900,Open-Meteo Historical Weather API,"Casalecchio di Reno, Bologna, Italy",44.4756,11.2759
2022-02-13T15:00:00+00:00,8.100,0.700,Open-Meteo Historical Weather API,"Casalecchio di Reno, Bologna, Italy",44.4756,11.2759
2022-02-13T16:00:00+00:00,6.800,1.500,Open-Meteo Historical Weather API,"Casalecchio di Reno, Bologna, Italy",44.4756,11.2759
2022-02-13T17:00:00+00:00,3.500,0.000,Open-Meteo Historical Weather API,"Casalecchio di Reno, Bologna, Italy",44.4756,11.2759
2022-02-13T18:00:00+00:00,2.300,0.100,Open-Meteo Historical Weather API,"Casalecchio di Reno, Bologna, Italy",44.4756,11.2759
2022-02-13T19:00:00+00:00,2.100,0.400,Open-Meteo Historical Weather API,"Casalecchio di Reno, Bologna, Italy",44.4756,11.2759
2022-02-13T20:00:00+00:00,2.000,0.600,Open-Meteo Historical Weather API,"Casalecchio di Reno, Bologna, Italy",44.4756,11.2759
2022-02-13T21:00:00+00:00,1.200,0.300,Open-Meteo Historical Weather API,"Casalecchio di Reno, Bologna, Italy",44.4756,11.2759
2022-02-13T22:00:00+00:00,0.200,-0.600,Open-Meteo Historical Weather API,"Casalecchio di Reno, Bologna, Italy",44.4756,11.2759
2022-02-13T23:00:00+00:00,0.400,-0.500,Open-Meteo Historical Weather API,"Casalecchio di Reno, Bologna, Italy",44.4756,11.2759
2022-02-14T00:00:00+00:00,3.100,1.300,Open-Meteo Historical Weather API,"Casalecchio di Reno, Bologna, Italy",44.4756,11.2759
2022-02-14T01:00:00+00:00,1.300,0.400,Open-Meteo Historical Weather API,"Casalecchio di Reno, Bologna, Italy",44.4756,11.2759
2022-02-14T02:00:00+00:00,0.600,-0.300,Open-Meteo Historical Weather API,"Casalecchio di Reno, Bologna, Italy",44.4756,11.2759
2022-02-14T03:00:00+00:00,0.300,-0.800,Open-Meteo Historical Weather API,"Casalecchio di Reno, Bologna, Italy",44.4756,11.2759
2022-02-14T04:00:00+00:00,2.000,0.700,Open-Meteo Historical Weather API,"Casalecchio di Reno, Bologna, Italy",44.4756,11.2759
2022-02-14T05:00:00+00:00,1.800,0.800,Open-Meteo Historical Weather API,"Casalecchio di Reno, Bologna, Italy",44.4756,11.2759
2022-02-14T06:00:00+00:00,0.600,-0.500,Open-Meteo Historical Weather API,"Casalecchio di Reno, Bologna, Italy",44.4756,11.2759
2022-02-14T07:00:00+00:00,1.800,0.600,Open-Meteo Historical Weather API,"Casalecchio di Reno, Bologna, Italy",44.4756,11.2759
2022-02-14T08:00:00+00:00,3.700,1.400,Open-Meteo Historical Weather API,"Casalecchio di Reno, Bologna, Italy",44.4756,11.2759
2022-02-14T09:00:00+00:00,5.100,2.300,Open-Meteo Historical Weather API,"Casalecchio di Reno, Bologna, Italy",44.4756,11.2759
2022-02-14T10:00:00+00:00,5.800,3.100,Open-Meteo Historical Weather API,"Casalecchio di Reno, Bologna, Italy",44.4756,11.2759
2022-02-14T11:00:00+00:00,6.600,3.500,Open-Meteo Historical Weather API,"Casalecchio di Reno, Bologna, Italy",44.4756,11.2759
2022-02-14T12:00:00+00:00,4.200,0.600,Open-Meteo Historical Weather API,"Casalecchio di Reno, Bologna, Italy",44.4756,11.2759
2022-02-14T13:00:00+00:00,4.900,1.400,Open-Meteo Historical Weather API,"Casalecchio di Reno, Bologna, Italy",44.4756,11.2759
2022-02-14T14:00:00+00:00,5.000,1.500,Open-Meteo Historical Weather API,"Casalecchio di Reno, Bologna, Italy",44.4756,11.2759
2022-02-14T15:00:00+00:00,5.100,1.500,Open-Meteo Historical Weather API,"Casalecchio di Reno, Bologna, Italy",44.4756,11.2759
2022-02-14T16:00:00+00:00,4.800,2.000,Open-Meteo Historical Weather API,"Casalecchio di Reno, Bologna, Italy",44.4756,11.2759
2022-02-14T17:00:00+00:00,3.700,2.200,Open-Meteo Historical Weather API,"Casalecchio di Reno, Bologna, Italy",44.4756,11.2759
2022-02-14T18:00:00+00:00,2.400,1.800,Open-Meteo Historical Weather API,"Casalecchio di Reno, Bologna, Italy",44.4756,11.2759
2022-02-14T19:00:00+00:00,2.700,2.200,Open-Meteo Historical Weather API,"Casalecchio di Reno, Bologna, Italy",44.4756,11.2759
2022-02-14T20:00:00+00:00,3.500,3.000,Open-Meteo Historical Weather API,"Casalecchio di Reno, Bologna, Italy",44.4756,11.2759
2022-02-14T21:00:00+00:00,3.600,3.500,Open-Meteo Historical Weather API,"Casalecchio di Reno, Bologna, Italy",44.4756,11.2759
2022-02-14T22:00:00+00:00,4.000,3.700,Open-Meteo Historical Weather API,"Casalecchio di Reno, Bologna, Italy",44.4756,11.2759
2022-02-14T23:00:00+00:00,3.300,3.300,Open-Meteo Historical Weather API,"Casalecchio di Reno, Bologna, Italy",44.4756,11.2759
2022-02-15T00:00:00+00:00,3.400,3.200,Open-Meteo Historical Weather API,"Casalecchio di Reno, Bologna, Italy",44.4756,11.2759
2022-02-15T01:00:00+00:00,3.200,3.100,Open-Meteo Historical Weather API,"Casalecchio di Reno, Bologna, Italy",44.4756,11.2759
2022-02-15T02:00:00+00:00,3.200,2.800,Open-Meteo Historical Weather API,"Casalecchio di Reno, Bologna, Italy",44.4756,11.2759
2022-02-15T03:00:00+00:00,3.100,2.700,Open-Meteo Historical Weather API,"Casalecchio di Reno, Bologna, Italy",44.4756,11.2759
2022-02-15T04:00:00+00:00,3.000,2.400,Open-Meteo Historical Weather API,"Casalecchio di Reno, Bologna, Italy",44.4756,11.2759
2022-02-15T05:00:00+00:00,3.000,2.300,Open-Meteo Historical Weather API,"Casalecchio di Reno, Bologna, Italy",44.4756,11.2759
2022-02-15T06:00:00+00:00,2.700,2.000,Open-Meteo Historical Weather API,"Casalecchio di Reno, Bologna, Italy",44.4756,11.2759
2022-02-15T07:00:00+00:00,2.500,1.500,Open-Meteo Historical Weather API,"Casalecchio di Reno, Bologna, Italy",44.4756,11.2759
2022-02-15T08:00:00+00:00,2.500,1.500,Open-Meteo Historical Weather API,"Casalecchio di Reno, Bologna, Italy",44.4756,11.2759
2022-02-15T09:00:00+00:00,3.200,1.600,Open-Meteo Historical Weather API,"Casalecchio di Reno, Bologna, Italy",44.4756,11.2759
2022-02-15T10:00:00+00:00,3.100,1.400,Open-Meteo Historical Weather API,"Casalecchio di Reno, Bologna, Italy",44.4756,11.2759
2022-02-15T11:00:00+00:00,3.500,1.300,Open-Meteo Historical Weather API,"Casalecchio di Reno, Bologna, Italy",44.4756,11.2759
2022-02-15T12:00:00+00:00,3.500,2.000,Open-Meteo Historical Weather API,"Casalecchio di Reno, Bologna, Italy",44.4756,11.2759
2022-02-15T13:00:00+00:00,4.900,2.700,Open-Meteo Historical Weather API,"Casalecchio di Reno, Bologna, Italy",44.4756,11.2759
2022-02-15T14:00:00+00:00,5.300,2.500,Open-Meteo Historical Weather API,"Casalecchio di Reno, Bologna, Italy",44.4756,11.2759
2022-02-15T15:00:00+00:00,4.700,2.500,Open-Meteo Historical Weather API,"Casalecchio di Reno, Bologna, Italy",44.4756,11.2759
2022-02-15T16:00:00+00:00,4.400,2.200,Open-Meteo Historical Weather API,"Casalecchio di Reno, Bologna, Italy",44.4756,11.2759
2022-02-15T17:00:00+00:00,4.100,2.300,Open-Meteo Historical Weather API,"Casalecchio di Reno, Bologna, Italy",44.4756,11.2759
2022-02-15T18:00:00+00:00,4.400,2.500,Open-Meteo Historical Weather API,"Casalecchio di Reno, Bologna, Italy",44.4756,11.2759
2022-02-15T19:00:00+00:00,4.700,2.300,Open-Meteo Historical Weather API,"Casalecchio di Reno, Bologna, Italy",44.4756,11.2759
2022-02-15T20:00:00+00:00,5.200,2.500,Open-Meteo Historical Weather API,"Casalecchio di Reno, Bologna, Italy",44.4756,11.2759
2022-02-15T21:00:00+00:00,5.200,2.800,Open-Meteo Historical Weather API,"Casalecchio di Reno, Bologna, Italy",44.4756,11.2759
2022-02-15T22:00:00+00:00,4.900,3.200,Open-Meteo Historical Weather API,"Casalecchio di Reno, Bologna, Italy",44.4756,11.2759
2022-02-15T23:00:00+00:00,4.300,3.200,Open-Meteo Historical Weather API,"Casalecchio di Reno, Bologna, Italy",44.4756,11.2759
2022-02-16T00:00:00+00:00,4.200,3.500,Open-Meteo Historical Weather API,"Casalecchio di Reno, Bologna, Italy",44.4756,11.2759
2022-02-16T01:00:00+00:00,4.000,3.300,Open-Meteo Historical Weather API,"Casalecchio di Reno, Bologna, Italy",44.4756,11.2759
2022-02-16T02:00:00+00:00,4.200,3.300,Open-Meteo Historical Weather API,"Casalecchio di Reno, Bologna, Italy",44.4756,11.2759
2022-02-16T03:00:00+00:00,4.300,3.200,Open-Meteo Historical Weather API,"Casalecchio di Reno, Bologna, Italy",44.4756,11.2759
2022-02-16T04:00:00+00:00,4.200,3.100,Open-Meteo Historical Weather API,"Casalecchio di Reno, Bologna, Italy",44.4756,11.2759
2022-02-16T05:00:00+00:00,3.800,3.000,Open-Meteo Historical Weather API,"Casalecchio di Reno, Bologna, Italy",44.4756,11.2759
2022-02-16T06:00:00+00:00,3.700,2.600,Open-Meteo Historical Weather API,"Casalecchio di Reno, Bologna, Italy",44.4756,11.2759
2022-02-16T07:00:00+00:00,4.000,2.400,Open-Meteo Historical Weather API,"Casalecchio di Reno, Bologna, Italy",44.4756,11.2759
2022-02-16T08:00:00+00:00,5.800,2.800,Open-Meteo Historical Weather API,"Casalecchio di Reno, Bologna, Italy",44.4756,11.2759
2022-02-16T09:00:00+00:00,6.900,3.700,Open-Meteo Historical Weather API,"Casalecchio di Reno, Bologna, Italy",44.4756,11.2759
2022-02-16T10:00:00+00:00,8.200,4.100,Open-Meteo Historical Weather API,"Casalecchio di Reno, Bologna, Italy",44.4756,11.2759
2022-02-16T11:00:00+00:00,9.000,4.400,Open-Meteo Historical Weather API,"Casalecchio di Reno, Bologna, Italy",44.4756,11.2759
2022-02-16T12:00:00+00:00,10.100,4.500,Open-Meteo Historical Weather API,"Casalecchio di Reno, Bologna, Italy",44.4756,11.2759
2022-02-16T13:00:00+00:00,10.600,4.300,Open-Meteo Historical Weather API,"Casalecchio di Reno, Bologna, Italy",44.4756,11.2759
2022-02-16T14:00:00+00:00,10.800,4.200,Open-Meteo Historical Weather API,"Casalecchio di Reno, Bologna, Italy",44.4756,11.2759
2022-02-16T15:00:00+00:00,10.500,4.000,Open-Meteo Historical Weather API,"Casalecchio di Reno, Bologna, Italy",44.4756,11.2759
2022-02-16T16:00:00+00:00,9.500,5.100,Open-Meteo Historical Weather API,"Casalecchio di Reno, Bologna, Italy",44.4756,11.2759
2022-02-16T17:00:00+00:00,6.600,3.200,Open-Meteo Historical Weather API,"Casalecchio di Reno, Bologna, Italy",44.4756,11.2759
2022-02-16T18:00:00+00:00,5.100,2.800,Open-Meteo Historical Weather API,"Casalecchio di Reno, Bologna, Italy",44.4756,11.2759
2022-02-16T19:00:00+00:00,4.900,2.900,Open-Meteo Historical Weather API,"Casalecchio di Reno, Bologna, Italy",44.4756,11.2759
2022-02-16T20:00:00+00:00,4.100,3.200,Open-Meteo Historical Weather API,"Casalecchio di Reno, Bologna, Italy",44.4756,11.2759
2022-02-16T21:00:00+00:00,3.000,2.200,Open-Meteo Historical Weather API,"Casalecchio di Reno, Bologna, Italy",44.4756,11.2759
2022-02-16T22:00:00+00:00,3.000,2.000,Open-Meteo Historical Weather API,"Casalecchio di Reno, Bologna, Italy",44.4756,11.2759
2022-02-16T23:00:00+00:00,3.000,1.800,Open-Meteo Historical Weather API,"Casalecchio di Reno, Bologna, Italy",44.4756,11.2759
2022-02-17T00:00:00+00:00,2.300,1.200,Open-Meteo Historical Weather API,"Casalecchio di Reno, Bologna, Italy",44.4756,11.2759
2022-02-17T01:00:00+00:00,3.200,1.800,Open-Meteo Historical Weather API,"Casalecchio di Reno, Bologna, Italy",44.4756,11.2759
2022-02-17T02:00:00+00:00,3.200,1.800,Open-Meteo Historical Weather API,"Casalecchio di Reno, Bologna, Italy",44.4756,11.2759
2022-02-17T03:00:00+00:00,3.100,1.800,Open-Meteo Historical Weather API,"Casalecchio di Reno, Bologna, Italy",44.4756,11.2759
2022-02-17T04:00:00+00:00,2.600,1.500,Open-Meteo Historical Weather API,"Casalecchio di Reno, Bologna, Italy",44.4756,11.2759
2022-02-17T05:00:00+00:00,2.200,1.300,Open-Meteo Historical Weather API,"Casalecchio di Reno, Bologna, Italy",44.4756,11.2759
2022-02-17T06:00:00+00:00,4.800,3.000,Open-Meteo Historical Weather API,"Casalecchio di Reno, Bologna, Italy",44.4756,11.2759
2022-02-17T07:00:00+00:00,3.100,2.100,Open-Meteo Historical Weather API,"Casalecchio di Reno, Bologna, Italy",44.4756,11.2759
2022-02-17T08:00:00+00:00,7.200,4.200,Open-Meteo Historical Weather API,"Casalecchio di Reno, Bologna, Italy",44.4756,11.2759
2022-02-17T09:00:00+00:00,9.400,5.800,Open-Meteo Historical Weather API,"Casalecchio di Reno, Bologna, Italy",44.4756,11.2759
2022-02-17T10:00:00+00:00,10.800,5.800,Open-Meteo Historical Weather API,"Casalecchio di Reno, Bologna, Italy",44.4756,11.2759
2022-02-17T11:00:00+00:00,12.300,6.300,Open-Meteo Historical Weather API,"Casalecchio di Reno, Bologna, Italy",44.4756,11.2759
2022-02-17T12:00:00+00:00,11.600,4.100,Open-Meteo Historical Weather API,"Casalecchio di Reno, Bologna, Italy",44.4756,11.2759
2022-02-17T13:00:00+00:00,11.800,4.700,Open-Meteo Historical Weather API,"Casalecchio di Reno, Bologna, Italy",44.4756,11.2759
2022-02-17T14:00:00+00:00,12.600,5.600,Open-Meteo Historical Weather API,"Casalecchio di Reno, Bologna, Italy",44.4756,11.2759
2022-02-17T15:00:00+00:00,12.900,6.300,Open-Meteo Historical Weather API,"Casalecchio di Reno, Bologna, Italy",44.4756,11.2759
2022-02-17T16:00:00+00:00,10.700,6.400,Open-Meteo Historical Weather API,"Casalecchio di Reno, Bologna, Italy",44.4756,11.2759
2022-02-17T17:00:00+00:00,6.900,4.800,Open-Meteo Historical Weather API,"Casalecchio di Reno, Bologna, Italy",44.4756,11.2759
2022-02-17T18:00:00+00:00,8.100,5.200,Open-Meteo Historical Weather API,"Casalecchio di Reno, Bologna, Italy",44.4756,11.2759
2022-02-17T19:00:00+00:00,8.400,4.800,Open-Meteo Historical Weather API,"Casalecchio di Reno, Bologna, Italy",44.4756,11.2759
2022-02-17T20:00:00+00:00,7.200,4.400,Open-Meteo Historical Weather API,"Casalecchio di Reno, Bologna, Italy",44.4756,11.2759
2022-02-17T21:00:00+00:00,8.200,5.500,Open-Meteo Historical Weather API,"Casalecchio di Reno, Bologna, Italy",44.4756,11.2759
2022-02-17T22:00:00+00:00,8.100,5.300,Open-Meteo Historical Weather API,"Casalecchio di Reno, Bologna, Italy",44.4756,11.2759
2022-02-17T23:00:00+00:00,7.200,5.300,Open-Meteo Historical Weather API,"Casalecchio di Reno, Bologna, Italy",44.4756,11.2759
2022-02-18T00:00:00+00:00,7.100,4.800,Open-Meteo Historical Weather API,"Casalecchio di Reno, Bologna, Italy",44.4756,11.2759
2022-02-18T01:00:00+00:00,2.800,2.300,Open-Meteo Historical Weather API,"Casalecchio di Reno, Bologna, Italy",44.4756,11.2759
2022-02-18T02:00:00+00:00,3.200,2.500,Open-Meteo Historical Weather API,"Casalecchio di Reno, Bologna, Italy",44.4756,11.2759
2022-02-18T03:00:00+00:00,3.500,2.800,Open-Meteo Historical Weather API,"Casalecchio di Reno, Bologna, Italy",44.4756,11.2759
2022-02-18T04:00:00+00:00,1.600,1.500,Open-Meteo Historical Weather API,"Casalecchio di Reno, Bologna, Italy",44.4756,11.2759
2022-02-18T05:00:00+00:00,1.600,1.500,Open-Meteo Historical Weather API,"Casalecchio di Reno, Bologna, Italy",44.4756,11.2759
2022-02-18T06:00:00+00:00,1.500,1.500,Open-Meteo Historical Weather API,"Casalecchio di Reno, Bologna, Italy",44.4756,11.2759
2022-02-18T07:00:00+00:00,3.200,2.800,Open-Meteo Historical Weather API,"Casalecchio di Reno, Bologna, Italy",44.4756,11.2759
2022-02-18T08:00:00+00:00,6.100,4.600,Open-Meteo Historical Weather API,"Casalecchio di Reno, Bologna, Italy",44.4756,11.2759
2022-02-18T09:00:00+00:00,7.800,5.300,Open-Meteo Historical Weather API,"Casalecchio di Reno, Bologna, Italy",44.4756,11.2759
2022-02-18T10:00:00+00:00,8.100,5.700,Open-Meteo Historical Weather API,"Casalecchio di Reno, Bologna, Italy",44.4756,11.2759
2022-02-18T11:00:00+00:00,9.200,6.400,Open-Meteo Historical Weather API,"Casalecchio di Reno, Bologna, Italy",44.4756,11.2759
2022-02-18T12:00:00+00:00,7.700,5.400,Open-Meteo Historical Weather API,"Casalecchio di Reno, Bologna, Italy",44.4756,11.2759
2022-02-18T13:00:00+00:00,8.500,5.800,Open-Meteo Historical Weather API,"Casalecchio di Reno, Bologna, Italy",44.4756,11.2759
2022-02-18T14:00:00+00:00,9.400,5.900,Open-Meteo Historical Weather API,"Casalecchio di Reno, Bologna, Italy",44.4756,11.2759
2022-02-18T15:00:00+00:00,9.400,5.800,Open-Meteo Historical Weather API,"Casalecchio di Reno, Bologna, Italy",44.4756,11.2759
2022-02-18T16:00:00+00:00,8.700,6.100,Open-Meteo Historical Weather API,"Casalecchio di Reno, Bologna, Italy",44.4756,11.2759
2022-02-18T17:00:00+00:00,5.700,4.800,Open-Meteo Historical Weather API,"Casalecchio di Reno, Bologna, Italy",44.4756,11.2759
2022-02-18T18:00:00+00:00,4.800,4.300,Open-Meteo Historical Weather API,"Casalecchio di Reno, Bologna, Italy",44.4756,11.2759
2022-02-18T19:00:00+00:00,6.400,5.300,Open-Meteo Historical Weather API,"Casalecchio di Reno, Bologna, Italy",44.4756,11.2759
2022-02-18T20:00:00+00:00,4.600,3.800,Open-Meteo Historical Weather API,"Casalecchio di Reno, Bologna, Italy",44.4756,11.2759
2022-02-18T21:00:00+00:00,7.000,4.900,Open-Meteo Historical Weather API,"Casalecchio di Reno, Bologna, Italy",44.4756,11.2759
2022-02-18T22:00:00+00:00,5.600,4.200,Open-Meteo Historical Weather API,"Casalecchio di Reno, Bologna, Italy",44.4756,11.2759
2022-02-18T23:00:00+00:00,5.400,4.200,Open-Meteo Historical Weather API,"Casalecchio di Reno, Bologna, Italy",44.4756,11.2759
2022-02-19T00:00:00+00:00,7.200,4.700,Open-Meteo Historical Weather API,"Casalecchio di Reno, Bologna, Italy",44.4756,11.2759
2022-02-19T01:00:00+00:00,5.900,4.500,Open-Meteo Historical Weather API,"Casalecchio di Reno, Bologna, Italy",44.4756,11.2759
2022-02-19T02:00:00+00:00,5.800,4.800,Open-Meteo Historical Weather API,"Casalecchio di Reno, Bologna, Italy",44.4756,11.2759
2022-02-19T03:00:00+00:00,4.900,4.500,Open-Meteo Historical Weather API,"Casalecchio di Reno, Bologna, Italy",44.4756,11.2759
2022-02-19T04:00:00+00:00,8.300,6.900,Open-Meteo Historical Weather API,"Casalecchio di Reno, Bologna, Italy",44.4756,11.2759
2022-02-19T05:00:00+00:00,9.500,7.300,Open-Meteo Historical Weather API,"Casalecchio di Reno, Bologna, Italy",44.4756,11.2759
2022-02-19T06:00:00+00:00,9.200,7.200,Open-Meteo Historical Weather API,"Casalecchio di Reno, Bologna, Italy",44.4756,11.2759
2022-02-19T07:00:00+00:00,8.600,7.400,Open-Meteo Historical Weather API,"Casalecchio di Reno, Bologna, Italy",44.4756,11.2759
2022-02-19T08:00:00+00:00,10.000,8.600,Open-Meteo Historical Weather API,"Casalecchio di Reno, Bologna, Italy",44.4756,11.2759
2022-02-19T09:00:00+00:00,11.600,9.400,Open-Meteo Historical Weather API,"Casalecchio di Reno, Bologna, Italy",44.4756,11.2759
2022-02-19T10:00:00+00:00,12.800,10.100,Open-Meteo Historical Weather API,"Casalecchio di Reno, Bologna, Italy",44.4756,11.2759
2022-02-19T11:00:00+00:00,13.500,10.400,Open-Meteo Historical Weather API,"Casalecchio di Reno, Bologna, Italy",44.4756,11.2759
2022-02-19T12:00:00+00:00,14.100,9.800,Open-Meteo Historical Weather API,"Casalecchio di Reno, Bologna, Italy",44.4756,11.2759
2022-02-19T13:00:00+00:00,12.400,8.800,Open-Meteo Historical Weather API,"Casalecchio di Reno, Bologna, Italy",44.4756,11.2759
2022-02-19T14:00:00+00:00,11.700,8.400,Open-Meteo Historical Weather API,"Casalecchio di Reno, Bologna, Italy",44.4756,11.2759
2022-02-19T15:00:00+00:00,11.400,8.300,Open-Meteo Historical Weather API,"Casalecchio di Reno, Bologna, Italy",44.4756,11.2759
2022-02-19T16:00:00+00:00,10.400,8.100,Open-Meteo Historical Weather API,"Casalecchio di Reno, Bologna, Italy",44.4756,11.2759
2022-02-19T17:00:00+00:00,9.600,7.800,Open-Meteo Historical Weather API,"Casalecchio di Reno, Bologna, Italy",44.4756,11.2759
2022-02-19T18:00:00+00:00,9.200,7.800,Open-Meteo Historical Weather API,"Casalecchio di Reno, Bologna, Italy",44.4756,11.2759
2022-02-19T19:00:00+00:00,9.100,7.800,Open-Meteo Historical Weather API,"Casalecchio di Reno, Bologna, Italy",44.4756,11.2759
2022-02-19T20:00:00+00:00,9.000,7.800,Open-Meteo Historical Weather API,"Casalecchio di Reno, Bologna, Italy",44.4756,11.2759
2022-02-19T21:00:00+00:00,8.900,7.800,Open-Meteo Historical Weather API,"Casalecchio di Reno, Bologna, Italy",44.4756,11.2759
2022-02-19T22:00:00+00:00,7.900,7.700,Open-Meteo Historical Weather API,"Casalecchio di Reno, Bologna, Italy",44.4756,11.2759
2022-02-19T23:00:00+00:00,8.100,7.800,Open-Meteo Historical Weather API,"Casalecchio di Reno, Bologna, Italy",44.4756,11.2759
2022-02-20T00:00:00+00:00,7.900,7.500,Open-Meteo Historical Weather API,"Casalecchio di Reno, Bologna, Italy",44.4756,11.2759
2022-02-20T01:00:00+00:00,8.100,7.200,Open-Meteo Historical Weather API,"Casalecchio di Reno, Bologna, Italy",44.4756,11.2759
2022-02-20T02:00:00+00:00,7.800,7.100,Open-Meteo Historical Weather API,"Casalecchio di Reno, Bologna, Italy",44.4756,11.2759
2022-02-20T03:00:00+00:00,8.100,7.300,Open-Meteo Historical Weather API,"Casalecchio di Reno, Bologna, Italy",44.4756,11.2759
2022-02-20T04:00:00+00:00,8.000,7.400,Open-Meteo Historical Weather API,"Casalecchio di Reno, Bologna, Italy",44.4756,11.2759
2022-02-20T05:00:00+00:00,8.100,7.500,Open-Meteo Historical Weather API,"Casalecchio di Reno, Bologna, Italy",44.4756,11.2759
2022-02-20T06:00:00+00:00,7.600,7.200,Open-Meteo Historical Weather API,"Casalecchio di Reno, Bologna, Italy",44.4756,11.2759
2022-02-20T07:00:00+00:00,8.300,7.600,Open-Meteo Historical Weather API,"Casalecchio di Reno, Bologna, Italy",44.4756,11.2759
2022-02-20T08:00:00+00:00,9.600,8.500,Open-Meteo Historical Weather API,"Casalecchio di Reno, Bologna, Italy",44.4756,11.2759
2022-02-20T09:00:00+00:00,11.600,7.900,Open-Meteo Historical Weather API,"Casalecchio di Reno, Bologna, Italy",44.4756,11.2759
2022-02-20T10:00:00+00:00,12.700,7.600,Open-Meteo Historical Weather API,"Casalecchio di Reno, Bologna, Italy",44.4756,11.2759
2022-02-20T11:00:00+00:00,13.500,6.900,Open-Meteo Historical Weather API,"Casalecchio di Reno, Bologna, Italy",44.4756,11.2759
2022-02-20T12:00:00+00:00,14.600,8.900,Open-Meteo Historical Weather API,"Casalecchio di Reno, Bologna, Italy",44.4756,11.2759
2022-02-20T13:00:00+00:00,14.700,8.900,Open-Meteo Historical Weather API,"Casalecchio di Reno, Bologna, Italy",44.4756,11.2759
2022-02-20T14:00:00+00:00,14.700,8.900,Open-Meteo Historical Weather API,"Casalecchio di Reno, Bologna, Italy",44.4756,11.2759
2022-02-20T15:00:00+00:00,14.600,8.800,Open-Meteo Historical Weather API,"Casalecchio di Reno, Bologna, Italy",44.4756,11.2759
2022-02-20T16:00:00+00:00,12.700,10.100,Open-Meteo Historical Weather API,"Casalecchio di Reno, Bologna, Italy",44.4756,11.2759
2022-02-20T17:00:00+00:00,12.100,8.000,Open-Meteo Historical Weather API,"Casalecchio di Reno, Bologna, Italy",44.4756,11.2759
2022-02-20T18:00:00+00:00,8.000,6.500,Open-Meteo Historical Weather API,"Casalecchio di Reno, Bologna, Italy",44.4756,11.2759
2022-02-20T19:00:00+00:00,7.800,6.300,Open-Meteo Historical Weather API,"Casalecchio di Reno, Bologna, Italy",44.4756,11.2759
2022-02-20T20:00:00+00:00,7.300,5.900,Open-Meteo Historical Weather API,"Casalecchio di Reno, Bologna, Italy",44.4756,11.2759
2022-02-20T21:00:00+00:00,7.800,6.100,Open-Meteo Historical Weather API,"Casalecchio di Reno, Bologna, Italy",44.4756,11.2759
2022-02-20T22:00:00+00:00,8.900,6.500,Open-Meteo Historical Weather API,"Casalecchio di Reno, Bologna, Italy",44.4756,11.2759
2022-02-20T23:00:00+00:00,9.200,6.200,Open-Meteo Historical Weather API,"Casalecchio di Reno, Bologna, Italy",44.4756,11.2759
2022-02-21T00:00:00+00:00,8.800,4.800,Open-Meteo Historical Weather API,"Casalecchio di Reno, Bologna, Italy",44.4756,11.2759
2022-02-21T01:00:00+00:00,8.900,4.900,Open-Meteo Historical Weather API,"Casalecchio di Reno, Bologna, Italy",44.4756,11.2759
2022-02-21T02:00:00+00:00,8.900,5.400,Open-Meteo Historical Weather API,"Casalecchio di Reno, Bologna, Italy",44.4756,11.2759
2022-02-21T03:00:00+00:00,8.700,5.400,Open-Meteo Historical Weather API,"Casalecchio di Reno, Bologna, Italy",44.4756,11.2759
2022-02-21T04:00:00+00:00,8.800,5.800,Open-Meteo Historical Weather API,"Casalecchio di Reno, Bologna, Italy",44.4756,11.2759
2022-02-21T05:00:00+00:00,9.200,4.900,Open-Meteo Historical Weather API,"Casalecchio di Reno, Bologna, Italy",44.4756,11.2759
2022-02-21T06:00:00+00:00,9.100,4.400,Open-Meteo Historical Weather API,"Casalecchio di Reno, Bologna, Italy",44.4756,11.2759
2022-02-21T07:00:00+00:00,9.800,5.800,Open-Meteo Historical Weather API,"Casalecchio di Reno, Bologna, Italy",44.4756,11.2759
2022-02-21T08:00:00+00:00,11.000,7.200,Open-Meteo Historical Weather API,"Casalecchio di Reno, Bologna, Italy",44.4756,11.2759
2022-02-21T09:00:00+00:00,11.800,6.900,Open-Meteo Historical Weather API,"Casalecchio di Reno, Bologna, Italy",44.4756,11.2759
2022-02-21T10:00:00+00:00,13.000,7.200,Open-Meteo Historical Weather API,"Casalecchio di Reno, Bologna, Italy",44.4756,11.2759
2022-02-21T11:00:00+00:00,14.600,7.800,Open-Meteo Historical Weather API,"Casalecchio di Reno, Bologna, Italy",44.4756,11.2759
2022-02-21T12:00:00+00:00,15.900,5.900,Open-Meteo Historical Weather API,"Casalecchio di Reno, Bologna, Italy",44.4756,11.2759
2022-02-21T13:00:00+00:00,14.200,7.200,Open-Meteo Historical Weather API,"Casalecchio di Reno, Bologna, Italy",44.4756,11.2759
2022-02-21T14:00:00+00:00,11.400,8.100,Open-Meteo Historical Weather API,"Casalecchio di Reno, Bologna, Italy",44.4756,11.2759
2022-02-21T15:00:00+00:00,11.900,6.300,Open-Meteo Historical Weather API,"Casalecchio di Reno, Bologna, Italy",44.4756,11.2759
2022-02-21T16:00:00+00:00,11.800,2.900,Open-Meteo Historical Weather API,"Casalecchio di Reno, Bologna, Italy",44.4756,11.2759
2022-02-21T17:00:00+00:00,11.100,-0.200,Open-Meteo Historical Weather API,"Casalecchio di Reno, Bologna, Italy",44.4756,11.2759
2022-02-21T18:00:00+00:00,10.500,-6.700,Open-Meteo Historical Weather API,"Casalecchio di Reno, Bologna, Italy",44.4756,11.2759
2022-02-21T19:00:00+00:00,9.400,-8.100,Open-Meteo Historical Weather API,"Casalecchio di Reno, Bologna, Italy",44.4756,11.2759
2022-02-21T20:00:00+00:00,8.500,-7.900,Open-Meteo Historical Weather API,"Casalecchio di Reno, Bologna, Italy",44.4756,11.2759
2022-02-21T21:00:00+00:00,7.400,-7.600,Open-Meteo Historical Weather API,"Casalecchio di Reno, Bologna, Italy",44.4756,11.2759
2022-02-21T22:00:00+00:00,6.700,-7.200,Open-Meteo Historical Weather API,"Casalecchio di Reno, Bologna, Italy",44.4756,11.2759
2022-02-21T23:00:00+00:00,6.400,-6.500,Open-Meteo Historical Weather API,"Casalecchio di Reno, Bologna, Italy",44.4756,11.2759
2022-02-22T00:00:00+00:00,6.400,-4.700,Open-Meteo Historical Weather API,"Casalecchio di Reno, Bologna, Italy",44.4756,11.2759
2022-02-22T01:00:00+00:00,6.400,-4.400,Open-Meteo Historical Weather API,"Casalecchio di Reno, Bologna, Italy",44.4756,11.2759
2022-02-22T02:00:00+00:00,7.000,-4.200,Open-Meteo Historical Weather API,"Casalecchio di Reno, Bologna, Italy",44.4756,11.2759
2022-02-22T03:00:00+00:00,7.000,-4.200,Open-Meteo Historical Weather API,"Casalecchio di Reno, Bologna, Italy",44.4756,11.2759
2022-02-22T04:00:00+00:00,6.700,-3.800,Open-Meteo Historical Weather API,"Casalecchio di Reno, Bologna, Italy",44.4756,11.2759
2022-02-22T05:00:00+00:00,6.200,-3.800,Open-Meteo Historical Weather API,"Casalecchio di Reno, Bologna, Italy",44.4756,11.2759
2022-02-22T06:00:00+00:00,5.800,-4.200,Open-Meteo Historical Weather API,"Casalecchio di Reno, Bologna, Italy",44.4756,11.2759
2022-02-22T07:00:00+00:00,6.800,-3.600,Open-Meteo Historical Weather API,"Casalecchio di Reno, Bologna, Italy",44.4756,11.2759
2022-02-22T08:00:00+00:00,8.900,-2.500,Open-Meteo Historical Weather API,"Casalecchio di Reno, Bologna, Italy",44.4756,11.2759
2022-02-22T09:00:00+00:00,10.800,-1.100,Open-Meteo Historical Weather API,"Casalecchio di Reno, Bologna, Italy",44.4756,11.2759
2022-02-22T10:00:00+00:00,12.400,-0.300,Open-Meteo Historical Weather API,"Casalecchio di Reno, Bologna, Italy",44.4756,11.2759
2022-02-22T11:00:00+00:00,13.800,-0.200,Open-Meteo Historical Weather API,"Casalecchio di Reno, Bologna, Italy",44.4756,11.2759
2022-02-22T12:00:00+00:00,15.400,-2.400,Open-Meteo Historical Weather API,"Casalecchio di Reno, Bologna, Italy",44.4756,11.2759
2022-02-22T13:00:00+00:00,15.400,-2.200,Open-Meteo Historical Weather API,"Casalecchio di Reno, Bologna, Italy",44.4756,11.2759
2022-02-22T14:00:00+00:00,15.400,-1.800,Open-Meteo Historical Weather API,"Casalecchio di Reno, Bologna, Italy",44.4756,11.2759
2022-02-22T15:00:00+00:00,14.900,-0.200,Open-Meteo Historical Weather API,"Casalecchio di Reno, Bologna, Italy",44.4756,11.2759
2022-02-22T16:00:00+00:00,14.700,-2.700,Open-Meteo Historical Weather API,"Casalecchio di Reno, Bologna, Italy",44.4756,11.2759
2022-02-22T17:00:00+00:00,9.400,-0.600,Open-Meteo Historical Weather API,"Casalecchio di Reno, Bologna, Italy",44.4756,11.2759
2022-02-22T18:00:00+00:00,8.600,-1.900,Open-Meteo Historical Weather API,"Casalecchio di Reno, Bologna, Italy",44.4756,11.2759
2022-02-22T19:00:00+00:00,7.600,-2.000,Open-Meteo Historical Weather API,"Casalecchio di Reno, Bologna, Italy",44.4756,11.2759
2022-02-22T20:00:00+00:00,6.400,-2.500,Open-Meteo Historical Weather API,"Casalecchio di Reno, Bologna, Italy",44.4756,11.2759
2022-02-22T21:00:00+00:00,5.800,-3.100,Open-Meteo Historical Weather API,"Casalecchio di Reno, Bologna, Italy",44.4756,11.2759
2022-02-22T22:00:00+00:00,5.400,-3.700,Open-Meteo Historical Weather API,"Casalecchio di Reno, Bologna, Italy",44.4756,11.2759
2022-02-22T23:00:00+00:00,4.700,-3.700,Open-Meteo Historical Weather API,"Casalecchio di Reno, Bologna, Italy",44.4756,11.2759
2022-02-23T00:00:00+00:00,4.800,-3.700,Open-Meteo Historical Weather API,"Casalecchio di Reno, Bologna, Italy",44.4756,11.2759
2022-02-23T01:00:00+00:00,4.800,-3.700,Open-Meteo Historical Weather API,"Casalecchio di Reno, Bologna, Italy",44.4756,11.2759
2022-02-23T02:00:00+00:00,4.400,-3.600,Open-Meteo Historical Weather API,"Casalecchio di Reno, Bologna, Italy",44.4756,11.2759
2022-02-23T03:00:00+00:00,4.000,-3.200,Open-Meteo Historical Weather API,"Casalecchio di Reno, Bologna, Italy",44.4756,11.2759
2022-02-23T04:00:00+00:00,2.700,-3.000,Open-Meteo Historical Weather API,"Casalecchio di Reno, Bologna, Italy",44.4756,11.2759
2022-02-23T05:00:00+00:00,3.200,-4.000,Open-Meteo Historical Weather API,"Casalecchio di Reno, Bologna, Italy",44.4756,11.2759
2022-02-23T06:00:00+00:00,2.500,-4.200,Open-Meteo Historical Weather API,"Casalecchio di Reno, Bologna, Italy",44.4756,11.2759
2022-02-23T07:00:00+00:00,3.500,-1.900,Open-Meteo Historical Weather API,"Casalecchio di Reno, Bologna, Italy",44.4756,11.2759
2022-02-23T08:00:00+00:00,8.100,1.500,Open-Meteo Historical Weather API,"Casalecchio di Reno, Bologna, Italy",44.4756,11.2759
2022-02-23T09:00:00+00:00,10.600,1.900,Open-Meteo Historical Weather API,"Casalecchio di Reno, Bologna, Italy",44.4756,11.2759
2022-02-23T10:00:00+00:00,12.100,2.500,Open-Meteo Historical Weather API,"Casalecchio di Reno, Bologna, Italy",44.4756,11.2759
2022-02-23T11:00:00+00:00,13.100,2.800,Open-Meteo Historical Weather API,"Casalecchio di Reno, Bologna, Italy",44.4756,11.2759
2022-02-23T12:00:00+00:00,13.700,1.000,Open-Meteo Historical Weather API,"Casalecchio di Reno, Bologna, Italy",44.4756,11.2759
2022-02-23T13:00:00+00:00,14.400,1.200,Open-Meteo Historical Weather API,"Casalecchio di Reno, Bologna, Italy",44.4756,11.2759
2022-02-23T14:00:00+00:00,14.400,1.700,Open-Meteo Historical Weather API,"Casalecchio di Reno, Bologna, Italy",44.4756,11.2759
2022-02-23T15:00:00+00:00,14.100,2.000,Open-Meteo Historical Weather API,"Casalecchio di Reno, Bologna, Italy",44.4756,11.2759
2022-02-23T16:00:00+00:00,12.900,5.300,Open-Meteo Historical Weather API,"Casalecchio di Reno, Bologna, Italy",44.4756,11.2759
2022-02-23T17:00:00+00:00,11.900,1.900,Open-Meteo Historical Weather API,"Casalecchio di Reno, Bologna, Italy",44.4756,11.2759
2022-02-23T18:00:00+00:00,7.100,2.500,Open-Meteo Historical Weather API,"Casalecchio di Reno, Bologna, Italy",44.4756,11.2759
2022-02-23T19:00:00+00:00,6.700,2.500,Open-Meteo Historical Weather API,"Casalecchio di Reno, Bologna, Italy",44.4756,11.2759
2022-02-23T20:00:00+00:00,5.300,2.500,Open-Meteo Historical Weather API,"Casalecchio di Reno, Bologna, Italy",44.4756,11.2759
2022-02-23T21:00:00+00:00,4.200,2.000,Open-Meteo Historical Weather API,"Casalecchio di Reno, Bologna, Italy",44.4756,11.2759
2022-02-23T22:00:00+00:00,3.700,1.000,Open-Meteo Historical Weather API,"Casalecchio di Reno, Bologna, Italy",44.4756,11.2759
2022-02-23T23:00:00+00:00,3.300,0.400,Open-Meteo Historical Weather API,"Casalecchio di Reno, Bologna, Italy",44.4756,11.2759
2022-02-24T00:00:00+00:00,3.300,0.300,Open-Meteo Historical Weather API,"Casalecchio di Reno, Bologna, Italy",44.4756,11.2759
2022-02-24T01:00:00+00:00,3.300,-0.200,Open-Meteo Historical Weather API,"Casalecchio di Reno, Bologna, Italy",44.4756,11.2759
2022-02-24T02:00:00+00:00,3.300,-0.600,Open-Meteo Historical Weather API,"Casalecchio di Reno, Bologna, Italy",44.4756,11.2759
2022-02-24T03:00:00+00:00,3.000,-0.600,Open-Meteo Historical Weather API,"Casalecchio di Reno, Bologna, Italy",44.4756,11.2759
2022-02-24T04:00:00+00:00,2.700,-0.500,Open-Meteo Historical Weather API,"Casalecchio di Reno, Bologna, Italy",44.4756,11.2759
2022-02-24T05:00:00+00:00,1.500,-0.800,Open-Meteo Historical Weather API,"Casalecchio di Reno, Bologna, Italy",44.4756,11.2759
2022-02-24T06:00:00+00:00,2.000,-0.900,Open-Meteo Historical Weather API,"Casalecchio di Reno, Bologna, Italy",44.4756,11.2759
2022-02-24T07:00:00+00:00,4.200,0.600,Open-Meteo Historical Weather API,"Casalecchio di Reno, Bologna, Italy",44.4756,11.2759
2022-02-24T08:00:00+00:00,7.600,3.700,Open-Meteo Historical Weather API,"Casalecchio di Reno, Bologna, Italy",44.4756,11.2759
2022-02-24T09:00:00+00:00,9.900,4.200,Open-Meteo Historical Weather API,"Casalecchio di Reno, Bologna, Italy",44.4756,11.2759
2022-02-24T10:00:00+00:00,10.800,4.700,Open-Meteo Historical Weather API,"Casalecchio di Reno, Bologna, Italy",44.4756,11.2759
2022-02-24T11:00:00+00:00,11.400,4.300,Open-Meteo Historical Weather API,"Casalecchio di Reno, Bologna, Italy",44.4756,11.2759
2022-02-24T12:00:00+00:00,11.500,4.000,Open-Meteo Historical Weather API,"Casalecchio di Reno, Bologna, Italy",44.4756,11.2759
2022-02-24T13:00:00+00:00,12.100,4.200,Open-Meteo Historical Weather API,"Casalecchio di Reno, Bologna, Italy",44.4756,11.2759
2022-02-24T14:00:00+00:00,11.800,4.000,Open-Meteo Historical Weather API,"Casalecchio di Reno, Bologna, Italy",44.4756,11.2759
2022-02-24T15:00:00+00:00,11.600,3.700,Open-Meteo Historical Weather API,"Casalecchio di Reno, Bologna, Italy",44.4756,11.2759
2022-02-24T16:00:00+00:00,10.900,5.300,Open-Meteo Historical Weather API,"Casalecchio di Reno, Bologna, Italy",44.4756,11.2759
2022-02-24T17:00:00+00:00,10.000,3.600,Open-Meteo Historical Weather API,"Casalecchio di Reno, Bologna, Italy",44.4756,11.2759
2022-02-24T18:00:00+00:00,7.100,3.800,Open-Meteo Historical Weather API,"Casalecchio di Reno, Bologna, Italy",44.4756,11.2759
2022-02-24T19:00:00+00:00,6.800,3.800,Open-Meteo Historical Weather API,"Casalecchio di Reno, Bologna, Italy",44.4756,11.2759
2022-02-24T20:00:00+00:00,7.500,3.300,Open-Meteo Historical Weather API,"Casalecchio di Reno, Bologna, Italy",44.4756,11.2759
2022-02-24T21:00:00+00:00,7.800,3.300,Open-Meteo Historical Weather API,"Casalecchio di Reno, Bologna, Italy",44.4756,11.2759
2022-02-24T22:00:00+00:00,7.500,3.800,Open-Meteo Historical Weather API,"Casalecchio di Reno, Bologna, Italy",44.4756,11.2759
2022-02-24T23:00:00+00:00,6.800,4.600,Open-Meteo Historical Weather API,"Casalecchio di Reno, Bologna, Italy",44.4756,11.2759
2022-02-25T00:00:00+00:00,7.100,4.800,Open-Meteo Historical Weather API,"Casalecchio di Reno, Bologna, Italy",44.4756,11.2759
2022-02-25T01:00:00+00:00,6.800,4.900,Open-Meteo Historical Weather API,"Casalecchio di Reno, Bologna, Italy",44.4756,11.2759
2022-02-25T02:00:00+00:00,6.700,5.100,Open-Meteo Historical Weather API,"Casalecchio di Reno, Bologna, Italy",44.4756,11.2759
2022-02-25T03:00:00+00:00,6.400,4.900,Open-Meteo Historical Weather API,"Casalecchio di Reno, Bologna, Italy",44.4756,11.2759
2022-02-25T04:00:00+00:00,5.900,4.600,Open-Meteo Historical Weather API,"Casalecchio di Reno, Bologna, Italy",44.4756,11.2759
2022-02-25T05:00:00+00:00,5.600,4.400,Open-Meteo Historical Weather API,"Casalecchio di Reno, Bologna, Italy",44.4756,11.2759
2022-02-25T06:00:00+00:00,5.400,4.500,Open-Meteo Historical Weather API,"Casalecchio di Reno, Bologna, Italy",44.4756,11.2759
2022-02-25T07:00:00+00:00,6.700,5.600,Open-Meteo Historical Weather API,"Casalecchio di Reno, Bologna, Italy",44.4756,11.2759
2022-02-25T08:00:00+00:00,9.800,7.100,Open-Meteo Historical Weather API,"Casalecchio di Reno, Bologna, Italy",44.4756,11.2759
2022-02-25T09:00:00+00:00,11.900,7.400,Open-Meteo Historical Weather API,"Casalecchio di Reno, Bologna, Italy",44.4756,11.2759
2022-02-25T10:00:00+00:00,12.900,6.700,Open-Meteo Historical Weather API,"Casalecchio di Reno, Bologna, Italy",44.4756,11.2759
2022-02-25T11:00:00+00:00,13.600,6.700,Open-Meteo Historical Weather API,"Casalecchio di Reno, Bologna, Italy",44.4756,11.2759
2022-02-25T12:00:00+00:00,13.200,5.800,Open-Meteo Historical Weather API,"Casalecchio di Reno, Bologna, Italy",44.4756,11.2759
2022-02-25T13:00:00+00:00,14.300,5.800,Open-Meteo Historical Weather API,"Casalecchio di Reno, Bologna, Italy",44.4756,11.2759
2022-02-25T14:00:00+00:00,14.600,5.000,Open-Meteo Historical Weather API,"Casalecchio di Reno, Bologna, Italy",44.4756,11.2759
2022-02-25T15:00:00+00:00,13.900,5.200,Open-Meteo Historical Weather API,"Casalecchio di Reno, Bologna, Italy",44.4756,11.2759
2022-02-25T16:00:00+00:00,12.500,6.200,Open-Meteo Historical Weather API,"Casalecchio di Reno, Bologna, Italy",44.4756,11.2759
2022-02-25T17:00:00+00:00,9.300,8.100,Open-Meteo Historical Weather API,"Casalecchio di Reno, Bologna, Italy",44.4756,11.2759
2022-02-25T18:00:00+00:00,9.100,8.400,Open-Meteo Historical Weather API,"Casalecchio di Reno, Bologna, Italy",44.4756,11.2759
2022-02-25T19:00:00+00:00,8.200,7.600,Open-Meteo Historical Weather API,"Casalecchio di Reno, Bologna, Italy",44.4756,11.2759
2022-02-25T20:00:00+00:00,6.400,5.200,Open-Meteo Historical Weather API,"Casalecchio di Reno, Bologna, Italy",44.4756,11.2759
2022-02-25T21:00:00+00:00,5.300,3.500,Open-Meteo Historical Weather API,"Casalecchio di Reno, Bologna, Italy",44.4756,11.2759
2022-02-25T22:00:00+00:00,4.700,2.400,Open-Meteo Historical Weather API,"Casalecchio di Reno, Bologna, Italy",44.4756,11.2759
2022-02-25T23:00:00+00:00,4.100,1.200,Open-Meteo Historical Weather API,"Casalecchio di Reno, Bologna, Italy",44.4756,11.2759
2022-02-26T00:00:00+00:00,3.000,2.500,Open-Meteo Historical Weather API,"Casalecchio di Reno, Bologna, Italy",44.4756,11.2759
2022-02-26T01:00:00+00:00,2.700,2.300,Open-Meteo Historical Weather API,"Casalecchio di Reno, Bologna, Italy",44.4756,11.2759
2022-02-26T02:00:00+00:00,3.000,2.000,Open-Meteo Historical Weather API,"Casalecchio di Reno, Bologna, Italy",44.4756,11.2759
2022-02-26T03:00:00+00:00,2.400,1.500,Open-Meteo Historical Weather API,"Casalecchio di Reno, Bologna, Italy",44.4756,11.2759
2022-02-26T04:00:00+00:00,1.700,0.800,Open-Meteo Historical Weather API,"Casalecchio di Reno, Bologna, Italy",44.4756,11.2759
2022-02-26T05:00:00+00:00,1.700,0.500,Open-Meteo Historical Weather API,"Casalecchio di Reno, Bologna, Italy",44.4756,11.2759
2022-02-26T06:00:00+00:00,1.600,0.800,Open-Meteo Historical Weather API,"Casalecchio di Reno, Bologna, Italy",44.4756,11.2759
2022-02-26T07:00:00+00:00,2.100,1.100,Open-Meteo Historical Weather API,"Casalecchio di Reno, Bologna, Italy",44.4756,11.2759
2022-02-26T08:00:00+00:00,3.700,2.200,Open-Meteo Historical Weather API,"Casalecchio di Reno, Bologna, Italy",44.4756,11.2759
2022-02-26T09:00:00+00:00,5.300,2.700,Open-Meteo Historical Weather API,"Casalecchio di Reno, Bologna, Italy",44.4756,11.2759
2022-02-26T10:00:00+00:00,7.200,2.700,Open-Meteo Historical Weather API,"Casalecchio di Reno, Bologna, Italy",44.4756,11.2759
2022-02-26T11:00:00+00:00,8.600,2.800,Open-Meteo Historical Weather API,"Casalecchio di Reno, Bologna, Italy",44.4756,11.2759
2022-02-26T12:00:00+00:00,9.200,-0.800,Open-Meteo Historical Weather API,"Casalecchio di Reno, Bologna, Italy",44.4756,11.2759
2022-02-26T13:00:00+00:00,9.800,-1.300,Open-Meteo Historical Weather API,"Casalecchio di Reno, Bologna, Italy",44.4756,11.2759
2022-02-26T14:00:00+00:00,9.700,-3.600,Open-Meteo Historical Weather API,"Casalecchio di Reno, Bologna, Italy",44.4756,11.2759
2022-02-26T15:00:00+00:00,9.400,-3.000,Open-Meteo Historical Weather API,"Casalecchio di Reno, Bologna, Italy",44.4756,11.2759
2022-02-26T16:00:00+00:00,8.500,-2.000,Open-Meteo Historical Weather API,"Casalecchio di Reno, Bologna, Italy",44.4756,11.2759
2022-02-26T17:00:00+00:00,6.600,-3.000,Open-Meteo Historical Weather API,"Casalecchio di Reno, Bologna, Italy",44.4756,11.2759
2022-02-26T18:00:00+00:00,4.800,-2.800,Open-Meteo Historical Weather API,"Casalecchio di Reno, Bologna, Italy",44.4756,11.2759
2022-02-26T19:00:00+00:00,3.200,-2.300,Open-Meteo Historical Weather API,"Casalecchio di Reno, Bologna, Italy",44.4756,11.2759
2022-02-26T20:00:00+00:00,1.900,-2.200,Open-Meteo Historical Weather API,"Casalecchio di Reno, Bologna, Italy",44.4756,11.2759
2022-02-26T21:00:00+00:00,1.500,-2.200,Open-Meteo Historical Weather API,"Casalecchio di Reno, Bologna, Italy",44.4756,11.2759
2022-02-26T22:00:00+00:00,1.500,-2.100,Open-Meteo Historical Weather API,"Casalecchio di Reno, Bologna, Italy",44.4756,11.2759
2022-02-26T23:00:00+00:00,3.000,-5.900,Open-Meteo Historical Weather API,"Casalecchio di Reno, Bologna, Italy",44.4756,11.2759
2022-02-27T00:00:00+00:00,4.600,-4.800,Open-Meteo Historical Weather API,"Casalecchio di Reno, Bologna, Italy",44.4756,11.2759
2022-02-27T01:00:00+00:00,4.600,-6.300,Open-Meteo Historical Weather API,"Casalecchio di Reno, Bologna, Italy",44.4756,11.2759
2022-02-27T02:00:00+00:00,3.700,-6.200,Open-Meteo Historical Weather API,"Casalecchio di Reno, Bologna, Italy",44.4756,11.2759
2022-02-27T03:00:00+00:00,2.800,-5.700,Open-Meteo Historical Weather API,"Casalecchio di Reno, Bologna, Italy",44.4756,11.2759
2022-02-27T04:00:00+00:00,1.100,-5.100,Open-Meteo Historical Weather API,"Casalecchio di Reno, Bologna, Italy",44.4756,11.2759
2022-02-27T05:00:00+00:00,0.200,-5.200,Open-Meteo Historical Weather API,"Casalecchio di Reno, Bologna, Italy",44.4756,11.2759
2022-02-27T06:00:00+00:00,0.100,-5.100,Open-Meteo Historical Weather API,"Casalecchio di Reno, Bologna, Italy",44.4756,11.2759
2022-02-27T07:00:00+00:00,2.500,-3.800,Open-Meteo Historical Weather API,"Casalecchio di Reno, Bologna, Italy",44.4756,11.2759
2022-02-27T08:00:00+00:00,5.700,-2.800,Open-Meteo Historical Weather API,"Casalecchio di Reno, Bologna, Italy",44.4756,11.2759
2022-02-27T09:00:00+00:00,7.600,-5.000,Open-Meteo Historical Weather API,"Casalecchio di Reno, Bologna, Italy",44.4756,11.2759
2022-02-27T10:00:00+00:00,8.200,-5.200,Open-Meteo Historical Weather API,"Casalecchio di Reno, Bologna, Italy",44.4756,11.2759
2022-02-27T11:00:00+00:00,8.900,-5.600,Open-Meteo Historical Weather API,"Casalecchio di Reno, Bologna, Italy",44.4756,11.2759
2022-02-27T12:00:00+00:00,9.100,-5.400,Open-Meteo Historical Weather API,"Casalecchio di Reno, Bologna, Italy",44.4756,11.2759
2022-02-27T13:00:00+00:00,9.300,-6.100,Open-Meteo Historical Weather API,"Casalecchio di Reno, Bologna, Italy",44.4756,11.2759
2022-02-27T14:00:00+00:00,8.500,-5.200,Open-Meteo Historical Weather API,"Casalecchio di Reno, Bologna, Italy",44.4756,11.2759
2022-02-27T15:00:00+00:00,8.600,-4.400,Open-Meteo Historical Weather API,"Casalecchio di Reno, Bologna, Italy",44.4756,11.2759
2022-02-27T16:00:00+00:00,8.300,-3.700,Open-Meteo Historical Weather API,"Casalecchio di Reno, Bologna, Italy",44.4756,11.2759
2022-02-27T17:00:00+00:00,7.300,-3.600,Open-Meteo Historical Weather API,"Casalecchio di Reno, Bologna, Italy",44.4756,11.2759
2022-02-27T18:00:00+00:00,7.200,-4.000,Open-Meteo Historical Weather API,"Casalecchio di Reno, Bologna, Italy",44.4756,11.2759
2022-02-27T19:00:00+00:00,7.100,-4.600,Open-Meteo Historical Weather API,"Casalecchio di Reno, Bologna, Italy",44.4756,11.2759
2022-02-27T20:00:00+00:00,6.200,-4.000,Open-Meteo Historical Weather API,"Casalecchio di Reno, Bologna, Italy",44.4756,11.2759
2022-02-27T21:00:00+00:00,5.200,-2.300,Open-Meteo Historical Weather API,"Casalecchio di Reno, Bologna, Italy",44.4756,11.2759
2022-02-27T22:00:00+00:00,3.700,-1.500,Open-Meteo Historical Weather API,"Casalecchio di Reno, Bologna, Italy",44.4756,11.2759
2022-02-27T23:00:00+00:00,2.400,-0.900,Open-Meteo Historical Weather API,"Casalecchio di Reno, Bologna, Italy",44.4756,11.2759
2022-02-28T00:00:00+00:00,4.400,-1.000,Open-Meteo Historical Weather API,"Casalecchio di Reno, Bologna, Italy",44.4756,11.2759
2022-02-28T01:00:00+00:00,1.800,-1.100,Open-Meteo Historical Weather API,"Casalecchio di Reno, Bologna, Italy",44.4756,11.2759
2022-02-28T02:00:00+00:00,1.000,-1.400,Open-Meteo Historical Weather API,"Casalecchio di Reno, Bologna, Italy",44.4756,11.2759
2022-02-28T03:00:00+00:00,1.100,-1.600,Open-Meteo Historical Weather API,"Casalecchio di Reno, Bologna, Italy",44.4756,11.2759
2022-02-28T04:00:00+00:00,1.100,-1.700,Open-Meteo Historical Weather API,"Casalecchio di Reno, Bologna, Italy",44.4756,11.2759
2022-02-28T05:00:00+00:00,0.700,-1.800,Open-Meteo Historical Weather API,"Casalecchio di Reno, Bologna, Italy",44.4756,11.2759
2022-02-28T06:00:00+00:00,0.400,-2.000,Open-Meteo Historical Weather API,"Casalecchio di Reno, Bologna, Italy",44.4756,11.2759
2022-02-28T07:00:00+00:00,2.500,-0.900,Open-Meteo Historical Weather API,"Casalecchio di Reno, Bologna, Italy",44.4756,11.2759
2022-02-28T08:00:00+00:00,5.900,0.400,Open-Meteo Historical Weather API,"Casalecchio di Reno, Bologna, Italy",44.4756,11.2759
2022-02-28T09:00:00+00:00,7.700,-0.300,Open-Meteo Historical Weather API,"Casalecchio di Reno, Bologna, Italy",44.4756,11.2759
2022-02-28T10:00:00+00:00,8.500,-0.100,Open-Meteo Historical Weather API,"Casalecchio di Reno, Bologna, Italy",44.4756,11.2759
2022-02-28T11:00:00+00:00,9.200,0.100,Open-Meteo Historical Weather API,"Casalecchio di Reno, Bologna, Italy",44.4756,11.2759
2022-02-28T12:00:00+00:00,9.900,-0.200,Open-Meteo Historical Weather API,"Casalecchio di Reno, Bologna, Italy",44.4756,11.2759
2022-02-28T13:00:00+00:00,10.100,0.100,Open-Meteo Historical Weather API,"Casalecchio di Reno, Bologna, Italy",44.4756,11.2759
2022-02-28T14:00:00+00:00,10.200,0.000,Open-Meteo Historical Weather API,"Casalecchio di Reno, Bologna, Italy",44.4756,11.2759
2022-02-28T15:00:00+00:00,9.900,-0.200,Open-Meteo Historical Weather API,"Casalecchio di Reno, Bologna, Italy",44.4756,11.2759
2022-02-28T16:00:00+00:00,8.700,-0.200,Open-Meteo Historical Weather API,"Casalecchio di Reno, Bologna, Italy",44.4756,11.2759
2022-02-28T17:00:00+00:00,6.300,-1.500,Open-Meteo Historical Weather API,"Casalecchio di Reno, Bologna, Italy",44.4756,11.2759
2022-02-28T18:00:00+00:00,5.300,-0.200,Open-Meteo Historical Weather API,"Casalecchio di Reno, Bologna, Italy",44.4756,11.2759
2022-02-28T19:00:00+00:00,4.700,-0.800,Open-Meteo Historical Weather API,"Casalecchio di Reno, Bologna, Italy",44.4756,11.2759
2022-02-28T20:00:00+00:00,4.200,-2.500,Open-Meteo Historical Weather API,"Casalecchio di Reno, Bologna, Italy",44.4756,11.2759
2022-02-28T21:00:00+00:00,4.200,-3.200,Open-Meteo Historical Weather API,"Casalecchio di Reno, Bologna, Italy",44.4756,11.2759
2022-02-28T22:00:00+00:00,4.600,-4.600,Open-Meteo Historical Weather API,"Casalecchio di Reno, Bologna, Italy",44.4756,11.2759
2022-02-28T23:00:00+00:00,4.400,-5.800,Open-Meteo Historical Weather API,"Casalecchio di Reno, Bologna, Italy",44.4756,11.2759
2022-03-01T00:00:00+00:00,4.700,-4.700,Open-Meteo Historical Weather API,"Casalecchio di Reno, Bologna, Italy",44.4756,11.2759
2022-03-01T01:00:00+00:00,4.200,-4.800,Open-Meteo Historical Weather API,"Casalecchio di Reno, Bologna, Italy",44.4756,11.2759
2022-03-01T02:00:00+00:00,3.900,-6.100,Open-Meteo Historical Weather API,"Casalecchio di Reno, Bologna, Italy",44.4756,11.2759
2022-03-01T03:00:00+00:00,0.400,-5.200,Open-Meteo Historical Weather API,"Casalecchio di Reno, Bologna, Italy",44.4756,11.2759
2022-03-01T04:00:00+00:00,-0.400,-5.800,Open-Meteo Historical Weather API,"Casalecchio di Reno, Bologna, Italy",44.4756,11.2759
2022-03-01T05:00:00+00:00,0.000,-6.100,Open-Meteo Historical Weather API,"Casalecchio di Reno, Bologna, Italy",44.4756,11.2759
2022-03-01T06:00:00+00:00,-1.000,-5.900,Open-Meteo Historical Weather API,"Casalecchio di Reno, Bologna, Italy",44.4756,11.2759
2022-03-01T07:00:00+00:00,0.600,-4.400,Open-Meteo Historical Weather API,"Casalecchio di Reno, Bologna, Italy",44.4756,11.2759
2022-03-01T08:00:00+00:00,2.800,-3.700,Open-Meteo Historical Weather API,"Casalecchio di Reno, Bologna, Italy",44.4756,11.2759
2022-03-01T09:00:00+00:00,4.500,-3.700,Open-Meteo Historical Weather API,"Casalecchio di Reno, Bologna, Italy",44.4756,11.2759
2022-03-01T10:00:00+00:00,6.000,-3.400,Open-Meteo Historical Weather API,"Casalecchio di Reno, Bologna, Italy",44.4756,11.2759
2022-03-01T11:00:00+00:00,7.100,-3.200,Open-Meteo Historical Weather API,"Casalecchio di Reno, Bologna, Italy",44.4756,11.2759
2022-03-01T12:00:00+00:00,7.800,-3.800,Open-Meteo Historical Weather API,"Casalecchio di Reno, Bologna, Italy",44.4756,11.2759
2022-03-01T13:00:00+00:00,8.200,-3.800,Open-Meteo Historical Weather API,"Casalecchio di Reno, Bologna, Italy",44.4756,11.2759
2022-03-01T14:00:00+00:00,8.200,-4.100,Open-Meteo Historical Weather API,"Casalecchio di Reno, Bologna, Italy",44.4756,11.2759
2022-03-01T15:00:00+00:00,8.100,-4.400,Open-Meteo Historical Weather API,"Casalecchio di Reno, Bologna, Italy",44.4756,11.2759
2022-03-01T16:00:00+00:00,7.300,-1.500,Open-Meteo Historical Weather API,"Casalecchio di Reno, Bologna, Italy",44.4756,11.2759
2022-03-01T17:00:00+00:00,6.200,-4.300,Open-Meteo Historical Weather API,"Casalecchio di Reno, Bologna, Italy",44.4756,11.2759
2022-03-01T18:00:00+00:00,6.300,-5.700,Open-Meteo Historical Weather API,"Casalecchio di Reno, Bologna, Italy",44.4756,11.2759
2022-03-01T19:00:00+00:00,2.800,-4.700,Open-Meteo Historical Weather API,"Casalecchio di Reno, Bologna, Italy",44.4756,11.2759
2022-03-01T20:00:00+00:00,2.000,-5.200,Open-Meteo Historical Weather API,"Casalecchio di Reno, Bologna, Italy",44.4756,11.2759
2022-03-01T21:00:00+00:00,1.400,-5.100,Open-Meteo Historical Weather API,"Casalecchio di Reno, Bologna, Italy",44.4756,11.2759
2022-03-01T22:00:00+00:00,1.100,-5.300,Open-Meteo Historical Weather API,"Casalecchio di Reno, Bologna, Italy",44.4756,11.2759
2022-03-01T23:00:00+00:00,0.900,-5.400,Open-Meteo Historical Weather API,"Casalecchio di Reno, Bologna, Italy",44.4756,11.2759
2022-03-02T00:00:00+00:00,1.100,-6.300,Open-Meteo Historical Weather API,"Casalecchio di Reno, Bologna, Italy",44.4756,11.2759
2022-03-02T01:00:00+00:00,1.000,-6.200,Open-Meteo Historical Weather API,"Casalecchio di Reno, Bologna, Italy",44.4756,11.2759
2022-03-02T02:00:00+00:00,0.600,-6.200,Open-Meteo Historical Weather API,"Casalecchio di Reno, Bologna, Italy",44.4756,11.2759
2022-03-02T03:00:00+00:00,0.200,-6.400,Open-Meteo Historical Weather API,"Casalecchio di Reno, Bologna, Italy",44.4756,11.2759
2022-03-02T04:00:00+00:00,-0.400,-6.600,Open-Meteo Historical Weather API,"Casalecchio di Reno, Bologna, Italy",44.4756,11.2759
2022-03-02T05:00:00+00:00,-1.200,-6.700,Open-Meteo Historical Weather API,"Casalecchio di Reno, Bologna, Italy",44.4756,11.2759
2022-03-02T06:00:00+00:00,-2.300,-6.700,Open-Meteo Historical Weather API,"Casalecchio di Reno, Bologna, Italy",44.4756,11.2759
2022-03-02T07:00:00+00:00,0.300,-4.800,Open-Meteo Historical Weather API,"Casalecchio di Reno, Bologna, Italy",44.4756,11.2759
2022-03-02T08:00:00+00:00,5.100,-2.500,Open-Meteo Historical Weather API,"Casalecchio di Reno, Bologna, Italy",44.4756,11.2759
2022-03-02T09:00:00+00:00,7.600,-3.600,Open-Meteo Historical Weather API,"Casalecchio di Reno, Bologna, Italy",44.4756,11.2759
2022-03-02T10:00:00+00:00,9.000,-4.400,Open-Meteo Historical Weather API,"Casalecchio di Reno, Bologna, Italy",44.4756,11.2759
2022-03-02T11:00:00+00:00,9.900,-4.300,Open-Meteo Historical Weather API,"Casalecchio di Reno, Bologna, Italy",44.4756,11.2759
2022-03-02T12:00:00+00:00,10.500,-4.600,Open-Meteo Historical Weather API,"Casalecchio di Reno, Bologna, Italy",44.4756,11.2759
2022-03-02T13:00:00+00:00,10.900,-3.300,Open-Meteo Historical Weather API,"Casalecchio di Reno, Bologna, Italy",44.4756,11.2759
2022-03-02T14:00:00+00:00,11.100,-2.600,Open-Meteo Historical Weather API,"Casalecchio di Reno, Bologna, Italy",44.4756,11.2759
2022-03-02T15:00:00+00:00,10.900,-2.000,Open-Meteo Historical Weather API,"Casalecchio di Reno, Bologna, Italy",44.4756,11.2759
2022-03-02T16:00:00+00:00,9.500,0.600,Open-Meteo Historical Weather API,"Casalecchio di Reno, Bologna, Italy",44.4756,11.2759
2022-03-02T17:00:00+00:00,5.600,-0.500,Open-Meteo Historical Weather API,"Casalecchio di Reno, Bologna, Italy",44.4756,11.2759
2022-03-02T18:00:00+00:00,4.900,-1.500,Open-Meteo Historical Weather API,"Casalecchio di Reno, Bologna, Italy",44.4756,11.2759
2022-03-02T19:00:00+00:00,3.800,-1.100,Open-Meteo Historical Weather API,"Casalecchio di Reno, Bologna, Italy",44.4756,11.2759
2022-03-02T20:00:00+00:00,4.000,-0.500,Open-Meteo Historical Weather API,"Casalecchio di Reno, Bologna, Italy",44.4756,11.2759
2022-03-02T21:00:00+00:00,4.900,-0.600,Open-Meteo Historical Weather API,"Casalecchio di Reno, Bologna, Italy",44.4756,11.2759
2022-03-02T22:00:00+00:00,4.300,-0.800,Open-Meteo Historical Weather API,"Casalecchio di Reno, Bologna, Italy",44.4756,11.2759
2022-03-02T23:00:00+00:00,4.500,-0.800,Open-Meteo Historical Weather API,"Casalecchio di Reno, Bologna, Italy",44.4756,11.2759
2022-03-03T00:00:00+00:00,4.100,-1.500,Open-Meteo Historical Weather API,"Casalecchio di Reno, Bologna, Italy",44.4756,11.2759
2022-03-03T01:00:00+00:00,4.900,-1.500,Open-Meteo Historical Weather API,"Casalecchio di Reno, Bologna, Italy",44.4756,11.2759
2022-03-03T02:00:00+00:00,4.700,-0.900,Open-Meteo Historical Weather API,"Casalecchio di Reno, Bologna, Italy",44.4756,11.2759
2022-03-03T03:00:00+00:00,4.200,-0.700,Open-Meteo Historical Weather API,"Casalecchio di Reno, Bologna, Italy",44.4756,11.2759
2022-03-03T04:00:00+00:00,3.500,-0.400,Open-Meteo Historical Weather API,"Casalecchio di Reno, Bologna, Italy",44.4756,11.2759
2022-03-03T05:00:00+00:00,2.700,-0.100,Open-Meteo Historical Weather API,"Casalecchio di Reno, Bologna, Italy",44.4756,11.2759
2022-03-03T06:00:00+00:00,2.500,0.000,Open-Meteo Historical Weather API,"Casalecchio di Reno, Bologna, Italy",44.4756,11.2759
2022-03-03T07:00:00+00:00,3.800,0.800,Open-Meteo Historical Weather API,"Casalecchio di Reno, Bologna, Italy",44.4756,11.2759
2022-03-03T08:00:00+00:00,7.500,0.900,Open-Meteo Historical Weather API,"Casalecchio di Reno, Bologna, Italy",44.4756,11.2759
2022-03-03T09:00:00+00:00,9.200,0.100,Open-Meteo Historical Weather API,"Casalecchio di Reno, Bologna, Italy",44.4756,11.2759
2022-03-03T10:00:00+00:00,10.300,-1.300,Open-Meteo Historical Weather API,"Casalecchio di Reno, Bologna, Italy",44.4756,11.2759
2022-03-03T11:00:00+00:00,11.100,-1.300,Open-Meteo Historical Weather API,"Casalecchio di Reno, Bologna, Italy",44.4756,11.2759
2022-03-03T12:00:00+00:00,11.700,-2.300,Open-Meteo Historical Weather API,"Casalecchio di Reno, Bologna, Italy",44.4756,11.2759
2022-03-03T13:00:00+00:00,12.200,-1.600,Open-Meteo Historical Weather API,"Casalecchio di Reno, Bologna, Italy",44.4756,11.2759
2022-03-03T14:00:00+00:00,12.200,-1.400,Open-Meteo Historical Weather API,"Casalecchio di Reno, Bologna, Italy",44.4756,11.2759
2022-03-03T15:00:00+00:00,11.900,-1.300,Open-Meteo Historical Weather API,"Casalecchio di Reno, Bologna, Italy",44.4756,11.2759
2022-03-03T16:00:00+00:00,10.900,2.700,Open-Meteo Historical Weather API,"Casalecchio di Reno, Bologna, Italy",44.4756,11.2759
2022-03-03T17:00:00+00:00,7.000,0.300,Open-Meteo Historical Weather API,"Casalecchio di Reno, Bologna, Italy",44.4756,11.2759
2022-03-03T18:00:00+00:00,6.300,-0.100,Open-Meteo Historical Weather API,"Casalecchio di Reno, Bologna, Italy",44.4756,11.2759
2022-03-03T19:00:00+00:00,5.100,0.600,Open-Meteo Historical Weather API,"Casalecchio di Reno, Bologna, Italy",44.4756,11.2759
2022-03-03T20:00:00+00:00,6.200,2.700,Open-Meteo Historical Weather API,"Casalecchio di Reno, Bologna, Italy",44.4756,11.2759
2022-03-03T21:00:00+00:00,5.900,4.200,Open-Meteo Historical Weather API,"Casalecchio di Reno, Bologna, Italy",44.4756,11.2759
2022-03-03T22:00:00+00:00,5.700,4.300,Open-Meteo Historical Weather API,"Casalecchio di Reno, Bologna, Italy",44.4756,11.2759
2022-03-03T23:00:00+00:00,5.600,4.200,Open-Meteo Historical Weather API,"Casalecchio di Reno, Bologna, Italy",44.4756,11.2759
2022-03-04T00:00:00+00:00,5.600,4.200,Open-Meteo Historical Weather API,"Casalecchio di Reno, Bologna, Italy",44.4756,11.2759
2022-03-04T01:00:00+00:00,5.500,4.200,Open-Meteo Historical Weather API,"Casalecchio di Reno, Bologna, Italy",44.4756,11.2759
2022-03-04T02:00:00+00:00,5.200,3.800,Open-Meteo Historical Weather API,"Casalecchio di Reno, Bologna, Italy",44.4756,11.2759
2022-03-04T03:00:00+00:00,4.900,3.600,Open-Meteo Historical Weather API,"Casalecchio di Reno, Bologna, Italy",44.4756,11.2759
2022-03-04T04:00:00+00:00,4.400,3.700,Open-Meteo Historical Weather API,"Casalecchio di Reno, Bologna, Italy",44.4756,11.2759
2022-03-04T05:00:00+00:00,3.800,3.200,Open-Meteo Historical Weather API,"Casalecchio di Reno, Bologna, Italy",44.4756,11.2759
2022-03-04T06:00:00+00:00,3.800,2.800,Open-Meteo Historical Weather API,"Casalecchio di Reno, Bologna, Italy",44.4756,11.2759
2022-03-04T07:00:00+00:00,4.700,3.600,Open-Meteo Historical Weather API,"Casalecchio di Reno, Bologna, Italy",44.4756,11.2759
2022-03-04T08:00:00+00:00,6.300,3.800,Open-Meteo Historical Weather API,"Casalecchio di Reno, Bologna, Italy",44.4756,11.2759
2022-03-04T09:00:00+00:00,7.400,4.000,Open-Meteo Historical Weather API,"Casalecchio di Reno, Bologna, Italy",44.4756,11.2759
2022-03-04T10:00:00+00:00,8.600,4.300,Open-Meteo Historical Weather API,"Casalecchio di Reno, Bologna, Italy",44.4756,11.2759
2022-03-04T11:00:00+00:00,9.400,3.200,Open-Meteo Historical Weather API,"Casalecchio di Reno, Bologna, Italy",44.4756,11.2759
2022-03-04T12:00:00+00:00,10.700,0.700,Open-Meteo Historical Weather API,"Casalecchio di Reno, Bologna, Italy",44.4756,11.2759
2022-03-04T13:00:00+00:00,10.900,0.400,Open-Meteo Historical Weather API,"Casalecchio di Reno, Bologna, Italy",44.4756,11.2759
2022-03-04T14:00:00+00:00,10.800,-0.800,Open-Meteo Historical Weather API,"Casalecchio di Reno, Bologna, Italy",44.4756,11.2759
2022-03-04T15:00:00+00:00,10.400,-2.700,Open-Meteo Historical Weather API,"Casalecchio di Reno, Bologna, Italy",44.4756,11.2759
2022-03-04T16:00:00+00:00,9.400,-1.900,Open-Meteo Historical Weather API,"Casalecchio di Reno, Bologna, Italy",44.4756,11.2759
2022-03-04T17:00:00+00:00,6.500,-1.000,Open-Meteo Historical Weather API,"Casalecchio di Reno, Bologna, Italy",44.4756,11.2759
2022-03-04T18:00:00+00:00,4.800,-0.300,Open-Meteo Historical Weather API,"Casalecchio di Reno, Bologna, Italy",44.4756,11.2759
2022-03-04T19:00:00+00:00,3.500,0.600,Open-Meteo Historical Weather API,"Casalecchio di Reno, Bologna, Italy",44.4756,11.2759
2022-03-04T20:00:00+00:00,2.700,0.900,Open-Meteo Historical Weather API,"Casalecchio di Reno, Bologna, Italy",44.4756,11.2759
2022-03-04T21:00:00+00:00,1.900,0.500,Open-Meteo Historical Weather API,"Casalecchio di Reno, Bologna, Italy",44.4756,11.2759
2022-03-04T22:00:00+00:00,3.900,1.000,Open-Meteo Historical Weather API,"Casalecchio di Reno, Bologna, Italy",44.4756,11.2759
2022-03-04T23:00:00+00:00,3.500,1.000,Open-Meteo Historical Weather API,"Casalecchio di Reno, Bologna, Italy",44.4756,11.2759
2022-03-05T00:00:00+00:00,2.100,-0.100,Open-Meteo Historical Weather API,"Casalecchio di Reno, Bologna, Italy",44.4756,11.2759
2022-03-05T01:00:00+00:00,1.400,-0.200,Open-Meteo Historical Weather API,"Casalecchio di Reno, Bologna, Italy",44.4756,11.2759
2022-03-05T02:00:00+00:00,1.100,-0.900,Open-Meteo Historical Weather API,"Casalecchio di Reno, Bologna, Italy",44.4756,11.2759
2022-03-05T03:00:00+00:00,-0.600,-2.500,Open-Meteo Historical Weather API,"Casalecchio di Reno, Bologna, Italy",44.4756,11.2759
2022-03-05T04:00:00+00:00,2.200,-1.700,Open-Meteo Historical Weather API,"Casalecchio di Reno, Bologna, Italy",44.4756,11.2759
2022-03-05T05:00:00+00:00,2.100,-1.800,Open-Meteo Historical Weather API,"Casalecchio di Reno, Bologna, Italy",44.4756,11.2759
2022-03-05T06:00:00+00:00,-0.500,-3.000,Open-Meteo Historical Weather API,"Casalecchio di Reno, Bologna, Italy",44.4756,11.2759
2022-03-05T07:00:00+00:00,1.500,-1.100,Open-Meteo Historical Weather API,"Casalecchio di Reno, Bologna, Italy",44.4756,11.2759
2022-03-05T08:00:00+00:00,3.500,-0.600,Open-Meteo Historical Weather API,"Casalecchio di Reno, Bologna, Italy",44.4756,11.2759
2022-03-05T09:00:00+00:00,5.600,-0.400,Open-Meteo Historical Weather API,"Casalecchio di Reno, Bologna, Italy",44.4756,11.2759
2022-03-05T10:00:00+00:00,7.200,-1.900,Open-Meteo Historical Weather API,"Casalecchio di Reno, Bologna, Italy",44.4756,11.2759
2022-03-05T11:00:00+00:00,7.800,-3.200,Open-Meteo Historical Weather API,"Casalecchio di Reno, Bologna, Italy",44.4756,11.2759
2022-03-05T12:00:00+00:00,8.600,-3.800,Open-Meteo Historical Weather API,"Casalecchio di Reno, Bologna, Italy",44.4756,11.2759
2022-03-05T13:00:00+00:00,8.300,-4.700,Open-Meteo Historical Weather API,"Casalecchio di Reno, Bologna, Italy",44.4756,11.2759
2022-03-05T14:00:00+00:00,8.300,-4.900,Open-Meteo Historical Weather API,"Casalecchio di Reno, Bologna, Italy",44.4756,11.2759
2022-03-05T15:00:00+00:00,7.400,-4.900,Open-Meteo Historical Weather API,"Casalecchio di Reno, Bologna, Italy",44.4756,11.2759
2022-03-05T16:00:00+00:00,6.500,-5.200,Open-Meteo Historical Weather API,"Casalecchio di Reno, Bologna, Italy",44.4756,11.2759
2022-03-05T17:00:00+00:00,4.800,-4.900,Open-Meteo Historical Weather API,"Casalecchio di Reno, Bologna, Italy",44.4756,11.2759
2022-03-05T18:00:00+00:00,3.600,-4.900,Open-Meteo Historical Weather API,"Casalecchio di Reno, Bologna, Italy",44.4756,11.2759
2022-03-05T19:00:00+00:00,1.000,-3.800,Open-Meteo Historical Weather API,"Casalecchio di Reno, Bologna, Italy",44.4756,11.2759
2022-03-05T20:00:00+00:00,0.800,-4.400,Open-Meteo Historical Weather API,"Casalecchio di Reno, Bologna, Italy",44.4756,11.2759
2022-03-05T21:00:00+00:00,0.900,-4.400,Open-Meteo Historical Weather API,"Casalecchio di Reno, Bologna, Italy",44.4756,11.2759
2022-03-05T22:00:00+00:00,0.200,-4.300,Open-Meteo Historical Weather API,"Casalecchio di Reno, Bologna, Italy",44.4756,11.2759
2022-03-05T23:00:00+00:00,-0.300,-4.300,Open-Meteo Historical Weather API,"Casalecchio di Reno, Bologna, Italy",44.4756,11.2759
2022-03-06T00:00:00+00:00,-0.200,-3.700,Open-Meteo Historical Weather API,"Casalecchio di Reno, Bologna, Italy",44.4756,11.2759
2022-03-06T01:00:00+00:00,-0.900,-4.000,Open-Meteo Historical Weather API,"Casalecchio di Reno, Bologna, Italy",44.4756,11.2759
2022-03-06T02:00:00+00:00,-0.600,-4.000,Open-Meteo Historical Weather API,"Casalecchio di Reno, Bologna, Italy",44.4756,11.2759
2022-03-06T03:00:00+00:00,-0.400,-3.700,Open-Meteo Historical Weather API,"Casalecchio di Reno, Bologna, Italy",44.4756,11.2759
2022-03-06T04:00:00+00:00,-0.900,-3.500,Open-Meteo Historical Weather API,"Casalecchio di Reno, Bologna, Italy",44.4756,11.2759
2022-03-06T05:00:00+00:00,-1.400,-3.700,Open-Meteo Historical Weather API,"Casalecchio di Reno, Bologna, Italy",44.4756,11.2759
2022-03-06T06:00:00+00:00,-1.500,-3.900,Open-Meteo Historical Weather API,"Casalecchio di Reno, Bologna, Italy",44.4756,11.2759
2022-03-06T07:00:00+00:00,0.400,-2.800,Open-Meteo Historical Weather API,"Casalecchio di Reno, Bologna, Italy",44.4756,11.2759
2022-03-06T08:00:00+00:00,2.600,-2.700,Open-Meteo Historical Weather API,"Casalecchio di Reno, Bologna, Italy",44.4756,11.2759
2022-03-06T09:00:00+00:00,4.400,-2.000,Open-Meteo Historical Weather API,"Casalecchio di Reno, Bologna, Italy",44.4756,11.2759
2022-03-06T10:00:00+00:00,5.800,-1.400,Open-Meteo Historical Weather API,"Casalecchio di Reno, Bologna, Italy",44.4756,11.2759
2022-03-06T11:00:00+00:00,7.200,-2.500,Open-Meteo Historical Weather API,"Casalecchio di Reno, Bologna, Italy",44.4756,11.2759
2022-03-06T12:00:00+00:00,6.600,-1.000,Open-Meteo Historical Weather API,"Casalecchio di Reno, Bologna, Italy",44.4756,11.2759
2022-03-06T13:00:00+00:00,7.300,-2.200,Open-Meteo Historical Weather API,"Casalecchio di Reno, Bologna, Italy",44.4756,11.2759
2022-03-06T14:00:00+00:00,7.800,-3.600,Open-Meteo Historical Weather API,"Casalecchio di Reno, Bologna, Italy",44.4756,11.2759
2022-03-06T15:00:00+00:00,7.300,-4.700,Open-Meteo Historical Weather API,"Casalecchio di Reno, Bologna, Italy",44.4756,11.2759
2022-03-06T16:00:00+00:00,6.700,-5.100,Open-Meteo Historical Weather API,"Casalecchio di Reno, Bologna, Italy",44.4756,11.2759
2022-03-06T17:00:00+00:00,3.100,-3.200,Open-Meteo Historical Weather API,"Casalecchio di Reno, Bologna, Italy",44.4756,11.2759
2022-03-06T18:00:00+00:00,5.200,-5.600,Open-Meteo Historical Weather API,"Casalecchio di Reno, Bologna, Italy",44.4756,11.2759
2022-03-06T19:00:00+00:00,4.800,-5.800,Open-Meteo Historical Weather API,"Casalecchio di Reno, Bologna, Italy",44.4756,11.2759
2022-03-06T20:00:00+00:00,4.600,-6.100,Open-Meteo Historical Weather API,"Casalecchio di Reno, Bologna, Italy",44.4756,11.2759
2022-03-06T21:00:00+00:00,1.800,-5.400,Open-Meteo Historical Weather API,"Casalecchio di Reno, Bologna, Italy",44.4756,11.2759
2022-03-06T22:00:00+00:00,0.200,-5.200,Open-Meteo Historical Weather API,"Casalecchio di Reno, Bologna, Italy",44.4756,11.2759
2022-03-06T23:00:00+00:00,-0.900,-4.500,Open-Meteo Historical Weather API,"Casalecchio di Reno, Bologna, Italy",44.4756,11.2759
2022-03-07T00:00:00+00:00,-0.100,-5.300,Open-Meteo Historical Weather API,"Casalecchio di Reno, Bologna, Italy",44.4756,11.2759
2022-03-07T01:00:00+00:00,-0.100,-5.200,Open-Meteo Historical Weather API,"Casalecchio di Reno, Bologna, Italy",44.4756,11.2759
2022-03-07T02:00:00+00:00,-0.700,-4.900,Open-Meteo Historical Weather API,"Casalecchio di Reno, Bologna, Italy",44.4756,11.2759
2022-03-07T03:00:00+00:00,-0.900,-4.700,Open-Meteo Historical Weather API,"Casalecchio di Reno, Bologna, Italy",44.4756,11.2759
2022-03-07T04:00:00+00:00,-1.000,-4.600,Open-Meteo Historical Weather API,"Casalecchio di Reno, Bologna, Italy",44.4756,11.2759
2022-03-07T05:00:00+00:00,-1.200,-4.500,Open-Meteo Historical Weather API,"Casalecchio di Reno, Bologna, Italy",44.4756,11.2759
2022-03-07T06:00:00+00:00,-1.300,-4.300,Open-Meteo Historical Weather API,"Casalecchio di Reno, Bologna, Italy",44.4756,11.2759
2022-03-07T07:00:00+00:00,1.200,-2.800,Open-Meteo Historical Weather API,"Casalecchio di Reno, Bologna, Italy",44.4756,11.2759
2022-03-07T08:00:00+00:00,3.800,-1.600,Open-Meteo Historical Weather API,"Casalecchio di Reno, Bologna, Italy",44.4756,11.2759
2022-03-07T09:00:00+00:00,5.300,-0.900,Open-Meteo Historical Weather API,"Casalecchio di Reno, Bologna, Italy",44.4756,11.2759
2022-03-07T10:00:00+00:00,6.700,-0.200,Open-Meteo Historical Weather API,"Casalecchio di Reno, Bologna, Italy",44.4756,11.2759
2022-03-07T11:00:00+00:00,7.600,-1.000,Open-Meteo Historical Weather API,"Casalecchio di Reno, Bologna, Italy",44.4756,11.2759
2022-03-07T12:00:00+00:00,8.400,-2.200,Open-Meteo Historical Weather API,"Casalecchio di Reno, Bologna, Italy",44.4756,11.2759
2022-03-07T13:00:00+00:00,8.400,-2.800,Open-Meteo Historical Weather API,"Casalecchio di Reno, Bologna, Italy",44.4756,11.2759
2022-03-07T14:00:00+00:00,8.800,-3.000,Open-Meteo Historical Weather API,"Casalecchio di Reno, Bologna, Italy",44.4756,11.2759
2022-03-07T15:00:00+00:00,8.800,-3.200,Open-Meteo Historical Weather API,"Casalecchio di Reno, Bologna, Italy",44.4756,11.2759
2022-03-07T16:00:00+00:00,8.100,-2.400,Open-Meteo Historical Weather API,"Casalecchio di Reno, Bologna, Italy",44.4756,11.2759
2022-03-07T17:00:00+00:00,4.200,-1.800,Open-Meteo Historical Weather API,"Casalecchio di Reno, Bologna, Italy",44.4756,11.2759
2022-03-07T18:00:00+00:00,3.500,-2.800,Open-Meteo Historical Weather API,"Casalecchio di Reno, Bologna, Italy",44.4756,11.2759
2022-03-07T19:00:00+00:00,1.800,-3.100,Open-Meteo Historical Weather API,"Casalecchio di Reno, Bologna, Italy",44.4756,11.2759
2022-03-07T20:00:00+00:00,0.200,-3.300,Open-Meteo Historical Weather API,"Casalecchio di Reno, Bologna, Italy",44.4756,11.2759
2022-03-07T21:00:00+00:00,-0.400,-3.500,Open-Meteo Historical Weather API,"Casalecchio di Reno, Bologna, Italy",44.4756,11.2759
2022-03-07T22:00:00+00:00,0.900,-3.900,Open-Meteo Historical Weather API,"Casalecchio di Reno, Bologna, Italy",44.4756,11.2759
2022-03-07T23:00:00+00:00,0.600,-4.100,Open-Meteo Historical Weather API,"Casalecchio di Reno, Bologna, Italy",44.4756,11.2759
2022-03-08T00:00:00+00:00,0.900,-5.400,Open-Meteo Historical Weather API,"Casalecchio di Reno, Bologna, Italy",44.4756,11.2759
2022-03-08T01:00:00+00:00,-0.100,-6.300,Open-Meteo Historical Weather API,"Casalecchio di Reno, Bologna, Italy",44.4756,11.2759
2022-03-08T02:00:00+00:00,0.200,-5.200,Open-Meteo Historical Weather API,"Casalecchio di Reno, Bologna, Italy",44.4756,11.2759
2022-03-08T03:00:00+00:00,-0.400,-3.800,Open-Meteo Historical Weather API,"Casalecchio di Reno, Bologna, Italy",44.4756,11.2759
2022-03-08T04:00:00+00:00,0.200,-3.800,Open-Meteo Historical Weather API,"Casalecchio di Reno, Bologna, Italy",44.4756,11.2759
2022-03-08T05:00:00+00:00,0.500,-3.500,Open-Meteo Historical Weather API,"Casalecchio di Reno, Bologna, Italy",44.4756,11.2759
2022-03-08T06:00:00+00:00,-0.300,-4.700,Open-Meteo Historical Weather API,"Casalecchio di Reno, Bologna, Italy",44.4756,11.2759
2022-03-08T07:00:00+00:00,2.100,-3.300,Open-Meteo Historical Weather API,"Casalecchio di Reno, Bologna, Italy",44.4756,11.2759
2022-03-08T08:00:00+00:00,4.200,-2.700,Open-Meteo Historical Weather API,"Casalecchio di Reno, Bologna, Italy",44.4756,11.2759
2022-03-08T09:00:00+00:00,5.500,-3.000,Open-Meteo Historical Weather API,"Casalecchio di Reno, Bologna, Italy",44.4756,11.2759
2022-03-08T10:00:00+00:00,6.600,-3.800,Open-Meteo Historical Weather API,"Casalecchio di Reno, Bologna, Italy",44.4756,11.2759
2022-03-08T11:00:00+00:00,7.700,-4.400,Open-Meteo Historical Weather API,"Casalecchio di Reno, Bologna, Italy",44.4756,11.2759
2022-03-08T12:00:00+00:00,7.800,-4.500,Open-Meteo Historical Weather API,"Casalecchio di Reno, Bologna, Italy",44.4756,11.2759
2022-03-08T13:00:00+00:00,8.100,-5.300,Open-Meteo Historical Weather API,"Casalecchio di Reno, Bologna, Italy",44.4756,11.2759
2022-03-08T14:00:00+00:00,8.100,-5.400,Open-Meteo Historical Weather API,"Casalecchio di Reno, Bologna, Italy",44.4756,11.2759
2022-03-08T15:00:00+00:00,7.700,-5.400,Open-Meteo Historical Weather API,"Casalecchio di Reno, Bologna, Italy",44.4756,11.2759
2022-03-08T16:00:00+00:00,6.800,-4.200,Open-Meteo Historical Weather API,"Casalecchio di Reno, Bologna, Italy",44.4756,11.2759
2022-03-08T17:00:00+00:00,6.200,-5.700,Open-Meteo Historical Weather API,"Casalecchio di Reno, Bologna, Italy",44.4756,11.2759
2022-03-08T18:00:00+00:00,5.500,-6.300,Open-Meteo Historical Weather API,"Casalecchio di Reno, Bologna, Italy",44.4756,11.2759
2022-03-08T19:00:00+00:00,5.300,-7.000,Open-Meteo Historical Weather API,"Casalecchio di Reno, Bologna, Italy",44.4756,11.2759
2022-03-08T20:00:00+00:00,1.000,-6.800,Open-Meteo Historical Weather API,"Casalecchio di Reno, Bologna, Italy",44.4756,11.2759
2022-03-08T21:00:00+00:00,-0.800,-7.000,Open-Meteo Historical Weather API,"Casalecchio di Reno, Bologna, Italy",44.4756,11.2759
2022-03-08T22:00:00+00:00,0.200,-7.400,Open-Meteo Historical Weather API,"Casalecchio di Reno, Bologna, Italy",44.4756,11.2759
2022-03-08T23:00:00+00:00,0.200,-6.900,Open-Meteo Historical Weather API,"Casalecchio di Reno, Bologna, Italy",44.4756,11.2759
2022-03-09T00:00:00+00:00,-0.200,-7.200,Open-Meteo Historical Weather API,"Casalecchio di Reno, Bologna, Italy",44.4756,11.2759
2022-03-09T01:00:00+00:00,-0.200,-6.900,Open-Meteo Historical Weather API,"Casalecchio di Reno, Bologna, Italy",44.4756,11.2759
2022-03-09T02:00:00+00:00,-0.400,-6.900,Open-Meteo Historical Weather API,"Casalecchio di Reno, Bologna, Italy",44.4756,11.2759
2022-03-09T03:00:00+00:00,-0.600,-6.800,Open-Meteo Historical Weather API,"Casalecchio di Reno, Bologna, Italy",44.4756,11.2759
2022-03-09T04:00:00+00:00,-0.900,-6.500,Open-Meteo Historical Weather API,"Casalecchio di Reno, Bologna, Italy",44.4756,11.2759
2022-03-09T05:00:00+00:00,-1.000,-6.300,Open-Meteo Historical Weather API,"Casalecchio di Reno, Bologna, Italy",44.4756,11.2759
2022-03-09T06:00:00+00:00,-0.900,-5.900,Open-Meteo Historical Weather API,"Casalecchio di Reno, Bologna, Italy",44.4756,11.2759
2022-03-09T07:00:00+00:00,2.000,-3.700,Open-Meteo Historical Weather API,"Casalecchio di Reno, Bologna, Italy",44.4756,11.2759
2022-03-09T08:00:00+00:00,5.400,-2.500,Open-Meteo Historical Weather API,"Casalecchio di Reno, Bologna, Italy",44.4756,11.2759
2022-03-09T09:00:00+00:00,7.200,-2.200,Open-Meteo Historical Weather API,"Casalecchio di Reno, Bologna, Italy",44.4756,11.2759
2022-03-09T10:00:00+00:00,8.400,-2.500,Open-Meteo Historical Weather API,"Casalecchio di Reno, Bologna, Italy",44.4756,11.2759
2022-03-09T11:00:00+00:00,9.600,-2.900,Open-Meteo Historical Weather API,"Casalecchio di Reno, Bologna, Italy",44.4756,11.2759
2022-03-09T12:00:00+00:00,9.800,-3.200,Open-Meteo Historical Weather API,"Casalecchio di Reno, Bologna, Italy",44.4756,11.2759
2022-03-09T13:00:00+00:00,10.600,-3.200,Open-Meteo Historical Weather API,"Casalecchio di Reno, Bologna, Italy",44.4756,11.2759
2022-03-09T14:00:00+00:00,11.000,-3.400,Open-Meteo Historical Weather API,"Casalecchio di Reno, Bologna, Italy",44.4756,11.2759
2022-03-09T15:00:00+00:00,11.000,-3.500,Open-Meteo Historical Weather API,"Casalecchio di Reno, Bologna, Italy",44.4756,11.2759
2022-03-09T16:00:00+00:00,9.800,1.800,Open-Meteo Historical Weather API,"Casalecchio di Reno, Bologna, Italy",44.4756,11.2759
2022-03-09T17:00:00+00:00,5.500,-0.900,Open-Meteo Historical Weather API,"Casalecchio di Reno, Bologna, Italy",44.4756,11.2759
2022-03-09T18:00:00+00:00,4.200,-2.000,Open-Meteo Historical Weather API,"Casalecchio di Reno, Bologna, Italy",44.4756,11.2759
2022-03-09T19:00:00+00:00,2.300,-3.100,Open-Meteo Historical Weather API,"Casalecchio di Reno, Bologna, Italy",44.4756,11.2759
2022-03-09T20:00:00+00:00,0.600,-3.700,Open-Meteo Historical Weather API,"Casalecchio di Reno, Bologna, Italy",44.4756,11.2759
2022-03-09T21:00:00+00:00,0.400,-4.200,Open-Meteo Historical Weather API,"Casalecchio di Reno, Bologna, Italy",44.4756,11.2759
2022-03-09T22:00:00+00:00,0.900,-4.000,Open-Meteo Historical Weather API,"Casalecchio di Reno, Bologna, Italy",44.4756,11.2759
2022-03-09T23:00:00+00:00,0.800,-3.300,Open-Meteo Historical Weather API,"Casalecchio di Reno, Bologna, Italy",44.4756,11.2759
2022-03-10T00:00:00+00:00,-0.600,-3.900,Open-Meteo Historical Weather API,"Casalecchio di Reno, Bologna, Italy",44.4756,11.2759
2022-03-10T01:00:00+00:00,0.200,-3.800,Open-Meteo Historical Weather API,"Casalecchio di Reno, Bologna, Italy",44.4756,11.2759
2022-03-10T02:00:00+00:00,-0.200,-3.800,Open-Meteo Historical Weather API,"Casalecchio di Reno, Bologna, Italy",44.4756,11.2759
2022-03-10T03:00:00+00:00,-0.600,-4.000,Open-Meteo Historical Weather API,"Casalecchio di Reno, Bologna, Italy",44.4756,11.2759
2022-03-10T04:00:00+00:00,-0.800,-4.300,Open-Meteo Historical Weather API,"Casalecchio di Reno, Bologna, Italy",44.4756,11.2759
2022-03-10T05:00:00+00:00,-1.000,-4.700,Open-Meteo Historical Weather API,"Casalecchio di Reno, Bologna, Italy",44.4756,11.2759
2022-03-10T06:00:00+00:00,-1.100,-4.800,Open-Meteo Historical Weather API,"Casalecchio di Reno, Bologna, Italy",44.4756,11.2759
2022-03-10T07:00:00+00:00,2.000,-2.500,Open-Meteo Historical Weather API,"Casalecchio di Reno, Bologna, Italy",44.4756,11.2759
2022-03-10T08:00:00+00:00,7.100,-0.400,Open-Meteo Historical Weather API,"Casalecchio di Reno, Bologna, Italy",44.4756,11.2759
2022-03-10T09:00:00+00:00,9.200,-0.500,Open-Meteo Historical Weather API,"Casalecchio di Reno, Bologna, Italy",44.4756,11.2759
2022-03-10T10:00:00+00:00,10.600,-0.400,Open-Meteo Historical Weather API,"Casalecchio di Reno, Bologna, Italy",44.4756,11.2759
2022-03-10T11:00:00+00:00,11.700,-0.400,Open-Meteo Historical Weather API,"Casalecchio di Reno, Bologna, Italy",44.4756,11.2759
2022-03-10T12:00:00+00:00,12.600,-1.800,Open-Meteo Historical Weather API,"Casalecchio di Reno, Bologna, Italy",44.4756,11.2759
2022-03-10T13:00:00+00:00,13.300,-1.700,Open-Meteo Historical Weather API,"Casalecchio di Reno, Bologna, Italy",44.4756,11.2759
2022-03-10T14:00:00+00:00,13.500,-1.500,Open-Meteo Historical Weather API,"Casalecchio di Reno, Bologna, Italy",44.4756,11.2759
2022-03-10T15:00:00+00:00,13.300,-1.300,Open-Meteo Historical Weather API,"Casalecchio di Reno, Bologna, Italy",44.4756,11.2759
2022-03-10T16:00:00+00:00,12.100,2.500,Open-Meteo Historical Weather API,"Casalecchio di Reno, Bologna, Italy",44.4756,11.2759
2022-03-10T17:00:00+00:00,7.800,0.600,Open-Meteo Historical Weather API,"Casalecchio di Reno, Bologna, Italy",44.4756,11.2759
2022-03-10T18:00:00+00:00,6.100,0.100,Open-Meteo Historical Weather API,"Casalecchio di Reno, Bologna, Italy",44.4756,11.2759
2022-03-10T19:00:00+00:00,5.000,0.100,Open-Meteo Historical Weather API,"Casalecchio di Reno, Bologna, Italy",44.4756,11.2759
2022-03-10T20:00:00+00:00,3.500,-0.400,Open-Meteo Historical Weather API,"Casalecchio di Reno, Bologna, Italy",44.4756,11.2759
2022-03-10T21:00:00+00:00,2.400,-0.900,Open-Meteo Historical Weather API,"Casalecchio di Reno, Bologna, Italy",44.4756,11.2759
2022-03-10T22:00:00+00:00,2.300,-1.300,Open-Meteo Historical Weather API,"Casalecchio di Reno, Bologna, Italy",44.4756,11.2759
2022-03-10T23:00:00+00:00,2.500,-1.500,Open-Meteo Historical Weather API,"Casalecchio di Reno, Bologna, Italy",44.4756,11.2759
2022-03-11T00:00:00+00:00,2.500,-2.200,Open-Meteo Historical Weather API,"Casalecchio di Reno, Bologna, Italy",44.4756,11.2759
2022-03-11T01:00:00+00:00,1.900,-2.500,Open-Meteo Historical Weather API,"Casalecchio di Reno, Bologna, Italy",44.4756,11.2759
2022-03-11T02:00:00+00:00,1.500,-1.900,Open-Meteo Historical Weather API,"Casalecchio di Reno, Bologna, Italy",44.4756,11.2759
2022-03-11T03:00:00+00:00,0.900,-1.400,Open-Meteo Historical Weather API,"Casalecchio di Reno, Bologna, Italy",44.4756,11.2759
2022-03-11T04:00:00+00:00,0.500,-1.400,Open-Meteo Historical Weather API,"Casalecchio di Reno, Bologna, Italy",44.4756,11.2759
2022-03-11T05:00:00+00:00,0.400,-1.300,Open-Meteo Historical Weather API,"Casalecchio di Reno, Bologna, Italy",44.4756,11.2759
2022-03-11T06:00:00+00:00,0.900,-0.900,Open-Meteo Historical Weather API,"Casalecchio di Reno, Bologna, Italy",44.4756,11.2759
2022-03-11T07:00:00+00:00,3.300,0.200,Open-Meteo Historical Weather API,"Casalecchio di Reno, Bologna, Italy",44.4756,11.2759
2022-03-11T08:00:00+00:00,5.900,1.200,Open-Meteo Historical Weather API,"Casalecchio di Reno, Bologna, Italy",44.4756,11.2759
2022-03-11T09:00:00+00:00,8.100,2.100,Open-Meteo Historical Weather API,"Casalecchio di Reno, Bologna, Italy",44.4756,11.2759
2022-03-11T10:00:00+00:00,9.900,1.400,Open-Meteo Historical Weather API,"Casalecchio di Reno, Bologna, Italy",44.4756,11.2759
2022-03-11T11:00:00+00:00,10.900,0.900,Open-Meteo Historical Weather API,"Casalecchio di Reno, Bologna, Italy",44.4756,11.2759
2022-03-11T12:00:00+00:00,11.100,0.300,Open-Meteo Historical Weather API,"Casalecchio di Reno, Bologna, Italy",44.4756,11.2759
2022-03-11T13:00:00+00:00,11.400,-0.200,Open-Meteo Historical Weather API,"Casalecchio di Reno, Bologna, Italy",44.4756,11.2759
2022-03-11T14:00:00+00:00,11.400,-0.100,Open-Meteo Historical Weather API,"Casalecchio di Reno, Bologna, Italy",44.4756,11.2759
2022-03-11T15:00:00+00:00,10.300,-0.200,Open-Meteo Historical Weather API,"Casalecchio di Reno, Bologna, Italy",44.4756,11.2759
2022-03-11T16:00:00+00:00,8.700,-1.600,Open-Meteo Historical Weather API,"Casalecchio di Reno, Bologna, Italy",44.4756,11.2759
2022-03-11T17:00:00+00:00,7.000,-2.000,Open-Meteo Historical Weather API,"Casalecchio di Reno, Bologna, Italy",44.4756,11.2759
2022-03-11T18:00:00+00:00,5.600,-2.400,Open-Meteo Historical Weather API,"Casalecchio di Reno, Bologna, Italy",44.4756,11.2759
2022-03-11T19:00:00+00:00,4.200,-2.400,Open-Meteo Historical Weather API,"Casalecchio di Reno, Bologna, Italy",44.4756,11.2759
2022-03-11T20:00:00+00:00,3.200,-2.500,Open-Meteo Historical Weather API,"Casalecchio di Reno, Bologna, Italy",44.4756,11.2759
2022-03-11T21:00:00+00:00,2.200,-2.800,Open-Meteo Historical Weather API,"Casalecchio di Reno, Bologna, Italy",44.4756,11.2759
2022-03-11T22:00:00+00:00,0.900,-3.200,Open-Meteo Historical Weather API,"Casalecchio di Reno, Bologna, Italy",44.4756,11.2759
2022-03-11T23:00:00+00:00,0.200,-4.000,Open-Meteo Historical Weather API,"Casalecchio di Reno, Bologna, Italy",44.4756,11.2759
2022-03-12T00:00:00+00:00,0.400,-3.800,Open-Meteo Historical Weather API,"Casalecchio di Reno, Bologna, Italy",44.4756,11.2759
2022-03-12T01:00:00+00:00,0.300,-4.500,Open-Meteo Historical Weather API,"Casalecchio di Reno, Bologna, Italy",44.4756,11.2759
2022-03-12T02:00:00+00:00,0.200,-4.300,Open-Meteo Historical Weather API,"Casalecchio di Reno, Bologna, Italy",44.4756,11.2759
2022-03-12T03:00:00+00:00,0.400,-4.000,Open-Meteo Historical Weather API,"Casalecchio di Reno, Bologna, Italy",44.4756,11.2759
2022-03-12T04:00:00+00:00,-0.900,-3.900,Open-Meteo Historical Weather API,"Casalecchio di Reno, Bologna, Italy",44.4756,11.2759
2022-03-12T05:00:00+00:00,0.600,-4.100,Open-Meteo Historical Weather API,"Casalecchio di Reno, Bologna, Italy",44.4756,11.2759
2022-03-12T06:00:00+00:00,-0.800,-3.700,Open-Meteo Historical Weather API,"Casalecchio di Reno, Bologna, Italy",44.4756,11.2759
2022-03-12T07:00:00+00:00,2.600,-1.900,Open-Meteo Historical Weather API,"Casalecchio di Reno, Bologna, Italy",44.4756,11.2759
2022-03-12T08:00:00+00:00,4.500,-1.500,Open-Meteo Historical Weather API,"Casalecchio di Reno, Bologna, Italy",44.4756,11.2759
2022-03-12T09:00:00+00:00,6.400,-0.300,Open-Meteo Historical Weather API,"Casalecchio di Reno, Bologna, Italy",44.4756,11.2759
2022-03-12T10:00:00+00:00,7.900,0.000,Open-Meteo Historical Weather API,"Casalecchio di Reno, Bologna, Italy",44.4756,11.2759
2022-03-12T11:00:00+00:00,8.700,-0.600,Open-Meteo Historical Weather API,"Casalecchio di Reno, Bologna, Italy",44.4756,11.2759
2022-03-12T12:00:00+00:00,8.800,-1.100,Open-Meteo Historical Weather API,"Casalecchio di Reno, Bologna, Italy",44.4756,11.2759
2022-03-12T13:00:00+00:00,9.200,-1.600,Open-Meteo Historical Weather API,"Casalecchio di Reno, Bologna, Italy",44.4756,11.2759
2022-03-12T14:00:00+00:00,8.900,-2.700,Open-Meteo Historical Weather API,"Casalecchio di Reno, Bologna, Italy",44.4756,11.2759
2022-03-12T15:00:00+00:00,8.400,-3.700,Open-Meteo Historical Weather API,"Casalecchio di Reno, Bologna, Italy",44.4756,11.2759
2022-03-12T16:00:00+00:00,7.300,-3.500,Open-Meteo Historical Weather API,"Casalecchio di Reno, Bologna, Italy",44.4756,11.2759
2022-03-12T17:00:00+00:00,4.900,-2.200,Open-Meteo Historical Weather API,"Casalecchio di Reno, Bologna, Italy",44.4756,11.2759
2022-03-12T18:00:00+00:00,2.500,-1.800,Open-Meteo Historical Weather API,"Casalecchio di Reno, Bologna, Italy",44.4756,11.2759
2022-03-12T19:00:00+00:00,1.600,-2.200,Open-Meteo Historical Weather API,"Casalecchio di Reno, Bologna, Italy",44.4756,11.2759
2022-03-12T20:00:00+00:00,0.600,-2.700,Open-Meteo Historical Weather API,"Casalecchio di Reno, Bologna, Italy",44.4756,11.2759
2022-03-12T21:00:00+00:00,-0.200,-3.200,Open-Meteo Historical Weather API,"Casalecchio di Reno, Bologna, Italy",44.4756,11.2759
2022-03-12T22:00:00+00:00,-1.100,-4.100,Open-Meteo Historical Weather API,"Casalecchio di Reno, Bologna, Italy",44.4756,11.2759
2022-03-12T23:00:00+00:00,-1.900,-4.800,Open-Meteo Historical Weather API,"Casalecchio di Reno, Bologna, Italy",44.4756,11.2759
2022-03-13T00:00:00+00:00,-0.500,-3.800,Open-Meteo Historical Weather API,"Casalecchio di Reno, Bologna, Italy",44.4756,11.2759
2022-03-13T01:00:00+00:00,1.700,-3.200,Open-Meteo Historical Weather API,"Casalecchio di Reno, Bologna, Italy",44.4756,11.2759
2022-03-13T02:00:00+00:00,0.300,-3.700,Open-Meteo Historical Weather API,"Casalecchio di Reno, Bologna, Italy",44.4756,11.2759
2022-03-13T03:00:00+00:00,-1.000,-4.200,Open-Meteo Historical Weather API,"Casalecchio di Reno, Bologna, Italy",44.4756,11.2759
2022-03-13T04:00:00+00:00,-1.100,-4.200,Open-Meteo Historical Weather API,"Casalecchio di Reno, Bologna, Italy",44.4756,11.2759
2022-03-13T05:00:00+00:00,-0.800,-4.200,Open-Meteo Historical Weather API,"Casalecchio di Reno, Bologna, Italy",44.4756,11.2759
2022-03-13T06:00:00+00:00,-1.200,-4.000,Open-Meteo Historical Weather API,"Casalecchio di Reno, Bologna, Italy",44.4756,11.2759
2022-03-13T07:00:00+00:00,2.300,-3.200,Open-Meteo Historical Weather API,"Casalecchio di Reno, Bologna, Italy",44.4756,11.2759
2022-03-13T08:00:00+00:00,5.200,-3.000,Open-Meteo Historical Weather API,"Casalecchio di Reno, Bologna, Italy",44.4756,11.2759
2022-03-13T09:00:00+00:00,6.700,-3.000,Open-Meteo Historical Weather API,"Casalecchio di Reno, Bologna, Italy",44.4756,11.2759
2022-03-13T10:00:00+00:00,7.400,-0.900,Open-Meteo Historical Weather API,"Casalecchio di Reno, Bologna, Italy",44.4756,11.2759
2022-03-13T11:00:00+00:00,8.400,-0.600,Open-Meteo Historical Weather API,"Casalecchio di Reno, Bologna, Italy",44.4756,11.2759
2022-03-13T12:00:00+00:00,9.400,-2.000,Open-Meteo Historical Weather API,"Casalecchio di Reno, Bologna, Italy",44.4756,11.2759
2022-03-13T13:00:00+00:00,9.900,-0.900,Open-Meteo Historical Weather API,"Casalecchio di Reno, Bologna, Italy",44.4756,11.2759
2022-03-13T14:00:00+00:00,10.400,-0.900,Open-Meteo Historical Weather API,"Casalecchio di Reno, Bologna, Italy",44.4756,11.2759
2022-03-13T15:00:00+00:00,9.400,-0.700,Open-Meteo Historical Weather API,"Casalecchio di Reno, Bologna, Italy",44.4756,11.2759
2022-03-13T16:00:00+00:00,7.700,-0.200,Open-Meteo Historical Weather API,"Casalecchio di Reno, Bologna, Italy",44.4756,11.2759
2022-03-13T17:00:00+00:00,4.400,-0.800,Open-Meteo Historical Weather API,"Casalecchio di Reno, Bologna, Italy",44.4756,11.2759
2022-03-13T18:00:00+00:00,2.000,-1.200,Open-Meteo Historical Weather API,"Casalecchio di Reno, Bologna, Italy",44.4756,11.2759
2022-03-13T19:00:00+00:00,1.200,-1.400,Open-Meteo Historical Weather API,"Casalecchio di Reno, Bologna, Italy",44.4756,11.2759
2022-03-13T20:00:00+00:00,0.400,-1.500,Open-Meteo Historical Weather API,"Casalecchio di Reno, Bologna, Italy",44.4756,11.2759
2022-03-13T21:00:00+00:00,-0.700,-2.100,Open-Meteo Historical Weather API,"Casalecchio di Reno, Bologna, Italy",44.4756,11.2759
2022-03-13T22:00:00+00:00,-0.600,-2.000,Open-Meteo Historical Weather API,"Casalecchio di Reno, Bologna, Italy",44.4756,11.2759
2022-03-13T23:00:00+00:00,-0.900,-2.200,Open-Meteo Historical Weather API,"Casalecchio di Reno, Bologna, Italy",44.4756,11.2759
2022-03-14T00:00:00+00:00,1.400,-0.700,Open-Meteo Historical Weather API,"Casalecchio di Reno, Bologna, Italy",44.4756,11.2759
2022-03-14T01:00:00+00:00,0.400,-1.500,Open-Meteo Historical Weather API,"Casalecchio di Reno, Bologna, Italy",44.4756,11.2759
2022-03-14T02:00:00+00:00,0.300,-1.200,Open-Meteo Historical Weather API,"Casalecchio di Reno, Bologna, Italy",44.4756,11.2759
2022-03-14T03:00:00+00:00,1.900,-0.200,Open-Meteo Historical Weather API,"Casalecchio di Reno, Bologna, Italy",44.4756,11.2759
2022-03-14T04:00:00+00:00,0.800,-0.600,Open-Meteo Historical Weather API,"Casalecchio di Reno, Bologna, Italy",44.4756,11.2759
2022-03-14T05:00:00+00:00,0.200,-1.200,Open-Meteo Historical Weather API,"Casalecchio di Reno, Bologna, Italy",44.4756,11.2759
2022-03-14T06:00:00+00:00,1.800,-0.100,Open-Meteo Historical Weather API,"Casalecchio di Reno, Bologna, Italy",44.4756,11.2759
2022-03-14T07:00:00+00:00,3.900,0.800,Open-Meteo Historical Weather API,"Casalecchio di Reno, Bologna, Italy",44.4756,11.2759
2022-03-14T08:00:00+00:00,5.900,1.500,Open-Meteo Historical Weather API,"Casalecchio di Reno, Bologna, Italy",44.4756,11.2759
2022-03-14T09:00:00+00:00,7.200,2.000,Open-Meteo Historical Weather API,"Casalecchio di Reno, Bologna, Italy",44.4756,11.2759
2022-03-14T10:00:00+00:00,7.500,2.300,Open-Meteo Historical Weather API,"Casalecchio di Reno, Bologna, Italy",44.4756,11.2759
2022-03-14T11:00:00+00:00,8.200,2.600,Open-Meteo Historical Weather API,"Casalecchio di Reno, Bologna, Italy",44.4756,11.2759
2022-03-14T12:00:00+00:00,9.400,2.600,Open-Meteo Historical Weather API,"Casalecchio di Reno, Bologna, Italy",44.4756,11.2759
2022-03-14T13:00:00+00:00,10.800,2.800,Open-Meteo Historical Weather API,"Casalecchio di Reno, Bologna, Italy",44.4756,11.2759
2022-03-14T14:00:00+00:00,11.600,2.600,Open-Meteo Historical Weather API,"Casalecchio di Reno, Bologna, Italy",44.4756,11.2759
2022-03-14T15:00:00+00:00,11.600,2.700,Open-Meteo Historical Weather API,"Casalecchio di Reno, Bologna, Italy",44.4756,11.2759
2022-03-14T16:00:00+00:00,10.900,3.800,Open-Meteo Historical Weather API,"Casalecchio di Reno, Bologna, Italy",44.4756,11.2759
2022-03-14T17:00:00+00:00,9.100,3.500,Open-Meteo Historical Weather API,"Casalecchio di Reno, Bologna, Italy",44.4756,11.2759
2022-03-14T18:00:00+00:00,7.400,2.800,Open-Meteo Historical Weather API,"Casalecchio di Reno, Bologna, Italy",44.4756,11.2759
2022-03-14T19:00:00+00:00,5.200,2.200,Open-Meteo Historical Weather API,"Casalecchio di Reno, Bologna, Italy",44.4756,11.2759
2022-03-14T20:00:00+00:00,4.800,1.900,Open-Meteo Historical Weather API,"Casalecchio di Reno, Bologna, Italy",44.4756,11.2759
2022-03-14T21:00:00+00:00,3.700,1.400,Open-Meteo Historical Weather API,"Casalecchio di Reno, Bologna, Italy",44.4756,11.2759
2022-03-14T22:00:00+00:00,3.700,1.400,Open-Meteo Historical Weather API,"Casalecchio di Reno, Bologna, Italy",44.4756,11.2759
2022-03-14T23:00:00+00:00,3.600,1.200,Open-Meteo Historical Weather API,"Casalecchio di Reno, Bologna, Italy",44.4756,11.2759
2022-03-15T00:00:00+00:00,3.200,0.500,Open-Meteo Historical Weather API,"Casalecchio di Reno, Bologna, Italy",44.4756,11.2759
2022-03-15T01:00:00+00:00,3.700,0.400,Open-Meteo Historical Weather API,"Casalecchio di Reno, Bologna, Italy",44.4756,11.2759
2022-03-15T02:00:00+00:00,2.500,0.100,Open-Meteo Historical Weather API,"Casalecchio di Reno, Bologna, Italy",44.4756,11.2759
2022-03-15T03:00:00+00:00,3.000,0.200,Open-Meteo Historical Weather API,"Casalecchio di Reno, Bologna, Italy",44.4756,11.2759
2022-03-15T04:00:00+00:00,2.500,0.600,Open-Meteo Historical Weather API,"Casalecchio di Reno, Bologna, Italy",44.4756,11.2759
2022-03-15T05:00:00+00:00,1.400,0.000,Open-Meteo Historical Weather API,"Casalecchio di Reno, Bologna, Italy",44.4756,11.2759
2022-03-15T06:00:00+00:00,2.200,0.600,Open-Meteo Historical Weather API,"Casalecchio di Reno, Bologna, Italy",44.4756,11.2759
2022-03-15T07:00:00+00:00,4.700,2.000,Open-Meteo Historical Weather API,"Casalecchio di Reno, Bologna, Italy",44.4756,11.2759
2022-03-15T08:00:00+00:00,7.300,2.700,Open-Meteo Historical Weather API,"Casalecchio di Reno, Bologna, Italy",44.4756,11.2759
2022-03-15T09:00:00+00:00,8.100,2.500,Open-Meteo Historical Weather API,"Casalecchio di Reno, Bologna, Italy",44.4756,11.2759
2022-03-15T10:00:00+00:00,8.600,2.400,Open-Meteo Historical Weather API,"Casalecchio di Reno, Bologna, Italy",44.4756,11.2759
2022-03-15T11:00:00+00:00,11.000,2.800,Open-Meteo Historical Weather API,"Casalecchio di Reno, Bologna, Italy",44.4756,11.2759
2022-03-15T12:00:00+00:00,11.900,4.100,Open-Meteo Historical Weather API,"Casalecchio di Reno, Bologna, Italy",44.4756,11.2759
2022-03-15T13:00:00+00:00,12.600,4.200,Open-Meteo Historical Weather API,"Casalecchio di Reno, Bologna, Italy",44.4756,11.2759
2022-03-15T14:00:00+00:00,12.900,4.200,Open-Meteo Historical Weather API,"Casalecchio di Reno, Bologna, Italy",44.4756,11.2759
2022-03-15T15:00:00+00:00,13.100,4.100,Open-Meteo Historical Weather API,"Casalecchio di Reno, Bologna, Italy",44.4756,11.2759
2022-03-15T16:00:00+00:00,12.600,4.200,Open-Meteo Historical Weather API,"Casalecchio di Reno, Bologna, Italy",44.4756,11.2759
2022-03-15T17:00:00+00:00,10.200,4.400,Open-Meteo Historical Weather API,"Casalecchio di Reno, Bologna, Italy",44.4756,11.2759
2022-03-15T18:00:00+00:00,6.900,3.800,Open-Meteo Historical Weather API,"Casalecchio di Reno, Bologna, Italy",44.4756,11.2759
2022-03-15T19:00:00+00:00,7.100,4.200,Open-Meteo Historical Weather API,"Casalecchio di Reno, Bologna, Italy",44.4756,11.2759
2022-03-15T20:00:00+00:00,6.500,3.800,Open-Meteo Historical Weather API,"Casalecchio di Reno, Bologna, Italy",44.4756,11.2759
2022-03-15T21:00:00+00:00,6.800,3.500,Open-Meteo Historical Weather API,"Casalecchio di Reno, Bologna, Italy",44.4756,11.2759
2022-03-15T22:00:00+00:00,6.800,3.500,Open-Meteo Historical Weather API,"Casalecchio di Reno, Bologna, Italy",44.4756,11.2759
2022-03-15T23:00:00+00:00,5.100,3.700,Open-Meteo Historical Weather API,"Casalecchio di Reno, Bologna, Italy",44.4756,11.2759
2022-03-16T00:00:00+00:00,5.500,3.700,Open-Meteo Historical Weather API,"Casalecchio di Reno, Bologna, Italy",44.4756,11.2759
2022-03-16T01:00:00+00:00,5.100,4.000,Open-Meteo Historical Weather API,"Casalecchio di Reno, Bologna, Italy",44.4756,11.2759
2022-03-16T02:00:00+00:00,5.300,4.200,Open-Meteo Historical Weather API,"Casalecchio di Reno, Bologna, Italy",44.4756,11.2759
2022-03-16T03:00:00+00:00,5.400,4.200,Open-Meteo Historical Weather API,"Casalecchio di Reno, Bologna, Italy",44.4756,11.2759
2022-03-16T04:00:00+00:00,5.500,4.200,Open-Meteo Historical Weather API,"Casalecchio di Reno, Bologna, Italy",44.4756,11.2759
2022-03-16T05:00:00+00:00,5.500,4.300,Open-Meteo Historical Weather API,"Casalecchio di Reno, Bologna, Italy",44.4756,11.2759
2022-03-16T06:00:00+00:00,5.700,4.600,Open-Meteo Historical Weather API,"Casalecchio di Reno, Bologna, Italy",44.4756,11.2759
2022-03-16T07:00:00+00:00,8.900,6.800,Open-Meteo Historical Weather API,"Casalecchio di Reno, Bologna, Italy",44.4756,11.2759
2022-03-16T08:00:00+00:00,11.900,8.000,Open-Meteo Historical Weather API,"Casalecchio di Reno, Bologna, Italy",44.4756,11.2759
2022-03-16T09:00:00+00:00,13.600,7.600,Open-Meteo Historical Weather API,"Casalecchio di Reno, Bologna, Italy",44.4756,11.2759
2022-03-16T10:00:00+00:00,14.600,7.700,Open-Meteo Historical Weather API,"Casalecchio di Reno, Bologna, Italy",44.4756,11.2759
2022-03-16T11:00:00+00:00,15.800,7.800,Open-Meteo Historical Weather API,"Casalecchio di Reno, Bologna, Italy",44.4756,11.2759
2022-03-16T12:00:00+00:00,15.900,6.900,Open-Meteo Historical Weather API,"Casalecchio di Reno, Bologna, Italy",44.4756,11.2759
2022-03-16T13:00:00+00:00,16.100,6.900,Open-Meteo Historical Weather API,"Casalecchio di Reno, Bologna, Italy",44.4756,11.2759
2022-03-16T14:00:00+00:00,16.000,6.900,Open-Meteo Historical Weather API,"Casalecchio di Reno, Bologna, Italy",44.4756,11.2759
2022-03-16T15:00:00+00:00,15.900,7.000,Open-Meteo Historical Weather API,"Casalecchio di Reno, Bologna, Italy",44.4756,11.2759
2022-03-16T16:00:00+00:00,15.300,7.200,Open-Meteo Historical Weather API,"Casalecchio di Reno, Bologna, Italy",44.4756,11.2759
2022-03-16T17:00:00+00:00,12.100,7.800,Open-Meteo Historical Weather API,"Casalecchio di Reno, Bologna, Italy",44.4756,11.2759
2022-03-16T18:00:00+00:00,10.900,7.200,Open-Meteo Historical Weather API,"Casalecchio di Reno, Bologna, Italy",44.4756,11.2759
2022-03-16T19:00:00+00:00,9.800,7.200,Open-Meteo Historical Weather API,"Casalecchio di Reno, Bologna, Italy",44.4756,11.2759
2022-03-16T20:00:00+00:00,8.100,6.900,Open-Meteo Historical Weather API,"Casalecchio di Reno, Bologna, Italy",44.4756,11.2759
2022-03-16T21:00:00+00:00,8.100,6.800,Open-Meteo Historical Weather API,"Casalecchio di Reno, Bologna, Italy",44.4756,11.2759
2022-03-16T22:00:00+00:00,6.900,5.900,Open-Meteo Historical Weather API,"Casalecchio di Reno, Bologna, Italy",44.4756,11.2759
2022-03-16T23:00:00+00:00,7.300,6.000,Open-Meteo Historical Weather API,"Casalecchio di Reno, Bologna, Italy",44.4756,11.2759
2022-03-17T00:00:00+00:00,8.000,6.700,Open-Meteo Historical Weather API,"Casalecchio di Reno, Bologna, Italy",44.4756,11.2759
2022-03-17T01:00:00+00:00,8.200,6.800,Open-Meteo Historical Weather API,"Casalecchio di Reno, Bologna, Italy",44.4756,11.2759
2022-03-17T02:00:00+00:00,7.200,6.300,Open-Meteo Historical Weather API,"Casalecchio di Reno, Bologna, Italy",44.4756,11.2759
2022-03-17T03:00:00+00:00,7.900,6.900,Open-Meteo Historical Weather API,"Casalecchio di Reno, Bologna, Italy",44.4756,11.2759
2022-03-17T04:00:00+00:00,6.200,5.700,Open-Meteo Historical Weather API,"Casalecchio di Reno, Bologna, Italy",44.4756,11.2759
2022-03-17T05:00:00+00:00,6.100,5.600,Open-Meteo Historical Weather API,"Casalecchio di Reno, Bologna, Italy",44.4756,11.2759
2022-03-17T06:00:00+00:00,7.000,6.400,Open-Meteo Historical Weather API,"Casalecchio di Reno, Bologna, Italy",44.4756,11.2759
2022-03-17T07:00:00+00:00,8.800,7.200,Open-Meteo Historical Weather API,"Casalecchio di Reno, Bologna, Italy",44.4756,11.2759
2022-03-17T08:00:00+00:00,9.800,7.400,Open-Meteo Historical Weather API,"Casalecchio di Reno, Bologna, Italy",44.4756,11.2759
2022-03-17T09:00:00+00:00,10.400,7.200,Open-Meteo Historical Weather API,"Casalecchio di Reno, Bologna, Italy",44.4756,11.2759
2022-03-17T10:00:00+00:00,12.000,7.000,Open-Meteo Historical Weather API,"Casalecchio di Reno, Bologna, Italy",44.4756,11.2759
2022-03-17T11:00:00+00:00,13.100,6.800,Open-Meteo Historical Weather API,"Casalecchio di Reno, Bologna, Italy",44.4756,11.2759
2022-03-17T12:00:00+00:00,12.600,7.300,Open-Meteo Historical Weather API,"Casalecchio di Reno, Bologna, Italy",44.4756,11.2759
2022-03-17T13:00:00+00:00,13.100,7.000,Open-Meteo Historical Weather API,"Casalecchio di Reno, Bologna, Italy",44.4756,11.2759
2022-03-17T14:00:00+00:00,13.500,5.900,Open-Meteo Historical Weather API,"Casalecchio di Reno, Bologna, Italy",44.4756,11.2759
2022-03-17T15:00:00+00:00,13.900,4.400,Open-Meteo Historical Weather API,"Casalecchio di Reno, Bologna, Italy",44.4756,11.2759
2022-03-17T16:00:00+00:00,13.100,3.500,Open-Meteo Historical Weather API,"Casalecchio di Reno, Bologna, Italy",44.4756,11.2759
2022-03-17T17:00:00+00:00,11.600,3.800,Open-Meteo Historical Weather API,"Casalecchio di Reno, Bologna, Italy",44.4756,11.2759
2022-03-17T18:00:00+00:00,9.700,4.100,Open-Meteo Historical Weather API,"Casalecchio di Reno, Bologna, Italy",44.4756,11.2759
2022-03-17T19:00:00+00:00,8.700,4.500,Open-Meteo Historical Weather API,"Casalecchio di Reno, Bologna, Italy",44.4756,11.2759
2022-03-17T20:00:00+00:00,7.900,4.100,Open-Meteo Historical Weather API,"Casalecchio di Reno, Bologna, Italy",44.4756,11.2759
2022-03-17T21:00:00+00:00,6.700,3.200,Open-Meteo Historical Weather API,"Casalecchio di Reno, Bologna, Italy",44.4756,11.2759
2022-03-17T22:00:00+00:00,7.200,2.400,Open-Meteo Historical Weather API,"Casalecchio di Reno, Bologna, Italy",44.4756,11.2759
2022-03-17T23:00:00+00:00,6.600,2.000,Open-Meteo Historical Weather API,"Casalecchio di Reno, Bologna, Italy",44.4756,11.2759
2022-03-18T00:00:00+00:00,8.800,2.300,Open-Meteo Historical Weather API,"Casalecchio di Reno, Bologna, Italy",44.4756,11.2759
2022-03-18T01:00:00+00:00,6.800,2.200,Open-Meteo Historical Weather API,"Casalecchio di Reno, Bologna, Italy",44.4756,11.2759
2022-03-18T02:00:00+00:00,6.700,2.000,Open-Meteo Historical Weather API,"Casalecchio di Reno, Bologna, Italy",44.4756,11.2759
2022-03-18T03:00:00+00:00,4.400,1.500,Open-Meteo Historical Weather API,"Casalecchio di Reno, Bologna, Italy",44.4756,11.2759
2022-03-18T04:00:00+00:00,4.900,1.700,Open-Meteo Historical Weather API,"Casalecchio di Reno, Bologna, Italy",44.4756,11.2759
2022-03-18T05:00:00+00:00,4.200,1.600,Open-Meteo Historical Weather API,"Casalecchio di Reno, Bologna, Italy",44.4756,11.2759
2022-03-18T06:00:00+00:00,4.500,2.000,Open-Meteo Historical Weather API,"Casalecchio di Reno, Bologna, Italy",44.4756,11.2759
2022-03-18T07:00:00+00:00,6.800,3.300,Open-Meteo Historical Weather API,"Casalecchio di Reno, Bologna, Italy",44.4756,11.2759
2022-03-18T08:00:00+00:00,8.200,4.300,Open-Meteo Historical Weather API,"Casalecchio di Reno, Bologna, Italy",44.4756,11.2759
2022-03-18T09:00:00+00:00,9.900,4.800,Open-Meteo Historical Weather API,"Casalecchio di Reno, Bologna, Italy",44.4756,11.2759
2022-03-18T10:00:00+00:00,12.000,3.700,Open-Meteo Historical Weather API,"Casalecchio di Reno, Bologna, Italy",44.4756,11.2759
2022-03-18T11:00:00+00:00,12.900,3.300,Open-Meteo Historical Weather API,"Casalecchio di Reno, Bologna, Italy",44.4756,11.2759
2022-03-18T12:00:00+00:00,13.100,3.000,Open-Meteo Historical Weather API,"Casalecchio di Reno, Bologna, Italy",44.4756,11.2759
2022-03-18T13:00:00+00:00,13.100,3.700,Open-Meteo Historical Weather API,"Casalecchio di Reno, Bologna, Italy",44.4756,11.2759
2022-03-18T14:00:00+00:00,13.100,4.000,Open-Meteo Historical Weather API,"Casalecchio di Reno, Bologna, Italy",44.4756,11.2759
2022-03-18T15:00:00+00:00,12.700,3.400,Open-Meteo Historical Weather API,"Casalecchio di Reno, Bologna, Italy",44.4756,11.2759
2022-03-18T16:00:00+00:00,11.300,3.100,Open-Meteo Historical Weather API,"Casalecchio di Reno, Bologna, Italy",44.4756,11.2759
2022-03-18T17:00:00+00:00,10.100,3.000,Open-Meteo Historical Weather API,"Casalecchio di Reno, Bologna, Italy",44.4756,11.2759
2022-03-18T18:00:00+00:00,8.100,3.400,Open-Meteo Historical Weather API,"Casalecchio di Reno, Bologna, Italy",44.4756,11.2759
2022-03-18T19:00:00+00:00,8.700,3.000,Open-Meteo Historical Weather API,"Casalecchio di Reno, Bologna, Italy",44.4756,11.2759
2022-03-18T20:00:00+00:00,8.200,2.500,Open-Meteo Historical Weather API,"Casalecchio di Reno, Bologna, Italy",44.4756,11.2759
2022-03-18T21:00:00+00:00,7.800,2.000,Open-Meteo Historical Weather API,"Casalecchio di Reno, Bologna, Italy",44.4756,11.2759
2022-03-18T22:00:00+00:00,4.200,1.000,Open-Meteo Historical Weather API,"Casalecchio di Reno, Bologna, Italy",44.4756,11.2759
2022-03-18T23:00:00+00:00,3.000,0.600,Open-Meteo Historical Weather API,"Casalecchio di Reno, Bologna, Italy",44.4756,11.2759
2022-03-19T00:00:00+00:00,3.700,0.900,Open-Meteo Historical Weather API,"Casalecchio di Reno, Bologna, Italy",44.4756,11.2759
2022-03-19T01:00:00+00:00,2.300,0.200,Open-Meteo Historical Weather API,"Casalecchio di Reno, Bologna, Italy",44.4756,11.2759
2022-03-19T02:00:00+00:00,5.300,1.000,Open-Meteo Historical Weather API,"Casalecchio di Reno, Bologna, Italy",44.4756,11.2759
2022-03-19T03:00:00+00:00,1.600,-0.200,Open-Meteo Historical Weather API,"Casalecchio di Reno, Bologna, Italy",44.4756,11.2759
2022-03-19T04:00:00+00:00,2.400,0.800,Open-Meteo Historical Weather API,"Casalecchio di Reno, Bologna, Italy",44.4756,11.2759
2022-03-19T05:00:00+00:00,1.900,0.700,Open-Meteo Historical Weather API,"Casalecchio di Reno, Bologna, Italy",44.4756,11.2759
2022-03-19T06:00:00+00:00,2.100,1.000,Open-Meteo Historical Weather API,"Casalecchio di Reno, Bologna, Italy",44.4756,11.2759
2022-03-19T07:00:00+00:00,4.800,2.300,Open-Meteo Historical Weather API,"Casalecchio di Reno, Bologna, Italy",44.4756,11.2759
2022-03-19T08:00:00+00:00,6.800,2.400,Open-Meteo Historical Weather API,"Casalecchio di Reno, Bologna, Italy",44.4756,11.2759
2022-03-19T09:00:00+00:00,8.400,2.300,Open-Meteo Historical Weather API,"Casalecchio di Reno, Bologna, Italy",44.4756,11.2759
2022-03-19T10:00:00+00:00,10.100,1.500,Open-Meteo Historical Weather API,"Casalecchio di Reno, Bologna, Italy",44.4756,11.2759
2022-03-19T11:00:00+00:00,11.300,1.200,Open-Meteo Historical Weather API,"Casalecchio di Reno, Bologna, Italy",44.4756,11.2759
2022-03-19T12:00:00+00:00,11.400,1.600,Open-Meteo Historical Weather API,"Casalecchio di Reno, Bologna, Italy",44.4756,11.2759
2022-03-19T13:00:00+00:00,12.200,1.400,Open-Meteo Historical Weather API,"Casalecchio di Reno, Bologna, Italy",44.4756,11.2759
2022-03-19T14:00:00+00:00,12.300,1.100,Open-Meteo Historical Weather API,"Casalecchio di Reno, Bologna, Italy",44.4756,11.2759
2022-03-19T15:00:00+00:00,12.000,0.600,Open-Meteo Historical Weather API,"Casalecchio di Reno, Bologna, Italy",44.4756,11.2759
2022-03-19T16:00:00+00:00,10.800,0.800,Open-Meteo Historical Weather API,"Casalecchio di Reno, Bologna, Italy",44.4756,11.2759
2022-03-19T17:00:00+00:00,9.100,0.800,Open-Meteo Historical Weather API,"Casalecchio di Reno, Bologna, Italy",44.4756,11.2759
2022-03-19T18:00:00+00:00,7.200,0.400,Open-Meteo Historical Weather API,"Casalecchio di Reno, Bologna, Italy",44.4756,11.2759
2022-03-19T19:00:00+00:00,5.900,0.600,Open-Meteo Historical Weather API,"Casalecchio di Reno, Bologna, Italy",44.4756,11.2759
2022-03-19T20:00:00+00:00,4.500,1.100,Open-Meteo Historical Weather API,"Casalecchio di Reno, Bologna, Italy",44.4756,11.2759
2022-03-19T21:00:00+00:00,2.900,0.900,Open-Meteo Historical Weather API,"Casalecchio di Reno, Bologna, Italy",44.4756,11.2759
2022-03-19T22:00:00+00:00,2.200,0.300,Open-Meteo Historical Weather API,"Casalecchio di Reno, Bologna, Italy",44.4756,11.2759
2022-03-19T23:00:00+00:00,1.700,-0.100,Open-Meteo Historical Weather API,"Casalecchio di Reno, Bologna, Italy",44.4756,11.2759
2022-03-20T00:00:00+00:00,2.900,-0.100,Open-Meteo Historical Weather API,"Casalecchio di Reno, Bologna, Italy",44.4756,11.2759
2022-03-20T01:00:00+00:00,2.600,-0.100,Open-Meteo Historical Weather API,"Casalecchio di Reno, Bologna, Italy",44.4756,11.2759
2022-03-20T02:00:00+00:00,2.500,-0.400,Open-Meteo Historical Weather API,"Casalecchio di Reno, Bologna, Italy",44.4756,11.2759
2022-03-20T03:00:00+00:00,1.400,-0.800,Open-Meteo Historical Weather API,"Casalecchio di Reno, Bologna, Italy",44.4756,11.2759
2022-03-20T04:00:00+00:00,1.000,-1.000,Open-Meteo Historical Weather API,"Casalecchio di Reno, Bologna, Italy",44.4756,11.2759
2022-03-20T05:00:00+00:00,1.300,-1.100,Open-Meteo Historical Weather API,"Casalecchio di Reno, Bologna, Italy",44.4756,11.2759
2022-03-20T06:00:00+00:00,1.900,-0.800,Open-Meteo Historical Weather API,"Casalecchio di Reno, Bologna, Italy",44.4756,11.2759
2022-03-20T07:00:00+00:00,4.700,0.400,Open-Meteo Historical Weather API,"Casalecchio di Reno, Bologna, Italy",44.4756,11.2759
2022-03-20T08:00:00+00:00,6.900,0.200,Open-Meteo Historical Weather API,"Casalecchio di Reno, Bologna, Italy",44.4756,11.2759
2022-03-20T09:00:00+00:00,8.500,1.200,Open-Meteo Historical Weather API,"Casalecchio di Reno, Bologna, Italy",44.4756,11.2759
2022-03-20T10:00:00+00:00,10.100,2.300,Open-Meteo Historical Weather API,"Casalecchio di Reno, Bologna, Italy",44.4756,11.2759
2022-03-20T11:00:00+00:00,12.000,2.000,Open-Meteo Historical Weather API,"Casalecchio di Reno, Bologna, Italy",44.4756,11.2759
2022-03-20T12:00:00+00:00,12.500,-0.200,Open-Meteo Historical Weather API,"Casalecchio di Reno, Bologna, Italy",44.4756,11.2759
2022-03-20T13:00:00+00:00,12.900,-0.900,Open-Meteo Historical Weather API,"Casalecchio di Reno, Bologna, Italy",44.4756,11.2759
2022-03-20T14:00:00+00:00,12.900,-1.500,Open-Meteo Historical Weather API,"Casalecchio di Reno, Bologna, Italy",44.4756,11.2759
2022-03-20T15:00:00+00:00,12.400,-1.600,Open-Meteo Historical Weather API,"Casalecchio di Reno, Bologna, Italy",44.4756,11.2759
2022-03-20T16:00:00+00:00,11.200,-1.500,Open-Meteo Historical Weather API,"Casalecchio di Reno, Bologna, Italy",44.4756,11.2759
2022-03-20T17:00:00+00:00,9.200,-0.300,Open-Meteo Historical Weather API,"Casalecchio di Reno, Bologna, Italy",44.4756,11.2759
2022-03-20T18:00:00+00:00,6.900,-0.100,Open-Meteo Historical Weather API,"Casalecchio di Reno, Bologna, Italy",44.4756,11.2759
2022-03-20T19:00:00+00:00,5.300,0.800,Open-Meteo Historical Weather API,"Casalecchio di Reno, Bologna, Italy",44.4756,11.2759
2022-03-20T20:00:00+00:00,4.000,1.200,Open-Meteo Historical Weather API,"Casalecchio di Reno, Bologna, Italy",44.4756,11.2759
2022-03-20T21:00:00+00:00,2.800,0.800,Open-Meteo Historical Weather API,"Casalecchio di Reno, Bologna, Italy",44.4756,11.2759
2022-03-20T22:00:00+00:00,2.200,0.100,Open-Meteo Historical Weather API,"Casalecchio di Reno, Bologna, Italy",44.4756,11.2759
2022-03-20T23:00:00+00:00,3.500,0.100,Open-Meteo Historical Weather API,"Casalecchio di Reno, Bologna, Italy",44.4756,11.2759
2022-03-21T00:00:00+00:00,5.900,-0.400,Open-Meteo Historical Weather API,"Casalecchio di Reno, Bologna, Italy",44.4756,11.2759
2022-03-21T01:00:00+00:00,5.000,-0.800,Open-Meteo Historical Weather API,"Casalecchio di Reno, Bologna, Italy",44.4756,11.2759
2022-03-21T02:00:00+00:00,0.900,-2.200,Open-Meteo Historical Weather API,"Casalecchio di Reno, Bologna, Italy",44.4756,11.2759
2022-03-21T03:00:00+00:00,0.400,-2.700,Open-Meteo Historical Weather API,"Casalecchio di Reno, Bologna, Italy",44.4756,11.2759
2022-03-21T04:00:00+00:00,-0.200,-3.000,Open-Meteo Historical Weather API,"Casalecchio di Reno, Bologna, Italy",44.4756,11.2759
2022-03-21T05:00:00+00:00,-0.600,-3.000,Open-Meteo Historical Weather API,"Casalecchio di Reno, Bologna, Italy",44.4756,11.2759
2022-03-21T06:00:00+00:00,1.400,-1.900,Open-Meteo Historical Weather API,"Casalecchio di Reno, Bologna, Italy",44.4756,11.2759
2022-03-21T07:00:00+00:00,4.200,-0.400,Open-Meteo Historical Weather API,"Casalecchio di Reno, Bologna, Italy",44.4756,11.2759
2022-03-21T08:00:00+00:00,6.200,-0.200,Open-Meteo Historical Weather API,"Casalecchio di Reno, Bologna, Italy",44.4756,11.2759
2022-03-21T09:00:00+00:00,8.100,-0.100,Open-Meteo Historical Weather API,"Casalecchio di Reno, Bologna, Italy",44.4756,11.2759
2022-03-21T10:00:00+00:00,9.600,-0.900,Open-Meteo Historical Weather API,"Casalecchio di Reno, Bologna, Italy",44.4756,11.2759
2022-03-21T11:00:00+00:00,10.700,-2.300,Open-Meteo Historical Weather API,"Casalecchio di Reno, Bologna, Italy",44.4756,11.2759
2022-03-21T12:00:00+00:00,11.100,-5.300,Open-Meteo Historical Weather API,"Casalecchio di Reno, Bologna, Italy",44.4756,11.2759
2022-03-21T13:00:00+00:00,11.800,-5.300,Open-Meteo Historical Weather API,"Casalecchio di Reno, Bologna, Italy",44.4756,11.2759
2022-03-21T14:00:00+00:00,12.100,-5.200,Open-Meteo Historical Weather API,"Casalecchio di Reno, Bologna, Italy",44.4756,11.2759
2022-03-21T15:00:00+00:00,12.100,-5.200,Open-Meteo Historical Weather API,"Casalecchio di Reno, Bologna, Italy",44.4756,11.2759
2022-03-21T16:00:00+00:00,11.500,-4.600,Open-Meteo Historical Weather API,"Casalecchio di Reno, Bologna, Italy",44.4756,11.2759
2022-03-21T17:00:00+00:00,8.100,0.300,Open-Meteo Historical Weather API,"Casalecchio di Reno, Bologna, Italy",44.4756,11.2759
2022-03-21T18:00:00+00:00,6.900,-3.800,Open-Meteo Historical Weather API,"Casalecchio di Reno, Bologna, Italy",44.4756,11.2759
2022-03-21T19:00:00+00:00,7.200,-4.400,Open-Meteo Historical Weather API,"Casalecchio di Reno, Bologna, Italy",44.4756,11.2759
2022-03-21T20:00:00+00:00,3.800,-3.500,Open-Meteo Historical Weather API,"Casalecchio di Reno, Bologna, Italy",44.4756,11.2759
2022-03-21T21:00:00+00:00,2.800,-4.100,Open-Meteo Historical Weather API,"Casalecchio di Reno, Bologna, Italy",44.4756,11.2759
2022-03-21T22:00:00+00:00,3.500,-5.200,Open-Meteo Historical Weather API,"Casalecchio di Reno, Bologna, Italy",44.4756,11.2759
2022-03-21T23:00:00+00:00,3.200,-5.500,Open-Meteo Historical Weather API,"Casalecchio di Reno, Bologna, Italy",44.4756,11.2759
2022-03-22T00:00:00+00:00,3.200,-6.100,Open-Meteo Historical Weather API,"Casalecchio di Reno, Bologna, Italy",44.4756,11.2759
2022-03-22T01:00:00+00:00,3.000,-6.400,Open-Meteo Historical Weather API,"Casalecchio di Reno, Bologna, Italy",44.4756,11.2759
2022-03-22T02:00:00+00:00,2.600,-6.300,Open-Meteo Historical Weather API,"Casalecchio di Reno, Bologna, Italy",44.4756,11.2759
2022-03-22T03:00:00+00:00,2.800,-6.200,Open-Meteo Historical Weather API,"Casalecchio di Reno, Bologna, Italy",44.4756,11.2759
2022-03-22T04:00:00+00:00,1.900,-6.200,Open-Meteo Historical Weather API,"Casalecchio di Reno, Bologna, Italy",44.4756,11.2759
2022-03-22T05:00:00+00:00,1.500,-6.300,Open-Meteo Historical Weather API,"Casalecchio di Reno, Bologna, Italy",44.4756,11.2759
2022-03-22T06:00:00+00:00,2.200,-5.300,Open-Meteo Historical Weather API,"Casalecchio di Reno, Bologna, Italy",44.4756,11.2759
2022-03-22T07:00:00+00:00,4.900,-3.100,Open-Meteo Historical Weather API,"Casalecchio di Reno, Bologna, Italy",44.4756,11.2759
2022-03-22T08:00:00+00:00,7.200,-1.800,Open-Meteo Historical Weather API,"Casalecchio di Reno, Bologna, Italy",44.4756,11.2759
2022-03-22T09:00:00+00:00,9.100,-0.400,Open-Meteo Historical Weather API,"Casalecchio di Reno, Bologna, Italy",44.4756,11.2759
2022-03-22T10:00:00+00:00,10.600,-0.200,Open-Meteo Historical Weather API,"Casalecchio di Reno, Bologna, Italy",44.4756,11.2759
2022-03-22T11:00:00+00:00,11.900,-0.500,Open-Meteo Historical Weather API,"Casalecchio di Reno, Bologna, Italy",44.4756,11.2759
2022-03-22T12:00:00+00:00,12.900,-2.800,Open-Meteo Historical Weather API,"Casalecchio di Reno, Bologna, Italy",44.4756,11.2759
2022-03-22T13:00:00+00:00,13.300,-2.700,Open-Meteo Historical Weather API,"Casalecchio di Reno, Bologna, Italy",44.4756,11.2759
2022-03-22T14:00:00+00:00,13.500,-2.200,Open-Meteo Historical Weather API,"Casalecchio di Reno, Bologna, Italy",44.4756,11.2759
2022-03-22T15:00:00+00:00,13.400,-2.200,Open-Meteo Historical Weather API,"Casalecchio di Reno, Bologna, Italy",44.4756,11.2759
2022-03-22T16:00:00+00:00,12.600,-2.100,Open-Meteo Historical Weather API,"Casalecchio di Reno, Bologna, Italy",44.4756,11.2759
2022-03-22T17:00:00+00:00,9.100,2.100,Open-Meteo Historical Weather API,"Casalecchio di Reno, Bologna, Italy",44.4756,11.2759
2022-03-22T18:00:00+00:00,6.300,-1.100,Open-Meteo Historical Weather API,"Casalecchio di Reno, Bologna, Italy",44.4756,11.2759
2022-03-22T19:00:00+00:00,5.200,-1.500,Open-Meteo Historical Weather API,"Casalecchio di Reno, Bologna, Italy",44.4756,11.2759
2022-03-22T20:00:00+00:00,4.800,-2.500,Open-Meteo Historical Weather API,"Casalecchio di Reno, Bologna, Italy",44.4756,11.2759
2022-03-22T21:00:00+00:00,4.400,-3.200,Open-Meteo Historical Weather API,"Casalecchio di Reno, Bologna, Italy",44.4756,11.2759
2022-03-22T22:00:00+00:00,4.900,-3.900,Open-Meteo Historical Weather API,"Casalecchio di Reno, Bologna, Italy",44.4756,11.2759
2022-03-22T23:00:00+00:00,4.000,-4.100,Open-Meteo Historical Weather API,"Casalecchio di Reno, Bologna, Italy",44.4756,11.2759
2022-03-23T00:00:00+00:00,4.400,-4.800,Open-Meteo Historical Weather API,"Casalecchio di Reno, Bologna, Italy",44.4756,11.2759
2022-03-23T01:00:00+00:00,3.800,-4.800,Open-Meteo Historical Weather API,"Casalecchio di Reno, Bologna, Italy",44.4756,11.2759
2022-03-23T02:00:00+00:00,3.200,-4.800,Open-Meteo Historical Weather API,"Casalecchio di Reno, Bologna, Italy",44.4756,11.2759
2022-03-23T03:00:00+00:00,2.800,-4.900,Open-Meteo Historical Weather API,"Casalecchio di Reno, Bologna, Italy",44.4756,11.2759
2022-03-23T04:00:00+00:00,2.800,-5.400,Open-Meteo Historical Weather API,"Casalecchio di Reno, Bologna, Italy",44.4756,11.2759
2022-03-23T05:00:00+00:00,2.800,-6.100,Open-Meteo Historical Weather API,"Casalecchio di Reno, Bologna, Italy",44.4756,11.2759
2022-03-23T06:00:00+00:00,3.900,-5.700,Open-Meteo Historical Weather API,"Casalecchio di Reno, Bologna, Italy",44.4756,11.2759
2022-03-23T07:00:00+00:00,7.700,-3.500,Open-Meteo Historical Weather API,"Casalecchio di Reno, Bologna, Italy",44.4756,11.2759
2022-03-23T08:00:00+00:00,10.800,-4.300,Open-Meteo Historical Weather API,"Casalecchio di Reno, Bologna, Italy",44.4756,11.2759
2022-03-23T09:00:00+00:00,12.600,-4.300,Open-Meteo Historical Weather API,"Casalecchio di Reno, Bologna, Italy",44.4756,11.2759
2022-03-23T10:00:00+00:00,14.100,-3.300,Open-Meteo Historical Weather API,"Casalecchio di Reno, Bologna, Italy",44.4756,11.2759
2022-03-23T11:00:00+00:00,15.300,-2.700,Open-Meteo Historical Weather API,"Casalecchio di Reno, Bologna, Italy",44.4756,11.2759
2022-03-23T12:00:00+00:00,16.100,-3.000,Open-Meteo Historical Weather API,"Casalecchio di Reno, Bologna, Italy",44.4756,11.2759
2022-03-23T13:00:00+00:00,16.700,-2.900,Open-Meteo Historical Weather API,"Casalecchio di Reno, Bologna, Italy",44.4756,11.2759
2022-03-23T14:00:00+00:00,17.000,-2.800,Open-Meteo Historical Weather API,"Casalecchio di Reno, Bologna, Italy",44.4756,11.2759
2022-03-23T15:00:00+00:00,16.800,-3.000,Open-Meteo Historical Weather API,"Casalecchio di Reno, Bologna, Italy",44.4756,11.2759
2022-03-23T16:00:00+00:00,15.900,-0.100,Open-Meteo Historical Weather API,"Casalecchio di Reno, Bologna, Italy",44.4756,11.2759
2022-03-23T17:00:00+00:00,15.600,-3.500,Open-Meteo Historical Weather API,"Casalecchio di Reno, Bologna, Italy",44.4756,11.2759
2022-03-23T18:00:00+00:00,13.400,-3.200,Open-Meteo Historical Weather API,"Casalecchio di Reno, Bologna, Italy",44.4756,11.2759
2022-03-23T19:00:00+00:00,8.200,-2.200,Open-Meteo Historical Weather API,"Casalecchio di Reno, Bologna, Italy",44.4756,11.2759
2022-03-23T20:00:00+00:00,8.100,-2.800,Open-Meteo Historical Weather API,"Casalecchio di Reno, Bologna, Italy",44.4756,11.2759
2022-03-23T21:00:00+00:00,7.100,-3.000,Open-Meteo Historical Weather API,"Casalecchio di Reno, Bologna, Italy",44.4756,11.2759
2022-03-23T22:00:00+00:00,6.300,-3.100,Open-Meteo Historical Weather API,"Casalecchio di Reno, Bologna, Italy",44.4756,11.2759
2022-03-23T23:00:00+00:00,5.400,-3.200,Open-Meteo Historical Weather API,"Casalecchio di Reno, Bologna, Italy",44.4756,11.2759
2022-03-24T00:00:00+00:00,5.700,-4.100,Open-Meteo Historical Weather API,"Casalecchio di Reno, Bologna, Italy",44.4756,11.2759
2022-03-24T01:00:00+00:00,5.200,-4.200,Open-Meteo Historical Weather API,"Casalecchio di Reno, Bologna, Italy",44.4756,11.2759
2022-03-24T02:00:00+00:00,4.700,-4.300,Open-Meteo Historical Weather API,"Casalecchio di Reno, Bologna, Italy",44.4756,11.2759
2022-03-24T03:00:00+00:00,4.100,-4.700,Open-Meteo Historical Weather API,"Casalecchio di Reno, Bologna, Italy",44.4756,11.2759
2022-03-24T04:00:00+00:00,3.500,-5.000,Open-Meteo Historical Weather API,"Casalecchio di Reno, Bologna, Italy",44.4756,11.2759
2022-03-24T05:00:00+00:00,2.800,-5.200,Open-Meteo Historical Weather API,"Casalecchio di Reno, Bologna, Italy",44.4756,11.2759
2022-03-24T06:00:00+00:00,3.900,-4.400,Open-Meteo Historical Weather API,"Casalecchio di Reno, Bologna, Italy",44.4756,11.2759
2022-03-24T07:00:00+00:00,9.400,-1.500,Open-Meteo Historical Weather API,"Casalecchio di Reno, Bologna, Italy",44.4756,11.2759
2022-03-24T08:00:00+00:00,14.100,1.600,Open-Meteo Historical Weather API,"Casalecchio di Reno, Bologna, Italy",44.4756,11.2759
2022-03-24T09:00:00+00:00,16.500,-0.600,Open-Meteo Historical Weather API,"Casalecchio di Reno, Bologna, Italy",44.4756,11.2759
2022-03-24T10:00:00+00:00,17.900,-0.100,Open-Meteo Historical Weather API,"Casalecchio di Reno, Bologna, Italy",44.4756,11.2759
2022-03-24T11:00:00+00:00,19.100,0.200,Open-Meteo Historical Weather API,"Casalecchio di Reno, Bologna, Italy",44.4756,11.2759
2022-03-24T12:00:00+00:00,19.200,0.200,Open-Meteo Historical Weather API,"Casalecchio di Reno, Bologna, Italy",44.4756,11.2759
2022-03-24T13:00:00+00:00,19.900,0.400,Open-Meteo Historical Weather API,"Casalecchio di Reno, Bologna, Italy",44.4756,11.2759
2022-03-24T14:00:00+00:00,20.000,0.400,Open-Meteo Historical Weather API,"Casalecchio di Reno, Bologna, Italy",44.4756,11.2759
2022-03-24T15:00:00+00:00,19.800,0.600,Open-Meteo Historical Weather API,"Casalecchio di Reno, Bologna, Italy",44.4756,11.2759
2022-03-24T16:00:00+00:00,18.700,2.800,Open-Meteo Historical Weather API,"Casalecchio di Reno, Bologna, Italy",44.4756,11.2759
2022-03-24T17:00:00+00:00,14.900,5.800,Open-Meteo Historical Weather API,"Casalecchio di Reno, Bologna, Italy",44.4756,11.2759
2022-03-24T18:00:00+00:00,12.100,2.100,Open-Meteo Historical Weather API,"Casalecchio di Reno, Bologna, Italy",44.4756,11.2759
2022-03-24T19:00:00+00:00,11.200,1.500,Open-Meteo Historical Weather API,"Casalecchio di Reno, Bologna, Italy",44.4756,11.2759
2022-03-24T20:00:00+00:00,10.300,-2.200,Open-Meteo Historical Weather API,"Casalecchio di Reno, Bologna, Italy",44.4756,11.2759
2022-03-24T21:00:00+00:00,10.600,-3.400,Open-Meteo Historical Weather API,"Casalecchio di Reno, Bologna, Italy",44.4756,11.2759
2022-03-24T22:00:00+00:00,9.600,-3.000,Open-Meteo Historical Weather API,"Casalecchio di Reno, Bologna, Italy",44.4756,11.2759
2022-03-24T23:00:00+00:00,8.600,-3.400,Open-Meteo Historical Weather API,"Casalecchio di Reno, Bologna, Italy",44.4756,11.2759
2022-03-25T00:00:00+00:00,8.200,-3.800,Open-Meteo Historical Weather API,"Casalecchio di Reno, Bologna, Italy",44.4756,11.2759
2022-03-25T01:00:00+00:00,8.200,-4.200,Open-Meteo Historical Weather API,"Casalecchio di Reno, Bologna, Italy",44.4756,11.2759
2022-03-25T02:00:00+00:00,8.100,-4.600,Open-Meteo Historical Weather API,"Casalecchio di Reno, Bologna, Italy",44.4756,11.2759
2022-03-25T03:00:00+00:00,7.300,-4.600,Open-Meteo Historical Weather API,"Casalecchio di Reno, Bologna, Italy",44.4756,11.2759
2022-03-25T04:00:00+00:00,6.400,-4.300,Open-Meteo Historical Weather API,"Casalecchio di Reno, Bologna, Italy",44.4756,11.2759
2022-03-25T05:00:00+00:00,5.900,-4.200,Open-Meteo Historical Weather API,"Casalecchio di Reno, Bologna, Italy",44.4756,11.2759
2022-03-25T06:00:00+00:00,6.800,-3.300,Open-Meteo Historical Weather API,"Casalecchio di Reno, Bologna, Italy",44.4756,11.2759
2022-03-25T07:00:00+00:00,10.400,-0.600,Open-Meteo Historical Weather API,"Casalecchio di Reno, Bologna, Italy",44.4756,11.2759
2022-03-25T08:00:00+00:00,15.100,0.900,Open-Meteo Historical Weather API,"Casalecchio di Reno, Bologna, Italy",44.4756,11.2759
2022-03-25T09:00:00+00:00,17.200,-2.000,Open-Meteo Historical Weather API,"Casalecchio di Reno, Bologna, Italy",44.4756,11.2759
2022-03-25T10:00:00+00:00,18.500,-2.500,Open-Meteo Historical Weather API,"Casalecchio di Reno, Bologna, Italy",44.4756,11.2759
2022-03-25T11:00:00+00:00,19.400,-2.800,Open-Meteo Historical Weather API,"Casalecchio di Reno, Bologna, Italy",44.4756,11.2759
2022-03-25T12:00:00+00:00,19.800,-2.900,Open-Meteo Historical Weather API,"Casalecchio di Reno, Bologna, Italy",44.4756,11.2759
2022-03-25T13:00:00+00:00,20.200,-4.100,Open-Meteo Historical Weather API,"Casalecchio di Reno, Bologna, Italy",44.4756,11.2759
2022-03-25T14:00:00+00:00,20.300,-4.300,Open-Meteo Historical Weather API,"Casalecchio di Reno, Bologna, Italy",44.4756,11.2759
2022-03-25T15:00:00+00:00,20.100,-3.700,Open-Meteo Historical Weather API,"Casalecchio di Reno, Bologna, Italy",44.4756,11.2759
2022-03-25T16:00:00+00:00,19.300,-2.200,Open-Meteo Historical Weather API,"Casalecchio di Reno, Bologna, Italy",44.4756,11.2759
2022-03-25T17:00:00+00:00,15.500,3.800,Open-Meteo Historical Weather API,"Casalecchio di Reno, Bologna, Italy",44.4756,11.2759
2022-03-25T18:00:00+00:00,13.600,-1.000,Open-Meteo Historical Weather API,"Casalecchio di Reno, Bologna, Italy",44.4756,11.2759
2022-03-25T19:00:00+00:00,11.800,-0.900,Open-Meteo Historical Weather API,"Casalecchio di Reno, Bologna, Italy",44.4756,11.2759
2022-03-25T20:00:00+00:00,10.500,-1.700,Open-Meteo Historical Weather API,"Casalecchio di Reno, Bologna, Italy",44.4756,11.2759
2022-03-25T21:00:00+00:00,10.100,-2.000,Open-Meteo Historical Weather API,"Casalecchio di Reno, Bologna, Italy",44.4756,11.2759
2022-03-25T22:00:00+00:00,9.800,-1.500,Open-Meteo Historical Weather API,"Casalecchio di Reno, Bologna, Italy",44.4756,11.2759
2022-03-25T23:00:00+00:00,9.000,-0.900,Open-Meteo Historical Weather API,"Casalecchio di Reno, Bologna, Italy",44.4756,11.2759
2022-03-26T00:00:00+00:00,8.800,-1.400,Open-Meteo Historical Weather API,"Casalecchio di Reno, Bologna, Italy",44.4756,11.2759
2022-03-26T01:00:00+00:00,8.800,-1.600,Open-Meteo Historical Weather API,"Casalecchio di Reno, Bologna, Italy",44.4756,11.2759
2022-03-26T02:00:00+00:00,8.100,-1.900,Open-Meteo Historical Weather API,"Casalecchio di Reno, Bologna, Italy",44.4756,11.2759
2022-03-26T03:00:00+00:00,7.200,-2.200,Open-Meteo Historical Weather API,"Casalecchio di Reno, Bologna, Italy",44.4756,11.2759
2022-03-26T04:00:00+00:00,6.700,-2.700,Open-Meteo Historical Weather API,"Casalecchio di Reno, Bologna, Italy",44.4756,11.2759
2022-03-26T05:00:00+00:00,6.300,-3.100,Open-Meteo Historical Weather API,"Casalecchio di Reno, Bologna, Italy",44.4756,11.2759
2022-03-26T06:00:00+00:00,7.200,-2.200,Open-Meteo Historical Weather API,"Casalecchio di Reno, Bologna, Italy",44.4756,11.2759
2022-03-26T07:00:00+00:00,11.100,0.200,Open-Meteo Historical Weather API,"Casalecchio di Reno, Bologna, Italy",44.4756,11.2759
2022-03-26T08:00:00+00:00,14.400,-0.800,Open-Meteo Historical Weather API,"Casalecchio di Reno, Bologna, Italy",44.4756,11.2759
2022-03-26T09:00:00+00:00,16.100,-0.200,Open-Meteo Historical Weather API,"Casalecchio di Reno, Bologna, Italy",44.4756,11.2759
2022-03-26T10:00:00+00:00,17.600,0.300,Open-Meteo Historical Weather API,"Casalecchio di Reno, Bologna, Italy",44.4756,11.2759
2022-03-26T11:00:00+00:00,19.000,0.900,Open-Meteo Historical Weather API,"Casalecchio di Reno, Bologna, Italy",44.4756,11.2759
2022-03-26T12:00:00+00:00,19.500,-0.600,Open-Meteo Historical Weather API,"Casalecchio di Reno, Bologna, Italy",44.4756,11.2759
2022-03-26T13:00:00+00:00,20.000,-1.200,Open-Meteo Historical Weather API,"Casalecchio di Reno, Bologna, Italy",44.4756,11.2759
2022-03-26T14:00:00+00:00,20.100,-1.900,Open-Meteo Historical Weather API,"Casalecchio di Reno, Bologna, Italy",44.4756,11.2759
2022-03-26T15:00:00+00:00,20.000,-2.000,Open-Meteo Historical Weather API,"Casalecchio di Reno, Bologna, Italy",44.4756,11.2759
2022-03-26T16:00:00+00:00,19.100,-0.900,Open-Meteo Historical Weather API,"Casalecchio di Reno, Bologna, Italy",44.4756,11.2759
2022-03-26T17:00:00+00:00,15.800,1.500,Open-Meteo Historical Weather API,"Casalecchio di Reno, Bologna, Italy",44.4756,11.2759
2022-03-26T18:00:00+00:00,13.400,0.600,Open-Meteo Historical Weather API,"Casalecchio di Reno, Bologna, Italy",44.4756,11.2759
2022-03-26T19:00:00+00:00,11.600,1.100,Open-Meteo Historical Weather API,"Casalecchio di Reno, Bologna, Italy",44.4756,11.2759
2022-03-26T20:00:00+00:00,10.600,-0.300,Open-Meteo Historical Weather API,"Casalecchio di Reno, Bologna, Italy",44.4756,11.2759
2022-03-26T21:00:00+00:00,9.200,-1.500,Open-Meteo Historical Weather API,"Casalecchio di Reno, Bologna, Italy",44.4756,11.2759
2022-03-26T22:00:00+00:00,7.400,-2.500,Open-Meteo Historical Weather API,"Casalecchio di Reno, Bologna, Italy",44.4756,11.2759
2022-03-26T23:00:00+00:00,6.300,-3.100,Open-Meteo Historical Weather API,"Casalecchio di Reno, Bologna, Italy",44.4756,11.2759
2022-03-27T00:00:00+00:00,7.400,-6.400,Open-Meteo Historical Weather API,"Casalecchio di Reno, Bologna, Italy",44.4756,11.2759
2022-03-27T01:00:00+00:00,6.800,-6.900,Open-Meteo Historical Weather API,"Casalecchio di Reno, Bologna, Italy",44.4756,11.2759
2022-03-27T02:00:00+00:00,5.900,-6.500,Open-Meteo Historical Weather API,"Casalecchio di Reno, Bologna, Italy",44.4756,11.2759
2022-03-27T03:00:00+00:00,5.400,-6.300,Open-Meteo Historical Weather API,"Casalecchio di Reno, Bologna, Italy",44.4756,11.2759
2022-03-27T04:00:00+00:00,6.800,-7.600,Open-Meteo Historical Weather API,"Casalecchio di Reno, Bologna, Italy",44.4756,11.2759
2022-03-27T05:00:00+00:00,6.300,-7.400,Open-Meteo Historical Weather API,"Casalecchio di Reno, Bologna, Italy",44.4756,11.2759
2022-03-27T06:00:00+00:00,7.600,-4.900,Open-Meteo Historical Weather API,"Casalecchio di Reno, Bologna, Italy",44.4756,11.2759
2022-03-27T07:00:00+00:00,11.200,1.100,Open-Meteo Historical Weather API,"Casalecchio di Reno, Bologna, Italy",44.4756,11.2759
2022-03-27T08:00:00+00:00,14.600,-1.500,Open-Meteo Historical Weather API,"Casalecchio di Reno, Bologna, Italy",44.4756,11.2759
2022-03-27T09:00:00+00:00,15.900,-0.800,Open-Meteo Historical Weather API,"Casalecchio di Reno, Bologna, Italy",44.4756,11.2759
2022-03-27T10:00:00+00:00,17.500,1.200,Open-Meteo Historical Weather API,"Casalecchio di Reno, Bologna, Italy",44.4756,11.2759
2022-03-27T11:00:00+00:00,18.700,2.000,Open-Meteo Historical Weather API,"Casalecchio di Reno, Bologna, Italy",44.4756,11.2759
2022-03-27T12:00:00+00:00,18.100,3.100,Open-Meteo Historical Weather API,"Casalecchio di Reno, Bologna, Italy",44.4756,11.2759
2022-03-27T13:00:00+00:00,18.600,4.000,Open-Meteo Historical Weather API,"Casalecchio di Reno, Bologna, Italy",44.4756,11.2759
2022-03-27T14:00:00+00:00,18.900,3.700,Open-Meteo Historical Weather API,"Casalecchio di Reno, Bologna, Italy",44.4756,11.2759
2022-03-27T15:00:00+00:00,18.400,2.600,Open-Meteo Historical Weather API,"Casalecchio di Reno, Bologna, Italy",44.4756,11.2759
2022-03-27T16:00:00+00:00,17.100,2.700,Open-Meteo Historical Weather API,"Casalecchio di Reno, Bologna, Italy",44.4756,11.2759
2022-03-27T17:00:00+00:00,14.900,3.700,Open-Meteo Historical Weather API,"Casalecchio di Reno, Bologna, Italy",44.4756,11.2759
2022-03-27T18:00:00+00:00,11.100,3.900,Open-Meteo Historical Weather API,"Casalecchio di Reno, Bologna, Italy",44.4756,11.2759
2022-03-27T19:00:00+00:00,9.600,4.000,Open-Meteo Historical Weather API,"Casalecchio di Reno, Bologna, Italy",44.4756,11.2759
2022-03-27T20:00:00+00:00,8.800,3.800,Open-Meteo Historical Weather API,"Casalecchio di Reno, Bologna, Italy",44.4756,11.2759
2022-03-27T21:00:00+00:00,7.900,3.400,Open-Meteo Historical Weather API,"Casalecchio di Reno, Bologna, Italy",44.4756,11.2759
2022-03-27T22:00:00+00:00,6.800,2.200,Open-Meteo Historical Weather API,"Casalecchio di Reno, Bologna, Italy",44.4756,11.2759
2022-03-27T23:00:00+00:00,5.800,0.700,Open-Meteo Historical Weather API,"Casalecchio di Reno, Bologna, Italy",44.4756,11.2759
2022-03-28T00:00:00+00:00,6.700,-0.200,Open-Meteo Historical Weather API,"Casalecchio di Reno, Bologna, Italy",44.4756,11.2759
2022-03-28T01:00:00+00:00,6.300,-1.000,Open-Meteo Historical Weather API,"Casalecchio di Reno, Bologna, Italy",44.4756,11.2759
2022-03-28T02:00:00+00:00,6.300,-1.500,Open-Meteo Historical Weather API,"Casalecchio di Reno, Bologna, Italy",44.4756,11.2759
2022-03-28T03:00:00+00:00,6.700,-2.000,Open-Meteo Historical Weather API,"Casalecchio di Reno, Bologna, Italy",44.4756,11.2759
2022-03-28T04:00:00+00:00,5.200,-2.200,Open-Meteo Historical Weather API,"Casalecchio di Reno, Bologna, Italy",44.4756,11.2759
2022-03-28T05:00:00+00:00,4.000,-2.200,Open-Meteo Historical Weather API,"Casalecchio di Reno, Bologna, Italy",44.4756,11.2759
2022-03-28T06:00:00+00:00,5.400,-1.300,Open-Meteo Historical Weather API,"Casalecchio di Reno, Bologna, Italy",44.4756,11.2759
2022-03-28T07:00:00+00:00,11.000,1.300,Open-Meteo Historical Weather API,"Casalecchio di Reno, Bologna, Italy",44.4756,11.2759
2022-03-28T08:00:00+00:00,14.900,0.800,Open-Meteo Historical Weather API,"Casalecchio di Reno, Bologna, Italy",44.4756,11.2759
2022-03-28T09:00:00+00:00,16.700,0.400,Open-Meteo Historical Weather API,"Casalecchio di Reno, Bologna, Italy",44.4756,11.2759
2022-03-28T10:00:00+00:00,18.000,0.500,Open-Meteo Historical Weather API,"Casalecchio di Reno, Bologna, Italy",44.4756,11.2759
2022-03-28T11:00:00+00:00,19.200,0.300,Open-Meteo Historical Weather API,"Casalecchio di Reno, Bologna, Italy",44.4756,11.2759
2022-03-28T12:00:00+00:00,19.200,0.800,Open-Meteo Historical Weather API,"Casalecchio di Reno, Bologna, Italy",44.4756,11.2759
2022-03-28T13:00:00+00:00,19.600,0.600,Open-Meteo Historical Weather API,"Casalecchio di Reno, Bologna, Italy",44.4756,11.2759
2022-03-28T14:00:00+00:00,19.600,1.400,Open-Meteo Historical Weather API,"Casalecchio di Reno, Bologna, Italy",44.4756,11.2759
2022-03-28T15:00:00+00:00,18.800,2.800,Open-Meteo Historical Weather API,"Casalecchio di Reno, Bologna, Italy",44.4756,11.2759
2022-03-28T16:00:00+00:00,17.800,3.200,Open-Meteo Historical Weather API,"Casalecchio di Reno, Bologna, Italy",44.4756,11.2759
2022-03-28T17:00:00+00:00,15.600,3.800,Open-Meteo Historical Weather API,"Casalecchio di Reno, Bologna, Italy",44.4756,11.2759
2022-03-28T18:00:00+00:00,12.400,3.600,Open-Meteo Historical Weather API,"Casalecchio di Reno, Bologna, Italy",44.4756,11.2759
2022-03-28T19:00:00+00:00,10.600,4.000,Open-Meteo Historical Weather API,"Casalecchio di Reno, Bologna, Italy",44.4756,11.2759
2022-03-28T20:00:00+00:00,8.800,4.400,Open-Meteo Historical Weather API,"Casalecchio di Reno, Bologna, Italy",44.4756,11.2759
2022-03-28T21:00:00+00:00,9.100,4.100,Open-Meteo Historical Weather API,"Casalecchio di Reno, Bologna, Italy",44.4756,11.2759
2022-03-28T22:00:00+00:00,8.300,3.500,Open-Meteo Historical Weather API,"Casalecchio di Reno, Bologna, Italy",44.4756,11.2759
2022-03-28T23:00:00+00:00,8.500,3.000,Open-Meteo Historical Weather API,"Casalecchio di Reno, Bologna, Italy",44.4756,11.2759
2022-03-29T00:00:00+00:00,7.800,2.000,Open-Meteo Historical Weather API,"Casalecchio di Reno, Bologna, Italy",44.4756,11.2759
2022-03-29T01:00:00+00:00,5.400,1.900,Open-Meteo Historical Weather API,"Casalecchio di Reno, Bologna, Italy",44.4756,11.2759
2022-03-29T02:00:00+00:00,5.300,1.900,Open-Meteo Historical Weather API,"Casalecchio di Reno, Bologna, Italy",44.4756,11.2759
2022-03-29T03:00:00+00:00,4.900,1.900,Open-Meteo Historical Weather API,"Casalecchio di Reno, Bologna, Italy",44.4756,11.2759
2022-03-29T04:00:00+00:00,5.200,1.400,Open-Meteo Historical Weather API,"Casalecchio di Reno, Bologna, Italy",44.4756,11.2759
2022-03-29T05:00:00+00:00,5.200,0.900,Open-Meteo Historical Weather API,"Casalecchio di Reno, Bologna, Italy",44.4756,11.2759
2022-03-29T06:00:00+00:00,6.900,1.500,Open-Meteo Historical Weather API,"Casalecchio di Reno, Bologna, Italy",44.4756,11.2759
2022-03-29T07:00:00+00:00,9.900,2.400,Open-Meteo Historical Weather API,"Casalecchio di Reno, Bologna, Italy",44.4756,11.2759
2022-03-29T08:00:00+00:00,11.200,5.600,Open-Meteo Historical Weather API,"Casalecchio di Reno, Bologna, Italy",44.4756,11.2759
2022-03-29T09:00:00+00:00,12.500,7.400,Open-Meteo Historical Weather API,"Casalecchio di Reno, Bologna, Italy",44.4756,11.2759
2022-03-29T10:00:00+00:00,14.400,6.900,Open-Meteo Historical Weather API,"Casalecchio di Reno, Bologna, Italy",44.4756,11.2759
2022-03-29T11:00:00+00:00,16.200,6.500,Open-Meteo Historical Weather API,"Casalecchio di Reno, Bologna, Italy",44.4756,11.2759
2022-03-29T12:00:00+00:00,16.900,5.700,Open-Meteo Historical Weather API,"Casalecchio di Reno, Bologna, Italy",44.4756,11.2759
2022-03-29T13:00:00+00:00,18.100,6.100,Open-Meteo Historical Weather API,"Casalecchio di Reno, Bologna, Italy",44.4756,11.2759
2022-03-29T14:00:00+00:00,18.800,6.800,Open-Meteo Historical Weather API,"Casalecchio di Reno, Bologna, Italy",44.4756,11.2759
2022-03-29T15:00:00+00:00,19.000,6.900,Open-Meteo Historical Weather API,"Casalecchio di Reno, Bologna, Italy",44.4756,11.2759
2022-03-29T16:00:00+00:00,18.800,5.800,Open-Meteo Historical Weather API,"Casalecchio di Reno, Bologna, Italy",44.4756,11.2759
2022-03-29T17:00:00+00:00,16.800,7.600,Open-Meteo Historical Weather API,"Casalecchio di Reno, Bologna, Italy",44.4756,11.2759
2022-03-29T18:00:00+00:00,13.100,6.100,Open-Meteo Historical Weather API,"Casalecchio di Reno, Bologna, Italy",44.4756,11.2759
2022-03-29T19:00:00+00:00,14.100,3.600,Open-Meteo Historical Weather API,"Casalecchio di Reno, Bologna, Italy",44.4756,11.2759
2022-03-29T20:00:00+00:00,13.600,3.500,Open-Meteo Historical Weather API,"Casalecchio di Reno, Bologna, Italy",44.4756,11.2759
2022-03-29T21:00:00+00:00,12.600,3.500,Open-Meteo Historical Weather API,"Casalecchio di Reno, Bologna, Italy",44.4756,11.2759
2022-03-29T22:00:00+00:00,13.000,3.500,Open-Meteo Historical Weather API,"Casalecchio di Reno, Bologna, Italy",44.4756,11.2759
2022-03-29T23:00:00+00:00,11.900,3.500,Open-Meteo Historical Weather API,"Casalecchio di Reno, Bologna, Italy",44.4756,11.2759
2022-03-30T00:00:00+00:00,8.800,4.700,Open-Meteo Historical Weather API,"Casalecchio di Reno, Bologna, Italy",44.4756,11.2759
2022-03-30T01:00:00+00:00,10.200,4.600,Open-Meteo Historical Weather API,"Casalecchio di Reno, Bologna, Italy",44.4756,11.2759
2022-03-30T02:00:00+00:00,10.600,4.900,Open-Meteo Historical Weather API,"Casalecchio di Reno, Bologna, Italy",44.4756,11.2759
2022-03-30T03:00:00+00:00,7.700,5.200,Open-Meteo Historical Weather API,"Casalecchio di Reno, Bologna, Italy",44.4756,11.2759
2022-03-30T04:00:00+00:00,7.600,5.700,Open-Meteo Historical Weather API,"Casalecchio di Reno, Bologna, Italy",44.4756,11.2759
2022-03-30T05:00:00+00:00,8.100,6.200,Open-Meteo Historical Weather API,"Casalecchio di Reno, Bologna, Italy",44.4756,11.2759
2022-03-30T06:00:00+00:00,8.900,6.400,Open-Meteo Historical Weather API,"Casalecchio di Reno, Bologna, Italy",44.4756,11.2759
2022-03-30T07:00:00+00:00,11.000,6.700,Open-Meteo Historical Weather API,"Casalecchio di Reno, Bologna, Italy",44.4756,11.2759
2022-03-30T08:00:00+00:00,12.100,7.200,Open-Meteo Historical Weather API,"Casalecchio di Reno, Bologna, Italy",44.4756,11.2759
2022-03-30T09:00:00+00:00,12.300,7.600,Open-Meteo Historical Weather API,"Casalecchio di Reno, Bologna, Italy",44.4756,11.2759
2022-03-30T10:00:00+00:00,12.600,7.600,Open-Meteo Historical Weather API,"Casalecchio di Reno, Bologna, Italy",44.4756,11.2759
2022-03-30T11:00:00+00:00,13.600,8.100,Open-Meteo Historical Weather API,"Casalecchio di Reno, Bologna, Italy",44.4756,11.2759
2022-03-30T12:00:00+00:00,11.100,9.100,Open-Meteo Historical Weather API,"Casalecchio di Reno, Bologna, Italy",44.4756,11.2759
2022-03-30T13:00:00+00:00,12.000,9.800,Open-Meteo Historical Weather API,"Casalecchio di Reno, Bologna, Italy",44.4756,11.2759
2022-03-30T14:00:00+00:00,12.600,8.400,Open-Meteo Historical Weather API,"Casalecchio di Reno, Bologna, Italy",44.4756,11.2759
2022-03-30T15:00:00+00:00,12.100,7.900,Open-Meteo Historical Weather API,"Casalecchio di Reno, Bologna, Italy",44.4756,11.2759
2022-03-30T16:00:00+00:00,11.800,7.800,Open-Meteo Historical Weather API,"Casalecchio di Reno, Bologna, Italy",44.4756,11.2759
2022-03-30T17:00:00+00:00,11.100,8.100,Open-Meteo Historical Weather API,"Casalecchio di Reno, Bologna, Italy",44.4756,11.2759
2022-03-30T18:00:00+00:00,10.300,8.500,Open-Meteo Historical Weather API,"Casalecchio di Reno, Bologna, Italy",44.4756,11.2759
2022-03-30T19:00:00+00:00,10.000,7.900,Open-Meteo Historical Weather API,"Casalecchio di Reno, Bologna, Italy",44.4756,11.2759
2022-03-30T20:00:00+00:00,9.600,8.000,Open-Meteo Historical Weather API,"Casalecchio di Reno, Bologna, Italy",44.4756,11.2759
2022-03-30T21:00:00+00:00,9.400,8.100,Open-Meteo Historical Weather API,"Casalecchio di Reno, Bologna, Italy",44.4756,11.2759
2022-03-30T22:00:00+00:00,9.200,8.300,Open-Meteo Historical Weather API,"Casalecchio di Reno, Bologna, Italy",44.4756,11.2759
2022-03-30T23:00:00+00:00,9.200,8.600,Open-Meteo Historical Weather API,"Casalecchio di Reno, Bologna, Italy",44.4756,11.2759
2022-03-31T00:00:00+00:00,9.500,9.200,Open-Meteo Historical Weather API,"Casalecchio di Reno, Bologna, Italy",44.4756,11.2759
2022-03-31T01:00:00+00:00,9.400,9.100,Open-Meteo Historical Weather API,"Casalecchio di Reno, Bologna, Italy",44.4756,11.2759
2022-03-31T02:00:00+00:00,9.200,9.000,Open-Meteo Historical Weather API,"Casalecchio di Reno, Bologna, Italy",44.4756,11.2759
2022-03-31T03:00:00+00:00,9.200,8.900,Open-Meteo Historical Weather API,"Casalecchio di Reno, Bologna, Italy",44.4756,11.2759
2022-03-31T04:00:00+00:00,9.100,8.900,Open-Meteo Historical Weather API,"Casalecchio di Reno, Bologna, Italy",44.4756,11.2759
2022-03-31T05:00:00+00:00,9.100,9.000,Open-Meteo Historical Weather API,"Casalecchio di Reno, Bologna, Italy",44.4756,11.2759
2022-03-31T06:00:00+00:00,9.100,9.100,Open-Meteo Historical Weather API,"Casalecchio di Reno, Bologna, Italy",44.4756,11.2759
2022-03-31T07:00:00+00:00,9.200,8.900,Open-Meteo Historical Weather API,"Casalecchio di Reno, Bologna, Italy",44.4756,11.2759
2022-03-31T08:00:00+00:00,9.500,9.000,Open-Meteo Historical Weather API,"Casalecchio di Reno, Bologna, Italy",44.4756,11.2759
2022-03-31T09:00:00+00:00,9.800,9.100,Open-Meteo Historical Weather API,"Casalecchio di Reno, Bologna, Italy",44.4756,11.2759
2022-03-31T10:00:00+00:00,10.200,8.900,Open-Meteo Historical Weather API,"Casalecchio di Reno, Bologna, Italy",44.4756,11.2759
2022-03-31T11:00:00+00:00,11.000,8.900,Open-Meteo Historical Weather API,"Casalecchio di Reno, Bologna, Italy",44.4756,11.2759
2022-03-31T12:00:00+00:00,9.700,8.500,Open-Meteo Historical Weather API,"Casalecchio di Reno, Bologna, Italy",44.4756,11.2759
2022-03-31T13:00:00+00:00,9.600,8.100,Open-Meteo Historical Weather API,"Casalecchio di Reno, Bologna, Italy",44.4756,11.2759
2022-03-31T14:00:00+00:00,9.800,7.100,Open-Meteo Historical Weather API,"Casalecchio di Reno, Bologna, Italy",44.4756,11.2759
2022-03-31T15:00:00+00:00,11.000,6.700,Open-Meteo Historical Weather API,"Casalecchio di Reno, Bologna, Italy",44.4756,11.2759
2022-03-31T16:00:00+00:00,11.600,6.300,Open-Meteo Historical Weather API,"Casalecchio di Reno, Bologna, Italy",44.4756,11.2759
2022-03-31T17:00:00+00:00,10.500,7.100,Open-Meteo Historical Weather API,"Casalecchio di Reno, Bologna, Italy",44.4756,11.2759
2022-03-31T18:00:00+00:00,8.600,6.300,Open-Meteo Historical Weather API,"Casalecchio di Reno, Bologna, Italy",44.4756,11.2759
2022-03-31T19:00:00+00:00,7.100,5.300,Open-Meteo Historical Weather API,"Casalecchio di Reno, Bologna, Italy",44.4756,11.2759
2022-03-31T20:00:00+00:00,7.100,5.800,Open-Meteo Historical Weather API,"Casalecchio di Reno, Bologna, Italy",44.4756,11.2759
2022-03-31T21:00:00+00:00,6.800,5.800,Open-Meteo Historical Weather API,"Casalecchio di Reno, Bologna, Italy",44.4756,11.2759
2022-03-31T22:00:00+00:00,6.800,5.800,Open-Meteo Historical Weather API,"Casalecchio di Reno, Bologna, Italy",44.4756,11.2759
2022-03-31T23:00:00+00:00,7.700,6.500,Open-Meteo Historical Weather API,"Casalecchio di Reno, Bologna, Italy",44.4756,11.2759
2022-04-01T00:00:00+00:00,8.800,7.300,Open-Meteo Historical Weather API,"Casalecchio di Reno, Bologna, Italy",44.4756,11.2759
2022-04-01T01:00:00+00:00,9.100,7.400,Open-Meteo Historical Weather API,"Casalecchio di Reno, Bologna, Italy",44.4756,11.2759
2022-04-01T02:00:00+00:00,7.500,6.200,Open-Meteo Historical Weather API,"Casalecchio di Reno, Bologna, Italy",44.4756,11.2759
2022-04-01T03:00:00+00:00,8.000,7.200,Open-Meteo Historical Weather API,"Casalecchio di Reno, Bologna, Italy",44.4756,11.2759
2022-04-01T04:00:00+00:00,9.200,7.200,Open-Meteo Historical Weather API,"Casalecchio di Reno, Bologna, Italy",44.4756,11.2759
2022-04-01T05:00:00+00:00,7.400,6.300,Open-Meteo Historical Weather API,"Casalecchio di Reno, Bologna, Italy",44.4756,11.2759
2022-04-01T06:00:00+00:00,10.100,7.500,Open-Meteo Historical Weather API,"Casalecchio di Reno, Bologna, Italy",44.4756,11.2759
2022-04-01T07:00:00+00:00,12.100,7.800,Open-Meteo Historical Weather API,"Casalecchio di Reno, Bologna, Italy",44.4756,11.2759
2022-04-01T08:00:00+00:00,13.100,7.100,Open-Meteo Historical Weather API,"Casalecchio di Reno, Bologna, Italy",44.4756,11.2759
2022-04-01T09:00:00+00:00,14.100,6.100,Open-Meteo Historical Weather API,"Casalecchio di Reno, Bologna, Italy",44.4756,11.2759
2022-04-01T10:00:00+00:00,15.400,5.200,Open-Meteo Historical Weather API,"Casalecchio di Reno, Bologna, Italy",44.4756,11.2759
2022-04-01T11:00:00+00:00,16.300,5.200,Open-Meteo Historical Weather API,"Casalecchio di Reno, Bologna, Italy",44.4756,11.2759
2022-04-01T12:00:00+00:00,16.400,4.600,Open-Meteo Historical Weather API,"Casalecchio di Reno, Bologna, Italy",44.4756,11.2759
2022-04-01T13:00:00+00:00,15.500,4.600,Open-Meteo Historical Weather API,"Casalecchio di Reno, Bologna, Italy",44.4756,11.2759
2022-04-01T14:00:00+00:00,15.400,4.600,Open-Meteo Historical Weather API,"Casalecchio di Reno, Bologna, Italy",44.4756,11.2759
2022-04-01T15:00:00+00:00,14.400,5.200,Open-Meteo Historical Weather API,"Casalecchio di Reno, Bologna, Italy",44.4756,11.2759
2022-04-01T16:00:00+00:00,13.400,3.500,Open-Meteo Historical Weather API,"Casalecchio di Reno, Bologna, Italy",44.4756,11.2759
2022-04-01T17:00:00+00:00,11.700,2.200,Open-Meteo Historical Weather API,"Casalecchio di Reno, Bologna, Italy",44.4756,11.2759
2022-04-01T18:00:00+00:00,9.200,1.500,Open-Meteo Historical Weather API,"Casalecchio di Reno, Bologna, Italy",44.4756,11.2759
2022-04-01T19:00:00+00:00,8.400,0.800,Open-Meteo Historical Weather API,"Casalecchio di Reno, Bologna, Italy",44.4756,11.2759
2022-04-01T20:00:00+00:00,8.800,-0.700,Open-Meteo Historical Weather API,"Casalecchio di Reno, Bologna, Italy",44.4756,11.2759
2022-04-01T21:00:00+00:00,8.400,1.600,Open-Meteo Historical Weather API,"Casalecchio di Reno, Bologna, Italy",44.4756,11.2759
2022-04-01T22:00:00+00:00,7.800,2.600,Open-Meteo Historical Weather API,"Casalecchio di Reno, Bologna, Italy",44.4756,11.2759
2022-04-01T23:00:00+00:00,7.300,1.200,Open-Meteo Historical Weather API,"Casalecchio di Reno, Bologna, Italy",44.4756,11.2759
2022-04-02T00:00:00+00:00,6.400,0.800,Open-Meteo Historical Weather API,"Casalecchio di Reno, Bologna, Italy",44.4756,11.2759
2022-04-02T01:00:00+00:00,6.200,-0.600,Open-Meteo Historical Weather API,"Casalecchio di Reno, Bologna, Italy",44.4756,11.2759
2022-04-02T02:00:00+00:00,6.800,-2.200,Open-Meteo Historical Weather API,"Casalecchio di Reno, Bologna, Italy",44.4756,11.2759
2022-04-02T03:00:00+00:00,5.800,-3.100,Open-Meteo Historical Weather API,"Casalecchio di Reno, Bologna, Italy",44.4756,11.2759
2022-04-02T04:00:00+00:00,5.000,-3.200,Open-Meteo Historical Weather API,"Casalecchio di Reno, Bologna, Italy",44.4756,11.2759
2022-04-02T05:00:00+00:00,4.300,-1.600,Open-Meteo Historical Weather API,"Casalecchio di Reno, Bologna, Italy",44.4756,11.2759
2022-04-02T06:00:00+00:00,5.400,-0.600,Open-Meteo Historical Weather API,"Casalecchio di Reno, Bologna, Italy",44.4756,11.2759
2022-04-02T07:00:00+00:00,7.500,-0.600,Open-Meteo Historical Weather API,"Casalecchio di Reno, Bologna, Italy",44.4756,11.2759
2022-04-02T08:00:00+00:00,8.900,-0.300,Open-Meteo Historical Weather API,"Casalecchio di Reno, Bologna, Italy",44.4756,11.2759
2022-04-02T09:00:00+00:00,9.900,0.300,Open-Meteo Historical Weather API,"Casalecchio di Reno, Bologna, Italy",44.4756,11.2759
2022-04-02T10:00:00+00:00,10.900,0.400,Open-Meteo Historical Weather API,"Casalecchio di Reno, Bologna, Italy",44.4756,11.2759
2022-04-02T11:00:00+00:00,10.600,-0.200,Open-Meteo Historical Weather API,"Casalecchio di Reno, Bologna, Italy",44.4756,11.2759
2022-04-02T12:00:00+00:00,10.600,1.400,Open-Meteo Historical Weather API,"Casalecchio di Reno, Bologna, Italy",44.4756,11.2759
2022-04-02T13:00:00+00:00,8.600,2.000,Open-Meteo Historical Weather API,"Casalecchio di Reno, Bologna, Italy",44.4756,11.2759
2022-04-02T14:00:00+00:00,9.100,2.000,Open-Meteo Historical Weather API,"Casalecchio di Reno, Bologna, Italy",44.4756,11.2759
2022-04-02T15:00:00+00:00,8.100,3.200,Open-Meteo Historical Weather API,"Casalecchio di Reno, Bologna, Italy",44.4756,11.2759
2022-04-02T16:00:00+00:00,7.300,3.200,Open-Meteo Historical Weather API,"Casalecchio di Reno, Bologna, Italy",44.4756,11.2759
2022-04-02T17:00:00+00:00,6.900,4.200,Open-Meteo Historical Weather API,"Casalecchio di Reno, Bologna, Italy",44.4756,11.2759
2022-04-02T18:00:00+00:00,5.000,3.300,Open-Meteo Historical Weather API,"Casalecchio di Reno, Bologna, Italy",44.4756,11.2759
2022-04-02T19:00:00+00:00,5.600,3.500,Open-Meteo Historical Weather API,"Casalecchio di Reno, Bologna, Italy",44.4756,11.2759
2022-04-02T20:00:00+00:00,4.700,2.700,Open-Meteo Historical Weather API,"Casalecchio di Reno, Bologna, Italy",44.4756,11.2759
2022-04-02T21:00:00+00:00,4.200,2.300,Open-Meteo Historical Weather API,"Casalecchio di Reno, Bologna, Italy",44.4756,11.2759
2022-04-02T22:00:00+00:00,4.400,2.700,Open-Meteo Historical Weather API,"Casalecchio di Reno, Bologna, Italy",44.4756,11.2759
2022-04-02T23:00:00+00:00,3.800,2.500,Open-Meteo Historical Weather API,"Casalecchio di Reno, Bologna, Italy",44.4756,11.2759
2022-04-03T00:00:00+00:00,4.400,3.200,Open-Meteo Historical Weather API,"Casalecchio di Reno, Bologna, Italy",44.4756,11.2759
2022-04-03T01:00:00+00:00,4.700,3.400,Open-Meteo Historical Weather API,"Casalecchio di Reno, Bologna, Italy",44.4756,11.2759
2022-04-03T02:00:00+00:00,4.300,3.300,Open-Meteo Historical Weather API,"Casalecchio di Reno, Bologna, Italy",44.4756,11.2759
2022-04-03T03:00:00+00:00,4.100,3.200,Open-Meteo Historical Weather API,"Casalecchio di Reno, Bologna, Italy",44.4756,11.2759
2022-04-03T04:00:00+00:00,4.200,3.000,Open-Meteo Historical Weather API,"Casalecchio di Reno, Bologna, Italy",44.4756,11.2759
2022-04-03T05:00:00+00:00,4.100,2.500,Open-Meteo Historical Weather API,"Casalecchio di Reno, Bologna, Italy",44.4756,11.2759
2022-04-03T06:00:00+00:00,4.400,3.000,Open-Meteo Historical Weather API,"Casalecchio di Reno, Bologna, Italy",44.4756,11.2759
2022-04-03T07:00:00+00:00,5.800,3.500,Open-Meteo Historical Weather API,"Casalecchio di Reno, Bologna, Italy",44.4756,11.2759
2022-04-03T08:00:00+00:00,7.100,3.800,Open-Meteo Historical Weather API,"Casalecchio di Reno, Bologna, Italy",44.4756,11.2759
2022-04-03T09:00:00+00:00,8.400,4.200,Open-Meteo Historical Weather API,"Casalecchio di Reno, Bologna, Italy",44.4756,11.2759
2022-04-03T10:00:00+00:00,9.600,4.000,Open-Meteo Historical Weather API,"Casalecchio di Reno, Bologna, Italy",44.4756,11.2759
2022-04-03T11:00:00+00:00,10.100,3.300,Open-Meteo Historical Weather API,"Casalecchio di Reno, Bologna, Italy",44.4756,11.2759
2022-04-03T12:00:00+00:00,10.600,3.300,Open-Meteo Historical Weather API,"Casalecchio di Reno, Bologna, Italy",44.4756,11.2759
2022-04-03T13:00:00+00:00,11.400,2.900,Open-Meteo Historical Weather API,"Casalecchio di Reno, Bologna, Italy",44.4756,11.2759
2022-04-03T14:00:00+00:00,11.400,2.300,Open-Meteo Historical Weather API,"Casalecchio di Reno, Bologna, Italy",44.4756,11.2759
2022-04-03T15:00:00+00:00,11.200,1.700,Open-Meteo Historical Weather API,"Casalecchio di Reno, Bologna, Italy",44.4756,11.2759
2022-04-03T16:00:00+00:00,10.600,0.600,Open-Meteo Historical Weather API,"Casalecchio di Reno, Bologna, Italy",44.4756,11.2759
2022-04-03T17:00:00+00:00,9.700,-0.300,Open-Meteo Historical Weather API,"Casalecchio di Reno, Bologna, Italy",44.4756,11.2759
2022-04-03T18:00:00+00:00,8.600,-0.600,Open-Meteo Historical Weather API,"Casalecchio di Reno, Bologna, Italy",44.4756,11.2759
2022-04-03T19:00:00+00:00,7.800,-0.200,Open-Meteo Historical Weather API,"Casalecchio di Reno, Bologna, Italy",44.4756,11.2759
2022-04-03T20:00:00+00:00,6.900,1.900,Open-Meteo Historical Weather API,"Casalecchio di Reno, Bologna, Italy",44.4756,11.2759
2022-04-03T21:00:00+00:00,6.100,3.600,Open-Meteo Historical Weather API,"Casalecchio di Reno, Bologna, Italy",44.4756,11.2759
2022-04-03T22:00:00+00:00,5.900,3.800,Open-Meteo Historical Weather API,"Casalecchio di Reno, Bologna, Italy",44.4756,11.2759
2022-04-03T23:00:00+00:00,4.800,3.200,Open-Meteo Historical Weather API,"Casalecchio di Reno, Bologna, Italy",44.4756,11.2759
2022-04-04T00:00:00+00:00,6.400,4.000,Open-Meteo Historical Weather API,"Casalecchio di Reno, Bologna, Italy",44.4756,11.2759
2022-04-04T01:00:00+00:00,5.100,4.000,Open-Meteo Historical Weather API,"Casalecchio di Reno, Bologna, Italy",44.4756,11.2759
2022-04-04T02:00:00+00:00,5.100,4.400,Open-Meteo Historical Weather API,"Casalecchio di Reno, Bologna, Italy",44.4756,11.2759
2022-04-04T03:00:00+00:00,5.100,4.300,Open-Meteo Historical Weather API,"Casalecchio di Reno, Bologna, Italy",44.4756,11.2759
2022-04-04T04:00:00+00:00,4.700,4.300,Open-Meteo Historical Weather API,"Casalecchio di Reno, Bologna, Italy",44.4756,11.2759
2022-04-04T05:00:00+00:00,4.100,3.900,Open-Meteo Historical Weather API,"Casalecchio di Reno, Bologna, Italy",44.4756,11.2759
2022-04-04T06:00:00+00:00,4.600,4.100,Open-Meteo Historical Weather API,"Casalecchio di Reno, Bologna, Italy",44.4756,11.2759
2022-04-04T07:00:00+00:00,6.200,4.400,Open-Meteo Historical Weather API,"Casalecchio di Reno, Bologna, Italy",44.4756,11.2759
2022-04-04T08:00:00+00:00,7.700,4.700,Open-Meteo Historical Weather API,"Casalecchio di Reno, Bologna, Italy",44.4756,11.2759
2022-04-04T09:00:00+00:00,9.100,4.600,Open-Meteo Historical Weather API,"Casalecchio di Reno, Bologna, Italy",44.4756,11.2759
2022-04-04T10:00:00+00:00,9.900,4.400,Open-Meteo Historical Weather API,"Casalecchio di Reno, Bologna, Italy",44.4756,11.2759
2022-04-04T11:00:00+00:00,11.300,3.800,Open-Meteo Historical Weather API,"Casalecchio di Reno, Bologna, Italy",44.4756,11.2759
2022-04-04T12:00:00+00:00,11.200,4.800,Open-Meteo Historical Weather API,"Casalecchio di Reno, Bologna, Italy",44.4756,11.2759
2022-04-04T13:00:00+00:00,11.600,3.700,Open-Meteo Historical Weather API,"Casalecchio di Reno, Bologna, Italy",44.4756,11.2759
2022-04-04T14:00:00+00:00,11.000,3.200,Open-Meteo Historical Weather API,"Casalecchio di Reno, Bologna, Italy",44.4756,11.2759
2022-04-04T15:00:00+00:00,11.400,3.100,Open-Meteo Historical Weather API,"Casalecchio di Reno, Bologna, Italy",44.4756,11.2759
2022-04-04T16:00:00+00:00,11.200,3.000,Open-Meteo Historical Weather API,"Casalecchio di Reno, Bologna, Italy",44.4756,11.2759
2022-04-04T17:00:00+00:00,10.200,5.100,Open-Meteo Historical Weather API,"Casalecchio di Reno, Bologna, Italy",44.4756,11.2759
2022-04-04T18:00:00+00:00,7.600,4.000,Open-Meteo Historical Weather API,"Casalecchio di Reno, Bologna, Italy",44.4756,11.2759
2022-04-04T19:00:00+00:00,6.400,4.500,Open-Meteo Historical Weather API,"Casalecchio di Reno, Bologna, Italy",44.4756,11.2759
2022-04-04T20:00:00+00:00,5.500,4.200,Open-Meteo Historical Weather API,"Casalecchio di Reno, Bologna, Italy",44.4756,11.2759
2022-04-04T21:00:00+00:00,5.400,3.700,Open-Meteo Historical Weather API,"Casalecchio di Reno, Bologna, Italy",44.4756,11.2759
2022-04-04T22:00:00+00:00,5.200,3.200,Open-Meteo Historical Weather API,"Casalecchio di Reno, Bologna, Italy",44.4756,11.2759
2022-04-04T23:00:00+00:00,4.800,2.800,Open-Meteo Historical Weather API,"Casalecchio di Reno, Bologna, Italy",44.4756,11.2759
2022-04-05T00:00:00+00:00,4.400,3.000,Open-Meteo Historical Weather API,"Casalecchio di Reno, Bologna, Italy",44.4756,11.2759
2022-04-05T01:00:00+00:00,4.400,2.800,Open-Meteo Historical Weather API,"Casalecchio di Reno, Bologna, Italy",44.4756,11.2759
2022-04-05T02:00:00+00:00,4.100,2.600,Open-Meteo Historical Weather API,"Casalecchio di Reno, Bologna, Italy",44.4756,11.2759
2022-04-05T03:00:00+00:00,3.800,2.200,Open-Meteo Historical Weather API,"Casalecchio di Reno, Bologna, Italy",44.4756,11.2759
2022-04-05T04:00:00+00:00,3.700,1.900,Open-Meteo Historical Weather API,"Casalecchio di Reno, Bologna, Italy",44.4756,11.2759
2022-04-05T05:00:00+00:00,3.200,1.500,Open-Meteo Historical Weather API,"Casalecchio di Reno, Bologna, Italy",44.4756,11.2759
2022-04-05T06:00:00+00:00,4.900,2.300,Open-Meteo Historical Weather API,"Casalecchio di Reno, Bologna, Italy",44.4756,11.2759
2022-04-05T07:00:00+00:00,8.600,4.900,Open-Meteo Historical Weather API,"Casalecchio di Reno, Bologna, Italy",44.4756,11.2759
2022-04-05T08:00:00+00:00,11.400,4.200,Open-Meteo Historical Weather API,"Casalecchio di Reno, Bologna, Italy",44.4756,11.2759
2022-04-05T09:00:00+00:00,12.800,4.400,Open-Meteo Historical Weather API,"Casalecchio di Reno, Bologna, Italy",44.4756,11.2759
2022-04-05T10:00:00+00:00,13.900,4.300,Open-Meteo Historical Weather API,"Casalecchio di Reno, Bologna, Italy",44.4756,11.2759
2022-04-05T11:00:00+00:00,14.800,4.200,Open-Meteo Historical Weather API,"Casalecchio di Reno, Bologna, Italy",44.4756,11.2759
2022-04-05T12:00:00+00:00,14.900,3.500,Open-Meteo Historical Weather API,"Casalecchio di Reno, Bologna, Italy",44.4756,11.2759
2022-04-05T13:00:00+00:00,15.500,3.300,Open-Meteo Historical Weather API,"Casalecchio di Reno, Bologna, Italy",44.4756,11.2759
2022-04-05T14:00:00+00:00,15.600,2.800,Open-Meteo Historical Weather API,"Casalecchio di Reno, Bologna, Italy",44.4756,11.2759
2022-04-05T15:00:00+00:00,15.500,3.000,Open-Meteo Historical Weather API,"Casalecchio di Reno, Bologna, Italy",44.4756,11.2759
2022-04-05T16:00:00+00:00,14.900,3.900,Open-Meteo Historical Weather API,"Casalecchio di Reno, Bologna, Italy",44.4756,11.2759
2022-04-05T17:00:00+00:00,13.300,5.900,Open-Meteo Historical Weather API,"Casalecchio di Reno, Bologna, Italy",44.4756,11.2759
2022-04-05T18:00:00+00:00,11.100,5.200,Open-Meteo Historical Weather API,"Casalecchio di Reno, Bologna, Italy",44.4756,11.2759
2022-04-05T19:00:00+00:00,9.400,5.600,Open-Meteo Historical Weather API,"Casalecchio di Reno, Bologna, Italy",44.4756,11.2759
2022-04-05T20:00:00+00:00,8.400,3.800,Open-Meteo Historical Weather API,"Casalecchio di Reno, Bologna, Italy",44.4756,11.2759
2022-04-05T21:00:00+00:00,8.800,2.000,Open-Meteo Historical Weather API,"Casalecchio di Reno, Bologna, Italy",44.4756,11.2759
2022-04-05T22:00:00+00:00,8.600,2.400,Open-Meteo Historical Weather API,"Casalecchio di Reno, Bologna, Italy",44.4756,11.2759
2022-04-05T23:00:00+00:00,8.200,2.500,Open-Meteo Historical Weather API,"Casalecchio di Reno, Bologna, Italy",44.4756,11.2759
2022-04-06T00:00:00+00:00,7.400,1.400,Open-Meteo Historical Weather API,"Casalecchio di Reno, Bologna, Italy",44.4756,11.2759
2022-04-06T01:00:00+00:00,7.300,0.900,Open-Meteo Historical Weather API,"Casalecchio di Reno, Bologna, Italy",44.4756,11.2759
2022-04-06T02:00:00+00:00,6.900,0.400,Open-Meteo Historical Weather API,"Casalecchio di Reno, Bologna, Italy",44.4756,11.2759
2022-04-06T03:00:00+00:00,6.300,0.000,Open-Meteo Historical Weather API,"Casalecchio di Reno, Bologna, Italy",44.4756,11.2759
2022-04-06T04:00:00+00:00,5.800,-0.200,Open-Meteo Historical Weather API,"Casalecchio di Reno, Bologna, Italy",44.4756,11.2759
2022-04-06T05:00:00+00:00,4.900,0.200,Open-Meteo Historical Weather API,"Casalecchio di Reno, Bologna, Italy",44.4756,11.2759
2022-04-06T06:00:00+00:00,6.600,1.900,Open-Meteo Historical Weather API,"Casalecchio di Reno, Bologna, Italy",44.4756,11.2759
2022-04-06T07:00:00+00:00,9.100,3.800,Open-Meteo Historical Weather API,"Casalecchio di Reno, Bologna, Italy",44.4756,11.2759
2022-04-06T08:00:00+00:00,10.600,5.700,Open-Meteo Historical Weather API,"Casalecchio di Reno, Bologna, Italy",44.4756,11.2759
2022-04-06T09:00:00+00:00,12.100,6.500,Open-Meteo Historical Weather API,"Casalecchio di Reno, Bologna, Italy",44.4756,11.2759
2022-04-06T10:00:00+00:00,13.600,6.000,Open-Meteo Historical Weather API,"Casalecchio di Reno, Bologna, Italy",44.4756,11.2759
2022-04-06T11:00:00+00:00,14.600,5.600,Open-Meteo Historical Weather API,"Casalecchio di Reno, Bologna, Italy",44.4756,11.2759
2022-04-06T12:00:00+00:00,15.900,7.400,Open-Meteo Historical Weather API,"Casalecchio di Reno, Bologna, Italy",44.4756,11.2759
2022-04-06T13:00:00+00:00,16.500,7.300,Open-Meteo Historical Weather API,"Casalecchio di Reno, Bologna, Italy",44.4756,11.2759
2022-04-06T14:00:00+00:00,16.400,6.800,Open-Meteo Historical Weather API,"Casalecchio di Reno, Bologna, Italy",44.4756,11.2759
2022-04-06T15:00:00+00:00,15.600,6.800,Open-Meteo Historical Weather API,"Casalecchio di Reno, Bologna, Italy",44.4756,11.2759
2022-04-06T16:00:00+00:00,14.400,7.400,Open-Meteo Historical Weather API,"Casalecchio di Reno, Bologna, Italy",44.4756,11.2759
2022-04-06T17:00:00+00:00,13.100,7.700,Open-Meteo Historical Weather API,"Casalecchio di Reno, Bologna, Italy",44.4756,11.2759
2022-04-06T18:00:00+00:00,12.100,6.500,Open-Meteo Historical Weather API,"Casalecchio di Reno, Bologna, Italy",44.4756,11.2759
2022-04-06T19:00:00+00:00,10.400,5.200,Open-Meteo Historical Weather API,"Casalecchio di Reno, Bologna, Italy",44.4756,11.2759
2022-04-06T20:00:00+00:00,10.400,3.700,Open-Meteo Historical Weather API,"Casalecchio di Reno, Bologna, Italy",44.4756,11.2759
2022-04-06T21:00:00+00:00,10.200,4.800,Open-Meteo Historical Weather API,"Casalecchio di Reno, Bologna, Italy",44.4756,11.2759
2022-04-06T22:00:00+00:00,10.100,5.700,Open-Meteo Historical Weather API,"Casalecchio di Reno, Bologna, Italy",44.4756,11.2759
2022-04-06T23:00:00+00:00,10.100,5.300,Open-Meteo Historical Weather API,"Casalecchio di Reno, Bologna, Italy",44.4756,11.2759
2022-04-07T00:00:00+00:00,9.400,7.100,Open-Meteo Historical Weather API,"Casalecchio di Reno, Bologna, Italy",44.4756,11.2759
2022-04-07T01:00:00+00:00,9.300,6.500,Open-Meteo Historical Weather API,"Casalecchio di Reno, Bologna, Italy",44.4756,11.2759
2022-04-07T02:00:00+00:00,8.200,5.800,Open-Meteo Historical Weather API,"Casalecchio di Reno, Bologna, Italy",44.4756,11.2759
2022-04-07T03:00:00+00:00,7.800,4.900,Open-Meteo Historical Weather API,"Casalecchio di Reno, Bologna, Italy",44.4756,11.2759
2022-04-07T04:00:00+00:00,7.600,4.100,Open-Meteo Historical Weather API,"Casalecchio di Reno, Bologna, Italy",44.4756,11.2759
2022-04-07T05:00:00+00:00,7.500,3.800,Open-Meteo Historical Weather API,"Casalecchio di Reno, Bologna, Italy",44.4756,11.2759
2022-04-07T06:00:00+00:00,9.100,4.800,Open-Meteo Historical Weather API,"Casalecchio di Reno, Bologna, Italy",44.4756,11.2759
2022-04-07T07:00:00+00:00,11.900,5.600,Open-Meteo Historical Weather API,"Casalecchio di Reno, Bologna, Italy",44.4756,11.2759
2022-04-07T08:00:00+00:00,13.800,4.900,Open-Meteo Historical Weather API,"Casalecchio di Reno, Bologna, Italy",44.4756,11.2759
2022-04-07T09:00:00+00:00,15.700,5.700,Open-Meteo Historical Weather API,"Casalecchio di Reno, Bologna, Italy",44.4756,11.2759
2022-04-07T10:00:00+00:00,17.400,6.400,Open-Meteo Historical Weather API,"Casalecchio di Reno, Bologna, Italy",44.4756,11.2759
2022-04-07T11:00:00+00:00,18.500,7.500,Open-Meteo Historical Weather API,"Casalecchio di Reno, Bologna, Italy",44.4756,11.2759
2022-04-07T12:00:00+00:00,19.100,6.800,Open-Meteo Historical Weather API,"Casalecchio di Reno, Bologna, Italy",44.4756,11.2759
2022-04-07T13:00:00+00:00,19.800,7.300,Open-Meteo Historical Weather API,"Casalecchio di Reno, Bologna, Italy",44.4756,11.2759
2022-04-07T14:00:00+00:00,18.300,7.600,Open-Meteo Historical Weather API,"Casalecchio di Reno, Bologna, Italy",44.4756,11.2759
2022-04-07T15:00:00+00:00,17.400,6.900,Open-Meteo Historical Weather API,"Casalecchio di Reno, Bologna, Italy",44.4756,11.2759
2022-04-07T16:00:00+00:00,15.700,6.700,Open-Meteo Historical Weather API,"Casalecchio di Reno, Bologna, Italy",44.4756,11.2759
2022-04-07T17:00:00+00:00,14.600,6.200,Open-Meteo Historical Weather API,"Casalecchio di Reno, Bologna, Italy",44.4756,11.2759
2022-04-07T18:00:00+00:00,13.600,5.400,Open-Meteo Historical Weather API,"Casalecchio di Reno, Bologna, Italy",44.4756,11.2759
2022-04-07T19:00:00+00:00,13.100,7.100,Open-Meteo Historical Weather API,"Casalecchio di Reno, Bologna, Italy",44.4756,11.2759
2022-04-07T20:00:00+00:00,13.600,7.600,Open-Meteo Historical Weather API,"Casalecchio di Reno, Bologna, Italy",44.4756,11.2759
2022-04-07T21:00:00+00:00,13.100,7.700,Open-Meteo Historical Weather API,"Casalecchio di Reno, Bologna, Italy",44.4756,11.2759
2022-04-07T22:00:00+00:00,14.000,7.800,Open-Meteo Historical Weather API,"Casalecchio di Reno, Bologna, Italy",44.4756,11.2759
2022-04-07T23:00:00+00:00,14.300,7.600,Open-Meteo Historical Weather API,"Casalecchio di Reno, Bologna, Italy",44.4756,11.2759
2022-04-08T00:00:00+00:00,13.400,6.800,Open-Meteo Historical Weather API,"Casalecchio di Reno, Bologna, Italy",44.4756,11.2759
2022-04-08T01:00:00+00:00,13.000,6.800,Open-Meteo Historical Weather API,"Casalecchio di Reno, Bologna, Italy",44.4756,11.2759
2022-04-08T02:00:00+00:00,13.100,6.700,Open-Meteo Historical Weather API,"Casalecchio di Reno, Bologna, Italy",44.4756,11.2759
2022-04-08T03:00:00+00:00,12.900,7.100,Open-Meteo Historical Weather API,"Casalecchio di Reno, Bologna, Italy",44.4756,11.2759
2022-04-08T04:00:00+00:00,13.100,7.500,Open-Meteo Historical Weather API,"Casalecchio di Reno, Bologna, Italy",44.4756,11.2759
2022-04-08T05:00:00+00:00,13.100,8.000,Open-Meteo Historical Weather API,"Casalecchio di Reno, Bologna, Italy",44.4756,11.2759
2022-04-08T06:00:00+00:00,13.700,8.500,Open-Meteo Historical Weather API,"Casalecchio di Reno, Bologna, Italy",44.4756,11.2759
2022-04-08T07:00:00+00:00,14.900,8.600,Open-Meteo Historical Weather API,"Casalecchio di Reno, Bologna, Italy",44.4756,11.2759
2022-04-08T08:00:00+00:00,16.000,8.600,Open-Meteo Historical Weather API,"Casalecchio di Reno, Bologna, Italy",44.4756,11.2759
2022-04-08T09:00:00+00:00,17.000,8.900,Open-Meteo Historical Weather API,"Casalecchio di Reno, Bologna, Italy",44.4756,11.2759
2022-04-08T10:00:00+00:00,17.800,9.100,Open-Meteo Historical Weather API,"Casalecchio di Reno, Bologna, Italy",44.4756,11.2759
2022-04-08T11:00:00+00:00,20.000,9.400,Open-Meteo Historical Weather API,"Casalecchio di Reno, Bologna, Italy",44.4756,11.2759
2022-04-08T12:00:00+00:00,19.200,9.000,Open-Meteo Historical Weather API,"Casalecchio di Reno, Bologna, Italy",44.4756,11.2759
2022-04-08T13:00:00+00:00,18.700,8.900,Open-Meteo Historical Weather API,"Casalecchio di Reno, Bologna, Italy",44.4756,11.2759
2022-04-08T14:00:00+00:00,19.700,8.900,Open-Meteo Historical Weather API,"Casalecchio di Reno, Bologna, Italy",44.4756,11.2759
2022-04-08T15:00:00+00:00,18.700,8.900,Open-Meteo Historical Weather API,"Casalecchio di Reno, Bologna, Italy",44.4756,11.2759
2022-04-08T16:00:00+00:00,17.700,9.200,Open-Meteo Historical Weather API,"Casalecchio di Reno, Bologna, Italy",44.4756,11.2759
2022-04-08T17:00:00+00:00,16.500,9.000,Open-Meteo Historical Weather API,"Casalecchio di Reno, Bologna, Italy",44.4756,11.2759
2022-04-08T18:00:00+00:00,16.200,8.100,Open-Meteo Historical Weather API,"Casalecchio di Reno, Bologna, Italy",44.4756,11.2759
2022-04-08T19:00:00+00:00,16.500,7.600,Open-Meteo Historical Weather API,"Casalecchio di Reno, Bologna, Italy",44.4756,11.2759
2022-04-08T20:00:00+00:00,16.200,7.700,Open-Meteo Historical Weather API,"Casalecchio di Reno, Bologna, Italy",44.4756,11.2759
2022-04-08T21:00:00+00:00,15.400,7.900,Open-Meteo Historical Weather API,"Casalecchio di Reno, Bologna, Italy",44.4756,11.2759
2022-04-08T22:00:00+00:00,15.100,7.700,Open-Meteo Historical Weather API,"Casalecchio di Reno, Bologna, Italy",44.4756,11.2759
2022-04-08T23:00:00+00:00,14.900,7.800,Open-Meteo Historical Weather API,"Casalecchio di Reno, Bologna, Italy",44.4756,11.2759
2022-04-09T00:00:00+00:00,14.100,6.700,Open-Meteo Historical Weather API,"Casalecchio di Reno, Bologna, Italy",44.4756,11.2759
2022-04-09T01:00:00+00:00,14.100,7.200,Open-Meteo Historical Weather API,"Casalecchio di Reno, Bologna, Italy",44.4756,11.2759
2022-04-09T02:00:00+00:00,14.700,6.800,Open-Meteo Historical Weather API,"Casalecchio di Reno, Bologna, Italy",44.4756,11.2759
2022-04-09T03:00:00+00:00,14.900,7.300,Open-Meteo Historical Weather API,"Casalecchio di Reno, Bologna, Italy",44.4756,11.2759
2022-04-09T04:00:00+00:00,14.600,7.400,Open-Meteo Historical Weather API,"Casalecchio di Reno, Bologna, Italy",44.4756,11.2759
2022-04-09T05:00:00+00:00,14.500,7.400,Open-Meteo Historical Weather API,"Casalecchio di Reno, Bologna, Italy",44.4756,11.2759
2022-04-09T06:00:00+00:00,14.200,8.100,Open-Meteo Historical Weather API,"Casalecchio di Reno, Bologna, Italy",44.4756,11.2759
2022-04-09T07:00:00+00:00,14.900,8.600,Open-Meteo Historical Weather API,"Casalecchio di Reno, Bologna, Italy",44.4756,11.2759
2022-04-09T08:00:00+00:00,16.900,8.200,Open-Meteo Historical Weather API,"Casalecchio di Reno, Bologna, Italy",44.4756,11.2759
2022-04-09T09:00:00+00:00,18.600,7.800,Open-Meteo Historical Weather API,"Casalecchio di Reno, Bologna, Italy",44.4756,11.2759
2022-04-09T10:00:00+00:00,19.900,4.800,Open-Meteo Historical Weather API,"Casalecchio di Reno, Bologna, Italy",44.4756,11.2759
2022-04-09T11:00:00+00:00,20.200,4.300,Open-Meteo Historical Weather API,"Casalecchio di Reno, Bologna, Italy",44.4756,11.2759
2022-04-09T12:00:00+00:00,18.600,4.700,Open-Meteo Historical Weather API,"Casalecchio di Reno, Bologna, Italy",44.4756,11.2759
2022-04-09T13:00:00+00:00,20.000,3.500,Open-Meteo Historical Weather API,"Casalecchio di Reno, Bologna, Italy",44.4756,11.2759
2022-04-09T14:00:00+00:00,19.000,4.000,Open-Meteo Historical Weather API,"Casalecchio di Reno, Bologna, Italy",44.4756,11.2759
2022-04-09T15:00:00+00:00,13.900,8.400,Open-Meteo Historical Weather API,"Casalecchio di Reno, Bologna, Italy",44.4756,11.2759
2022-04-09T16:00:00+00:00,9.600,5.400,Open-Meteo Historical Weather API,"Casalecchio di Reno, Bologna, Italy",44.4756,11.2759
2022-04-09T17:00:00+00:00,8.900,3.000,Open-Meteo Historical Weather API,"Casalecchio di Reno, Bologna, Italy",44.4756,11.2759
2022-04-09T18:00:00+00:00,6.900,4.000,Open-Meteo Historical Weather API,"Casalecchio di Reno, Bologna, Italy",44.4756,11.2759
2022-04-09T19:00:00+00:00,5.800,3.700,Open-Meteo Historical Weather API,"Casalecchio di Reno, Bologna, Italy",44.4756,11.2759
2022-04-09T20:00:00+00:00,5.900,3.100,Open-Meteo Historical Weather API,"Casalecchio di Reno, Bologna, Italy",44.4756,11.2759
2022-04-09T21:00:00+00:00,6.100,2.100,Open-Meteo Historical Weather API,"Casalecchio di Reno, Bologna, Italy",44.4756,11.2759
2022-04-09T22:00:00+00:00,5.300,3.000,Open-Meteo Historical Weather API,"Casalecchio di Reno, Bologna, Italy",44.4756,11.2759
2022-04-09T23:00:00+00:00,5.800,3.300,Open-Meteo Historical Weather API,"Casalecchio di Reno, Bologna, Italy",44.4756,11.2759
2022-04-10T00:00:00+00:00,5.600,4.200,Open-Meteo Historical Weather API,"Casalecchio di Reno, Bologna, Italy",44.4756,11.2759
2022-04-10T01:00:00+00:00,4.600,3.700,Open-Meteo Historical Weather API,"Casalecchio di Reno, Bologna, Italy",44.4756,11.2759
2022-04-10T02:00:00+00:00,3.900,3.300,Open-Meteo Historical Weather API,"Casalecchio di Reno, Bologna, Italy",44.4756,11.2759
2022-04-10T03:00:00+00:00,3.500,2.700,Open-Meteo Historical Weather API,"Casalecchio di Reno, Bologna, Italy",44.4756,11.2759
2022-04-10T04:00:00+00:00,3.400,2.100,Open-Meteo Historical Weather API,"Casalecchio di Reno, Bologna, Italy",44.4756,11.2759
2022-04-10T05:00:00+00:00,3.200,1.500,Open-Meteo Historical Weather API,"Casalecchio di Reno, Bologna, Italy",44.4756,11.2759
2022-04-10T06:00:00+00:00,5.200,1.800,Open-Meteo Historical Weather API,"Casalecchio di Reno, Bologna, Italy",44.4756,11.2759
2022-04-10T07:00:00+00:00,7.500,2.000,Open-Meteo Historical Weather API,"Casalecchio di Reno, Bologna, Italy",44.4756,11.2759
2022-04-10T08:00:00+00:00,9.400,1.100,Open-Meteo Historical Weather API,"Casalecchio di Reno, Bologna, Italy",44.4756,11.2759
2022-04-10T09:00:00+00:00,11.000,0.600,Open-Meteo Historical Weather API,"Casalecchio di Reno, Bologna, Italy",44.4756,11.2759
2022-04-10T10:00:00+00:00,12.300,-0.300,Open-Meteo Historical Weather API,"Casalecchio di Reno, Bologna, Italy",44.4756,11.2759
2022-04-10T11:00:00+00:00,13.400,-1.500,Open-Meteo Historical Weather API,"Casalecchio di Reno, Bologna, Italy",44.4756,11.2759
2022-04-10T12:00:00+00:00,14.100,-2.900,Open-Meteo Historical Weather API,"Casalecchio di Reno, Bologna, Italy",44.4756,11.2759
2022-04-10T13:00:00+00:00,14.600,-4.000,Open-Meteo Historical Weather API,"Casalecchio di Reno, Bologna, Italy",44.4756,11.2759
2022-04-10T14:00:00+00:00,14.800,-4.500,Open-Meteo Historical Weather API,"Casalecchio di Reno, Bologna, Italy",44.4756,11.2759
2022-04-10T15:00:00+00:00,14.800,-4.800,Open-Meteo Historical Weather API,"Casalecchio di Reno, Bologna, Italy",44.4756,11.2759
2022-04-10T16:00:00+00:00,14.400,-4.400,Open-Meteo Historical Weather API,"Casalecchio di Reno, Bologna, Italy",44.4756,11.2759
2022-04-10T17:00:00+00:00,12.400,2.000,Open-Meteo Historical Weather API,"Casalecchio di Reno, Bologna, Italy",44.4756,11.2759
2022-04-10T18:00:00+00:00,10.100,-2.400,Open-Meteo Historical Weather API,"Casalecchio di Reno, Bologna, Italy",44.4756,11.2759
2022-04-10T19:00:00+00:00,9.200,-3.800,Open-Meteo Historical Weather API,"Casalecchio di Reno, Bologna, Italy",44.4756,11.2759
2022-04-10T20:00:00+00:00,8.200,-4.200,Open-Meteo Historical Weather API,"Casalecchio di Reno, Bologna, Italy",44.4756,11.2759
2022-04-10T21:00:00+00:00,6.700,-2.400,Open-Meteo Historical Weather API,"Casalecchio di Reno, Bologna, Italy",44.4756,11.2759
2022-04-10T22:00:00+00:00,6.300,-0.400,Open-Meteo Historical Weather API,"Casalecchio di Reno, Bologna, Italy",44.4756,11.2759
2022-04-10T23:00:00+00:00,6.800,0.600,Open-Meteo Historical Weather API,"Casalecchio di Reno, Bologna, Italy",44.4756,11.2759
2022-04-11T00:00:00+00:00,6.100,0.300,Open-Meteo Historical Weather API,"Casalecchio di Reno, Bologna, Italy",44.4756,11.2759
2022-04-11T01:00:00+00:00,6.700,0.100,Open-Meteo Historical Weather API,"Casalecchio di Reno, Bologna, Italy",44.4756,11.2759
2022-04-11T02:00:00+00:00,6.700,-0.100,Open-Meteo Historical Weather API,"Casalecchio di Reno, Bologna, Italy",44.4756,11.2759
2022-04-11T03:00:00+00:00,6.200,0.600,Open-Meteo Historical Weather API,"Casalecchio di Reno, Bologna, Italy",44.4756,11.2759
2022-04-11T04:00:00+00:00,6.100,0.800,Open-Meteo Historical Weather API,"Casalecchio di Reno, Bologna, Italy",44.4756,11.2759
2022-04-11T05:00:00+00:00,5.800,0.900,Open-Meteo Historical Weather API,"Casalecchio di Reno, Bologna, Italy",44.4756,11.2759
2022-04-11T06:00:00+00:00,7.400,1.900,Open-Meteo Historical Weather API,"Casalecchio di Reno, Bologna, Italy",44.4756,11.2759
2022-04-11T07:00:00+00:00,10.600,4.300,Open-Meteo Historical Weather API,"Casalecchio di Reno, Bologna, Italy",44.4756,11.2759
2022-04-11T08:00:00+00:00,13.100,3.900,Open-Meteo Historical Weather API,"Casalecchio di Reno, Bologna, Italy",44.4756,11.2759
2022-04-11T09:00:00+00:00,14.500,4.300,Open-Meteo Historical Weather API,"Casalecchio di Reno, Bologna, Italy",44.4756,11.2759
2022-04-11T10:00:00+00:00,15.600,4.400,Open-Meteo Historical Weather API,"Casalecchio di Reno, Bologna, Italy",44.4756,11.2759
2022-04-11T11:00:00+00:00,16.600,3.900,Open-Meteo Historical Weather API,"Casalecchio di Reno, Bologna, Italy",44.4756,11.2759
2022-04-11T12:00:00+00:00,17.000,3.500,Open-Meteo Historical Weather API,"Casalecchio di Reno, Bologna, Italy",44.4756,11.2759
2022-04-11T13:00:00+00:00,17.600,3.800,Open-Meteo Historical Weather API,"Casalecchio di Reno, Bologna, Italy",44.4756,11.2759
2022-04-11T14:00:00+00:00,18.000,4.000,Open-Meteo Historical Weather API,"Casalecchio di Reno, Bologna, Italy",44.4756,11.2759
2022-04-11T15:00:00+00:00,18.000,2.700,Open-Meteo Historical Weather API,"Casalecchio di Reno, Bologna, Italy",44.4756,11.2759
2022-04-11T16:00:00+00:00,17.500,2.200,Open-Meteo Historical Weather API,"Casalecchio di Reno, Bologna, Italy",44.4756,11.2759
2022-04-11T17:00:00+00:00,15.200,5.900,Open-Meteo Historical Weather API,"Casalecchio di Reno, Bologna, Italy",44.4756,11.2759
2022-04-11T18:00:00+00:00,12.100,4.700,Open-Meteo Historical Weather API,"Casalecchio di Reno, Bologna, Italy",44.4756,11.2759
2022-04-11T19:00:00+00:00,11.300,0.800,Open-Meteo Historical Weather API,"Casalecchio di Reno, Bologna, Italy",44.4756,11.2759
2022-04-11T20:00:00+00:00,11.600,-1.400,Open-Meteo Historical Weather API,"Casalecchio di Reno, Bologna, Italy",44.4756,11.2759
2022-04-11T21:00:00+00:00,11.100,-1.700,Open-Meteo Historical Weather API,"Casalecchio di Reno, Bologna, Italy",44.4756,11.2759
2022-04-11T22:00:00+00:00,10.500,-1.300,Open-Meteo Historical Weather API,"Casalecchio di Reno, Bologna, Italy",44.4756,11.2759
2022-04-11T23:00:00+00:00,10.400,-1.500,Open-Meteo Historical Weather API,"Casalecchio di Reno, Bologna, Italy",44.4756,11.2759
2022-04-12T00:00:00+00:00,9.900,-1.800,Open-Meteo Historical Weather API,"Casalecchio di Reno, Bologna, Italy",44.4756,11.2759
2022-04-12T01:00:00+00:00,9.100,-1.500,Open-Meteo Historical Weather API,"Casalecchio di Reno, Bologna, Italy",44.4756,11.2759
2022-04-12T02:00:00+00:00,7.900,-1.100,Open-Meteo Historical Weather API,"Casalecchio di Reno, Bologna, Italy",44.4756,11.2759
2022-04-12T03:00:00+00:00,6.900,-0.900,Open-Meteo Historical Weather API,"Casalecchio di Reno, Bologna, Italy",44.4756,11.2759
2022-04-12T04:00:00+00:00,5.900,-0.600,Open-Meteo Historical Weather API,"Casalecchio di Reno, Bologna, Italy",44.4756,11.2759
2022-04-12T05:00:00+00:00,5.800,0.000,Open-Meteo Historical Weather API,"Casalecchio di Reno, Bologna, Italy",44.4756,11.2759
2022-04-12T06:00:00+00:00,7.900,2.100,Open-Meteo Historical Weather API,"Casalecchio di Reno, Bologna, Italy",44.4756,11.2759
2022-04-12T07:00:00+00:00,11.400,4.000,Open-Meteo Historical Weather API,"Casalecchio di Reno, Bologna, Italy",44.4756,11.2759
2022-04-12T08:00:00+00:00,13.400,2.000,Open-Meteo Historical Weather API,"Casalecchio di Reno, Bologna, Italy",44.4756,11.2759
2022-04-12T09:00:00+00:00,15.000,2.000,Open-Meteo Historical Weather API,"Casalecchio di Reno, Bologna, Italy",44.4756,11.2759
2022-04-12T10:00:00+00:00,16.300,2.500,Open-Meteo Historical Weather API,"Casalecchio di Reno, Bologna, Italy",44.4756,11.2759
2022-04-12T11:00:00+00:00,17.200,2.900,Open-Meteo Historical Weather API,"Casalecchio di Reno, Bologna, Italy",44.4756,11.2759
2022-04-12T12:00:00+00:00,17.000,3.600,Open-Meteo Historical Weather API,"Casalecchio di Reno, Bologna, Italy",44.4756,11.2759
2022-04-12T13:00:00+00:00,17.600,4.000,Open-Meteo Historical Weather API,"Casalecchio di Reno, Bologna, Italy",44.4756,11.2759
2022-04-12T14:00:00+00:00,17.900,4.500,Open-Meteo Historical Weather API,"Casalecchio di Reno, Bologna, Italy",44.4756,11.2759
2022-04-12T15:00:00+00:00,17.600,4.500,Open-Meteo Historical Weather API,"Casalecchio di Reno, Bologna, Italy",44.4756,11.2759
2022-04-12T16:00:00+00:00,16.900,4.900,Open-Meteo Historical Weather API,"Casalecchio di Reno, Bologna, Italy",44.4756,11.2759
2022-04-12T17:00:00+00:00,15.300,7.300,Open-Meteo Historical Weather API,"Casalecchio di Reno, Bologna, Italy",44.4756,11.2759
2022-04-12T18:00:00+00:00,13.000,6.800,Open-Meteo Historical Weather API,"Casalecchio di Reno, Bologna, Italy",44.4756,11.2759
2022-04-12T19:00:00+00:00,11.700,6.000,Open-Meteo Historical Weather API,"Casalecchio di Reno, Bologna, Italy",44.4756,11.2759
2022-04-12T20:00:00+00:00,10.600,6.100,Open-Meteo Historical Weather API,"Casalecchio di Reno, Bologna, Italy",44.4756,11.2759
2022-04-12T21:00:00+00:00,9.400,6.200,Open-Meteo Historical Weather API,"Casalecchio di Reno, Bologna, Italy",44.4756,11.2759
2022-04-12T22:00:00+00:00,8.200,6.100,Open-Meteo Historical Weather API,"Casalecchio di Reno, Bologna, Italy",44.4756,11.2759
2022-04-12T23:00:00+00:00,7.400,5.600,Open-Meteo Historical Weather API,"Casalecchio di Reno, Bologna, Italy",44.4756,11.2759
2022-04-13T00:00:00+00:00,8.300,5.900,Open-Meteo Historical Weather API,"Casalecchio di Reno, Bologna, Italy",44.4756,11.2759
2022-04-13T01:00:00+00:00,8.400,5.500,Open-Meteo Historical Weather API,"Casalecchio di Reno, Bologna, Italy",44.4756,11.2759
2022-04-13T02:00:00+00:00,7.600,5.300,Open-Meteo Historical Weather API,"Casalecchio di Reno, Bologna, Italy",44.4756,11.2759
2022-04-13T03:00:00+00:00,6.600,4.700,Open-Meteo Historical Weather API,"Casalecchio di Reno, Bologna, Italy",44.4756,11.2759
2022-04-13T04:00:00+00:00,6.400,4.100,Open-Meteo Historical Weather API,"Casalecchio di Reno, Bologna, Italy",44.4756,11.2759
2022-04-13T05:00:00+00:00,5.800,3.800,Open-Meteo Historical Weather API,"Casalecchio di Reno, Bologna, Italy",44.4756,11.2759
2022-04-13T06:00:00+00:00,8.500,5.200,Open-Meteo Historical Weather API,"Casalecchio di Reno, Bologna, Italy",44.4756,11.2759
2022-04-13T07:00:00+00:00,11.300,6.500,Open-Meteo Historical Weather API,"Casalecchio di Reno, Bologna, Italy",44.4756,11.2759
2022-04-13T08:00:00+00:00,12.900,7.800,Open-Meteo Historical Weather API,"Casalecchio di Reno, Bologna, Italy",44.4756,11.2759
2022-04-13T09:00:00+00:00,14.500,8.600,Open-Meteo Historical Weather API,"Casalecchio di Reno, Bologna, Italy",44.4756,11.2759
2022-04-13T10:00:00+00:00,16.000,8.900,Open-Meteo Historical Weather API,"Casalecchio di Reno, Bologna, Italy",44.4756,11.2759
2022-04-13T11:00:00+00:00,17.500,8.800,Open-Meteo Historical Weather API,"Casalecchio di Reno, Bologna, Italy",44.4756,11.2759
2022-04-13T12:00:00+00:00,18.000,8.400,Open-Meteo Historical Weather API,"Casalecchio di Reno, Bologna, Italy",44.4756,11.2759
2022-04-13T13:00:00+00:00,18.500,7.400,Open-Meteo Historical Weather API,"Casalecchio di Reno, Bologna, Italy",44.4756,11.2759
2022-04-13T14:00:00+00:00,18.200,6.700,Open-Meteo Historical Weather API,"Casalecchio di Reno, Bologna, Italy",44.4756,11.2759
2022-04-13T15:00:00+00:00,17.600,5.800,Open-Meteo Historical Weather API,"Casalecchio di Reno, Bologna, Italy",44.4756,11.2759
2022-04-13T16:00:00+00:00,16.500,5.700,Open-Meteo Historical Weather API,"Casalecchio di Reno, Bologna, Italy",44.4756,11.2759
2022-04-13T17:00:00+00:00,15.100,6.900,Open-Meteo Historical Weather API,"Casalecchio di Reno, Bologna, Italy",44.4756,11.2759
2022-04-13T18:00:00+00:00,13.000,7.400,Open-Meteo Historical Weather API,"Casalecchio di Reno, Bologna, Italy",44.4756,11.2759
2022-04-13T19:00:00+00:00,11.800,7.800,Open-Meteo Historical Weather API,"Casalecchio di Reno, Bologna, Italy",44.4756,11.2759
2022-04-13T20:00:00+00:00,10.800,8.100,Open-Meteo Historical Weather API,"Casalecchio di Reno, Bologna, Italy",44.4756,11.2759
2022-04-13T21:00:00+00:00,10.100,8.000,Open-Meteo Historical Weather API,"Casalecchio di Reno, Bologna, Italy",44.4756,11.2759
2022-04-13T22:00:00+00:00,11.600,7.600,Open-Meteo Historical Weather API,"Casalecchio di Reno, Bologna, Italy",44.4756,11.2759
2022-04-13T23:00:00+00:00,9.400,6.700,Open-Meteo Historical Weather API,"Casalecchio di Reno, Bologna, Italy",44.4756,11.2759
2022-04-14T00:00:00+00:00,7.400,5.100,Open-Meteo Historical Weather API,"Casalecchio di Reno, Bologna, Italy",44.4756,11.2759
2022-04-14T01:00:00+00:00,7.900,4.200,Open-Meteo Historical Weather API,"Casalecchio di Reno, Bologna, Italy",44.4756,11.2759
2022-04-14T02:00:00+00:00,7.100,3.700,Open-Meteo Historical Weather API,"Casalecchio di Reno, Bologna, Italy",44.4756,11.2759
2022-04-14T03:00:00+00:00,6.100,3.200,Open-Meteo Historical Weather API,"Casalecchio di Reno, Bologna, Italy",44.4756,11.2759
2022-04-14T04:00:00+00:00,5.800,2.600,Open-Meteo Historical Weather API,"Casalecchio di Reno, Bologna, Italy",44.4756,11.2759
2022-04-14T05:00:00+00:00,6.300,2.200,Open-Meteo Historical Weather API,"Casalecchio di Reno, Bologna, Italy",44.4756,11.2759
2022-04-14T06:00:00+00:00,9.100,4.000,Open-Meteo Historical Weather API,"Casalecchio di Reno, Bologna, Italy",44.4756,11.2759
2022-04-14T07:00:00+00:00,13.400,4.700,Open-Meteo Historical Weather API,"Casalecchio di Reno, Bologna, Italy",44.4756,11.2759
2022-04-14T08:00:00+00:00,15.600,4.200,Open-Meteo Historical Weather API,"Casalecchio di Reno, Bologna, Italy",44.4756,11.2759
2022-04-14T09:00:00+00:00,17.100,4.800,Open-Meteo Historical Weather API,"Casalecchio di Reno, Bologna, Italy",44.4756,11.2759
2022-04-14T10:00:00+00:00,18.400,5.100,Open-Meteo Historical Weather API,"Casalecchio di Reno, Bologna, Italy",44.4756,11.2759
2022-04-14T11:00:00+00:00,19.400,5.100,Open-Meteo Historical Weather API,"Casalecchio di Reno, Bologna, Italy",44.4756,11.2759
2022-04-14T12:00:00+00:00,20.000,4.600,Open-Meteo Historical Weather API,"Casalecchio di Reno, Bologna, Italy",44.4756,11.2759
2022-04-14T13:00:00+00:00,20.400,4.900,Open-Meteo Historical Weather API,"Casalecchio di Reno, Bologna, Italy",44.4756,11.2759
2022-04-14T14:00:00+00:00,20.500,5.500,Open-Meteo Historical Weather API,"Casalecchio di Reno, Bologna, Italy",44.4756,11.2759
2022-04-14T15:00:00+00:00,20.200,5.700,Open-Meteo Historical Weather API,"Casalecchio di Reno, Bologna, Italy",44.4756,11.2759
2022-04-14T16:00:00+00:00,19.300,5.200,Open-Meteo Historical Weather API,"Casalecchio di Reno, Bologna, Italy",44.4756,11.2759
2022-04-14T17:00:00+00:00,17.200,6.200,Open-Meteo Historical Weather API,"Casalecchio di Reno, Bologna, Italy",44.4756,11.2759
2022-04-14T18:00:00+00:00,14.000,4.900,Open-Meteo Historical Weather API,"Casalecchio di Reno, Bologna, Italy",44.4756,11.2759
2022-04-14T19:00:00+00:00,11.800,4.900,Open-Meteo Historical Weather API,"Casalecchio di Reno, Bologna, Italy",44.4756,11.2759
2022-04-14T20:00:00+00:00,11.100,4.800,Open-Meteo Historical Weather API,"Casalecchio di Reno, Bologna, Italy",44.4756,11.2759
2022-04-14T21:00:00+00:00,10.200,4.700,Open-Meteo Historical Weather API,"Casalecchio di Reno, Bologna, Italy",44.4756,11.2759
2022-04-14T22:00:00+00:00,9.200,4.200,Open-Meteo Historical Weather API,"Casalecchio di Reno, Bologna, Italy",44.4756,11.2759
2022-04-14T23:00:00+00:00,8.600,3.600,Open-Meteo Historical Weather API,"Casalecchio di Reno, Bologna, Italy",44.4756,11.2759
2022-04-15T00:00:00+00:00,8.400,3.200,Open-Meteo Historical Weather API,"Casalecchio di Reno, Bologna, Italy",44.4756,11.2759
2022-04-15T01:00:00+00:00,8.300,3.000,Open-Meteo Historical Weather API,"Casalecchio di Reno, Bologna, Italy",44.4756,11.2759
2022-04-15T02:00:00+00:00,7.400,3.100,Open-Meteo Historical Weather API,"Casalecchio di Reno, Bologna, Italy",44.4756,11.2759
2022-04-15T03:00:00+00:00,8.200,2.700,Open-Meteo Historical Weather API,"Casalecchio di Reno, Bologna, Italy",44.4756,11.2759
2022-04-15T04:00:00+00:00,7.700,2.300,Open-Meteo Historical Weather API,"Casalecchio di Reno, Bologna, Italy",44.4756,11.2759
2022-04-15T05:00:00+00:00,7.800,2.200,Open-Meteo Historical Weather API,"Casalecchio di Reno, Bologna, Italy",44.4756,11.2759
2022-04-15T06:00:00+00:00,10.200,4.600,Open-Meteo Historical Weather API,"Casalecchio di Reno, Bologna, Italy",44.4756,11.2759
2022-04-15T07:00:00+00:00,14.300,4.900,Open-Meteo Historical Weather API,"Casalecchio di Reno, Bologna, Italy",44.4756,11.2759
2022-04-15T08:00:00+00:00,16.100,4.700,Open-Meteo Historical Weather API,"Casalecchio di Reno, Bologna, Italy",44.4756,11.2759
2022-04-15T09:00:00+00:00,18.000,5.700,Open-Meteo Historical Weather API,"Casalecchio di Reno, Bologna, Italy",44.4756,11.2759
2022-04-15T10:00:00+00:00,19.100,6.500,Open-Meteo Historical Weather API,"Casalecchio di Reno, Bologna, Italy",44.4756,11.2759
2022-04-15T11:00:00+00:00,20.000,7.200,Open-Meteo Historical Weather API,"Casalecchio di Reno, Bologna, Italy",44.4756,11.2759
2022-04-15T12:00:00+00:00,20.500,6.800,Open-Meteo Historical Weather API,"Casalecchio di Reno, Bologna, Italy",44.4756,11.2759
2022-04-15T13:00:00+00:00,21.100,7.000,Open-Meteo Historical Weather API,"Casalecchio di Reno, Bologna, Italy",44.4756,11.2759
2022-04-15T14:00:00+00:00,21.300,7.200,Open-Meteo Historical Weather API,"Casalecchio di Reno, Bologna, Italy",44.4756,11.2759
2022-04-15T15:00:00+00:00,21.000,7.200,Open-Meteo Historical Weather API,"Casalecchio di Reno, Bologna, Italy",44.4756,11.2759
2022-04-15T16:00:00+00:00,20.100,7.100,Open-Meteo Historical Weather API,"Casalecchio di Reno, Bologna, Italy",44.4756,11.2759
2022-04-15T17:00:00+00:00,18.300,8.100,Open-Meteo Historical Weather API,"Casalecchio di Reno, Bologna, Italy",44.4756,11.2759
2022-04-15T18:00:00+00:00,14.800,7.400,Open-Meteo Historical Weather API,"Casalecchio di Reno, Bologna, Italy",44.4756,11.2759
2022-04-15T19:00:00+00:00,13.000,7.300,Open-Meteo Historical Weather API,"Casalecchio di Reno, Bologna, Italy",44.4756,11.2759
2022-04-15T20:00:00+00:00,11.700,7.300,Open-Meteo Historical Weather API,"Casalecchio di Reno, Bologna, Italy",44.4756,11.2759
2022-04-15T21:00:00+00:00,10.900,7.200,Open-Meteo Historical Weather API,"Casalecchio di Reno, Bologna, Italy",44.4756,11.2759
2022-04-15T22:00:00+00:00,10.600,6.300,Open-Meteo Historical Weather API,"Casalecchio di Reno, Bologna, Italy",44.4756,11.2759
2022-04-15T23:00:00+00:00,10.800,4.800,Open-Meteo Historical Weather API,"Casalecchio di Reno, Bologna, Italy",44.4756,11.2759
2022-04-16T00:00:00+00:00,11.200,3.900,Open-Meteo Historical Weather API,"Casalecchio di Reno, Bologna, Italy",44.4756,11.2759
2022-04-16T01:00:00+00:00,10.700,2.800,Open-Meteo Historical Weather API,"Casalecchio di Reno, Bologna, Italy",44.4756,11.2759
2022-04-16T02:00:00+00:00,9.500,2.300,Open-Meteo Historical Weather API,"Casalecchio di Reno, Bologna, Italy",44.4756,11.2759
2022-04-16T03:00:00+00:00,9.400,2.200,Open-Meteo Historical Weather API,"Casalecchio di Reno, Bologna, Italy",44.4756,11.2759
2022-04-16T04:00:00+00:00,9.400,2.000,Open-Meteo Historical Weather API,"Casalecchio di Reno, Bologna, Italy",44.4756,11.2759
2022-04-16T05:00:00+00:00,10.000,2.500,Open-Meteo Historical Weather API,"Casalecchio di Reno, Bologna, Italy",44.4756,11.2759
2022-04-16T06:00:00+00:00,13.200,4.500,Open-Meteo Historical Weather API,"Casalecchio di Reno, Bologna, Italy",44.4756,11.2759
2022-04-16T07:00:00+00:00,15.800,4.300,Open-Meteo Historical Weather API,"Casalecchio di Reno, Bologna, Italy",44.4756,11.2759
2022-04-16T08:00:00+00:00,17.000,5.200,Open-Meteo Historical Weather API,"Casalecchio di Reno, Bologna, Italy",44.4756,11.2759
2022-04-16T09:00:00+00:00,18.100,6.400,Open-Meteo Historical Weather API,"Casalecchio di Reno, Bologna, Italy",44.4756,11.2759
2022-04-16T10:00:00+00:00,18.700,9.200,Open-Meteo Historical Weather API,"Casalecchio di Reno, Bologna, Italy",44.4756,11.2759
2022-04-16T11:00:00+00:00,19.100,9.600,Open-Meteo Historical Weather API,"Casalecchio di Reno, Bologna, Italy",44.4756,11.2759
2022-04-16T12:00:00+00:00,20.000,9.400,Open-Meteo Historical Weather API,"Casalecchio di Reno, Bologna, Italy",44.4756,11.2759
2022-04-16T13:00:00+00:00,20.000,8.400,Open-Meteo Historical Weather API,"Casalecchio di Reno, Bologna, Italy",44.4756,11.2759
2022-04-16T14:00:00+00:00,19.600,7.400,Open-Meteo Historical Weather API,"Casalecchio di Reno, Bologna, Italy",44.4756,11.2759
2022-04-16T15:00:00+00:00,18.800,5.200,Open-Meteo Historical Weather API,"Casalecchio di Reno, Bologna, Italy",44.4756,11.2759
2022-04-16T16:00:00+00:00,17.400,3.400,Open-Meteo Historical Weather API,"Casalecchio di Reno, Bologna, Italy",44.4756,11.2759
2022-04-16T17:00:00+00:00,16.200,4.100,Open-Meteo Historical Weather API,"Casalecchio di Reno, Bologna, Italy",44.4756,11.2759
2022-04-16T18:00:00+00:00,14.100,5.100,Open-Meteo Historical Weather API,"Casalecchio di Reno, Bologna, Italy",44.4756,11.2759
2022-04-16T19:00:00+00:00,12.400,5.700,Open-Meteo Historical Weather API,"Casalecchio di Reno, Bologna, Italy",44.4756,11.2759
2022-04-16T20:00:00+00:00,11.600,6.100,Open-Meteo Historical Weather API,"Casalecchio di Reno, Bologna, Italy",44.4756,11.2759
2022-04-16T21:00:00+00:00,11.900,6.100,Open-Meteo Historical Weather API,"Casalecchio di Reno, Bologna, Italy",44.4756,11.2759
2022-04-16T22:00:00+00:00,11.300,5.700,Open-Meteo Historical Weather API,"Casalecchio di Reno, Bologna, Italy",44.4756,11.2759
2022-04-16T23:00:00+00:00,10.100,5.100,Open-Meteo Historical Weather API,"Casalecchio di Reno, Bologna, Italy",44.4756,11.2759
2022-04-17T00:00:00+00:00,11.400,3.900,Open-Meteo Historical Weather API,"Casalecchio di Reno, Bologna, Italy",44.4756,11.2759
2022-04-17T01:00:00+00:00,10.400,2.500,Open-Meteo Historical Weather API,"Casalecchio di Reno, Bologna, Italy",44.4756,11.2759
2022-04-17T02:00:00+00:00,9.100,1.500,Open-Meteo Historical Weather API,"Casalecchio di Reno, Bologna, Italy",44.4756,11.2759
2022-04-17T03:00:00+00:00,8.300,0.200,Open-Meteo Historical Weather API,"Casalecchio di Reno, Bologna, Italy",44.4756,11.2759
2022-04-17T04:00:00+00:00,7.800,-0.300,Open-Meteo Historical Weather API,"Casalecchio di Reno, Bologna, Italy",44.4756,11.2759
2022-04-17T05:00:00+00:00,7.700,-0.300,Open-Meteo Historical Weather API,"Casalecchio di Reno, Bologna, Italy",44.4756,11.2759
2022-04-17T06:00:00+00:00,8.900,0.300,Open-Meteo Historical Weather API,"Casalecchio di Reno, Bologna, Italy",44.4756,11.2759
2022-04-17T07:00:00+00:00,10.100,-0.800,Open-Meteo Historical Weather API,"Casalecchio di Reno, Bologna, Italy",44.4756,11.2759
2022-04-17T08:00:00+00:00,11.100,-1.000,Open-Meteo Historical Weather API,"Casalecchio di Reno, Bologna, Italy",44.4756,11.2759
2022-04-17T09:00:00+00:00,11.900,-1.000,Open-Meteo Historical Weather API,"Casalecchio di Reno, Bologna, Italy",44.4756,11.2759
2022-04-17T10:00:00+00:00,12.800,-1.200,Open-Meteo Historical Weather API,"Casalecchio di Reno, Bologna, Italy",44.4756,11.2759
2022-04-17T11:00:00+00:00,13.600,-1.300,Open-Meteo Historical Weather API,"Casalecchio di Reno, Bologna, Italy",44.4756,11.2759
2022-04-17T12:00:00+00:00,14.300,-1.200,Open-Meteo Historical Weather API,"Casalecchio di Reno, Bologna, Italy",44.4756,11.2759
2022-04-17T13:00:00+00:00,14.200,-2.300,Open-Meteo Historical Weather API,"Casalecchio di Reno, Bologna, Italy",44.4756,11.2759
2022-04-17T14:00:00+00:00,13.900,-1.800,Open-Meteo Historical Weather API,"Casalecchio di Reno, Bologna, Italy",44.4756,11.2759
2022-04-17T15:00:00+00:00,13.700,-2.000,Open-Meteo Historical Weather API,"Casalecchio di Reno, Bologna, Italy",44.4756,11.2759
2022-04-17T16:00:00+00:00,13.400,-2.200,Open-Meteo Historical Weather API,"Casalecchio di Reno, Bologna, Italy",44.4756,11.2759
2022-04-17T17:00:00+00:00,12.500,-2.000,Open-Meteo Historical Weather API,"Casalecchio di Reno, Bologna, Italy",44.4756,11.2759
2022-04-17T18:00:00+00:00,11.200,-1.100,Open-Meteo Historical Weather API,"Casalecchio di Reno, Bologna, Italy",44.4756,11.2759
2022-04-17T19:00:00+00:00,10.600,-0.900,Open-Meteo Historical Weather API,"Casalecchio di Reno, Bologna, Italy",44.4756,11.2759
2022-04-17T20:00:00+00:00,7.300,0.600,Open-Meteo Historical Weather API,"Casalecchio di Reno, Bologna, Italy",44.4756,11.2759
2022-04-17T21:00:00+00:00,6.700,0.100,Open-Meteo Historical Weather API,"Casalecchio di Reno, Bologna, Italy",44.4756,11.2759
2022-04-17T22:00:00+00:00,7.100,-0.400,Open-Meteo Historical Weather API,"Casalecchio di Reno, Bologna, Italy",44.4756,11.2759
2022-04-17T23:00:00+00:00,8.100,-0.800,Open-Meteo Historical Weather API,"Casalecchio di Reno, Bologna, Italy",44.4756,11.2759
2022-04-18T00:00:00+00:00,9.800,-1.500,Open-Meteo Historical Weather API,"Casalecchio di Reno, Bologna, Italy",44.4756,11.2759
2022-04-18T01:00:00+00:00,9.600,-1.800,Open-Meteo Historical Weather API,"Casalecchio di Reno, Bologna, Italy",44.4756,11.2759
2022-04-18T02:00:00+00:00,7.800,-1.600,Open-Meteo Historical Weather API,"Casalecchio di Reno, Bologna, Italy",44.4756,11.2759
2022-04-18T03:00:00+00:00,4.200,-1.400,Open-Meteo Historical Weather API,"Casalecchio di Reno, Bologna, Italy",44.4756,11.2759
2022-04-18T04:00:00+00:00,4.700,-1.100,Open-Meteo Historical Weather API,"Casalecchio di Reno, Bologna, Italy",44.4756,11.2759
2022-04-18T05:00:00+00:00,3.300,-0.600,Open-Meteo Historical Weather API,"Casalecchio di Reno, Bologna, Italy",44.4756,11.2759
2022-04-18T06:00:00+00:00,6.800,0.600,Open-Meteo Historical Weather API,"Casalecchio di Reno, Bologna, Italy",44.4756,11.2759
2022-04-18T07:00:00+00:00,9.600,0.200,Open-Meteo Historical Weather API,"Casalecchio di Reno, Bologna, Italy",44.4756,11.2759
2022-04-18T08:00:00+00:00,11.400,-0.200,Open-Meteo Historical Weather API,"Casalecchio di Reno, Bologna, Italy",44.4756,11.2759
2022-04-18T09:00:00+00:00,12.900,-0.100,Open-Meteo Historical Weather API,"Casalecchio di Reno, Bologna, Italy",44.4756,11.2759
2022-04-18T10:00:00+00:00,14.100,0.900,Open-Meteo Historical Weather API,"Casalecchio di Reno, Bologna, Italy",44.4756,11.2759
2022-04-18T11:00:00+00:00,15.100,1.300,Open-Meteo Historical Weather API,"Casalecchio di Reno, Bologna, Italy",44.4756,11.2759
2022-04-18T12:00:00+00:00,15.900,1.100,Open-Meteo Historical Weather API,"Casalecchio di Reno, Bologna, Italy",44.4756,11.2759
2022-04-18T13:00:00+00:00,16.200,0.600,Open-Meteo Historical Weather API,"Casalecchio di Reno, Bologna, Italy",44.4756,11.2759
2022-04-18T14:00:00+00:00,16.200,-0.100,Open-Meteo Historical Weather API,"Casalecchio di Reno, Bologna, Italy",44.4756,11.2759
2022-04-18T15:00:00+00:00,15.900,-0.300,Open-Meteo Historical Weather API,"Casalecchio di Reno, Bologna, Italy",44.4756,11.2759
2022-04-18T16:00:00+00:00,15.200,-1.500,Open-Meteo Historical Weather API,"Casalecchio di Reno, Bologna, Italy",44.4756,11.2759
2022-04-18T17:00:00+00:00,14.100,-2.200,Open-Meteo Historical Weather API,"Casalecchio di Reno, Bologna, Italy",44.4756,11.2759
2022-04-18T18:00:00+00:00,11.900,-2.300,Open-Meteo Historical Weather API,"Casalecchio di Reno, Bologna, Italy",44.4756,11.2759
2022-04-18T19:00:00+00:00,10.800,-1.500,Open-Meteo Historical Weather API,"Casalecchio di Reno, Bologna, Italy",44.4756,11.2759
2022-04-18T20:00:00+00:00,9.900,-1.300,Open-Meteo Historical Weather API,"Casalecchio di Reno, Bologna, Italy",44.4756,11.2759
2022-04-18T21:00:00+00:00,9.200,-2.500,Open-Meteo Historical Weather API,"Casalecchio di Reno, Bologna, Italy",44.4756,11.2759
2022-04-18T22:00:00+00:00,8.900,-4.500,Open-Meteo Historical Weather API,"Casalecchio di Reno, Bologna, Italy",44.4756,11.2759
2022-04-18T23:00:00+00:00,8.400,-5.200,Open-Meteo Historical Weather API,"Casalecchio di Reno, Bologna, Italy",44.4756,11.2759
2022-04-19T00:00:00+00:00,7.300,-4.500,Open-Meteo Historical Weather API,"Casalecchio di Reno, Bologna, Italy",44.4756,11.2759
2022-04-19T01:00:00+00:00,5.700,-2.200,Open-Meteo Historical Weather API,"Casalecchio di Reno, Bologna, Italy",44.4756,11.2759
2022-04-19T02:00:00+00:00,6.800,-0.100,Open-Meteo Historical Weather API,"Casalecchio di Reno, Bologna, Italy",44.4756,11.2759
2022-04-19T03:00:00+00:00,7.200,1.500,Open-Meteo Historical Weather API,"Casalecchio di Reno, Bologna, Italy",44.4756,11.2759
2022-04-19T04:00:00+00:00,6.600,2.100,Open-Meteo Historical Weather API,"Casalecchio di Reno, Bologna, Italy",44.4756,11.2759
2022-04-19T05:00:00+00:00,6.800,2.600,Open-Meteo Historical Weather API,"Casalecchio di Reno, Bologna, Italy",44.4756,11.2759
2022-04-19T06:00:00+00:00,9.300,4.000,Open-Meteo Historical Weather API,"Casalecchio di Reno, Bologna, Italy",44.4756,11.2759
2022-04-19T07:00:00+00:00,11.900,4.200,Open-Meteo Historical Weather API,"Casalecchio di Reno, Bologna, Italy",44.4756,11.2759
2022-04-19T08:00:00+00:00,13.500,3.900,Open-Meteo Historical Weather API,"Casalecchio di Reno, Bologna, Italy",44.4756,11.2759
2022-04-19T09:00:00+00:00,14.900,2.800,Open-Meteo Historical Weather API,"Casalecchio di Reno, Bologna, Italy",44.4756,11.2759
2022-04-19T10:00:00+00:00,16.500,1.500,Open-Meteo Historical Weather API,"Casalecchio di Reno, Bologna, Italy",44.4756,11.2759
2022-04-19T11:00:00+00:00,17.800,1.500,Open-Meteo Historical Weather API,"Casalecchio di Reno, Bologna, Italy",44.4756,11.2759
2022-04-19T12:00:00+00:00,18.000,2.200,Open-Meteo Historical Weather API,"Casalecchio di Reno, Bologna, Italy",44.4756,11.2759
2022-04-19T13:00:00+00:00,18.600,3.200,Open-Meteo Historical Weather API,"Casalecchio di Reno, Bologna, Italy",44.4756,11.2759
2022-04-19T14:00:00+00:00,18.600,3.800,Open-Meteo Historical Weather API,"Casalecchio di Reno, Bologna, Italy",44.4756,11.2759
2022-04-19T15:00:00+00:00,18.500,4.100,Open-Meteo Historical Weather API,"Casalecchio di Reno, Bologna, Italy",44.4756,11.2759
2022-04-19T16:00:00+00:00,18.100,4.200,Open-Meteo Historical Weather API,"Casalecchio di Reno, Bologna, Italy",44.4756,11.2759
2022-04-19T17:00:00+00:00,17.200,5.800,Open-Meteo Historical Weather API,"Casalecchio di Reno, Bologna, Italy",44.4756,11.2759
2022-04-19T18:00:00+00:00,15.800,5.500,Open-Meteo Historical Weather API,"Casalecchio di Reno, Bologna, Italy",44.4756,11.2759
2022-04-19T19:00:00+00:00,13.500,5.100,Open-Meteo Historical Weather API,"Casalecchio di Reno, Bologna, Italy",44.4756,11.2759
2022-04-19T20:00:00+00:00,13.400,4.000,Open-Meteo Historical Weather API,"Casalecchio di Reno, Bologna, Italy",44.4756,11.2759
2022-04-19T21:00:00+00:00,12.900,3.500,Open-Meteo Historical Weather API,"Casalecchio di Reno, Bologna, Italy",44.4756,11.2759
2022-04-19T22:00:00+00:00,12.100,3.600,Open-Meteo Historical Weather API,"Casalecchio di Reno, Bologna, Italy",44.4756,11.2759
2022-04-19T23:00:00+00:00,10.800,4.100,Open-Meteo Historical Weather API,"Casalecchio di Reno, Bologna, Italy",44.4756,11.2759
2022-04-20T00:00:00+00:00,10.600,4.100,Open-Meteo Historical Weather API,"Casalecchio di Reno, Bologna, Italy",44.4756,11.2759
2022-04-20T01:00:00+00:00,10.000,4.200,Open-Meteo Historical Weather API,"Casalecchio di Reno, Bologna, Italy",44.4756,11.2759
2022-04-20T02:00:00+00:00,7.600,5.200,Open-Meteo Historical Weather API,"Casalecchio di Reno, Bologna, Italy",44.4756,11.2759
2022-04-20T03:00:00+00:00,8.200,5.200,Open-Meteo Historical Weather API,"Casalecchio di Reno, Bologna, Italy",44.4756,11.2759
2022-04-20T04:00:00+00:00,7.800,5.400,Open-Meteo Historical Weather API,"Casalecchio di Reno, Bologna, Italy",44.4756,11.2759
2022-04-20T05:00:00+00:00,8.800,6.600,Open-Meteo Historical Weather API,"Casalecchio di Reno, Bologna, Italy",44.4756,11.2759
2022-04-20T06:00:00+00:00,10.100,8.300,Open-Meteo Historical Weather API,"Casalecchio di Reno, Bologna, Italy",44.4756,11.2759
2022-04-20T07:00:00+00:00,10.800,8.900,Open-Meteo Historical Weather API,"Casalecchio di Reno, Bologna, Italy",44.4756,11.2759
2022-04-20T08:00:00+00:00,11.100,8.900,Open-Meteo Historical Weather API,"Casalecchio di Reno, Bologna, Italy",44.4756,11.2759
2022-04-20T09:00:00+00:00,12.600,8.400,Open-Meteo Historical Weather API,"Casalecchio di Reno, Bologna, Italy",44.4756,11.2759
2022-04-20T10:00:00+00:00,14.600,7.300,Open-Meteo Historical Weather API,"Casalecchio di Reno, Bologna, Italy",44.4756,11.2759
2022-04-20T11:00:00+00:00,14.400,7.200,Open-Meteo Historical Weather API,"Casalecchio di Reno, Bologna, Italy",44.4756,11.2759
2022-04-20T12:00:00+00:00,15.500,7.800,Open-Meteo Historical Weather API,"Casalecchio di Reno, Bologna, Italy",44.4756,11.2759
2022-04-20T13:00:00+00:00,15.400,7.700,Open-Meteo Historical Weather API,"Casalecchio di Reno, Bologna, Italy",44.4756,11.2759
2022-04-20T14:00:00+00:00,14.600,6.700,Open-Meteo Historical Weather API,"Casalecchio di Reno, Bologna, Italy",44.4756,11.2759
2022-04-20T15:00:00+00:00,14.500,5.900,Open-Meteo Historical Weather API,"Casalecchio di Reno, Bologna, Italy",44.4756,11.2759
2022-04-20T16:00:00+00:00,14.500,6.100,Open-Meteo Historical Weather API,"Casalecchio di Reno, Bologna, Italy",44.4756,11.2759
2022-04-20T17:00:00+00:00,13.400,5.800,Open-Meteo Historical Weather API,"Casalecchio di Reno, Bologna, Italy",44.4756,11.2759
2022-04-20T18:00:00+00:00,11.900,5.500,Open-Meteo Historical Weather API,"Casalecchio di Reno, Bologna, Italy",44.4756,11.2759
2022-04-20T19:00:00+00:00,11.100,5.400,Open-Meteo Historical Weather API,"Casalecchio di Reno, Bologna, Italy",44.4756,11.2759
2022-04-20T20:00:00+00:00,10.100,5.900,Open-Meteo Historical Weather API,"Casalecchio di Reno, Bologna, Italy",44.4756,11.2759
2022-04-20T21:00:00+00:00,9.200,6.400,Open-Meteo Historical Weather API,"Casalecchio di Reno, Bologna, Italy",44.4756,11.2759
2022-04-20T22:00:00+00:00,8.400,6.700,Open-Meteo Historical Weather API,"Casalecchio di Reno, Bologna, Italy",44.4756,11.2759
2022-04-20T23:00:00+00:00,7.900,6.800,Open-Meteo Historical Weather API,"Casalecchio di Reno, Bologna, Italy",44.4756,11.2759
2022-04-21T00:00:00+00:00,8.100,6.200,Open-Meteo Historical Weather API,"Casalecchio di Reno, Bologna, Italy",44.4756,11.2759
2022-04-21T01:00:00+00:00,8.300,6.200,Open-Meteo Historical Weather API,"Casalecchio di Reno, Bologna, Italy",44.4756,11.2759
2022-04-21T02:00:00+00:00,9.000,6.400,Open-Meteo Historical Weather API,"Casalecchio di Reno, Bologna, Italy",44.4756,11.2759
2022-04-21T03:00:00+00:00,8.900,7.000,Open-Meteo Historical Weather API,"Casalecchio di Reno, Bologna, Italy",44.4756,11.2759
2022-04-21T04:00:00+00:00,8.900,8.000,Open-Meteo Historical Weather API,"Casalecchio di Reno, Bologna, Italy",44.4756,11.2759
2022-04-21T05:00:00+00:00,9.000,8.100,Open-Meteo Historical Weather API,"Casalecchio di Reno, Bologna, Italy",44.4756,11.2759
2022-04-21T06:00:00+00:00,9.600,8.400,Open-Meteo Historical Weather API,"Casalecchio di Reno, Bologna, Italy",44.4756,11.2759
2022-04-21T07:00:00+00:00,10.600,8.700,Open-Meteo Historical Weather API,"Casalecchio di Reno, Bologna, Italy",44.4756,11.2759
2022-04-21T08:00:00+00:00,11.100,9.000,Open-Meteo Historical Weather API,"Casalecchio di Reno, Bologna, Italy",44.4756,11.2759
2022-04-21T09:00:00+00:00,11.100,9.400,Open-Meteo Historical Weather API,"Casalecchio di Reno, Bologna, Italy",44.4756,11.2759
2022-04-21T10:00:00+00:00,11.800,9.400,Open-Meteo Historical Weather API,"Casalecchio di Reno, Bologna, Italy",44.4756,11.2759
2022-04-21T11:00:00+00:00,11.900,9.700,Open-Meteo Historical Weather API,"Casalecchio di Reno, Bologna, Italy",44.4756,11.2759
2022-04-21T12:00:00+00:00,11.100,9.400,Open-Meteo Historical Weather API,"Casalecchio di Reno, Bologna, Italy",44.4756,11.2759
2022-04-21T13:00:00+00:00,11.400,9.300,Open-Meteo Historical Weather API,"Casalecchio di Reno, Bologna, Italy",44.4756,11.2759
2022-04-21T14:00:00+00:00,11.200,9.100,Open-Meteo Historical Weather API,"Casalecchio di Reno, Bologna, Italy",44.4756,11.2759
2022-04-21T15:00:00+00:00,11.100,8.800,Open-Meteo Historical Weather API,"Casalecchio di Reno, Bologna, Italy",44.4756,11.2759
2022-04-21T16:00:00+00:00,10.500,9.200,Open-Meteo Historical Weather API,"Casalecchio di Reno, Bologna, Italy",44.4756,11.2759
2022-04-21T17:00:00+00:00,10.200,9.200,Open-Meteo Historical Weather API,"Casalecchio di Reno, Bologna, Italy",44.4756,11.2759
2022-04-21T18:00:00+00:00,10.100,9.200,Open-Meteo Historical Weather API,"Casalecchio di Reno, Bologna, Italy",44.4756,11.2759
2022-04-21T19:00:00+00:00,9.900,9.200,Open-Meteo Historical Weather API,"Casalecchio di Reno, Bologna, Italy",44.4756,11.2759
2022-04-21T20:00:00+00:00,9.800,9.200,Open-Meteo Historical Weather API,"Casalecchio di Reno, Bologna, Italy",44.4756,11.2759
2022-04-21T21:00:00+00:00,9.600,9.100,Open-Meteo Historical Weather API,"Casalecchio di Reno, Bologna, Italy",44.4756,11.2759
2022-04-21T22:00:00+00:00,9.400,8.900,Open-Meteo Historical Weather API,"Casalecchio di Reno, Bologna, Italy",44.4756,11.2759
2022-04-21T23:00:00+00:00,9.600,9.100,Open-Meteo Historical Weather API,"Casalecchio di Reno, Bologna, Italy",44.4756,11.2759
2022-04-22T00:00:00+00:00,9.600,9.400,Open-Meteo Historical Weather API,"Casalecchio di Reno, Bologna, Italy",44.4756,11.2759
2022-04-22T01:00:00+00:00,9.700,9.600,Open-Meteo Historical Weather API,"Casalecchio di Reno, Bologna, Italy",44.4756,11.2759
2022-04-22T02:00:00+00:00,9.600,9.400,Open-Meteo Historical Weather API,"Casalecchio di Reno, Bologna, Italy",44.4756,11.2759
2022-04-22T03:00:00+00:00,9.600,9.300,Open-Meteo Historical Weather API,"Casalecchio di Reno, Bologna, Italy",44.4756,11.2759
2022-04-22T04:00:00+00:00,9.600,9.300,Open-Meteo Historical Weather API,"Casalecchio di Reno, Bologna, Italy",44.4756,11.2759
2022-04-22T05:00:00+00:00,9.800,9.200,Open-Meteo Historical Weather API,"Casalecchio di Reno, Bologna, Italy",44.4756,11.2759
2022-04-22T06:00:00+00:00,10.100,9.400,Open-Meteo Historical Weather API,"Casalecchio di Reno, Bologna, Italy",44.4756,11.2759
2022-04-22T07:00:00+00:00,10.100,9.400,Open-Meteo Historical Weather API,"Casalecchio di Reno, Bologna, Italy",44.4756,11.2759
2022-04-22T08:00:00+00:00,10.300,9.600,Open-Meteo Historical Weather API,"Casalecchio di Reno, Bologna, Italy",44.4756,11.2759
2022-04-22T09:00:00+00:00,10.600,9.800,Open-Meteo Historical Weather API,"Casalecchio di Reno, Bologna, Italy",44.4756,11.2759
2022-04-22T10:00:00+00:00,10.600,9.700,Open-Meteo Historical Weather API,"Casalecchio di Reno, Bologna, Italy",44.4756,11.2759
2022-04-22T11:00:00+00:00,10.800,9.700,Open-Meteo Historical Weather API,"Casalecchio di Reno, Bologna, Italy",44.4756,11.2759
2022-04-22T12:00:00+00:00,10.200,9.400,Open-Meteo Historical Weather API,"Casalecchio di Reno, Bologna, Italy",44.4756,11.2759
2022-04-22T13:00:00+00:00,10.700,9.600,Open-Meteo Historical Weather API,"Casalecchio di Reno, Bologna, Italy",44.4756,11.2759
2022-04-22T14:00:00+00:00,11.200,9.400,Open-Meteo Historical Weather API,"Casalecchio di Reno, Bologna, Italy",44.4756,11.2759
2022-04-22T15:00:00+00:00,11.600,9.600,Open-Meteo Historical Weather API,"Casalecchio di Reno, Bologna, Italy",44.4756,11.2759
2022-04-22T16:00:00+00:00,11.600,9.800,Open-Meteo Historical Weather API,"Casalecchio di Reno, Bologna, Italy",44.4756,11.2759
2022-04-22T17:00:00+00:00,11.900,9.800,Open-Meteo Historical Weather API,"Casalecchio di Reno, Bologna, Italy",44.4756,11.2759
2022-04-22T18:00:00+00:00,10.800,9.300,Open-Meteo Historical Weather API,"Casalecchio di Reno, Bologna, Italy",44.4756,11.2759
2022-04-22T19:00:00+00:00,9.600,8.400,Open-Meteo Historical Weather API,"Casalecchio di Reno, Bologna, Italy",44.4756,11.2759
2022-04-22T20:00:00+00:00,9.400,8.100,Open-Meteo Historical Weather API,"Casalecchio di Reno, Bologna, Italy",44.4756,11.2759
2022-04-22T21:00:00+00:00,9.100,7.700,Open-Meteo Historical Weather API,"Casalecchio di Reno, Bologna, Italy",44.4756,11.2759
2022-04-22T22:00:00+00:00,8.800,7.400,Open-Meteo Historical Weather API,"Casalecchio di Reno, Bologna, Italy",44.4756,11.2759
2022-04-22T23:00:00+00:00,8.500,7.200,Open-Meteo Historical Weather API,"Casalecchio di Reno, Bologna, Italy",44.4756,11.2759
2022-04-23T00:00:00+00:00,8.600,7.300,Open-Meteo Historical Weather API,"Casalecchio di Reno, Bologna, Italy",44.4756,11.2759
2022-04-23T01:00:00+00:00,8.800,7.700,Open-Meteo Historical Weather API,"Casalecchio di Reno, Bologna, Italy",44.4756,11.2759
2022-04-23T02:00:00+00:00,8.900,7.800,Open-Meteo Historical Weather API,"Casalecchio di Reno, Bologna, Italy",44.4756,11.2759
2022-04-23T03:00:00+00:00,9.400,8.400,Open-Meteo Historical Weather API,"Casalecchio di Reno, Bologna, Italy",44.4756,11.2759
2022-04-23T04:00:00+00:00,10.100,8.800,Open-Meteo Historical Weather API,"Casalecchio di Reno, Bologna, Italy",44.4756,11.2759
2022-04-23T05:00:00+00:00,10.500,8.600,Open-Meteo Historical Weather API,"Casalecchio di Reno, Bologna, Italy",44.4756,11.2759
2022-04-23T06:00:00+00:00,12.100,9.600,Open-Meteo Historical Weather API,"Casalecchio di Reno, Bologna, Italy",44.4756,11.2759
2022-04-23T07:00:00+00:00,14.300,11.100,Open-Meteo Historical Weather API,"Casalecchio di Reno, Bologna, Italy",44.4756,11.2759
2022-04-23T08:00:00+00:00,16.000,10.900,Open-Meteo Historical Weather API,"Casalecchio di Reno, Bologna, Italy",44.4756,11.2759
2022-04-23T09:00:00+00:00,17.100,10.100,Open-Meteo Historical Weather API,"Casalecchio di Reno, Bologna, Italy",44.4756,11.2759
2022-04-23T10:00:00+00:00,18.700,9.300,Open-Meteo Historical Weather API,"Casalecchio di Reno, Bologna, Italy",44.4756,11.2759
2022-04-23T11:00:00+00:00,19.900,9.100,Open-Meteo Historical Weather API,"Casalecchio di Reno, Bologna, Italy",44.4756,11.2759
2022-04-23T12:00:00+00:00,18.900,8.800,Open-Meteo Historical Weather API,"Casalecchio di Reno, Bologna, Italy",44.4756,11.2759
2022-04-23T13:00:00+00:00,20.100,8.300,Open-Meteo Historical Weather API,"Casalecchio di Reno, Bologna, Italy",44.4756,11.2759
2022-04-23T14:00:00+00:00,19.700,8.600,Open-Meteo Historical Weather API,"Casalecchio di Reno, Bologna, Italy",44.4756,11.2759
2022-04-23T15:00:00+00:00,18.800,9.500,Open-Meteo Historical Weather API,"Casalecchio di Reno, Bologna, Italy",44.4756,11.2759
2022-04-23T16:00:00+00:00,18.500,10.100,Open-Meteo Historical Weather API,"Casalecchio di Reno, Bologna, Italy",44.4756,11.2759
2022-04-23T17:00:00+00:00,17.000,10.800,Open-Meteo Historical Weather API,"Casalecchio di Reno, Bologna, Italy",44.4756,11.2759
2022-04-23T18:00:00+00:00,15.400,11.400,Open-Meteo Historical Weather API,"Casalecchio di Reno, Bologna, Italy",44.4756,11.2759
2022-04-23T19:00:00+00:00,14.400,10.300,Open-Meteo Historical Weather API,"Casalecchio di Reno, Bologna, Italy",44.4756,11.2759
2022-04-23T20:00:00+00:00,14.600,7.700,Open-Meteo Historical Weather API,"Casalecchio di Reno, Bologna, Italy",44.4756,11.2759
2022-04-23T21:00:00+00:00,14.200,9.000,Open-Meteo Historical Weather API,"Casalecchio di Reno, Bologna, Italy",44.4756,11.2759
2022-04-23T22:00:00+00:00,13.400,10.600,Open-Meteo Historical Weather API,"Casalecchio di Reno, Bologna, Italy",44.4756,11.2759
2022-04-23T23:00:00+00:00,13.600,10.100,Open-Meteo Historical Weather API,"Casalecchio di Reno, Bologna, Italy",44.4756,11.2759
2022-04-24T00:00:00+00:00,11.400,7.800,Open-Meteo Historical Weather API,"Casalecchio di Reno, Bologna, Italy",44.4756,11.2759
2022-04-24T01:00:00+00:00,10.900,7.200,Open-Meteo Historical Weather API,"Casalecchio di Reno, Bologna, Italy",44.4756,11.2759
2022-04-24T02:00:00+00:00,11.000,7.100,Open-Meteo Historical Weather API,"Casalecchio di Reno, Bologna, Italy",44.4756,11.2759
2022-04-24T03:00:00+00:00,9.600,6.100,Open-Meteo Historical Weather API,"Casalecchio di Reno, Bologna, Italy",44.4756,11.2759
2022-04-24T04:00:00+00:00,8.900,5.800,Open-Meteo Historical Weather API,"Casalecchio di Reno, Bologna, Italy",44.4756,11.2759
2022-04-24T05:00:00+00:00,9.900,6.600,Open-Meteo Historical Weather API,"Casalecchio di Reno, Bologna, Italy",44.4756,11.2759
2022-04-24T06:00:00+00:00,11.400,7.800,Open-Meteo Historical Weather API,"Casalecchio di Reno, Bologna, Italy",44.4756,11.2759
2022-04-24T07:00:00+00:00,12.900,8.900,Open-Meteo Historical Weather API,"Casalecchio di Reno, Bologna, Italy",44.4756,11.2759
2022-04-24T08:00:00+00:00,14.100,8.900,Open-Meteo Historical Weather API,"Casalecchio di Reno, Bologna, Italy",44.4756,11.2759
2022-04-24T09:00:00+00:00,14.900,7.700,Open-Meteo Historical Weather API,"Casalecchio di Reno, Bologna, Italy",44.4756,11.2759
2022-04-24T10:00:00+00:00,14.400,7.300,Open-Meteo Historical Weather API,"Casalecchio di Reno, Bologna, Italy",44.4756,11.2759
2022-04-24T11:00:00+00:00,16.100,7.600,Open-Meteo Historical Weather API,"Casalecchio di Reno, Bologna, Italy",44.4756,11.2759
2022-04-24T12:00:00+00:00,11.200,8.100,Open-Meteo Historical Weather API,"Casalecchio di Reno, Bologna, Italy",44.4756,11.2759
2022-04-24T13:00:00+00:00,12.900,9.700,Open-Meteo Historical Weather API,"Casalecchio di Reno, Bologna, Italy",44.4756,11.2759
2022-04-24T14:00:00+00:00,13.600,10.400,Open-Meteo Historical Weather API,"Casalecchio di Reno, Bologna, Italy",44.4756,11.2759
2022-04-24T15:00:00+00:00,14.100,10.400,Open-Meteo Historical Weather API,"Casalecchio di Reno, Bologna, Italy",44.4756,11.2759
2022-04-24T16:00:00+00:00,14.400,9.200,Open-Meteo Historical Weather API,"Casalecchio di Reno, Bologna, Italy",44.4756,11.2759
2022-04-24T17:00:00+00:00,14.400,8.800,Open-Meteo Historical Weather API,"Casalecchio di Reno, Bologna, Italy",44.4756,11.2759
2022-04-24T18:00:00+00:00,11.400,7.500,Open-Meteo Historical Weather API,"Casalecchio di Reno, Bologna, Italy",44.4756,11.2759
2022-04-24T19:00:00+00:00,11.300,7.300,Open-Meteo Historical Weather API,"Casalecchio di Reno, Bologna, Italy",44.4756,11.2759
2022-04-24T20:00:00+00:00,10.800,7.500,Open-Meteo Historical Weather API,"Casalecchio di Reno, Bologna, Italy",44.4756,11.2759
2022-04-24T21:00:00+00:00,10.100,7.300,Open-Meteo Historical Weather API,"Casalecchio di Reno, Bologna, Italy",44.4756,11.2759
2022-04-24T22:00:00+00:00,9.600,7.200,Open-Meteo Historical Weather API,"Casalecchio di Reno, Bologna, Italy",44.4756,11.2759
2022-04-24T23:00:00+00:00,9.300,7.500,Open-Meteo Historical Weather API,"Casalecchio di Reno, Bologna, Italy",44.4756,11.2759
2022-04-25T00:00:00+00:00,9.700,7.900,Open-Meteo Historical Weather API,"Casalecchio di Reno, Bologna, Italy",44.4756,11.2759
2022-04-25T01:00:00+00:00,10.100,7.700,Open-Meteo Historical Weather API,"Casalecchio di Reno, Bologna, Italy",44.4756,11.2759
2022-04-25T02:00:00+00:00,9.400,6.900,Open-Meteo Historical Weather API,"Casalecchio di Reno, Bologna, Italy",44.4756,11.2759
2022-04-25T03:00:00+00:00,9.100,6.500,Open-Meteo Historical Weather API,"Casalecchio di Reno, Bologna, Italy",44.4756,11.2759
2022-04-25T04:00:00+00:00,9.100,6.200,Open-Meteo Historical Weather API,"Casalecchio di Reno, Bologna, Italy",44.4756,11.2759
2022-04-25T05:00:00+00:00,9.800,6.700,Open-Meteo Historical Weather API,"Casalecchio di Reno, Bologna, Italy",44.4756,11.2759
2022-04-25T06:00:00+00:00,11.800,8.400,Open-Meteo Historical Weather API,"Casalecchio di Reno, Bologna, Italy",44.4756,11.2759
2022-04-25T07:00:00+00:00,14.100,10.200,Open-Meteo Historical Weather API,"Casalecchio di Reno, Bologna, Italy",44.4756,11.2759
2022-04-25T08:00:00+00:00,15.900,10.800,Open-Meteo Historical Weather API,"Casalecchio di Reno, Bologna, Italy",44.4756,11.2759
2022-04-25T09:00:00+00:00,16.700,10.800,Open-Meteo Historical Weather API,"Casalecchio di Reno, Bologna, Italy",44.4756,11.2759
2022-04-25T10:00:00+00:00,17.600,10.100,Open-Meteo Historical Weather API,"Casalecchio di Reno, Bologna, Italy",44.4756,11.2759
2022-04-25T11:00:00+00:00,18.800,10.400,Open-Meteo Historical Weather API,"Casalecchio di Reno, Bologna, Italy",44.4756,11.2759
2022-04-25T12:00:00+00:00,17.800,10.400,Open-Meteo Historical Weather API,"Casalecchio di Reno, Bologna, Italy",44.4756,11.2759
2022-04-25T13:00:00+00:00,19.400,9.600,Open-Meteo Historical Weather API,"Casalecchio di Reno, Bologna, Italy",44.4756,11.2759
2022-04-25T14:00:00+00:00,18.900,8.900,Open-Meteo Historical Weather API,"Casalecchio di Reno, Bologna, Italy",44.4756,11.2759
2022-04-25T15:00:00+00:00,18.600,8.300,Open-Meteo Historical Weather API,"Casalecchio di Reno, Bologna, Italy",44.4756,11.2759
2022-04-25T16:00:00+00:00,18.800,8.100,Open-Meteo Historical Weather API,"Casalecchio di Reno, Bologna, Italy",44.4756,11.2759
2022-04-25T17:00:00+00:00,17.100,8.800,Open-Meteo Historical Weather API,"Casalecchio di Reno, Bologna, Italy",44.4756,11.2759
2022-04-25T18:00:00+00:00,15.600,7.300,Open-Meteo Historical Weather API,"Casalecchio di Reno, Bologna, Italy",44.4756,11.2759
2022-04-25T19:00:00+00:00,14.100,7.200,Open-Meteo Historical Weather API,"Casalecchio di Reno, Bologna, Italy",44.4756,11.2759
2022-04-25T20:00:00+00:00,13.000,7.800,Open-Meteo Historical Weather API,"Casalecchio di Reno, Bologna, Italy",44.4756,11.2759
2022-04-25T21:00:00+00:00,12.400,7.900,Open-Meteo Historical Weather API,"Casalecchio di Reno, Bologna, Italy",44.4756,11.2759
2022-04-25T22:00:00+00:00,12.400,7.800,Open-Meteo Historical Weather API,"Casalecchio di Reno, Bologna, Italy",44.4756,11.2759
2022-04-25T23:00:00+00:00,12.400,6.900,Open-Meteo Historical Weather API,"Casalecchio di Reno, Bologna, Italy",44.4756,11.2759
2022-04-26T00:00:00+00:00,12.900,7.500,Open-Meteo Historical Weather API,"Casalecchio di Reno, Bologna, Italy",44.4756,11.2759
2022-04-26T01:00:00+00:00,12.000,7.600,Open-Meteo Historical Weather API,"Casalecchio di Reno, Bologna, Italy",44.4756,11.2759
2022-04-26T02:00:00+00:00,11.200,7.600,Open-Meteo Historical Weather API,"Casalecchio di Reno, Bologna, Italy",44.4756,11.2759
2022-04-26T03:00:00+00:00,11.800,7.800,Open-Meteo Historical Weather API,"Casalecchio di Reno, Bologna, Italy",44.4756,11.2759
2022-04-26T04:00:00+00:00,12.300,8.100,Open-Meteo Historical Weather API,"Casalecchio di Reno, Bologna, Italy",44.4756,11.2759
2022-04-26T05:00:00+00:00,12.100,8.800,Open-Meteo Historical Weather API,"Casalecchio di Reno, Bologna, Italy",44.4756,11.2759
2022-04-26T06:00:00+00:00,13.200,9.800,Open-Meteo Historical Weather API,"Casalecchio di Reno, Bologna, Italy",44.4756,11.2759
2022-04-26T07:00:00+00:00,15.100,10.100,Open-Meteo Historical Weather API,"Casalecchio di Reno, Bologna, Italy",44.4756,11.2759
2022-04-26T08:00:00+00:00,16.700,9.600,Open-Meteo Historical Weather API,"Casalecchio di Reno, Bologna, Italy",44.4756,11.2759
2022-04-26T09:00:00+00:00,18.400,9.100,Open-Meteo Historical Weather API,"Casalecchio di Reno, Bologna, Italy",44.4756,11.2759
2022-04-26T10:00:00+00:00,18.900,9.400,Open-Meteo Historical Weather API,"Casalecchio di Reno, Bologna, Italy",44.4756,11.2759
2022-04-26T11:00:00+00:00,19.300,9.900,Open-Meteo Historical Weather API,"Casalecchio di Reno, Bologna, Italy",44.4756,11.2759
2022-04-26T12:00:00+00:00,20.300,7.200,Open-Meteo Historical Weather API,"Casalecchio di Reno, Bologna, Italy",44.4756,11.2759
2022-04-26T13:00:00+00:00,19.100,7.700,Open-Meteo Historical Weather API,"Casalecchio di Reno, Bologna, Italy",44.4756,11.2759
2022-04-26T14:00:00+00:00,18.900,10.600,Open-Meteo Historical Weather API,"Casalecchio di Reno, Bologna, Italy",44.4756,11.2759
2022-04-26T15:00:00+00:00,18.300,10.900,Open-Meteo Historical Weather API,"Casalecchio di Reno, Bologna, Italy",44.4756,11.2759
2022-04-26T16:00:00+00:00,17.900,10.900,Open-Meteo Historical Weather API,"Casalecchio di Reno, Bologna, Italy",44.4756,11.2759
2022-04-26T17:00:00+00:00,16.800,10.900,Open-Meteo Historical Weather API,"Casalecchio di Reno, Bologna, Italy",44.4756,11.2759
2022-04-26T18:00:00+00:00,15.300,11.100,Open-Meteo Historical Weather API,"Casalecchio di Reno, Bologna, Italy",44.4756,11.2759
2022-04-26T19:00:00+00:00,13.200,10.900,Open-Meteo Historical Weather API,"Casalecchio di Reno, Bologna, Italy",44.4756,11.2759
2022-04-26T20:00:00+00:00,12.600,10.900,Open-Meteo Historical Weather API,"Casalecchio di Reno, Bologna, Italy",44.4756,11.2759
2022-04-26T21:00:00+00:00,12.600,8.800,Open-Meteo Historical Weather API,"Casalecchio di Reno, Bologna, Italy",44.4756,11.2759
2022-04-26T22:00:00+00:00,12.000,7.500,Open-Meteo Historical Weather API,"Casalecchio di Reno, Bologna, Italy",44.4756,11.2759
2022-04-26T23:00:00+00:00,11.300,7.200,Open-Meteo Historical Weather API,"Casalecchio di Reno, Bologna, Italy",44.4756,11.2759
2022-04-27T00:00:00+00:00,10.700,6.600,Open-Meteo Historical Weather API,"Casalecchio di Reno, Bologna, Italy",44.4756,11.2759
2022-04-27T01:00:00+00:00,10.200,6.600,Open-Meteo Historical Weather API,"Casalecchio di Reno, Bologna, Italy",44.4756,11.2759
2022-04-27T02:00:00+00:00,9.600,6.500,Open-Meteo Historical Weather API,"Casalecchio di Reno, Bologna, Italy",44.4756,11.2759
2022-04-27T03:00:00+00:00,8.600,6.500,Open-Meteo Historical Weather API,"Casalecchio di Reno, Bologna, Italy",44.4756,11.2759
2022-04-27T04:00:00+00:00,8.200,6.300,Open-Meteo Historical Weather API,"Casalecchio di Reno, Bologna, Italy",44.4756,11.2759
2022-04-27T05:00:00+00:00,9.100,6.600,Open-Meteo Historical Weather API,"Casalecchio di Reno, Bologna, Italy",44.4756,11.2759
2022-04-27T06:00:00+00:00,11.600,8.200,Open-Meteo Historical Weather API,"Casalecchio di Reno, Bologna, Italy",44.4756,11.2759
2022-04-27T07:00:00+00:00,13.200,9.900,Open-Meteo Historical Weather API,"Casalecchio di Reno, Bologna, Italy",44.4756,11.2759
2022-04-27T08:00:00+00:00,14.300,10.900,Open-Meteo Historical Weather API,"Casalecchio di Reno, Bologna, Italy",44.4756,11.2759
2022-04-27T09:00:00+00:00,15.600,11.400,Open-Meteo Historical Weather API,"Casalecchio di Reno, Bologna, Italy",44.4756,11.2759
2022-04-27T10:00:00+00:00,16.900,11.300,Open-Meteo Historical Weather API,"Casalecchio di Reno, Bologna, Italy",44.4756,11.2759
2022-04-27T11:00:00+00:00,18.000,11.100,Open-Meteo Historical Weather API,"Casalecchio di Reno, Bologna, Italy",44.4756,11.2759
2022-04-27T12:00:00+00:00,18.100,11.900,Open-Meteo Historical Weather API,"Casalecchio di Reno, Bologna, Italy",44.4756,11.2759
2022-04-27T13:00:00+00:00,18.900,10.100,Open-Meteo Historical Weather API,"Casalecchio di Reno, Bologna, Italy",44.4756,11.2759
2022-04-27T14:00:00+00:00,19.100,9.500,Open-Meteo Historical Weather API,"Casalecchio di Reno, Bologna, Italy",44.4756,11.2759
2022-04-27T15:00:00+00:00,19.000,9.100,Open-Meteo Historical Weather API,"Casalecchio di Reno, Bologna, Italy",44.4756,11.2759
2022-04-27T16:00:00+00:00,18.500,9.000,Open-Meteo Historical Weather API,"Casalecchio di Reno, Bologna, Italy",44.4756,11.2759
2022-04-27T17:00:00+00:00,17.200,9.400,Open-Meteo Historical Weather API,"Casalecchio di Reno, Bologna, Italy",44.4756,11.2759
2022-04-27T18:00:00+00:00,14.900,7.900,Open-Meteo Historical Weather API,"Casalecchio di Reno, Bologna, Italy",44.4756,11.2759
2022-04-27T19:00:00+00:00,12.900,7.100,Open-Meteo Historical Weather API,"Casalecchio di Reno, Bologna, Italy",44.4756,11.2759
2022-04-27T20:00:00+00:00,11.100,7.100,Open-Meteo Historical Weather API,"Casalecchio di Reno, Bologna, Italy",44.4756,11.2759
2022-04-27T21:00:00+00:00,10.100,6.800,Open-Meteo Historical Weather API,"Casalecchio di Reno, Bologna, Italy",44.4756,11.2759
2022-04-27T22:00:00+00:00,9.400,5.700,Open-Meteo Historical Weather API,"Casalecchio di Reno, Bologna, Italy",44.4756,11.2759
2022-04-27T23:00:00+00:00,8.900,4.400,Open-Meteo Historical Weather API,"Casalecchio di Reno, Bologna, Italy",44.4756,11.2759
2022-04-28T00:00:00+00:00,8.900,6.400,Open-Meteo Historical Weather API,"Casalecchio di Reno, Bologna, Italy",44.4756,11.2759
2022-04-28T01:00:00+00:00,9.400,7.100,Open-Meteo Historical Weather API,"Casalecchio di Reno, Bologna, Italy",44.4756,11.2759
2022-04-28T02:00:00+00:00,9.500,7.100,Open-Meteo Historical Weather API,"Casalecchio di Reno, Bologna, Italy",44.4756,11.2759
2022-04-28T03:00:00+00:00,9.600,6.200,Open-Meteo Historical Weather API,"Casalecchio di Reno, Bologna, Italy",44.4756,11.2759
2022-04-28T04:00:00+00:00,9.500,4.900,Open-Meteo Historical Weather API,"Casalecchio di Reno, Bologna, Italy",44.4756,11.2759
2022-04-28T05:00:00+00:00,10.100,4.900,Open-Meteo Historical Weather API,"Casalecchio di Reno, Bologna, Italy",44.4756,11.2759
2022-04-28T06:00:00+00:00,12.500,6.700,Open-Meteo Historical Weather API,"Casalecchio di Reno, Bologna, Italy",44.4756,11.2759
2022-04-28T07:00:00+00:00,14.500,6.700,Open-Meteo Historical Weather API,"Casalecchio di Reno, Bologna, Italy",44.4756,11.2759
2022-04-28T08:00:00+00:00,15.600,6.200,Open-Meteo Historical Weather API,"Casalecchio di Reno, Bologna, Italy",44.4756,11.2759
2022-04-28T09:00:00+00:00,16.400,6.700,Open-Meteo Historical Weather API,"Casalecchio di Reno, Bologna, Italy",44.4756,11.2759
2022-04-28T10:00:00+00:00,17.200,7.200,Open-Meteo Historical Weather API,"Casalecchio di Reno, Bologna, Italy",44.4756,11.2759
2022-04-28T11:00:00+00:00,17.900,7.200,Open-Meteo Historical Weather API,"Casalecchio di Reno, Bologna, Italy",44.4756,11.2759
2022-04-28T12:00:00+00:00,18.600,7.200,Open-Meteo Historical Weather API,"Casalecchio di Reno, Bologna, Italy",44.4756,11.2759
2022-04-28T13:00:00+00:00,18.500,7.200,Open-Meteo Historical Weather API,"Casalecchio di Reno, Bologna, Italy",44.4756,11.2759
2022-04-28T14:00:00+00:00,18.600,7.300,Open-Meteo Historical Weather API,"Casalecchio di Reno, Bologna, Italy",44.4756,11.2759
2022-04-28T15:00:00+00:00,18.500,7.300,Open-Meteo Historical Weather API,"Casalecchio di Reno, Bologna, Italy",44.4756,11.2759
2022-04-28T16:00:00+00:00,18.000,7.200,Open-Meteo Historical Weather API,"Casalecchio di Reno, Bologna, Italy",44.4756,11.2759
2022-04-28T17:00:00+00:00,16.900,8.200,Open-Meteo Historical Weather API,"Casalecchio di Reno, Bologna, Italy",44.4756,11.2759
2022-04-28T18:00:00+00:00,13.400,8.200,Open-Meteo Historical Weather API,"Casalecchio di Reno, Bologna, Italy",44.4756,11.2759
2022-04-28T19:00:00+00:00,11.800,6.300,Open-Meteo Historical Weather API,"Casalecchio di Reno, Bologna, Italy",44.4756,11.2759
2022-04-28T20:00:00+00:00,11.400,5.200,Open-Meteo Historical Weather API,"Casalecchio di Reno, Bologna, Italy",44.4756,11.2759
2022-04-28T21:00:00+00:00,14.200,2.800,Open-Meteo Historical Weather API,"Casalecchio di Reno, Bologna, Italy",44.4756,11.2759
2022-04-28T22:00:00+00:00,14.000,1.900,Open-Meteo Historical Weather API,"Casalecchio di Reno, Bologna, Italy",44.4756,11.2759
2022-04-28T23:00:00+00:00,13.800,1.200,Open-Meteo Historical Weather API,"Casalecchio di Reno, Bologna, Italy",44.4756,11.2759
2022-04-29T00:00:00+00:00,13.400,2.500,Open-Meteo Historical Weather API,"Casalecchio di Reno, Bologna, Italy",44.4756,11.2759
2022-04-29T01:00:00+00:00,8.200,2.600,Open-Meteo Historical Weather API,"Casalecchio di Reno, Bologna, Italy",44.4756,11.2759
2022-04-29T02:00:00+00:00,7.900,2.800,Open-Meteo Historical Weather API,"Casalecchio di Reno, Bologna, Italy",44.4756,11.2759
2022-04-29T03:00:00+00:00,9.000,3.000,Open-Meteo Historical Weather API,"Casalecchio di Reno, Bologna, Italy",44.4756,11.2759
2022-04-29T04:00:00+00:00,7.400,3.100,Open-Meteo Historical Weather API,"Casalecchio di Reno, Bologna, Italy",44.4756,11.2759
2022-04-29T05:00:00+00:00,8.600,4.800,Open-Meteo Historical Weather API,"Casalecchio di Reno, Bologna, Italy",44.4756,11.2759
2022-04-29T06:00:00+00:00,12.000,6.200,Open-Meteo Historical Weather API,"Casalecchio di Reno, Bologna, Italy",44.4756,11.2759
2022-04-29T07:00:00+00:00,13.600,6.300,Open-Meteo Historical Weather API,"Casalecchio di Reno, Bologna, Italy",44.4756,11.2759
2022-04-29T08:00:00+00:00,15.100,7.300,Open-Meteo Historical Weather API,"Casalecchio di Reno, Bologna, Italy",44.4756,11.2759
2022-04-29T09:00:00+00:00,17.000,7.300,Open-Meteo Historical Weather API,"Casalecchio di Reno, Bologna, Italy",44.4756,11.2759
2022-04-29T10:00:00+00:00,18.400,4.800,Open-Meteo Historical Weather API,"Casalecchio di Reno, Bologna, Italy",44.4756,11.2759
2022-04-29T11:00:00+00:00,18.900,4.600,Open-Meteo Historical Weather API,"Casalecchio di Reno, Bologna, Italy",44.4756,11.2759
2022-04-29T12:00:00+00:00,19.100,4.400,Open-Meteo Historical Weather API,"Casalecchio di Reno, Bologna, Italy",44.4756,11.2759
2022-04-29T13:00:00+00:00,19.100,4.100,Open-Meteo Historical Weather API,"Casalecchio di Reno, Bologna, Italy",44.4756,11.2759
2022-04-29T14:00:00+00:00,19.000,3.700,Open-Meteo Historical Weather API,"Casalecchio di Reno, Bologna, Italy",44.4756,11.2759
2022-04-29T15:00:00+00:00,18.600,3.300,Open-Meteo Historical Weather API,"Casalecchio di Reno, Bologna, Italy",44.4756,11.2759
2022-04-29T16:00:00+00:00,17.900,3.500,Open-Meteo Historical Weather API,"Casalecchio di Reno, Bologna, Italy",44.4756,11.2759
2022-04-29T17:00:00+00:00,16.500,6.700,Open-Meteo Historical Weather API,"Casalecchio di Reno, Bologna, Italy",44.4756,11.2759
2022-04-29T18:00:00+00:00,13.800,6.300,Open-Meteo Historical Weather API,"Casalecchio di Reno, Bologna, Italy",44.4756,11.2759
2022-04-29T19:00:00+00:00,15.100,4.000,Open-Meteo Historical Weather API,"Casalecchio di Reno, Bologna, Italy",44.4756,11.2759
2022-04-29T20:00:00+00:00,10.500,4.900,Open-Meteo Historical Weather API,"Casalecchio di Reno, Bologna, Italy",44.4756,11.2759
2022-04-29T21:00:00+00:00,11.600,4.000,Open-Meteo Historical Weather API,"Casalecchio di Reno, Bologna, Italy",44.4756,11.2759
2022-04-29T22:00:00+00:00,9.200,3.800,Open-Meteo Historical Weather API,"Casalecchio di Reno, Bologna, Italy",44.4756,11.2759
2022-04-29T23:00:00+00:00,8.400,3.500,Open-Meteo Historical Weather API,"Casalecchio di Reno, Bologna, Italy",44.4756,11.2759
2022-04-30T00:00:00+00:00,8.300,3.000,Open-Meteo Historical Weather API,"Casalecchio di Reno, Bologna, Italy",44.4756,11.2759
2022-04-30T01:00:00+00:00,8.300,2.800,Open-Meteo Historical Weather API,"Casalecchio di Reno, Bologna, Italy",44.4756,11.2759
2022-04-30T02:00:00+00:00,8.000,2.700,Open-Meteo Historical Weather API,"Casalecchio di Reno, Bologna, Italy",44.4756,11.2759
2022-04-30T03:00:00+00:00,7.200,2.500,Open-Meteo Historical Weather API,"Casalecchio di Reno, Bologna, Italy",44.4756,11.2759
2022-04-30T04:00:00+00:00,6.400,2.500,Open-Meteo Historical Weather API,"Casalecchio di Reno, Bologna, Italy",44.4756,11.2759
2022-04-30T05:00:00+00:00,7.000,3.500,Open-Meteo Historical Weather API,"Casalecchio di Reno, Bologna, Italy",44.4756,11.2759
2022-04-30T06:00:00+00:00,11.300,7.600,Open-Meteo Historical Weather API,"Casalecchio di Reno, Bologna, Italy",44.4756,11.2759
2022-04-30T07:00:00+00:00,15.500,6.200,Open-Meteo Historical Weather API,"Casalecchio di Reno, Bologna, Italy",44.4756,11.2759
2022-04-30T08:00:00+00:00,16.800,6.100,Open-Meteo Historical Weather API,"Casalecchio di Reno, Bologna, Italy",44.4756,11.2759
2022-04-30T09:00:00+00:00,18.000,6.200,Open-Meteo Historical Weather API,"Casalecchio di Reno, Bologna, Italy",44.4756,11.2759
2022-04-30T10:00:00+00:00,19.000,5.900,Open-Meteo Historical Weather API,"Casalecchio di Reno, Bologna, Italy",44.4756,11.2759
2022-04-30T11:00:00+00:00,19.600,5.800,Open-Meteo Historical Weather API,"Casalecchio di Reno, Bologna, Italy",44.4756,11.2759
2022-04-30T12:00:00+00:00,19.400,7.400,Open-Meteo Historical Weather API,"Casalecchio di Reno, Bologna, Italy",44.4756,11.2759
2022-04-30T13:00:00+00:00,19.800,7.500,Open-Meteo Historical Weather API,"Casalecchio di Reno, Bologna, Italy",44.4756,11.2759
2022-04-30T14:00:00+00:00,20.000,7.400,Open-Meteo Historical Weather API,"Casalecchio di Reno, Bologna, Italy",44.4756,11.2759
2022-04-30T15:00:00+00:00,19.600,6.800,Open-Meteo Historical Weather API,"Casalecchio di Reno, Bologna, Italy",44.4756,11.2759
2022-04-30T16:00:00+00:00,18.900,6.300,Open-Meteo Historical Weather API,"Casalecchio di Reno, Bologna, Italy",44.4756,11.2759
2022-04-30T17:00:00+00:00,17.800,7.300,Open-Meteo Historical Weather API,"Casalecchio di Reno, Bologna, Italy",44.4756,11.2759
2022-04-30T18:00:00+00:00,14.900,8.600,Open-Meteo Historical Weather API,"Casalecchio di Reno, Bologna, Italy",44.4756,11.2759
2022-04-30T19:00:00+00:00,13.800,7.600,Open-Meteo Historical Weather API,"Casalecchio di Reno, Bologna, Italy",44.4756,11.2759
2022-04-30T20:00:00+00:00,13.500,6.400,Open-Meteo Historical Weather API,"Casalecchio di Reno, Bologna, Italy",44.4756,11.2759
2022-04-30T21:00:00+00:00,12.100,6.500,Open-Meteo Historical Weather API,"Casalecchio di Reno, Bologna, Italy",44.4756,11.2759
2022-04-30T22:00:00+00:00,10.500,6.000,Open-Meteo Historical Weather API,"Casalecchio di Reno, Bologna, Italy",44.4756,11.2759
2022-04-30T23:00:00+00:00,10.400,5.200,Open-Meteo Historical Weather API,"Casalecchio di Reno, Bologna, Italy",44.4756,11.2759
2022-05-01T00:00:00+00:00,8.100,4.600,Open-Meteo Historical Weather API,"Casalecchio di Reno, Bologna, Italy",44.4756,11.2759
2022-05-01T01:00:00+00:00,9.800,5.200,Open-Meteo Historical Weather API,"Casalecchio di Reno, Bologna, Italy",44.4756,11.2759
2022-05-01T02:00:00+00:00,9.900,5.700,Open-Meteo Historical Weather API,"Casalecchio di Reno, Bologna, Italy",44.4756,11.2759
2022-05-01T03:00:00+00:00,11.500,5.700,Open-Meteo Historical Weather API,"Casalecchio di Reno, Bologna, Italy",44.4756,11.2759
2022-05-01T04:00:00+00:00,11.100,5.900,Open-Meteo Historical Weather API,"Casalecchio di Reno, Bologna, Italy",44.4756,11.2759
2022-05-01T05:00:00+00:00,11.200,7.300,Open-Meteo Historical Weather API,"Casalecchio di Reno, Bologna, Italy",44.4756,11.2759
2022-05-01T06:00:00+00:00,12.400,7.900,Open-Meteo Historical Weather API,"Casalecchio di Reno, Bologna, Italy",44.4756,11.2759
2022-05-01T07:00:00+00:00,14.200,8.500,Open-Meteo Historical Weather API,"Casalecchio di Reno, Bologna, Italy",44.4756,11.2759
2022-05-01T08:00:00+00:00,15.900,7.600,Open-Meteo Historical Weather API,"Casalecchio di Reno, Bologna, Italy",44.4756,11.2759
2022-05-01T09:00:00+00:00,16.400,7.100,Open-Meteo Historical Weather API,"Casalecchio di Reno, Bologna, Italy",44.4756,11.2759
2022-05-01T10:00:00+00:00,17.300,7.600,Open-Meteo Historical Weather API,"Casalecchio di Reno, Bologna, Italy",44.4756,11.2759
2022-05-01T11:00:00+00:00,17.900,8.000,Open-Meteo Historical Weather API,"Casalecchio di Reno, Bologna, Italy",44.4756,11.2759
2022-05-01T12:00:00+00:00,16.500,10.100,Open-Meteo Historical Weather API,"Casalecchio di Reno, Bologna, Italy",44.4756,11.2759
2022-05-01T13:00:00+00:00,17.700,11.000,Open-Meteo Historical Weather API,"Casalecchio di Reno, Bologna, Italy",44.4756,11.2759
2022-05-01T14:00:00+00:00,17.200,9.800,Open-Meteo Historical Weather API,"Casalecchio di Reno, Bologna, Italy",44.4756,11.2759
2022-05-01T15:00:00+00:00,16.800,8.900,Open-Meteo Historical Weather API,"Casalecchio di Reno, Bologna, Italy",44.4756,11.2759
2022-05-01T16:00:00+00:00,16.800,8.600,Open-Meteo Historical Weather API,"Casalecchio di Reno, Bologna, Italy",44.4756,11.2759
2022-05-01T17:00:00+00:00,16.800,9.200,Open-Meteo Historical Weather API,"Casalecchio di Reno, Bologna, Italy",44.4756,11.2759
2022-05-01T18:00:00+00:00,14.600,9.400,Open-Meteo Historical Weather API,"Casalecchio di Reno, Bologna, Italy",44.4756,11.2759
2022-05-01T19:00:00+00:00,12.600,8.900,Open-Meteo Historical Weather API,"Casalecchio di Reno, Bologna, Italy",44.4756,11.2759
2022-05-01T20:00:00+00:00,11.400,8.900,Open-Meteo Historical Weather API,"Casalecchio di Reno, Bologna, Italy",44.4756,11.2759
2022-05-01T21:00:00+00:00,11.900,8.800,Open-Meteo Historical Weather API,"Casalecchio di Reno, Bologna, Italy",44.4756,11.2759
2022-05-01T22:00:00+00:00,11.400,8.800,Open-Meteo Historical Weather API,"Casalecchio di Reno, Bologna, Italy",44.4756,11.2759
2022-05-01T23:00:00+00:00,10.900,8.600,Open-Meteo Historical Weather API,"Casalecchio di Reno, Bologna, Italy",44.4756,11.2759
2022-05-02T00:00:00+00:00,9.600,8.800,Open-Meteo Historical Weather API,"Casalecchio di Reno, Bologna, Italy",44.4756,11.2759
2022-05-02T01:00:00+00:00,9.100,8.100,Open-Meteo Historical Weather API,"Casalecchio di Reno, Bologna, Italy",44.4756,11.2759
2022-05-02T02:00:00+00:00,9.100,7.900,Open-Meteo Historical Weather API,"Casalecchio di Reno, Bologna, Italy",44.4756,11.2759
2022-05-02T03:00:00+00:00,9.400,8.100,Open-Meteo Historical Weather API,"Casalecchio di Reno, Bologna, Italy",44.4756,11.2759
2022-05-02T04:00:00+00:00,9.100,7.900,Open-Meteo Historical Weather API,"Casalecchio di Reno, Bologna, Italy",44.4756,11.2759
2022-05-02T05:00:00+00:00,9.900,8.100,Open-Meteo Historical Weather API,"Casalecchio di Reno, Bologna, Italy",44.4756,11.2759
2022-05-02T06:00:00+00:00,12.000,9.100,Open-Meteo Historical Weather API,"Casalecchio di Reno, Bologna, Italy",44.4756,11.2759
2022-05-02T07:00:00+00:00,13.600,9.800,Open-Meteo Historical Weather API,"Casalecchio di Reno, Bologna, Italy",44.4756,11.2759
2022-05-02T08:00:00+00:00,15.100,9.900,Open-Meteo Historical Weather API,"Casalecchio di Reno, Bologna, Italy",44.4756,11.2759
2022-05-02T09:00:00+00:00,16.100,9.800,Open-Meteo Historical Weather API,"Casalecchio di Reno, Bologna, Italy",44.4756,11.2759
2022-05-02T10:00:00+00:00,17.200,10.100,Open-Meteo Historical Weather API,"Casalecchio di Reno, Bologna, Italy",44.4756,11.2759
2022-05-02T11:00:00+00:00,18.000,10.100,Open-Meteo Historical Weather API,"Casalecchio di Reno, Bologna, Italy",44.4756,11.2759
2022-05-02T12:00:00+00:00,15.100,9.600,Open-Meteo Historical Weather API,"Casalecchio di Reno, Bologna, Italy",44.4756,11.2759
2022-05-02T13:00:00+00:00,16.400,10.200,Open-Meteo Historical Weather API,"Casalecchio di Reno, Bologna, Italy",44.4756,11.2759
2022-05-02T14:00:00+00:00,17.800,9.600,Open-Meteo Historical Weather API,"Casalecchio di Reno, Bologna, Italy",44.4756,11.2759
2022-05-02T15:00:00+00:00,17.900,9.200,Open-Meteo Historical Weather API,"Casalecchio di Reno, Bologna, Italy",44.4756,11.2759
2022-05-02T16:00:00+00:00,18.100,8.700,Open-Meteo Historical Weather API,"Casalecchio di Reno, Bologna, Italy",44.4756,11.2759
2022-05-02T17:00:00+00:00,17.500,10.200,Open-Meteo Historical Weather API,"Casalecchio di Reno, Bologna, Italy",44.4756,11.2759
2022-05-02T18:00:00+00:00,14.900,10.500,Open-Meteo Historical Weather API,"Casalecchio di Reno, Bologna, Italy",44.4756,11.2759
2022-05-02T19:00:00+00:00,13.900,9.100,Open-Meteo Historical Weather API,"Casalecchio di Reno, Bologna, Italy",44.4756,11.2759
2022-05-02T20:00:00+00:00,12.200,8.900,Open-Meteo Historical Weather API,"Casalecchio di Reno, Bologna, Italy",44.4756,11.2759
2022-05-02T21:00:00+00:00,12.100,8.300,Open-Meteo Historical Weather API,"Casalecchio di Reno, Bologna, Italy",44.4756,11.2759
2022-05-02T22:00:00+00:00,11.100,7.900,Open-Meteo Historical Weather API,"Casalecchio di Reno, Bologna, Italy",44.4756,11.2759
2022-05-02T23:00:00+00:00,11.100,7.700,Open-Meteo Historical Weather API,"Casalecchio di Reno, Bologna, Italy",44.4756,11.2759
2022-05-03T00:00:00+00:00,10.300,7.300,Open-Meteo Historical Weather API,"Casalecchio di Reno, Bologna, Italy",44.4756,11.2759
2022-05-03T01:00:00+00:00,10.100,7.300,Open-Meteo Historical Weather API,"Casalecchio di Reno, Bologna, Italy",44.4756,11.2759
2022-05-03T02:00:00+00:00,9.600,7.100,Open-Meteo Historical Weather API,"Casalecchio di Reno, Bologna, Italy",44.4756,11.2759
2022-05-03T03:00:00+00:00,9.600,6.800,Open-Meteo Historical Weather API,"Casalecchio di Reno, Bologna, Italy",44.4756,11.2759
2022-05-03T04:00:00+00:00,9.100,6.600,Open-Meteo Historical Weather API,"Casalecchio di Reno, Bologna, Italy",44.4756,11.2759
2022-05-03T05:00:00+00:00,9.900,7.200,Open-Meteo Historical Weather API,"Casalecchio di Reno, Bologna, Italy",44.4756,11.2759
2022-05-03T06:00:00+00:00,13.600,9.100,Open-Meteo Historical Weather API,"Casalecchio di Reno, Bologna, Italy",44.4756,11.2759
2022-05-03T07:00:00+00:00,16.100,9.200,Open-Meteo Historical Weather API,"Casalecchio di Reno, Bologna, Italy",44.4756,11.2759
2022-05-03T08:00:00+00:00,17.500,9.800,Open-Meteo Historical Weather API,"Casalecchio di Reno, Bologna, Italy",44.4756,11.2759
2022-05-03T09:00:00+00:00,18.700,10.600,Open-Meteo Historical Weather API,"Casalecchio di Reno, Bologna, Italy",44.4756,11.2759
2022-05-03T10:00:00+00:00,19.900,11.100,Open-Meteo Historical Weather API,"Casalecchio di Reno, Bologna, Italy",44.4756,11.2759
2022-05-03T11:00:00+00:00,20.500,10.700,Open-Meteo Historical Weather API,"Casalecchio di Reno, Bologna, Italy",44.4756,11.2759
2022-05-03T12:00:00+00:00,21.500,10.200,Open-Meteo Historical Weather API,"Casalecchio di Reno, Bologna, Italy",44.4756,11.2759
2022-05-03T13:00:00+00:00,21.500,8.900,Open-Meteo Historical Weather API,"Casalecchio di Reno, Bologna, Italy",44.4756,11.2759
2022-05-03T14:00:00+00:00,21.500,8.100,Open-Meteo Historical Weather API,"Casalecchio di Reno, Bologna, Italy",44.4756,11.2759
2022-05-03T15:00:00+00:00,21.400,6.900,Open-Meteo Historical Weather API,"Casalecchio di Reno, Bologna, Italy",44.4756,11.2759
2022-05-03T16:00:00+00:00,20.700,6.300,Open-Meteo Historical Weather API,"Casalecchio di Reno, Bologna, Italy",44.4756,11.2759
2022-05-03T17:00:00+00:00,19.200,8.500,Open-Meteo Historical Weather API,"Casalecchio di Reno, Bologna, Italy",44.4756,11.2759
2022-05-03T18:00:00+00:00,16.400,8.100,Open-Meteo Historical Weather API,"Casalecchio di Reno, Bologna, Italy",44.4756,11.2759
2022-05-03T19:00:00+00:00,14.400,6.900,Open-Meteo Historical Weather API,"Casalecchio di Reno, Bologna, Italy",44.4756,11.2759
2022-05-03T20:00:00+00:00,14.100,5.400,Open-Meteo Historical Weather API,"Casalecchio di Reno, Bologna, Italy",44.4756,11.2759
2022-05-03T21:00:00+00:00,13.600,5.200,Open-Meteo Historical Weather API,"Casalecchio di Reno, Bologna, Italy",44.4756,11.2759
2022-05-03T22:00:00+00:00,12.100,5.400,Open-Meteo Historical Weather API,"Casalecchio di Reno, Bologna, Italy",44.4756,11.2759
2022-05-03T23:00:00+00:00,11.400,6.300,Open-Meteo Historical Weather API,"Casalecchio di Reno, Bologna, Italy",44.4756,11.2759
2022-05-04T00:00:00+00:00,12.000,7.200,Open-Meteo Historical Weather API,"Casalecchio di Reno, Bologna, Italy",44.4756,11.2759
2022-05-04T01:00:00+00:00,12.000,8.100,Open-Meteo Historical Weather API,"Casalecchio di Reno, Bologna, Italy",44.4756,11.2759
2022-05-04T02:00:00+00:00,11.400,8.400,Open-Meteo Historical Weather API,"Casalecchio di Reno, Bologna, Italy",44.4756,11.2759
2022-05-04T03:00:00+00:00,10.100,7.800,Open-Meteo Historical Weather API,"Casalecchio di Reno, Bologna, Italy",44.4756,11.2759
2022-05-04T04:00:00+00:00,9.400,7.200,Open-Meteo Historical Weather API,"Casalecchio di Reno, Bologna, Italy",44.4756,11.2759
2022-05-04T05:00:00+00:00,10.300,7.700,Open-Meteo Historical Weather API,"Casalecchio di Reno, Bologna, Italy",44.4756,11.2759
2022-05-04T06:00:00+00:00,13.900,9.600,Open-Meteo Historical Weather API,"Casalecchio di Reno, Bologna, Italy",44.4756,11.2759
2022-05-04T07:00:00+00:00,16.000,10.800,Open-Meteo Historical Weather API,"Casalecchio di Reno, Bologna, Italy",44.4756,11.2759
2022-05-04T08:00:00+00:00,17.700,11.800,Open-Meteo Historical Weather API,"Casalecchio di Reno, Bologna, Italy",44.4756,11.2759
2022-05-04T09:00:00+00:00,19.000,11.600,Open-Meteo Historical Weather API,"Casalecchio di Reno, Bologna, Italy",44.4756,11.2759
2022-05-04T10:00:00+00:00,20.000,11.800,Open-Meteo Historical Weather API,"Casalecchio di Reno, Bologna, Italy",44.4756,11.2759
2022-05-04T11:00:00+00:00,20.800,11.900,Open-Meteo Historical Weather API,"Casalecchio di Reno, Bologna, Italy",44.4756,11.2759
2022-05-04T12:00:00+00:00,21.400,9.600,Open-Meteo Historical Weather API,"Casalecchio di Reno, Bologna, Italy",44.4756,11.2759
2022-05-04T13:00:00+00:00,20.700,10.700,Open-Meteo Historical Weather API,"Casalecchio di Reno, Bologna, Italy",44.4756,11.2759
2022-05-04T14:00:00+00:00,18.600,10.900,Open-Meteo Historical Weather API,"Casalecchio di Reno, Bologna, Italy",44.4756,11.2759
2022-05-04T15:00:00+00:00,19.600,10.900,Open-Meteo Historical Weather API,"Casalecchio di Reno, Bologna, Italy",44.4756,11.2759
2022-05-04T16:00:00+00:00,20.000,11.100,Open-Meteo Historical Weather API,"Casalecchio di Reno, Bologna, Italy",44.4756,11.2759
2022-05-04T17:00:00+00:00,19.100,13.100,Open-Meteo Historical Weather API,"Casalecchio di Reno, Bologna, Italy",44.4756,11.2759
2022-05-04T18:00:00+00:00,17.000,12.400,Open-Meteo Historical Weather API,"Casalecchio di Reno, Bologna, Italy",44.4756,11.2759
2022-05-04T19:00:00+00:00,17.900,10.700,Open-Meteo Historical Weather API,"Casalecchio di Reno, Bologna, Italy",44.4756,11.2759
2022-05-04T20:00:00+00:00,13.800,11.000,Open-Meteo Historical Weather API,"Casalecchio di Reno, Bologna, Italy",44.4756,11.2759
2022-05-04T21:00:00+00:00,13.900,10.300,Open-Meteo Historical Weather API,"Casalecchio di Reno, Bologna, Italy",44.4756,11.2759
2022-05-04T22:00:00+00:00,13.400,9.800,Open-Meteo Historical Weather API,"Casalecchio di Reno, Bologna, Italy",44.4756,11.2759
2022-05-04T23:00:00+00:00,13.600,9.700,Open-Meteo Historical Weather API,"Casalecchio di Reno, Bologna, Italy",44.4756,11.2759
2022-05-05T00:00:00+00:00,12.200,10.100,Open-Meteo Historical Weather API,"Casalecchio di Reno, Bologna, Italy",44.4756,11.2759
2022-05-05T01:00:00+00:00,11.300,9.900,Open-Meteo Historical Weather API,"Casalecchio di Reno, Bologna, Italy",44.4756,11.2759
2022-05-05T02:00:00+00:00,10.600,9.600,Open-Meteo Historical Weather API,"Casalecchio di Reno, Bologna, Italy",44.4756,11.2759
2022-05-05T03:00:00+00:00,9.800,9.100,Open-Meteo Historical Weather API,"Casalecchio di Reno, Bologna, Italy",44.4756,11.2759
2022-05-05T04:00:00+00:00,10.600,8.800,Open-Meteo Historical Weather API,"Casalecchio di Reno, Bologna, Italy",44.4756,11.2759
2022-05-05T05:00:00+00:00,11.700,9.100,Open-Meteo Historical Weather API,"Casalecchio di Reno, Bologna, Italy",44.4756,11.2759
2022-05-05T06:00:00+00:00,14.000,10.400,Open-Meteo Historical Weather API,"Casalecchio di Reno, Bologna, Italy",44.4756,11.2759
2022-05-05T07:00:00+00:00,15.900,11.100,Open-Meteo Historical Weather API,"Casalecchio di Reno, Bologna, Italy",44.4756,11.2759
2022-05-05T08:00:00+00:00,17.500,11.600,Open-Meteo Historical Weather API,"Casalecchio di Reno, Bologna, Italy",44.4756,11.2759
2022-05-05T09:00:00+00:00,18.900,11.900,Open-Meteo Historical Weather API,"Casalecchio di Reno, Bologna, Italy",44.4756,11.2759
2022-05-05T10:00:00+00:00,19.500,12.100,Open-Meteo Historical Weather API,"Casalecchio di Reno, Bologna, Italy",44.4756,11.2759
2022-05-05T11:00:00+00:00,19.500,12.000,Open-Meteo Historical Weather API,"Casalecchio di Reno, Bologna, Italy",44.4756,11.2759
2022-05-05T12:00:00+00:00,17.800,12.600,Open-Meteo Historical Weather API,"Casalecchio di Reno, Bologna, Italy",44.4756,11.2759
2022-05-05T13:00:00+00:00,17.200,12.000,Open-Meteo Historical Weather API,"Casalecchio di Reno, Bologna, Italy",44.4756,11.2759
2022-05-05T14:00:00+00:00,16.200,13.200,Open-Meteo Historical Weather API,"Casalecchio di Reno, Bologna, Italy",44.4756,11.2759
2022-05-05T15:00:00+00:00,15.800,13.200,Open-Meteo Historical Weather API,"Casalecchio di Reno, Bologna, Italy",44.4756,11.2759
2022-05-05T16:00:00+00:00,15.100,13.500,Open-Meteo Historical Weather API,"Casalecchio di Reno, Bologna, Italy",44.4756,11.2759
2022-05-05T17:00:00+00:00,14.900,13.400,Open-Meteo Historical Weather API,"Casalecchio di Reno, Bologna, Italy",44.4756,11.2759
2022-05-05T18:00:00+00:00,14.200,12.900,Open-Meteo Historical Weather API,"Casalecchio di Reno, Bologna, Italy",44.4756,11.2759
2022-05-05T19:00:00+00:00,13.900,13.400,Open-Meteo Historical Weather API,"Casalecchio di Reno, Bologna, Italy",44.4756,11.2759
2022-05-05T20:00:00+00:00,13.900,13.500,Open-Meteo Historical Weather API,"Casalecchio di Reno, Bologna, Italy",44.4756,11.2759
2022-05-05T21:00:00+00:00,13.700,13.400,Open-Meteo Historical Weather API,"Casalecchio di Reno, Bologna, Italy",44.4756,11.2759
2022-05-05T22:00:00+00:00,13.500,13.400,Open-Meteo Historical Weather API,"Casalecchio di Reno, Bologna, Italy",44.4756,11.2759
2022-05-05T23:00:00+00:00,13.600,13.500,Open-Meteo Historical Weather API,"Casalecchio di Reno, Bologna, Italy",44.4756,11.2759
2022-05-06T00:00:00+00:00,13.100,12.700,Open-Meteo Historical Weather API,"Casalecchio di Reno, Bologna, Italy",44.4756,11.2759
2022-05-06T01:00:00+00:00,13.100,12.800,Open-Meteo Historical Weather API,"Casalecchio di Reno, Bologna, Italy",44.4756,11.2759
2022-05-06T02:00:00+00:00,13.200,12.900,Open-Meteo Historical Weather API,"Casalecchio di Reno, Bologna, Italy",44.4756,11.2759
2022-05-06T03:00:00+00:00,13.300,12.900,Open-Meteo Historical Weather API,"Casalecchio di Reno, Bologna, Italy",44.4756,11.2759
2022-05-06T04:00:00+00:00,13.400,12.800,Open-Meteo Historical Weather API,"Casalecchio di Reno, Bologna, Italy",44.4756,11.2759
2022-05-06T05:00:00+00:00,13.200,12.400,Open-Meteo Historical Weather API,"Casalecchio di Reno, Bologna, Italy",44.4756,11.2759
2022-05-06T06:00:00+00:00,13.400,12.300,Open-Meteo Historical Weather API,"Casalecchio di Reno, Bologna, Italy",44.4756,11.2759
2022-05-06T07:00:00+00:00,13.900,12.500,Open-Meteo Historical Weather API,"Casalecchio di Reno, Bologna, Italy",44.4756,11.2759
2022-05-06T08:00:00+00:00,14.200,12.400,Open-Meteo Historical Weather API,"Casalecchio di Reno, Bologna, Italy",44.4756,11.2759
2022-05-06T09:00:00+00:00,14.800,12.400,Open-Meteo Historical Weather API,"Casalecchio di Reno, Bologna, Italy",44.4756,11.2759
2022-05-06T10:00:00+00:00,15.200,12.100,Open-Meteo Historical Weather API,"Casalecchio di Reno, Bologna, Italy",44.4756,11.2759
2022-05-06T11:00:00+00:00,15.100,11.400,Open-Meteo Historical Weather API,"Casalecchio di Reno, Bologna, Italy",44.4756,11.2759
2022-05-06T12:00:00+00:00,14.100,12.400,Open-Meteo Historical Weather API,"Casalecchio di Reno, Bologna, Italy",44.4756,11.2759
2022-05-06T13:00:00+00:00,14.500,12.400,Open-Meteo Historical Weather API,"Casalecchio di Reno, Bologna, Italy",44.4756,11.2759
2022-05-06T14:00:00+00:00,14.200,12.600,Open-Meteo Historical Weather API,"Casalecchio di Reno, Bologna, Italy",44.4756,11.2759
2022-05-06T15:00:00+00:00,13.700,12.800,Open-Meteo Historical Weather API,"Casalecchio di Reno, Bologna, Italy",44.4756,11.2759
2022-05-06T16:00:00+00:00,13.500,12.600,Open-Meteo Historical Weather API,"Casalecchio di Reno, Bologna, Italy",44.4756,11.2759
2022-05-06T17:00:00+00:00,13.500,12.600,Open-Meteo Historical Weather API,"Casalecchio di Reno, Bologna, Italy",44.4756,11.2759
2022-05-06T18:00:00+00:00,13.300,12.400,Open-Meteo Historical Weather API,"Casalecchio di Reno, Bologna, Italy",44.4756,11.2759
2022-05-06T19:00:00+00:00,12.900,12.000,Open-Meteo Historical Weather API,"Casalecchio di Reno, Bologna, Italy",44.4756,11.2759
2022-05-06T20:00:00+00:00,12.800,11.900,Open-Meteo Historical Weather API,"Casalecchio di Reno, Bologna, Italy",44.4756,11.2759
2022-05-06T21:00:00+00:00,12.600,12.100,Open-Meteo Historical Weather API,"Casalecchio di Reno, Bologna, Italy",44.4756,11.2759
2022-05-06T22:00:00+00:00,12.600,12.100,Open-Meteo Historical Weather API,"Casalecchio di Reno, Bologna, Italy",44.4756,11.2759
2022-05-06T23:00:00+00:00,12.600,12.300,Open-Meteo Historical Weather API,"Casalecchio di Reno, Bologna, Italy",44.4756,11.2759
2022-05-07T00:00:00+00:00,12.200,12.100,Open-Meteo Historical Weather API,"Casalecchio di Reno, Bologna, Italy",44.4756,11.2759
2022-05-07T01:00:00+00:00,12.200,11.900,Open-Meteo Historical Weather API,"Casalecchio di Reno, Bologna, Italy",44.4756,11.2759
2022-05-07T02:00:00+00:00,12.100,11.800,Open-Meteo Historical Weather API,"Casalecchio di Reno, Bologna, Italy",44.4756,11.2759
2022-05-07T03:00:00+00:00,12.100,11.900,Open-Meteo Historical Weather API,"Casalecchio di Reno, Bologna, Italy",44.4756,11.2759
2022-05-07T04:00:00+00:00,11.900,11.700,Open-Meteo Historical Weather API,"Casalecchio di Reno, Bologna, Italy",44.4756,11.2759
2022-05-07T05:00:00+00:00,12.000,11.600,Open-Meteo Historical Weather API,"Casalecchio di Reno, Bologna, Italy",44.4756,11.2759
2022-05-07T06:00:00+00:00,12.200,11.800,Open-Meteo Historical Weather API,"Casalecchio di Reno, Bologna, Italy",44.4756,11.2759
2022-05-07T07:00:00+00:00,12.800,11.800,Open-Meteo Historical Weather API,"Casalecchio di Reno, Bologna, Italy",44.4756,11.2759
2022-05-07T08:00:00+00:00,14.100,11.900,Open-Meteo Historical Weather API,"Casalecchio di Reno, Bologna, Italy",44.4756,11.2759
2022-05-07T09:00:00+00:00,15.500,12.000,Open-Meteo Historical Weather API,"Casalecchio di Reno, Bologna, Italy",44.4756,11.2759
2022-05-07T10:00:00+00:00,16.300,11.800,Open-Meteo Historical Weather API,"Casalecchio di Reno, Bologna, Italy",44.4756,11.2759
2022-05-07T11:00:00+00:00,17.000,11.400,Open-Meteo Historical Weather API,"Casalecchio di Reno, Bologna, Italy",44.4756,11.2759
2022-05-07T12:00:00+00:00,15.500,12.600,Open-Meteo Historical Weather API,"Casalecchio di Reno, Bologna, Italy",44.4756,11.2759
2022-05-07T13:00:00+00:00,14.900,13.100,Open-Meteo Historical Weather API,"Casalecchio di Reno, Bologna, Italy",44.4756,11.2759
2022-05-07T14:00:00+00:00,15.800,13.800,Open-Meteo Historical Weather API,"Casalecchio di Reno, Bologna, Italy",44.4756,11.2759
2022-05-07T15:00:00+00:00,14.600,12.400,Open-Meteo Historical Weather API,"Casalecchio di Reno, Bologna, Italy",44.4756,11.2759
2022-05-07T16:00:00+00:00,15.200,12.900,Open-Meteo Historical Weather API,"Casalecchio di Reno, Bologna, Italy",44.4756,11.2759
2022-05-07T17:00:00+00:00,15.000,13.000,Open-Meteo Historical Weather API,"Casalecchio di Reno, Bologna, Italy",44.4756,11.2759
2022-05-07T18:00:00+00:00,15.100,12.700,Open-Meteo Historical Weather API,"Casalecchio di Reno, Bologna, Italy",44.4756,11.2759
2022-05-07T19:00:00+00:00,14.800,12.600,Open-Meteo Historical Weather API,"Casalecchio di Reno, Bologna, Italy",44.4756,11.2759
2022-05-07T20:00:00+00:00,12.900,12.100,Open-Meteo Historical Weather API,"Casalecchio di Reno, Bologna, Italy",44.4756,11.2759
2022-05-07T21:00:00+00:00,12.700,12.100,Open-Meteo Historical Weather API,"Casalecchio di Reno, Bologna, Italy",44.4756,11.2759
2022-05-07T22:00:00+00:00,12.500,11.900,Open-Meteo Historical Weather API,"Casalecchio di Reno, Bologna, Italy",44.4756,11.2759
2022-05-07T23:00:00+00:00,12.400,11.800,Open-Meteo Historical Weather API,"Casalecchio di Reno, Bologna, Italy",44.4756,11.2759
2022-05-08T00:00:00+00:00,13.200,12.400,Open-Meteo Historical Weather API,"Casalecchio di Reno, Bologna, Italy",44.4756,11.2759
2022-05-08T01:00:00+00:00,12.600,12.000,Open-Meteo Historical Weather API,"Casalecchio di Reno, Bologna, Italy",44.4756,11.2759
2022-05-08T02:00:00+00:00,12.700,12.100,Open-Meteo Historical Weather API,"Casalecchio di Reno, Bologna, Italy",44.4756,11.2759
2022-05-08T03:00:00+00:00,12.600,12.100,Open-Meteo Historical Weather API,"Casalecchio di Reno, Bologna, Italy",44.4756,11.2759
2022-05-08T04:00:00+00:00,12.200,11.600,Open-Meteo Historical Weather API,"Casalecchio di Reno, Bologna, Italy",44.4756,11.2759
2022-05-08T05:00:00+00:00,12.900,12.100,Open-Meteo Historical Weather API,"Casalecchio di Reno, Bologna, Italy",44.4756,11.2759
2022-05-08T06:00:00+00:00,13.600,12.800,Open-Meteo Historical Weather API,"Casalecchio di Reno, Bologna, Italy",44.4756,11.2759
2022-05-08T07:00:00+00:00,14.200,12.800,Open-Meteo Historical Weather API,"Casalecchio di Reno, Bologna, Italy",44.4756,11.2759
2022-05-08T08:00:00+00:00,14.700,12.900,Open-Meteo Historical Weather API,"Casalecchio di Reno, Bologna, Italy",44.4756,11.2759
2022-05-08T09:00:00+00:00,15.600,13.400,Open-Meteo Historical Weather API,"Casalecchio di Reno, Bologna, Italy",44.4756,11.2759
2022-05-08T10:00:00+00:00,16.400,13.100,Open-Meteo Historical Weather API,"Casalecchio di Reno, Bologna, Italy",44.4756,11.2759
2022-05-08T11:00:00+00:00,18.400,13.900,Open-Meteo Historical Weather API,"Casalecchio di Reno, Bologna, Italy",44.4756,11.2759
2022-05-08T12:00:00+00:00,19.800,14.400,Open-Meteo Historical Weather API,"Casalecchio di Reno, Bologna, Italy",44.4756,11.2759
2022-05-08T13:00:00+00:00,20.000,13.800,Open-Meteo Historical Weather API,"Casalecchio di Reno, Bologna, Italy",44.4756,11.2759
2022-05-08T14:00:00+00:00,15.600,13.400,Open-Meteo Historical Weather API,"Casalecchio di Reno, Bologna, Italy",44.4756,11.2759
2022-05-08T15:00:00+00:00,15.600,12.700,Open-Meteo Historical Weather API,"Casalecchio di Reno, Bologna, Italy",44.4756,11.2759
2022-05-08T16:00:00+00:00,17.200,13.600,Open-Meteo Historical Weather API,"Casalecchio di Reno, Bologna, Italy",44.4756,11.2759
2022-05-08T17:00:00+00:00,17.100,13.600,Open-Meteo Historical Weather API,"Casalecchio di Reno, Bologna, Italy",44.4756,11.2759
2022-05-08T18:00:00+00:00,15.400,13.800,Open-Meteo Historical Weather API,"Casalecchio di Reno, Bologna, Italy",44.4756,11.2759
2022-05-08T19:00:00+00:00,13.300,12.400,Open-Meteo Historical Weather API,"Casalecchio di Reno, Bologna, Italy",44.4756,11.2759
2022-05-08T20:00:00+00:00,12.600,11.900,Open-Meteo Historical Weather API,"Casalecchio di Reno, Bologna, Italy",44.4756,11.2759
2022-05-08T21:00:00+00:00,12.800,11.600,Open-Meteo Historical Weather API,"Casalecchio di Reno, Bologna, Italy",44.4756,11.2759
2022-05-08T22:00:00+00:00,12.900,11.300,Open-Meteo Historical Weather API,"Casalecchio di Reno, Bologna, Italy",44.4756,11.2759
2022-05-08T23:00:00+00:00,12.600,11.000,Open-Meteo Historical Weather API,"Casalecchio di Reno, Bologna, Italy",44.4756,11.2759
2022-05-09T00:00:00+00:00,12.900,12.200,Open-Meteo Historical Weather API,"Casalecchio di Reno, Bologna, Italy",44.4756,11.2759
2022-05-09T01:00:00+00:00,12.400,11.400,Open-Meteo Historical Weather API,"Casalecchio di Reno, Bologna, Italy",44.4756,11.2759
2022-05-09T02:00:00+00:00,12.400,11.000,Open-Meteo Historical Weather API,"Casalecchio di Reno, Bologna, Italy",44.4756,11.2759
2022-05-09T03:00:00+00:00,11.900,10.600,Open-Meteo Historical Weather API,"Casalecchio di Reno, Bologna, Italy",44.4756,11.2759
2022-05-09T04:00:00+00:00,11.800,10.500,Open-Meteo Historical Weather API,"Casalecchio di Reno, Bologna, Italy",44.4756,11.2759
2022-05-09T05:00:00+00:00,12.600,11.200,Open-Meteo Historical Weather API,"Casalecchio di Reno, Bologna, Italy",44.4756,11.2759
2022-05-09T06:00:00+00:00,14.400,12.500,Open-Meteo Historical Weather API,"Casalecchio di Reno, Bologna, Italy",44.4756,11.2759
2022-05-09T07:00:00+00:00,16.000,13.200,Open-Meteo Historical Weather API,"Casalecchio di Reno, Bologna, Italy",44.4756,11.2759
2022-05-09T08:00:00+00:00,17.600,13.600,Open-Meteo Historical Weather API,"Casalecchio di Reno, Bologna, Italy",44.4756,11.2759
2022-05-09T09:00:00+00:00,19.000,13.600,Open-Meteo Historical Weather API,"Casalecchio di Reno, Bologna, Italy",44.4756,11.2759
2022-05-09T10:00:00+00:00,20.000,13.400,Open-Meteo Historical Weather API,"Casalecchio di Reno, Bologna, Italy",44.4756,11.2759
2022-05-09T11:00:00+00:00,20.800,14.000,Open-Meteo Historical Weather API,"Casalecchio di Reno, Bologna, Italy",44.4756,11.2759
2022-05-09T12:00:00+00:00,21.400,13.900,Open-Meteo Historical Weather API,"Casalecchio di Reno, Bologna, Italy",44.4756,11.2759
2022-05-09T13:00:00+00:00,21.200,13.900,Open-Meteo Historical Weather API,"Casalecchio di Reno, Bologna, Italy",44.4756,11.2759
2022-05-09T14:00:00+00:00,21.500,14.000,Open-Meteo Historical Weather API,"Casalecchio di Reno, Bologna, Italy",44.4756,11.2759
2022-05-09T15:00:00+00:00,21.700,13.600,Open-Meteo Historical Weather API,"Casalecchio di Reno, Bologna, Italy",44.4756,11.2759
2022-05-09T16:00:00+00:00,19.000,14.400,Open-Meteo Historical Weather API,"Casalecchio di Reno, Bologna, Italy",44.4756,11.2759
2022-05-09T17:00:00+00:00,18.600,14.400,Open-Meteo Historical Weather API,"Casalecchio di Reno, Bologna, Italy",44.4756,11.2759
2022-05-09T18:00:00+00:00,17.100,14.300,Open-Meteo Historical Weather API,"Casalecchio di Reno, Bologna, Italy",44.4756,11.2759
2022-05-09T19:00:00+00:00,15.600,13.900,Open-Meteo Historical Weather API,"Casalecchio di Reno, Bologna, Italy",44.4756,11.2759
2022-05-09T20:00:00+00:00,14.600,13.400,Open-Meteo Historical Weather API,"Casalecchio di Reno, Bologna, Italy",44.4756,11.2759
2022-05-09T21:00:00+00:00,13.900,12.700,Open-Meteo Historical Weather API,"Casalecchio di Reno, Bologna, Italy",44.4756,11.2759
2022-05-09T22:00:00+00:00,13.100,12.100,Open-Meteo Historical Weather API,"Casalecchio di Reno, Bologna, Italy",44.4756,11.2759
2022-05-09T23:00:00+00:00,12.300,11.500,Open-Meteo Historical Weather API,"Casalecchio di Reno, Bologna, Italy",44.4756,11.2759
2022-05-10T00:00:00+00:00,12.000,11.400,Open-Meteo Historical Weather API,"Casalecchio di Reno, Bologna, Italy",44.4756,11.2759
2022-05-10T01:00:00+00:00,12.800,11.200,Open-Meteo Historical Weather API,"Casalecchio di Reno, Bologna, Italy",44.4756,11.2759
2022-05-10T02:00:00+00:00,12.900,11.000,Open-Meteo Historical Weather API,"Casalecchio di Reno, Bologna, Italy",44.4756,11.2759
2022-05-10T03:00:00+00:00,12.700,10.800,Open-Meteo Historical Weather API,"Casalecchio di Reno, Bologna, Italy",44.4756,11.2759
2022-05-10T04:00:00+00:00,12.100,10.600,Open-Meteo Historical Weather API,"Casalecchio di Reno, Bologna, Italy",44.4756,11.2759
2022-05-10T05:00:00+00:00,13.300,11.100,Open-Meteo Historical Weather API,"Casalecchio di Reno, Bologna, Italy",44.4756,11.2759
2022-05-10T06:00:00+00:00,16.200,12.600,Open-Meteo Historical Weather API,"Casalecchio di Reno, Bologna, Italy",44.4756,11.2759
2022-05-10T07:00:00+00:00,18.400,13.200,Open-Meteo Historical Weather API,"Casalecchio di Reno, Bologna, Italy",44.4756,11.2759
2022-05-10T08:00:00+00:00,20.000,13.900,Open-Meteo Historical Weather API,"Casalecchio di Reno, Bologna, Italy",44.4756,11.2759
2022-05-10T09:00:00+00:00,21.500,14.200,Open-Meteo Historical Weather API,"Casalecchio di Reno, Bologna, Italy",44.4756,11.2759
2022-05-10T10:00:00+00:00,22.500,13.700,Open-Meteo Historical Weather API,"Casalecchio di Reno, Bologna, Italy",44.4756,11.2759
2022-05-10T11:00:00+00:00,23.200,13.200,Open-Meteo Historical Weather API,"Casalecchio di Reno, Bologna, Italy",44.4756,11.2759
2022-05-10T12:00:00+00:00,23.400,11.600,Open-Meteo Historical Weather API,"Casalecchio di Reno, Bologna, Italy",44.4756,11.2759
2022-05-10T13:00:00+00:00,23.900,12.100,Open-Meteo Historical Weather API,"Casalecchio di Reno, Bologna, Italy",44.4756,11.2759
2022-05-10T14:00:00+00:00,24.000,12.100,Open-Meteo Historical Weather API,"Casalecchio di Reno, Bologna, Italy",44.4756,11.2759
2022-05-10T15:00:00+00:00,24.000,12.100,Open-Meteo Historical Weather API,"Casalecchio di Reno, Bologna, Italy",44.4756,11.2759
2022-05-10T16:00:00+00:00,23.800,11.900,Open-Meteo Historical Weather API,"Casalecchio di Reno, Bologna, Italy",44.4756,11.2759
2022-05-10T17:00:00+00:00,23.500,11.900,Open-Meteo Historical Weather API,"Casalecchio di Reno, Bologna, Italy",44.4756,11.2759
2022-05-10T18:00:00+00:00,22.500,11.100,Open-Meteo Historical Weather API,"Casalecchio di Reno, Bologna, Italy",44.4756,11.2759
2022-05-10T19:00:00+00:00,18.000,12.400,Open-Meteo Historical Weather API,"Casalecchio di Reno, Bologna, Italy",44.4756,11.2759
2022-05-10T20:00:00+00:00,17.500,12.100,Open-Meteo Historical Weather API,"Casalecchio di Reno, Bologna, Italy",44.4756,11.2759
2022-05-10T21:00:00+00:00,15.900,11.500,Open-Meteo Historical Weather API,"Casalecchio di Reno, Bologna, Italy",44.4756,11.2759
2022-05-10T22:00:00+00:00,14.900,10.600,Open-Meteo Historical Weather API,"Casalecchio di Reno, Bologna, Italy",44.4756,11.2759
2022-05-10T23:00:00+00:00,14.900,9.800,Open-Meteo Historical Weather API,"Casalecchio di Reno, Bologna, Italy",44.4756,11.2759
2022-05-11T00:00:00+00:00,14.400,9.900,Open-Meteo Historical Weather API,"Casalecchio di Reno, Bologna, Italy",44.4756,11.2759
2022-05-11T01:00:00+00:00,14.700,9.900,Open-Meteo Historical Weather API,"Casalecchio di Reno, Bologna, Italy",44.4756,11.2759
2022-05-11T02:00:00+00:00,14.600,9.900,Open-Meteo Historical Weather API,"Casalecchio di Reno, Bologna, Italy",44.4756,11.2759
2022-05-11T03:00:00+00:00,14.400,9.800,Open-Meteo Historical Weather API,"Casalecchio di Reno, Bologna, Italy",44.4756,11.2759
2022-05-11T04:00:00+00:00,14.100,9.600,Open-Meteo Historical Weather API,"Casalecchio di Reno, Bologna, Italy",44.4756,11.2759
2022-05-11T05:00:00+00:00,14.900,10.600,Open-Meteo Historical Weather API,"Casalecchio di Reno, Bologna, Italy",44.4756,11.2759
2022-05-11T06:00:00+00:00,17.600,12.900,Open-Meteo Historical Weather API,"Casalecchio di Reno, Bologna, Italy",44.4756,11.2759
2022-05-11T07:00:00+00:00,21.000,13.800,Open-Meteo Historical Weather API,"Casalecchio di Reno, Bologna, Italy",44.4756,11.2759
2022-05-11T08:00:00+00:00,22.600,13.500,Open-Meteo Historical Weather API,"Casalecchio di Reno, Bologna, Italy",44.4756,11.2759
2022-05-11T09:00:00+00:00,23.900,13.400,Open-Meteo Historical Weather API,"Casalecchio di Reno, Bologna, Italy",44.4756,11.2759
2022-05-11T10:00:00+00:00,24.900,12.900,Open-Meteo Historical Weather API,"Casalecchio di Reno, Bologna, Italy",44.4756,11.2759
2022-05-11T11:00:00+00:00,25.700,13.100,Open-Meteo Historical Weather API,"Casalecchio di Reno, Bologna, Italy",44.4756,11.2759
2022-05-11T12:00:00+00:00,25.900,13.800,Open-Meteo Historical Weather API,"Casalecchio di Reno, Bologna, Italy",44.4756,11.2759
2022-05-11T13:00:00+00:00,26.400,13.700,Open-Meteo Historical Weather API,"Casalecchio di Reno, Bologna, Italy",44.4756,11.2759
2022-05-11T14:00:00+00:00,26.900,12.900,Open-Meteo Historical Weather API,"Casalecchio di Reno, Bologna, Italy",44.4756,11.2759
2022-05-11T15:00:00+00:00,27.000,12.800,Open-Meteo Historical Weather API,"Casalecchio di Reno, Bologna, Italy",44.4756,11.2759
2022-05-11T16:00:00+00:00,26.600,12.900,Open-Meteo Historical Weather API,"Casalecchio di Reno, Bologna, Italy",44.4756,11.2759
2022-05-11T17:00:00+00:00,24.600,14.400,Open-Meteo Historical Weather API,"Casalecchio di Reno, Bologna, Italy",44.4756,11.2759
2022-05-11T18:00:00+00:00,22.000,13.900,Open-Meteo Historical Weather API,"Casalecchio di Reno, Bologna, Italy",44.4756,11.2759
2022-05-11T19:00:00+00:00,20.500,13.000,Open-Meteo Historical Weather API,"Casalecchio di Reno, Bologna, Italy",44.4756,11.2759
2022-05-11T20:00:00+00:00,19.400,12.000,Open-Meteo Historical Weather API,"Casalecchio di Reno, Bologna, Italy",44.4756,11.2759
2022-05-11T21:00:00+00:00,18.600,11.100,Open-Meteo Historical Weather API,"Casalecchio di Reno, Bologna, Italy",44.4756,11.2759
2022-05-11T22:00:00+00:00,18.200,10.200,Open-Meteo Historical Weather API,"Casalecchio di Reno, Bologna, Italy",44.4756,11.2759
2022-05-11T23:00:00+00:00,17.600,9.900,Open-Meteo Historical Weather API,"Casalecchio di Reno, Bologna, Italy",44.4756,11.2759
2022-05-12T00:00:00+00:00,17.400,9.600,Open-Meteo Historical Weather API,"Casalecchio di Reno, Bologna, Italy",44.4756,11.2759
2022-05-12T01:00:00+00:00,17.000,9.800,Open-Meteo Historical Weather API,"Casalecchio di Reno, Bologna, Italy",44.4756,11.2759
2022-05-12T02:00:00+00:00,16.500,9.900,Open-Meteo Historical Weather API,"Casalecchio di Reno, Bologna, Italy",44.4756,11.2759
2022-05-12T03:00:00+00:00,16.000,9.800,Open-Meteo Historical Weather API,"Casalecchio di Reno, Bologna, Italy",44.4756,11.2759
2022-05-12T04:00:00+00:00,15.300,9.800,Open-Meteo Historical Weather API,"Casalecchio di Reno, Bologna, Italy",44.4756,11.2759
2022-05-12T05:00:00+00:00,15.800,10.400,Open-Meteo Historical Weather API,"Casalecchio di Reno, Bologna, Italy",44.4756,11.2759
2022-05-12T06:00:00+00:00,18.000,11.700,Open-Meteo Historical Weather API,"Casalecchio di Reno, Bologna, Italy",44.4756,11.2759
2022-05-12T07:00:00+00:00,20.600,13.400,Open-Meteo Historical Weather API,"Casalecchio di Reno, Bologna, Italy",44.4756,11.2759
2022-05-12T08:00:00+00:00,22.500,13.900,Open-Meteo Historical Weather API,"Casalecchio di Reno, Bologna, Italy",44.4756,11.2759
2022-05-12T09:00:00+00:00,23.900,13.200,Open-Meteo Historical Weather API,"Casalecchio di Reno, Bologna, Italy",44.4756,11.2759
2022-05-12T10:00:00+00:00,24.900,13.400,Open-Meteo Historical Weather API,"Casalecchio di Reno, Bologna, Italy",44.4756,11.2759
2022-05-12T11:00:00+00:00,26.000,13.300,Open-Meteo Historical Weather API,"Casalecchio di Reno, Bologna, Italy",44.4756,11.2759
2022-05-12T12:00:00+00:00,26.900,13.000,Open-Meteo Historical Weather API,"Casalecchio di Reno, Bologna, Italy",44.4756,11.2759
2022-05-12T13:00:00+00:00,27.500,13.600,Open-Meteo Historical Weather API,"Casalecchio di Reno, Bologna, Italy",44.4756,11.2759
2022-05-12T14:00:00+00:00,27.800,13.600,Open-Meteo Historical Weather API,"Casalecchio di Reno, Bologna, Italy",44.4756,11.2759
2022-05-12T15:00:00+00:00,27.700,13.000,Open-Meteo Historical Weather API,"Casalecchio di Reno, Bologna, Italy",44.4756,11.2759
2022-05-12T16:00:00+00:00,27.100,13.900,Open-Meteo Historical Weather API,"Casalecchio di Reno, Bologna, Italy",44.4756,11.2759
2022-05-12T17:00:00+00:00,25.000,15.900,Open-Meteo Historical Weather API,"Casalecchio di Reno, Bologna, Italy",44.4756,11.2759
2022-05-12T18:00:00+00:00,22.000,13.400,Open-Meteo Historical Weather API,"Casalecchio di Reno, Bologna, Italy",44.4756,11.2759
2022-05-12T19:00:00+00:00,19.900,9.100,Open-Meteo Historical Weather API,"Casalecchio di Reno, Bologna, Italy",44.4756,11.2759
2022-05-12T20:00:00+00:00,18.800,8.100,Open-Meteo Historical Weather API,"Casalecchio di Reno, Bologna, Italy",44.4756,11.2759
2022-05-12T21:00:00+00:00,18.100,7.800,Open-Meteo Historical Weather API,"Casalecchio di Reno, Bologna, Italy",44.4756,11.2759
2022-05-12T22:00:00+00:00,17.400,7.700,Open-Meteo Historical Weather API,"Casalecchio di Reno, Bologna, Italy",44.4756,11.2759
2022-05-12T23:00:00+00:00,17.000,7.600,Open-Meteo Historical Weather API,"Casalecchio di Reno, Bologna, Italy",44.4756,11.2759
2022-05-13T00:00:00+00:00,16.800,7.500,Open-Meteo Historical Weather API,"Casalecchio di Reno, Bologna, Italy",44.4756,11.2759
2022-05-13T01:00:00+00:00,16.500,7.600,Open-Meteo Historical Weather API,"Casalecchio di Reno, Bologna, Italy",44.4756,11.2759
2022-05-13T02:00:00+00:00,16.000,7.500,Open-Meteo Historical Weather API,"Casalecchio di Reno, Bologna, Italy",44.4756,11.2759
2022-05-13T03:00:00+00:00,15.200,7.800,Open-Meteo Historical Weather API,"Casalecchio di Reno, Bologna, Italy",44.4756,11.2759
2022-05-13T04:00:00+00:00,14.500,8.100,Open-Meteo Historical Weather API,"Casalecchio di Reno, Bologna, Italy",44.4756,11.2759
2022-05-13T05:00:00+00:00,15.100,9.100,Open-Meteo Historical Weather API,"Casalecchio di Reno, Bologna, Italy",44.4756,11.2759
2022-05-13T06:00:00+00:00,17.400,11.700,Open-Meteo Historical Weather API,"Casalecchio di Reno, Bologna, Italy",44.4756,11.2759
2022-05-13T07:00:00+00:00,20.200,12.000,Open-Meteo Historical Weather API,"Casalecchio di Reno, Bologna, Italy",44.4756,11.2759
2022-05-13T08:00:00+00:00,21.600,10.000,Open-Meteo Historical Weather API,"Casalecchio di Reno, Bologna, Italy",44.4756,11.2759
2022-05-13T09:00:00+00:00,22.900,10.900,Open-Meteo Historical Weather API,"Casalecchio di Reno, Bologna, Italy",44.4756,11.2759
2022-05-13T10:00:00+00:00,24.200,11.800,Open-Meteo Historical Weather API,"Casalecchio di Reno, Bologna, Italy",44.4756,11.2759
2022-05-13T11:00:00+00:00,25.300,12.200,Open-Meteo Historical Weather API,"Casalecchio di Reno, Bologna, Italy",44.4756,11.2759
2022-05-13T12:00:00+00:00,26.100,11.500,Open-Meteo Historical Weather API,"Casalecchio di Reno, Bologna, Italy",44.4756,11.2759
2022-05-13T13:00:00+00:00,26.500,12.100,Open-Meteo Historical Weather API,"Casalecchio di Reno, Bologna, Italy",44.4756,11.2759
2022-05-13T14:00:00+00:00,27.000,12.900,Open-Meteo Historical Weather API,"Casalecchio di Reno, Bologna, Italy",44.4756,11.2759
2022-05-13T15:00:00+00:00,27.100,13.600,Open-Meteo Historical Weather API,"Casalecchio di Reno, Bologna, Italy",44.4756,11.2759
2022-05-13T16:00:00+00:00,26.600,13.900,Open-Meteo Historical Weather API,"Casalecchio di Reno, Bologna, Italy",44.4756,11.2759
2022-05-13T17:00:00+00:00,25.200,14.900,Open-Meteo Historical Weather API,"Casalecchio di Reno, Bologna, Italy",44.4756,11.2759
2022-05-13T18:00:00+00:00,22.400,11.600,Open-Meteo Historical Weather API,"Casalecchio di Reno, Bologna, Italy",44.4756,11.2759
2022-05-13T19:00:00+00:00,20.200,9.000,Open-Meteo Historical Weather API,"Casalecchio di Reno, Bologna, Italy",44.4756,11.2759
2022-05-13T20:00:00+00:00,18.900,8.400,Open-Meteo Historical Weather API,"Casalecchio di Reno, Bologna, Italy",44.4756,11.2759
2022-05-13T21:00:00+00:00,17.500,8.400,Open-Meteo Historical Weather API,"Casalecchio di Reno, Bologna, Italy",44.4756,11.2759
2022-05-13T22:00:00+00:00,16.900,8.500,Open-Meteo Historical Weather API,"Casalecchio di Reno, Bologna, Italy",44.4756,11.2759
2022-05-13T23:00:00+00:00,16.600,8.200,Open-Meteo Historical Weather API,"Casalecchio di Reno, Bologna, Italy",44.4756,11.2759
2022-05-14T00:00:00+00:00,17.000,7.900,Open-Meteo Historical Weather API,"Casalecchio di Reno, Bologna, Italy",44.4756,11.2759
2022-05-14T01:00:00+00:00,16.400,7.400,Open-Meteo Historical Weather API,"Casalecchio di Reno, Bologna, Italy",44.4756,11.2759
2022-05-14T02:00:00+00:00,16.100,7.200,Open-Meteo Historical Weather API,"Casalecchio di Reno, Bologna, Italy",44.4756,11.2759
2022-05-14T03:00:00+00:00,14.900,7.600,Open-Meteo Historical Weather API,"Casalecchio di Reno, Bologna, Italy",44.4756,11.2759
2022-05-14T04:00:00+00:00,15.200,7.700,Open-Meteo Historical Weather API,"Casalecchio di Reno, Bologna, Italy",44.4756,11.2759
2022-05-14T05:00:00+00:00,16.000,8.600,Open-Meteo Historical Weather API,"Casalecchio di Reno, Bologna, Italy",44.4756,11.2759
2022-05-14T06:00:00+00:00,18.300,10.300,Open-Meteo Historical Weather API,"Casalecchio di Reno, Bologna, Italy",44.4756,11.2759
2022-05-14T07:00:00+00:00,20.200,11.900,Open-Meteo Historical Weather API,"Casalecchio di Reno, Bologna, Italy",44.4756,11.2759
2022-05-14T08:00:00+00:00,22.000,13.100,Open-Meteo Historical Weather API,"Casalecchio di Reno, Bologna, Italy",44.4756,11.2759
2022-05-14T09:00:00+00:00,23.000,13.900,Open-Meteo Historical Weather API,"Casalecchio di Reno, Bologna, Italy",44.4756,11.2759
2022-05-14T10:00:00+00:00,24.000,14.100,Open-Meteo Historical Weather API,"Casalecchio di Reno, Bologna, Italy",44.4756,11.2759
2022-05-14T11:00:00+00:00,25.000,14.400,Open-Meteo Historical Weather API,"Casalecchio di Reno, Bologna, Italy",44.4756,11.2759
2022-05-14T12:00:00+00:00,26.200,13.900,Open-Meteo Historical Weather API,"Casalecchio di Reno, Bologna, Italy",44.4756,11.2759
2022-05-14T13:00:00+00:00,26.600,14.100,Open-Meteo Historical Weather API,"Casalecchio di Reno, Bologna, Italy",44.4756,11.2759
2022-05-14T14:00:00+00:00,26.900,14.100,Open-Meteo Historical Weather API,"Casalecchio di Reno, Bologna, Italy",44.4756,11.2759
2022-05-14T15:00:00+00:00,26.100,14.400,Open-Meteo Historical Weather API,"Casalecchio di Reno, Bologna, Italy",44.4756,11.2759
2022-05-14T16:00:00+00:00,25.600,14.800,Open-Meteo Historical Weather API,"Casalecchio di Reno, Bologna, Italy",44.4756,11.2759
2022-05-14T17:00:00+00:00,24.600,15.600,Open-Meteo Historical Weather API,"Casalecchio di Reno, Bologna, Italy",44.4756,11.2759
2022-05-14T18:00:00+00:00,22.900,16.200,Open-Meteo Historical Weather API,"Casalecchio di Reno, Bologna, Italy",44.4756,11.2759
2022-05-14T19:00:00+00:00,20.900,15.900,Open-Meteo Historical Weather API,"Casalecchio di Reno, Bologna, Italy",44.4756,11.2759
2022-05-14T20:00:00+00:00,19.200,15.900,Open-Meteo Historical Weather API,"Casalecchio di Reno, Bologna, Italy",44.4756,11.2759
2022-05-14T21:00:00+00:00,18.400,14.100,Open-Meteo Historical Weather API,"Casalecchio di Reno, Bologna, Italy",44.4756,11.2759
2022-05-14T22:00:00+00:00,17.500,12.500,Open-Meteo Historical Weather API,"Casalecchio di Reno, Bologna, Italy",44.4756,11.2759
2022-05-14T23:00:00+00:00,16.900,12.100,Open-Meteo Historical Weather API,"Casalecchio di Reno, Bologna, Italy",44.4756,11.2759
2022-05-15T00:00:00+00:00,17.200,12.600,Open-Meteo Historical Weather API,"Casalecchio di Reno, Bologna, Italy",44.4756,11.2759
2022-05-15T01:00:00+00:00,16.800,12.400,Open-Meteo Historical Weather API,"Casalecchio di Reno, Bologna, Italy",44.4756,11.2759
2022-05-15T02:00:00+00:00,16.400,12.300,Open-Meteo Historical Weather API,"Casalecchio di Reno, Bologna, Italy",44.4756,11.2759
2022-05-15T03:00:00+00:00,16.300,11.800,Open-Meteo Historical Weather API,"Casalecchio di Reno, Bologna, Italy",44.4756,11.2759
2022-05-15T04:00:00+00:00,16.200,11.400,Open-Meteo Historical Weather API,"Casalecchio di Reno, Bologna, Italy",44.4756,11.2759
2022-05-15T05:00:00+00:00,16.800,12.200,Open-Meteo Historical Weather API,"Casalecchio di Reno, Bologna, Italy",44.4756,11.2759
2022-05-15T06:00:00+00:00,19.200,13.900,Open-Meteo Historical Weather API,"Casalecchio di Reno, Bologna, Italy",44.4756,11.2759
2022-05-15T07:00:00+00:00,21.000,14.900,Open-Meteo Historical Weather API,"Casalecchio di Reno, Bologna, Italy",44.4756,11.2759
2022-05-15T08:00:00+00:00,22.600,15.400,Open-Meteo Historical Weather API,"Casalecchio di Reno, Bologna, Italy",44.4756,11.2759
2022-05-15T09:00:00+00:00,24.100,15.200,Open-Meteo Historical Weather API,"Casalecchio di Reno, Bologna, Italy",44.4756,11.2759
2022-05-15T10:00:00+00:00,25.500,15.400,Open-Meteo Historical Weather API,"Casalecchio di Reno, Bologna, Italy",44.4756,11.2759
2022-05-15T11:00:00+00:00,26.400,15.500,Open-Meteo Historical Weather API,"Casalecchio di Reno, Bologna, Italy",44.4756,11.2759
2022-05-15T12:00:00+00:00,26.900,15.600,Open-Meteo Historical Weather API,"Casalecchio di Reno, Bologna, Italy",44.4756,11.2759
2022-05-15T13:00:00+00:00,27.500,15.600,Open-Meteo Historical Weather API,"Casalecchio di Reno, Bologna, Italy",44.4756,11.2759
2022-05-15T14:00:00+00:00,27.900,15.800,Open-Meteo Historical Weather API,"Casalecchio di Reno, Bologna, Italy",44.4756,11.2759
2022-05-15T15:00:00+00:00,27.300,15.600,Open-Meteo Historical Weather API,"Casalecchio di Reno, Bologna, Italy",44.4756,11.2759
2022-05-15T16:00:00+00:00,25.200,16.500,Open-Meteo Historical Weather API,"Casalecchio di Reno, Bologna, Italy",44.4756,11.2759
2022-05-15T17:00:00+00:00,24.200,17.000,Open-Meteo Historical Weather API,"Casalecchio di Reno, Bologna, Italy",44.4756,11.2759
2022-05-15T18:00:00+00:00,23.100,16.900,Open-Meteo Historical Weather API,"Casalecchio di Reno, Bologna, Italy",44.4756,11.2759
2022-05-15T19:00:00+00:00,20.800,17.500,Open-Meteo Historical Weather API,"Casalecchio di Reno, Bologna, Italy",44.4756,11.2759
2022-05-15T20:00:00+00:00,20.600,15.600,Open-Meteo Historical Weather API,"Casalecchio di Reno, Bologna, Italy",44.4756,11.2759
2022-05-15T21:00:00+00:00,20.000,14.100,Open-Meteo Historical Weather API,"Casalecchio di Reno, Bologna, Italy",44.4756,11.2759
2022-05-15T22:00:00+00:00,19.000,12.600,Open-Meteo Historical Weather API,"Casalecchio di Reno, Bologna, Italy",44.4756,11.2759
2022-05-15T23:00:00+00:00,18.400,11.600,Open-Meteo Historical Weather API,"Casalecchio di Reno, Bologna, Italy",44.4756,11.2759
2022-05-16T00:00:00+00:00,18.900,8.700,Open-Meteo Historical Weather API,"Casalecchio di Reno, Bologna, Italy",44.4756,11.2759
2022-05-16T01:00:00+00:00,18.700,7.900,Open-Meteo Historical Weather API,"Casalecchio di Reno, Bologna, Italy",44.4756,11.2759
2022-05-16T02:00:00+00:00,18.600,7.200,Open-Meteo Historical Weather API,"Casalecchio di Reno, Bologna, Italy",44.4756,11.2759
2022-05-16T03:00:00+00:00,18.100,7.400,Open-Meteo Historical Weather API,"Casalecchio di Reno, Bologna, Italy",44.4756,11.2759
2022-05-16T04:00:00+00:00,17.100,8.300,Open-Meteo Historical Weather API,"Casalecchio di Reno, Bologna, Italy",44.4756,11.2759
2022-05-16T05:00:00+00:00,17.400,9.900,Open-Meteo Historical Weather API,"Casalecchio di Reno, Bologna, Italy",44.4756,11.2759
2022-05-16T06:00:00+00:00,19.800,12.400,Open-Meteo Historical Weather API,"Casalecchio di Reno, Bologna, Italy",44.4756,11.2759
2022-05-16T07:00:00+00:00,22.900,11.200,Open-Meteo Historical Weather API,"Casalecchio di Reno, Bologna, Italy",44.4756,11.2759
2022-05-16T08:00:00+00:00,24.200,12.800,Open-Meteo Historical Weather API,"Casalecchio di Reno, Bologna, Italy",44.4756,11.2759
2022-05-16T09:00:00+00:00,25.200,12.900,Open-Meteo Historical Weather API,"Casalecchio di Reno, Bologna, Italy",44.4756,11.2759
2022-05-16T10:00:00+00:00,26.200,12.700,Open-Meteo Historical Weather API,"Casalecchio di Reno, Bologna, Italy",44.4756,11.2759
2022-05-16T11:00:00+00:00,27.400,12.400,Open-Meteo Historical Weather API,"Casalecchio di Reno, Bologna, Italy",44.4756,11.2759
2022-05-16T12:00:00+00:00,28.400,14.400,Open-Meteo Historical Weather API,"Casalecchio di Reno, Bologna, Italy",44.4756,11.2759
2022-05-16T13:00:00+00:00,27.800,14.100,Open-Meteo Historical Weather API,"Casalecchio di Reno, Bologna, Italy",44.4756,11.2759
2022-05-16T14:00:00+00:00,28.100,13.400,Open-Meteo Historical Weather API,"Casalecchio di Reno, Bologna, Italy",44.4756,11.2759
2022-05-16T15:00:00+00:00,28.400,12.800,Open-Meteo Historical Weather API,"Casalecchio di Reno, Bologna, Italy",44.4756,11.2759
2022-05-16T16:00:00+00:00,28.200,12.900,Open-Meteo Historical Weather API,"Casalecchio di Reno, Bologna, Italy",44.4756,11.2759
2022-05-16T17:00:00+00:00,27.500,13.800,Open-Meteo Historical Weather API,"Casalecchio di Reno, Bologna, Italy",44.4756,11.2759
2022-05-16T18:00:00+00:00,24.700,14.200,Open-Meteo Historical Weather API,"Casalecchio di Reno, Bologna, Italy",44.4756,11.2759
2022-05-16T19:00:00+00:00,22.600,13.100,Open-Meteo Historical Weather API,"Casalecchio di Reno, Bologna, Italy",44.4756,11.2759
2022-05-16T20:00:00+00:00,21.200,11.900,Open-Meteo Historical Weather API,"Casalecchio di Reno, Bologna, Italy",44.4756,11.2759
2022-05-16T21:00:00+00:00,20.000,11.400,Open-Meteo Historical Weather API,"Casalecchio di Reno, Bologna, Italy",44.4756,11.2759
2022-05-16T22:00:00+00:00,19.300,11.300,Open-Meteo Historical Weather API,"Casalecchio di Reno, Bologna, Italy",44.4756,11.2759
2022-05-16T23:00:00+00:00,18.700,11.300,Open-Meteo Historical Weather API,"Casalecchio di Reno, Bologna, Italy",44.4756,11.2759
2022-05-17T00:00:00+00:00,17.100,12.400,Open-Meteo Historical Weather API,"Casalecchio di Reno, Bologna, Italy",44.4756,11.2759
2022-05-17T01:00:00+00:00,16.500,13.200,Open-Meteo Historical Weather API,"Casalecchio di Reno, Bologna, Italy",44.4756,11.2759
2022-05-17T02:00:00+00:00,16.400,13.400,Open-Meteo Historical Weather API,"Casalecchio di Reno, Bologna, Italy",44.4756,11.2759
2022-05-17T03:00:00+00:00,16.900,13.900,Open-Meteo Historical Weather API,"Casalecchio di Reno, Bologna, Italy",44.4756,11.2759
2022-05-17T04:00:00+00:00,17.200,14.600,Open-Meteo Historical Weather API,"Casalecchio di Reno, Bologna, Italy",44.4756,11.2759
2022-05-17T05:00:00+00:00,17.900,15.200,Open-Meteo Historical Weather API,"Casalecchio di Reno, Bologna, Italy",44.4756,11.2759
2022-05-17T06:00:00+00:00,19.900,16.600,Open-Meteo Historical Weather API,"Casalecchio di Reno, Bologna, Italy",44.4756,11.2759
2022-05-17T07:00:00+00:00,21.500,16.500,Open-Meteo Historical Weather API,"Casalecchio di Reno, Bologna, Italy",44.4756,11.2759
2022-05-17T08:00:00+00:00,22.800,16.200,Open-Meteo Historical Weather API,"Casalecchio di Reno, Bologna, Italy",44.4756,11.2759
2022-05-17T09:00:00+00:00,24.400,16.100,Open-Meteo Historical Weather API,"Casalecchio di Reno, Bologna, Italy",44.4756,11.2759
2022-05-17T10:00:00+00:00,25.800,15.900,Open-Meteo Historical Weather API,"Casalecchio di Reno, Bologna, Italy",44.4756,11.2759
2022-05-17T11:00:00+00:00,26.800,15.500,Open-Meteo Historical Weather API,"Casalecchio di Reno, Bologna, Italy",44.4756,11.2759
2022-05-17T12:00:00+00:00,27.100,15.200,Open-Meteo Historical Weather API,"Casalecchio di Reno, Bologna, Italy",44.4756,11.2759
2022-05-17T13:00:00+00:00,27.400,15.200,Open-Meteo Historical Weather API,"Casalecchio di Reno, Bologna, Italy",44.4756,11.2759
2022-05-17T14:00:00+00:00,27.900,14.600,Open-Meteo Historical Weather API,"Casalecchio di Reno, Bologna, Italy",44.4756,11.2759
2022-05-17T15:00:00+00:00,27.800,13.600,Open-Meteo Historical Weather API,"Casalecchio di Reno, Bologna, Italy",44.4756,11.2759
2022-05-17T16:00:00+00:00,27.600,13.200,Open-Meteo Historical Weather API,"Casalecchio di Reno, Bologna, Italy",44.4756,11.2759
2022-05-17T17:00:00+00:00,26.900,16.500,Open-Meteo Historical Weather API,"Casalecchio di Reno, Bologna, Italy",44.4756,11.2759
2022-05-17T18:00:00+00:00,24.200,16.800,Open-Meteo Historical Weather API,"Casalecchio di Reno, Bologna, Italy",44.4756,11.2759
2022-05-17T19:00:00+00:00,22.600,13.900,Open-Meteo Historical Weather API,"Casalecchio di Reno, Bologna, Italy",44.4756,11.2759
2022-05-17T20:00:00+00:00,22.000,13.900,Open-Meteo Historical Weather API,"Casalecchio di Reno, Bologna, Italy",44.4756,11.2759
2022-05-17T21:00:00+00:00,20.600,14.400,Open-Meteo Historical Weather API,"Casalecchio di Reno, Bologna, Italy",44.4756,11.2759
2022-05-17T22:00:00+00:00,19.200,14.800,Open-Meteo Historical Weather API,"Casalecchio di Reno, Bologna, Italy",44.4756,11.2759
2022-05-17T23:00:00+00:00,18.500,14.900,Open-Meteo Historical Weather API,"Casalecchio di Reno, Bologna, Italy",44.4756,11.2759
2022-05-18T00:00:00+00:00,17.900,15.300,Open-Meteo Historical Weather API,"Casalecchio di Reno, Bologna, Italy",44.4756,11.2759
2022-05-18T01:00:00+00:00,17.400,15.100,Open-Meteo Historical Weather API,"Casalecchio di Reno, Bologna, Italy",44.4756,11.2759
2022-05-18T02:00:00+00:00,17.000,14.900,Open-Meteo Historical Weather API,"Casalecchio di Reno, Bologna, Italy",44.4756,11.2759
2022-05-18T03:00:00+00:00,17.000,14.700,Open-Meteo Historical Weather API,"Casalecchio di Reno, Bologna, Italy",44.4756,11.2759
2022-05-18T04:00:00+00:00,17.500,14.500,Open-Meteo Historical Weather API,"Casalecchio di Reno, Bologna, Italy",44.4756,11.2759
2022-05-18T05:00:00+00:00,17.900,14.900,Open-Meteo Historical Weather API,"Casalecchio di Reno, Bologna, Italy",44.4756,11.2759
2022-05-18T06:00:00+00:00,19.500,16.000,Open-Meteo Historical Weather API,"Casalecchio di Reno, Bologna, Italy",44.4756,11.2759
2022-05-18T07:00:00+00:00,21.600,16.900,Open-Meteo Historical Weather API,"Casalecchio di Reno, Bologna, Italy",44.4756,11.2759
2022-05-18T08:00:00+00:00,23.200,16.600,Open-Meteo Historical Weather API,"Casalecchio di Reno, Bologna, Italy",44.4756,11.2759
2022-05-18T09:00:00+00:00,24.200,15.600,Open-Meteo Historical Weather API,"Casalecchio di Reno, Bologna, Italy",44.4756,11.2759
2022-05-18T10:00:00+00:00,24.500,16.100,Open-Meteo Historical Weather API,"Casalecchio di Reno, Bologna, Italy",44.4756,11.2759
2022-05-18T11:00:00+00:00,25.400,15.800,Open-Meteo Historical Weather API,"Casalecchio di Reno, Bologna, Italy",44.4756,11.2759
2022-05-18T12:00:00+00:00,26.000,15.500,Open-Meteo Historical Weather API,"Casalecchio di Reno, Bologna, Italy",44.4756,11.2759
2022-05-18T13:00:00+00:00,25.800,13.200,Open-Meteo Historical Weather API,"Casalecchio di Reno, Bologna, Italy",44.4756,11.2759
2022-05-18T14:00:00+00:00,25.600,11.200,Open-Meteo Historical Weather API,"Casalecchio di Reno, Bologna, Italy",44.4756,11.2759
2022-05-18T15:00:00+00:00,24.900,9.400,Open-Meteo Historical Weather API,"Casalecchio di Reno, Bologna, Italy",44.4756,11.2759
2022-05-18T16:00:00+00:00,23.900,8.600,Open-Meteo Historical Weather API,"Casalecchio di Reno, Bologna, Italy",44.4756,11.2759
2022-05-18T17:00:00+00:00,22.600,8.800,Open-Meteo Historical Weather API,"Casalecchio di Reno, Bologna, Italy",44.4756,11.2759
2022-05-18T18:00:00+00:00,21.100,9.000,Open-Meteo Historical Weather API,"Casalecchio di Reno, Bologna, Italy",44.4756,11.2759
2022-05-18T19:00:00+00:00,19.600,8.900,Open-Meteo Historical Weather API,"Casalecchio di Reno, Bologna, Italy",44.4756,11.2759
2022-05-18T20:00:00+00:00,18.300,8.900,Open-Meteo Historical Weather API,"Casalecchio di Reno, Bologna, Italy",44.4756,11.2759
2022-05-18T21:00:00+00:00,17.100,8.600,Open-Meteo Historical Weather API,"Casalecchio di Reno, Bologna, Italy",44.4756,11.2759
2022-05-18T22:00:00+00:00,16.200,9.100,Open-Meteo Historical Weather API,"Casalecchio di Reno, Bologna, Italy",44.4756,11.2759
2022-05-18T23:00:00+00:00,15.700,9.900,Open-Meteo Historical Weather API,"Casalecchio di Reno, Bologna, Italy",44.4756,11.2759
2022-05-19T00:00:00+00:00,17.500,9.400,Open-Meteo Historical Weather API,"Casalecchio di Reno, Bologna, Italy",44.4756,11.2759
2022-05-19T01:00:00+00:00,16.500,9.900,Open-Meteo Historical Weather API,"Casalecchio di Reno, Bologna, Italy",44.4756,11.2759
2022-05-19T02:00:00+00:00,15.600,10.400,Open-Meteo Historical Weather API,"Casalecchio di Reno, Bologna, Italy",44.4756,11.2759
2022-05-19T03:00:00+00:00,15.300,10.600,Open-Meteo Historical Weather API,"Casalecchio di Reno, Bologna, Italy",44.4756,11.2759
2022-05-19T04:00:00+00:00,14.800,11.000,Open-Meteo Historical Weather API,"Casalecchio di Reno, Bologna, Italy",44.4756,11.2759
2022-05-19T05:00:00+00:00,16.200,12.000,Open-Meteo Historical Weather API,"Casalecchio di Reno, Bologna, Italy",44.4756,11.2759
2022-05-19T06:00:00+00:00,18.600,12.900,Open-Meteo Historical Weather API,"Casalecchio di Reno, Bologna, Italy",44.4756,11.2759
2022-05-19T07:00:00+00:00,20.200,12.800,Open-Meteo Historical Weather API,"Casalecchio di Reno, Bologna, Italy",44.4756,11.2759
2022-05-19T08:00:00+00:00,21.500,12.300,Open-Meteo Historical Weather API,"Casalecchio di Reno, Bologna, Italy",44.4756,11.2759
2022-05-19T09:00:00+00:00,22.600,11.200,Open-Meteo Historical Weather API,"Casalecchio di Reno, Bologna, Italy",44.4756,11.2759
2022-05-19T10:00:00+00:00,23.700,11.100,Open-Meteo Historical Weather API,"Casalecchio di Reno, Bologna, Italy",44.4756,11.2759
2022-05-19T11:00:00+00:00,24.500,11.700,Open-Meteo Historical Weather API,"Casalecchio di Reno, Bologna, Italy",44.4756,11.2759
2022-05-19T12:00:00+00:00,25.000,12.400,Open-Meteo Historical Weather API,"Casalecchio di Reno, Bologna, Italy",44.4756,11.2759
2022-05-19T13:00:00+00:00,25.500,11.900,Open-Meteo Historical Weather API,"Casalecchio di Reno, Bologna, Italy",44.4756,11.2759
2022-05-19T14:00:00+00:00,25.900,11.100,Open-Meteo Historical Weather API,"Casalecchio di Reno, Bologna, Italy",44.4756,11.2759
2022-05-19T15:00:00+00:00,25.900,11.000,Open-Meteo Historical Weather API,"Casalecchio di Reno, Bologna, Italy",44.4756,11.2759
2022-05-19T16:00:00+00:00,25.100,11.100,Open-Meteo Historical Weather API,"Casalecchio di Reno, Bologna, Italy",44.4756,11.2759
2022-05-19T17:00:00+00:00,23.800,10.900,Open-Meteo Historical Weather API,"Casalecchio di Reno, Bologna, Italy",44.4756,11.2759
2022-05-19T18:00:00+00:00,21.900,10.800,Open-Meteo Historical Weather API,"Casalecchio di Reno, Bologna, Italy",44.4756,11.2759
2022-05-19T19:00:00+00:00,20.000,10.000,Open-Meteo Historical Weather API,"Casalecchio di Reno, Bologna, Italy",44.4756,11.2759
2022-05-19T20:00:00+00:00,18.700,10.100,Open-Meteo Historical Weather API,"Casalecchio di Reno, Bologna, Italy",44.4756,11.2759
2022-05-19T21:00:00+00:00,17.400,10.600,Open-Meteo Historical Weather API,"Casalecchio di Reno, Bologna, Italy",44.4756,11.2759
2022-05-19T22:00:00+00:00,16.600,11.400,Open-Meteo Historical Weather API,"Casalecchio di Reno, Bologna, Italy",44.4756,11.2759
2022-05-19T23:00:00+00:00,16.000,12.200,Open-Meteo Historical Weather API,"Casalecchio di Reno, Bologna, Italy",44.4756,11.2759
2022-05-20T00:00:00+00:00,15.400,11.100,Open-Meteo Historical Weather API,"Casalecchio di Reno, Bologna, Italy",44.4756,11.2759
2022-05-20T01:00:00+00:00,14.900,11.200,Open-Meteo Historical Weather API,"Casalecchio di Reno, Bologna, Italy",44.4756,11.2759
2022-05-20T02:00:00+00:00,14.900,11.400,Open-Meteo Historical Weather API,"Casalecchio di Reno, Bologna, Italy",44.4756,11.2759
2022-05-20T03:00:00+00:00,15.000,11.400,Open-Meteo Historical Weather API,"Casalecchio di Reno, Bologna, Italy",44.4756,11.2759
2022-05-20T04:00:00+00:00,14.200,11.400,Open-Meteo Historical Weather API,"Casalecchio di Reno, Bologna, Italy",44.4756,11.2759
2022-05-20T05:00:00+00:00,16.500,12.100,Open-Meteo Historical Weather API,"Casalecchio di Reno, Bologna, Italy",44.4756,11.2759
2022-05-20T06:00:00+00:00,19.800,13.900,Open-Meteo Historical Weather API,"Casalecchio di Reno, Bologna, Italy",44.4756,11.2759
2022-05-20T07:00:00+00:00,22.600,14.700,Open-Meteo Historical Weather API,"Casalecchio di Reno, Bologna, Italy",44.4756,11.2759
2022-05-20T08:00:00+00:00,24.600,15.100,Open-Meteo Historical Weather API,"Casalecchio di Reno, Bologna, Italy",44.4756,11.2759
2022-05-20T09:00:00+00:00,26.100,14.900,Open-Meteo Historical Weather API,"Casalecchio di Reno, Bologna, Italy",44.4756,11.2759
2022-05-20T10:00:00+00:00,27.300,15.100,Open-Meteo Historical Weather API,"Casalecchio di Reno, Bologna, Italy",44.4756,11.2759
2022-05-20T11:00:00+00:00,28.200,14.900,Open-Meteo Historical Weather API,"Casalecchio di Reno, Bologna, Italy",44.4756,11.2759
2022-05-20T12:00:00+00:00,27.900,14.900,Open-Meteo Historical Weather API,"Casalecchio di Reno, Bologna, Italy",44.4756,11.2759
2022-05-20T13:00:00+00:00,28.800,15.100,Open-Meteo Historical Weather API,"Casalecchio di Reno, Bologna, Italy",44.4756,11.2759
2022-05-20T14:00:00+00:00,29.100,15.000,Open-Meteo Historical Weather API,"Casalecchio di Reno, Bologna, Italy",44.4756,11.2759
2022-05-20T15:00:00+00:00,29.200,15.100,Open-Meteo Historical Weather API,"Casalecchio di Reno, Bologna, Italy",44.4756,11.2759
2022-05-20T16:00:00+00:00,29.000,14.700,Open-Meteo Historical Weather API,"Casalecchio di Reno, Bologna, Italy",44.4756,11.2759
2022-05-20T17:00:00+00:00,27.500,12.100,Open-Meteo Historical Weather API,"Casalecchio di Reno, Bologna, Italy",44.4756,11.2759
2022-05-20T18:00:00+00:00,25.000,6.300,Open-Meteo Historical Weather API,"Casalecchio di Reno, Bologna, Italy",44.4756,11.2759
2022-05-20T19:00:00+00:00,23.200,5.800,Open-Meteo Historical Weather API,"Casalecchio di Reno, Bologna, Italy",44.4756,11.2759
2022-05-20T20:00:00+00:00,22.200,5.900,Open-Meteo Historical Weather API,"Casalecchio di Reno, Bologna, Italy",44.4756,11.2759
2022-05-20T21:00:00+00:00,21.400,6.400,Open-Meteo Historical Weather API,"Casalecchio di Reno, Bologna, Italy",44.4756,11.2759
2022-05-20T22:00:00+00:00,20.500,6.800,Open-Meteo Historical Weather API,"Casalecchio di Reno, Bologna, Italy",44.4756,11.2759
2022-05-20T23:00:00+00:00,20.000,7.800,Open-Meteo Historical Weather API,"Casalecchio di Reno, Bologna, Italy",44.4756,11.2759
2022-05-21T00:00:00+00:00,19.700,9.900,Open-Meteo Historical Weather API,"Casalecchio di Reno, Bologna, Italy",44.4756,11.2759
2022-05-21T01:00:00+00:00,19.400,10.900,Open-Meteo Historical Weather API,"Casalecchio di Reno, Bologna, Italy",44.4756,11.2759
2022-05-21T02:00:00+00:00,19.000,11.200,Open-Meteo Historical Weather API,"Casalecchio di Reno, Bologna, Italy",44.4756,11.2759
2022-05-21T03:00:00+00:00,18.500,11.700,Open-Meteo Historical Weather API,"Casalecchio di Reno, Bologna, Italy",44.4756,11.2759
2022-05-21T04:00:00+00:00,18.100,11.800,Open-Meteo Historical Weather API,"Casalecchio di Reno, Bologna, Italy",44.4756,11.2759
2022-05-21T05:00:00+00:00,18.600,12.300,Open-Meteo Historical Weather API,"Casalecchio di Reno, Bologna, Italy",44.4756,11.2759
2022-05-21T06:00:00+00:00,20.900,13.400,Open-Meteo Historical Weather API,"Casalecchio di Reno, Bologna, Italy",44.4756,11.2759
2022-05-21T07:00:00+00:00,23.100,11.900,Open-Meteo Historical Weather API,"Casalecchio di Reno, Bologna, Italy",44.4756,11.2759
2022-05-21T08:00:00+00:00,24.300,12.000,Open-Meteo Historical Weather API,"Casalecchio di Reno, Bologna, Italy",44.4756,11.2759
2022-05-21T09:00:00+00:00,25.900,12.600,Open-Meteo Historical Weather API,"Casalecchio di Reno, Bologna, Italy",44.4756,11.2759
2022-05-21T10:00:00+00:00,27.400,12.900,Open-Meteo Historical Weather API,"Casalecchio di Reno, Bologna, Italy",44.4756,11.2759
2022-05-21T11:00:00+00:00,28.500,13.500,Open-Meteo Historical Weather API,"Casalecchio di Reno, Bologna, Italy",44.4756,11.2759
2022-05-21T12:00:00+00:00,29.100,14.200,Open-Meteo Historical Weather API,"Casalecchio di Reno, Bologna, Italy",44.4756,11.2759
2022-05-21T13:00:00+00:00,29.700,14.900,Open-Meteo Historical Weather API,"Casalecchio di Reno, Bologna, Italy",44.4756,11.2759
2022-05-21T14:00:00+00:00,30.000,15.400,Open-Meteo Historical Weather API,"Casalecchio di Reno, Bologna, Italy",44.4756,11.2759
2022-05-21T15:00:00+00:00,30.000,15.700,Open-Meteo Historical Weather API,"Casalecchio di Reno, Bologna, Italy",44.4756,11.2759
2022-05-21T16:00:00+00:00,29.500,15.900,Open-Meteo Historical Weather API,"Casalecchio di Reno, Bologna, Italy",44.4756,11.2759
2022-05-21T17:00:00+00:00,28.100,16.900,Open-Meteo Historical Weather API,"Casalecchio di Reno, Bologna, Italy",44.4756,11.2759
2022-05-21T18:00:00+00:00,25.200,16.000,Open-Meteo Historical Weather API,"Casalecchio di Reno, Bologna, Italy",44.4756,11.2759
2022-05-21T19:00:00+00:00,23.100,14.900,Open-Meteo Historical Weather API,"Casalecchio di Reno, Bologna, Italy",44.4756,11.2759
2022-05-21T20:00:00+00:00,22.000,14.800,Open-Meteo Historical Weather API,"Casalecchio di Reno, Bologna, Italy",44.4756,11.2759
2022-05-21T21:00:00+00:00,21.000,14.800,Open-Meteo Historical Weather API,"Casalecchio di Reno, Bologna, Italy",44.4756,11.2759
2022-05-21T22:00:00+00:00,20.400,14.800,Open-Meteo Historical Weather API,"Casalecchio di Reno, Bologna, Italy",44.4756,11.2759
2022-05-21T23:00:00+00:00,20.100,14.700,Open-Meteo Historical Weather API,"Casalecchio di Reno, Bologna, Italy",44.4756,11.2759
2022-05-22T00:00:00+00:00,19.500,14.700,Open-Meteo Historical Weather API,"Casalecchio di Reno, Bologna, Italy",44.4756,11.2759
2022-05-22T01:00:00+00:00,19.000,14.900,Open-Meteo Historical Weather API,"Casalecchio di Reno, Bologna, Italy",44.4756,11.2759
2022-05-22T02:00:00+00:00,18.700,14.900,Open-Meteo Historical Weather API,"Casalecchio di Reno, Bologna, Italy",44.4756,11.2759
2022-05-22T03:00:00+00:00,18.300,14.800,Open-Meteo Historical Weather API,"Casalecchio di Reno, Bologna, Italy",44.4756,11.2759
2022-05-22T04:00:00+00:00,17.900,14.600,Open-Meteo Historical Weather API,"Casalecchio di Reno, Bologna, Italy",44.4756,11.2759
2022-05-22T05:00:00+00:00,19.100,14.600,Open-Meteo Historical Weather API,"Casalecchio di Reno, Bologna, Italy",44.4756,11.2759
2022-05-22T06:00:00+00:00,21.800,15.600,Open-Meteo Historical Weather API,"Casalecchio di Reno, Bologna, Italy",44.4756,11.2759
2022-05-22T07:00:00+00:00,24.400,16.600,Open-Meteo Historical Weather API,"Casalecchio di Reno, Bologna, Italy",44.4756,11.2759
2022-05-22T08:00:00+00:00,26.000,16.200,Open-Meteo Historical Weather API,"Casalecchio di Reno, Bologna, Italy",44.4756,11.2759
2022-05-22T09:00:00+00:00,27.100,16.500,Open-Meteo Historical Weather API,"Casalecchio di Reno, Bologna, Italy",44.4756,11.2759
2022-05-22T10:00:00+00:00,28.400,17.000,Open-Meteo Historical Weather API,"Casalecchio di Reno, Bologna, Italy",44.4756,11.2759
2022-05-22T11:00:00+00:00,29.400,17.400,Open-Meteo Historical Weather API,"Casalecchio di Reno, Bologna, Italy",44.4756,11.2759
2022-05-22T12:00:00+00:00,29.700,18.200,Open-Meteo Historical Weather API,"Casalecchio di Reno, Bologna, Italy",44.4756,11.2759
2022-05-22T13:00:00+00:00,30.100,18.200,Open-Meteo Historical Weather API,"Casalecchio di Reno, Bologna, Italy",44.4756,11.2759
2022-05-22T14:00:00+00:00,30.100,18.200,Open-Meteo Historical Weather API,"Casalecchio di Reno, Bologna, Italy",44.4756,11.2759
2022-05-22T15:00:00+00:00,30.200,18.100,Open-Meteo Historical Weather API,"Casalecchio di Reno, Bologna, Italy",44.4756,11.2759
2022-05-22T16:00:00+00:00,30.100,17.700,Open-Meteo Historical Weather API,"Casalecchio di Reno, Bologna, Italy",44.4756,11.2759
2022-05-22T17:00:00+00:00,28.900,17.400,Open-Meteo Historical Weather API,"Casalecchio di Reno, Bologna, Italy",44.4756,11.2759
2022-05-22T18:00:00+00:00,26.400,14.600,Open-Meteo Historical Weather API,"Casalecchio di Reno, Bologna, Italy",44.4756,11.2759
2022-05-22T19:00:00+00:00,24.300,13.900,Open-Meteo Historical Weather API,"Casalecchio di Reno, Bologna, Italy",44.4756,11.2759
2022-05-22T20:00:00+00:00,23.400,12.900,Open-Meteo Historical Weather API,"Casalecchio di Reno, Bologna, Italy",44.4756,11.2759
2022-05-22T21:00:00+00:00,22.600,12.700,Open-Meteo Historical Weather API,"Casalecchio di Reno, Bologna, Italy",44.4756,11.2759
2022-05-22T22:00:00+00:00,22.000,12.200,Open-Meteo Historical Weather API,"Casalecchio di Reno, Bologna, Italy",44.4756,11.2759
2022-05-22T23:00:00+00:00,21.200,11.500,Open-Meteo Historical Weather API,"Casalecchio di Reno, Bologna, Italy",44.4756,11.2759
2022-05-23T00:00:00+00:00,20.600,13.100,Open-Meteo Historical Weather API,"Casalecchio di Reno, Bologna, Italy",44.4756,11.2759
2022-05-23T01:00:00+00:00,20.700,12.400,Open-Meteo Historical Weather API,"Casalecchio di Reno, Bologna, Italy",44.4756,11.2759
2022-05-23T02:00:00+00:00,20.500,11.700,Open-Meteo Historical Weather API,"Casalecchio di Reno, Bologna, Italy",44.4756,11.2759
2022-05-23T03:00:00+00:00,19.400,12.400,Open-Meteo Historical Weather API,"Casalecchio di Reno, Bologna, Italy",44.4756,11.2759
2022-05-23T04:00:00+00:00,18.800,12.600,Open-Meteo Historical Weather API,"Casalecchio di Reno, Bologna, Italy",44.4756,11.2759
2022-05-23T05:00:00+00:00,20.400,11.200,Open-Meteo Historical Weather API,"Casalecchio di Reno, Bologna, Italy",44.4756,11.2759
2022-05-23T06:00:00+00:00,21.900,12.400,Open-Meteo Historical Weather API,"Casalecchio di Reno, Bologna, Italy",44.4756,11.2759
2022-05-23T07:00:00+00:00,23.700,14.900,Open-Meteo Historical Weather API,"Casalecchio di Reno, Bologna, Italy",44.4756,11.2759
2022-05-23T08:00:00+00:00,25.000,17.500,Open-Meteo Historical Weather API,"Casalecchio di Reno, Bologna, Italy",44.4756,11.2759
2022-05-23T09:00:00+00:00,26.500,17.900,Open-Meteo Historical Weather API,"Casalecchio di Reno, Bologna, Italy",44.4756,11.2759
2022-05-23T10:00:00+00:00,27.600,17.800,Open-Meteo Historical Weather API,"Casalecchio di Reno, Bologna, Italy",44.4756,11.2759
2022-05-23T11:00:00+00:00,28.900,17.800,Open-Meteo Historical Weather API,"Casalecchio di Reno, Bologna, Italy",44.4756,11.2759
2022-05-23T12:00:00+00:00,29.400,14.800,Open-Meteo Historical Weather API,"Casalecchio di Reno, Bologna, Italy",44.4756,11.2759
2022-05-23T13:00:00+00:00,30.500,13.600,Open-Meteo Historical Weather API,"Casalecchio di Reno, Bologna, Italy",44.4756,11.2759
2022-05-23T14:00:00+00:00,31.000,10.800,Open-Meteo Historical Weather API,"Casalecchio di Reno, Bologna, Italy",44.4756,11.2759
2022-05-23T15:00:00+00:00,31.400,9.100,Open-Meteo Historical Weather API,"Casalecchio di Reno, Bologna, Italy",44.4756,11.2759
2022-05-23T16:00:00+00:00,30.500,8.100,Open-Meteo Historical Weather API,"Casalecchio di Reno, Bologna, Italy",44.4756,11.2759
2022-05-23T17:00:00+00:00,29.000,7.600,Open-Meteo Historical Weather API,"Casalecchio di Reno, Bologna, Italy",44.4756,11.2759
2022-05-23T18:00:00+00:00,27.200,7.200,Open-Meteo Historical Weather API,"Casalecchio di Reno, Bologna, Italy",44.4756,11.2759
2022-05-23T19:00:00+00:00,25.300,6.400,Open-Meteo Historical Weather API,"Casalecchio di Reno, Bologna, Italy",44.4756,11.2759
2022-05-23T20:00:00+00:00,24.100,5.300,Open-Meteo Historical Weather API,"Casalecchio di Reno, Bologna, Italy",44.4756,11.2759
2022-05-23T21:00:00+00:00,23.100,4.500,Open-Meteo Historical Weather API,"Casalecchio di Reno, Bologna, Italy",44.4756,11.2759
2022-05-23T22:00:00+00:00,22.600,5.300,Open-Meteo Historical Weather API,"Casalecchio di Reno, Bologna, Italy",44.4756,11.2759
2022-05-23T23:00:00+00:00,21.800,9.600,Open-Meteo Historical Weather API,"Casalecchio di Reno, Bologna, Italy",44.4756,11.2759
2022-05-24T00:00:00+00:00,21.000,11.500,Open-Meteo Historical Weather API,"Casalecchio di Reno, Bologna, Italy",44.4756,11.2759
2022-05-24T01:00:00+00:00,21.000,10.100,Open-Meteo Historical Weather API,"Casalecchio di Reno, Bologna, Italy",44.4756,11.2759
2022-05-24T02:00:00+00:00,21.500,10.700,Open-Meteo Historical Weather API,"Casalecchio di Reno, Bologna, Italy",44.4756,11.2759
2022-05-24T03:00:00+00:00,20.900,10.600,Open-Meteo Historical Weather API,"Casalecchio di Reno, Bologna, Italy",44.4756,11.2759
2022-05-24T04:00:00+00:00,20.100,10.800,Open-Meteo Historical Weather API,"Casalecchio di Reno, Bologna, Italy",44.4756,11.2759
2022-05-24T05:00:00+00:00,20.500,11.900,Open-Meteo Historical Weather API,"Casalecchio di Reno, Bologna, Italy",44.4756,11.2759
2022-05-24T06:00:00+00:00,22.000,13.000,Open-Meteo Historical Weather API,"Casalecchio di Reno, Bologna, Italy",44.4756,11.2759
2022-05-24T07:00:00+00:00,23.400,13.900,Open-Meteo Historical Weather API,"Casalecchio di Reno, Bologna, Italy",44.4756,11.2759
2022-05-24T08:00:00+00:00,24.800,14.200,Open-Meteo Historical Weather API,"Casalecchio di Reno, Bologna, Italy",44.4756,11.2759
2022-05-24T09:00:00+00:00,25.900,14.400,Open-Meteo Historical Weather API,"Casalecchio di Reno, Bologna, Italy",44.4756,11.2759
2022-05-24T10:00:00+00:00,27.800,14.000,Open-Meteo Historical Weather API,"Casalecchio di Reno, Bologna, Italy",44.4756,11.2759
2022-05-24T11:00:00+00:00,28.600,14.700,Open-Meteo Historical Weather API,"Casalecchio di Reno, Bologna, Italy",44.4756,11.2759
2022-05-24T12:00:00+00:00,27.500,14.200,Open-Meteo Historical Weather API,"Casalecchio di Reno, Bologna, Italy",44.4756,11.2759
2022-05-24T13:00:00+00:00,28.100,14.700,Open-Meteo Historical Weather API,"Casalecchio di Reno, Bologna, Italy",44.4756,11.2759
2022-05-24T14:00:00+00:00,28.500,14.800,Open-Meteo Historical Weather API,"Casalecchio di Reno, Bologna, Italy",44.4756,11.2759
2022-05-24T15:00:00+00:00,28.500,14.500,Open-Meteo Historical Weather API,"Casalecchio di Reno, Bologna, Italy",44.4756,11.2759
2022-05-24T16:00:00+00:00,28.100,14.100,Open-Meteo Historical Weather API,"Casalecchio di Reno, Bologna, Italy",44.4756,11.2759
2022-05-24T17:00:00+00:00,27.100,15.100,Open-Meteo Historical Weather API,"Casalecchio di Reno, Bologna, Italy",44.4756,11.2759
2022-05-24T18:00:00+00:00,25.100,18.200,Open-Meteo Historical Weather API,"Casalecchio di Reno, Bologna, Italy",44.4756,11.2759
2022-05-24T19:00:00+00:00,23.500,14.400,Open-Meteo Historical Weather API,"Casalecchio di Reno, Bologna, Italy",44.4756,11.2759
2022-05-24T20:00:00+00:00,22.400,12.600,Open-Meteo Historical Weather API,"Casalecchio di Reno, Bologna, Italy",44.4756,11.2759
2022-05-24T21:00:00+00:00,21.600,12.400,Open-Meteo Historical Weather API,"Casalecchio di Reno, Bologna, Italy",44.4756,11.2759
2022-05-24T22:00:00+00:00,20.400,12.600,Open-Meteo Historical Weather API,"Casalecchio di Reno, Bologna, Italy",44.4756,11.2759
2022-05-24T23:00:00+00:00,19.000,13.100,Open-Meteo Historical Weather API,"Casalecchio di Reno, Bologna, Italy",44.4756,11.2759
2022-05-25T00:00:00+00:00,18.800,10.600,Open-Meteo Historical Weather API,"Casalecchio di Reno, Bologna, Italy",44.4756,11.2759
2022-05-25T01:00:00+00:00,18.700,11.200,Open-Meteo Historical Weather API,"Casalecchio di Reno, Bologna, Italy",44.4756,11.2759
2022-05-25T02:00:00+00:00,18.700,11.500,Open-Meteo Historical Weather API,"Casalecchio di Reno, Bologna, Italy",44.4756,11.2759
2022-05-25T03:00:00+00:00,19.000,11.100,Open-Meteo Historical Weather API,"Casalecchio di Reno, Bologna, Italy",44.4756,11.2759
2022-05-25T04:00:00+00:00,18.400,11.800,Open-Meteo Historical Weather API,"Casalecchio di Reno, Bologna, Italy",44.4756,11.2759
2022-05-25T05:00:00+00:00,19.200,12.900,Open-Meteo Historical Weather API,"Casalecchio di Reno, Bologna, Italy",44.4756,11.2759
2022-05-25T06:00:00+00:00,21.800,13.900,Open-Meteo Historical Weather API,"Casalecchio di Reno, Bologna, Italy",44.4756,11.2759
2022-05-25T07:00:00+00:00,23.700,14.900,Open-Meteo Historical Weather API,"Casalecchio di Reno, Bologna, Italy",44.4756,11.2759
2022-05-25T08:00:00+00:00,23.600,15.600,Open-Meteo Historical Weather API,"Casalecchio di Reno, Bologna, Italy",44.4756,11.2759
2022-05-25T09:00:00+00:00,24.500,15.500,Open-Meteo Historical Weather API,"Casalecchio di Reno, Bologna, Italy",44.4756,11.2759
2022-05-25T10:00:00+00:00,25.600,15.100,Open-Meteo Historical Weather API,"Casalecchio di Reno, Bologna, Italy",44.4756,11.2759
2022-05-25T11:00:00+00:00,26.500,14.800,Open-Meteo Historical Weather API,"Casalecchio di Reno, Bologna, Italy",44.4756,11.2759
2022-05-25T12:00:00+00:00,26.300,15.100,Open-Meteo Historical Weather API,"Casalecchio di Reno, Bologna, Italy",44.4756,11.2759
2022-05-25T13:00:00+00:00,27.700,14.900,Open-Meteo Historical Weather API,"Casalecchio di Reno, Bologna, Italy",44.4756,11.2759
2022-05-25T14:00:00+00:00,27.900,14.400,Open-Meteo Historical Weather API,"Casalecchio di Reno, Bologna, Italy",44.4756,11.2759
2022-05-25T15:00:00+00:00,28.100,14.400,Open-Meteo Historical Weather API,"Casalecchio di Reno, Bologna, Italy",44.4756,11.2759
2022-05-25T16:00:00+00:00,26.800,13.900,Open-Meteo Historical Weather API,"Casalecchio di Reno, Bologna, Italy",44.4756,11.2759
2022-05-25T17:00:00+00:00,25.400,15.600,Open-Meteo Historical Weather API,"Casalecchio di Reno, Bologna, Italy",44.4756,11.2759
2022-05-25T18:00:00+00:00,24.500,16.500,Open-Meteo Historical Weather API,"Casalecchio di Reno, Bologna, Italy",44.4756,11.2759
2022-05-25T19:00:00+00:00,22.400,15.900,Open-Meteo Historical Weather API,"Casalecchio di Reno, Bologna, Italy",44.4756,11.2759
2022-05-25T20:00:00+00:00,21.500,16.100,Open-Meteo Historical Weather API,"Casalecchio di Reno, Bologna, Italy",44.4756,11.2759
2022-05-25T21:00:00+00:00,20.800,17.300,Open-Meteo Historical Weather API,"Casalecchio di Reno, Bologna, Italy",44.4756,11.2759
2022-05-25T22:00:00+00:00,19.800,17.400,Open-Meteo Historical Weather API,"Casalecchio di Reno, Bologna, Italy",44.4756,11.2759
2022-05-25T23:00:00+00:00,19.200,17.000,Open-Meteo Historical Weather API,"Casalecchio di Reno, Bologna, Italy",44.4756,11.2759
2022-05-26T00:00:00+00:00,17.500,16.500,Open-Meteo Historical Weather API,"Casalecchio di Reno, Bologna, Italy",44.4756,11.2759
2022-05-26T01:00:00+00:00,17.400,16.100,Open-Meteo Historical Weather API,"Casalecchio di Reno, Bologna, Italy",44.4756,11.2759
2022-05-26T02:00:00+00:00,17.500,15.900,Open-Meteo Historical Weather API,"Casalecchio di Reno, Bologna, Italy",44.4756,11.2759
2022-05-26T03:00:00+00:00,18.200,15.800,Open-Meteo Historical Weather API,"Casalecchio di Reno, Bologna, Italy",44.4756,11.2759
2022-05-26T04:00:00+00:00,17.100,15.700,Open-Meteo Historical Weather API,"Casalecchio di Reno, Bologna, Italy",44.4756,11.2759
2022-05-26T05:00:00+00:00,19.000,16.400,Open-Meteo Historical Weather API,"Casalecchio di Reno, Bologna, Italy",44.4756,11.2759
2022-05-26T06:00:00+00:00,21.300,16.900,Open-Meteo Historical Weather API,"Casalecchio di Reno, Bologna, Italy",44.4756,11.2759
2022-05-26T07:00:00+00:00,22.300,17.100,Open-Meteo Historical Weather API,"Casalecchio di Reno, Bologna, Italy",44.4756,11.2759
2022-05-26T08:00:00+00:00,22.500,17.400,Open-Meteo Historical Weather API,"Casalecchio di Reno, Bologna, Italy",44.4756,11.2759
2022-05-26T09:00:00+00:00,24.500,17.600,Open-Meteo Historical Weather API,"Casalecchio di Reno, Bologna, Italy",44.4756,11.2759
2022-05-26T10:00:00+00:00,26.100,17.600,Open-Meteo Historical Weather API,"Casalecchio di Reno, Bologna, Italy",44.4756,11.2759
2022-05-26T11:00:00+00:00,26.600,18.000,Open-Meteo Historical Weather API,"Casalecchio di Reno, Bologna, Italy",44.4756,11.2759
2022-05-26T12:00:00+00:00,22.600,18.500,Open-Meteo Historical Weather API,"Casalecchio di Reno, Bologna, Italy",44.4756,11.2759
2022-05-26T13:00:00+00:00,25.300,18.400,Open-Meteo Historical Weather API,"Casalecchio di Reno, Bologna, Italy",44.4756,11.2759
2022-05-26T14:00:00+00:00,25.400,17.900,Open-Meteo Historical Weather API,"Casalecchio di Reno, Bologna, Italy",44.4756,11.2759
2022-05-26T15:00:00+00:00,26.000,17.500,Open-Meteo Historical Weather API,"Casalecchio di Reno, Bologna, Italy",44.4756,11.2759
2022-05-26T16:00:00+00:00,26.100,17.000,Open-Meteo Historical Weather API,"Casalecchio di Reno, Bologna, Italy",44.4756,11.2759
2022-05-26T17:00:00+00:00,25.700,17.000,Open-Meteo Historical Weather API,"Casalecchio di Reno, Bologna, Italy",44.4756,11.2759
2022-05-26T18:00:00+00:00,24.200,17.800,Open-Meteo Historical Weather API,"Casalecchio di Reno, Bologna, Italy",44.4756,11.2759
2022-05-26T19:00:00+00:00,23.000,18.000,Open-Meteo Historical Weather API,"Casalecchio di Reno, Bologna, Italy",44.4756,11.2759
2022-05-26T20:00:00+00:00,21.500,18.000,Open-Meteo Historical Weather API,"Casalecchio di Reno, Bologna, Italy",44.4756,11.2759
2022-05-26T21:00:00+00:00,20.300,18.200,Open-Meteo Historical Weather API,"Casalecchio di Reno, Bologna, Italy",44.4756,11.2759
2022-05-26T22:00:00+00:00,19.100,18.000,Open-Meteo Historical Weather API,"Casalecchio di Reno, Bologna, Italy",44.4756,11.2759
2022-05-26T23:00:00+00:00,18.400,17.500,Open-Meteo Historical Weather API,"Casalecchio di Reno, Bologna, Italy",44.4756,11.2759
2022-05-27T00:00:00+00:00,19.400,18.500,Open-Meteo Historical Weather API,"Casalecchio di Reno, Bologna, Italy",44.4756,11.2759
2022-05-27T01:00:00+00:00,18.500,17.600,Open-Meteo Historical Weather API,"Casalecchio di Reno, Bologna, Italy",44.4756,11.2759
2022-05-27T02:00:00+00:00,18.200,17.600,Open-Meteo Historical Weather API,"Casalecchio di Reno, Bologna, Italy",44.4756,11.2759
2022-05-27T03:00:00+00:00,18.600,17.800,Open-Meteo Historical Weather API,"Casalecchio di Reno, Bologna, Italy",44.4756,11.2759
2022-05-27T04:00:00+00:00,18.100,17.200,Open-Meteo Historical Weather API,"Casalecchio di Reno, Bologna, Italy",44.4756,11.2759
2022-05-27T05:00:00+00:00,19.400,17.800,Open-Meteo Historical Weather API,"Casalecchio di Reno, Bologna, Italy",44.4756,11.2759
2022-05-27T06:00:00+00:00,21.600,19.100,Open-Meteo Historical Weather API,"Casalecchio di Reno, Bologna, Italy",44.4756,11.2759
2022-05-27T07:00:00+00:00,23.600,18.100,Open-Meteo Historical Weather API,"Casalecchio di Reno, Bologna, Italy",44.4756,11.2759
2022-05-27T08:00:00+00:00,24.500,17.800,Open-Meteo Historical Weather API,"Casalecchio di Reno, Bologna, Italy",44.4756,11.2759
2022-05-27T09:00:00+00:00,25.700,17.100,Open-Meteo Historical Weather API,"Casalecchio di Reno, Bologna, Italy",44.4756,11.2759
2022-05-27T10:00:00+00:00,26.900,17.000,Open-Meteo Historical Weather API,"Casalecchio di Reno, Bologna, Italy",44.4756,11.2759
2022-05-27T11:00:00+00:00,28.000,16.600,Open-Meteo Historical Weather API,"Casalecchio di Reno, Bologna, Italy",44.4756,11.2759
2022-05-27T12:00:00+00:00,27.800,17.200,Open-Meteo Historical Weather API,"Casalecchio di Reno, Bologna, Italy",44.4756,11.2759
2022-05-27T13:00:00+00:00,28.600,17.300,Open-Meteo Historical Weather API,"Casalecchio di Reno, Bologna, Italy",44.4756,11.2759
2022-05-27T14:00:00+00:00,29.700,17.200,Open-Meteo Historical Weather API,"Casalecchio di Reno, Bologna, Italy",44.4756,11.2759
2022-05-27T15:00:00+00:00,29.200,17.500,Open-Meteo Historical Weather API,"Casalecchio di Reno, Bologna, Italy",44.4756,11.2759
2022-05-27T16:00:00+00:00,29.200,18.000,Open-Meteo Historical Weather API,"Casalecchio di Reno, Bologna, Italy",44.4756,11.2759
2022-05-27T17:00:00+00:00,28.800,18.400,Open-Meteo Historical Weather API,"Casalecchio di Reno, Bologna, Italy",44.4756,11.2759
2022-05-27T18:00:00+00:00,26.700,19.100,Open-Meteo Historical Weather API,"Casalecchio di Reno, Bologna, Italy",44.4756,11.2759
2022-05-27T19:00:00+00:00,23.600,18.800,Open-Meteo Historical Weather API,"Casalecchio di Reno, Bologna, Italy",44.4756,11.2759
2022-05-27T20:00:00+00:00,21.900,18.400,Open-Meteo Historical Weather API,"Casalecchio di Reno, Bologna, Italy",44.4756,11.2759
2022-05-27T21:00:00+00:00,20.700,16.900,Open-Meteo Historical Weather API,"Casalecchio di Reno, Bologna, Italy",44.4756,11.2759
2022-05-27T22:00:00+00:00,19.700,15.200,Open-Meteo Historical Weather API,"Casalecchio di Reno, Bologna, Italy",44.4756,11.2759
2022-05-27T23:00:00+00:00,19.300,13.600,Open-Meteo Historical Weather API,"Casalecchio di Reno, Bologna, Italy",44.4756,11.2759
2022-05-28T00:00:00+00:00,20.500,17.500,Open-Meteo Historical Weather API,"Casalecchio di Reno, Bologna, Italy",44.4756,11.2759
2022-05-28T01:00:00+00:00,18.900,16.500,Open-Meteo Historical Weather API,"Casalecchio di Reno, Bologna, Italy",44.4756,11.2759
2022-05-28T02:00:00+00:00,18.900,15.600,Open-Meteo Historical Weather API,"Casalecchio di Reno, Bologna, Italy",44.4756,11.2759
2022-05-28T03:00:00+00:00,17.600,15.400,Open-Meteo Historical Weather API,"Casalecchio di Reno, Bologna, Italy",44.4756,11.2759
2022-05-28T04:00:00+00:00,18.000,15.700,Open-Meteo Historical Weather API,"Casalecchio di Reno, Bologna, Italy",44.4756,11.2759
2022-05-28T05:00:00+00:00,19.200,18.100,Open-Meteo Historical Weather API,"Casalecchio di Reno, Bologna, Italy",44.4756,11.2759
2022-05-28T06:00:00+00:00,21.100,18.500,Open-Meteo Historical Weather API,"Casalecchio di Reno, Bologna, Italy",44.4756,11.2759
2022-05-28T07:00:00+00:00,22.500,18.900,Open-Meteo Historical Weather API,"Casalecchio di Reno, Bologna, Italy",44.4756,11.2759
2022-05-28T08:00:00+00:00,20.600,17.900,Open-Meteo Historical Weather API,"Casalecchio di Reno, Bologna, Italy",44.4756,11.2759
2022-05-28T09:00:00+00:00,20.400,17.600,Open-Meteo Historical Weather API,"Casalecchio di Reno, Bologna, Italy",44.4756,11.2759
2022-05-28T10:00:00+00:00,21.000,17.400,Open-Meteo Historical Weather API,"Casalecchio di Reno, Bologna, Italy",44.4756,11.2759
2022-05-28T11:00:00+00:00,23.000,17.000,Open-Meteo Historical Weather API,"Casalecchio di Reno, Bologna, Italy",44.4756,11.2759
2022-05-28T12:00:00+00:00,26.300,19.300,Open-Meteo Historical Weather API,"Casalecchio di Reno, Bologna, Italy",44.4756,11.2759
2022-05-28T13:00:00+00:00,22.800,17.200,Open-Meteo Historical Weather API,"Casalecchio di Reno, Bologna, Italy",44.4756,11.2759
2022-05-28T14:00:00+00:00,19.600,17.000,Open-Meteo Historical Weather API,"Casalecchio di Reno, Bologna, Italy",44.4756,11.2759
2022-05-28T15:00:00+00:00,19.100,17.100,Open-Meteo Historical Weather API,"Casalecchio di Reno, Bologna, Italy",44.4756,11.2759
2022-05-28T16:00:00+00:00,18.800,17.300,Open-Meteo Historical Weather API,"Casalecchio di Reno, Bologna, Italy",44.4756,11.2759
2022-05-28T17:00:00+00:00,18.600,16.900,Open-Meteo Historical Weather API,"Casalecchio di Reno, Bologna, Italy",44.4756,11.2759
2022-05-28T18:00:00+00:00,18.400,16.900,Open-Meteo Historical Weather API,"Casalecchio di Reno, Bologna, Italy",44.4756,11.2759
2022-05-28T19:00:00+00:00,18.000,15.600,Open-Meteo Historical Weather API,"Casalecchio di Reno, Bologna, Italy",44.4756,11.2759
2022-05-28T20:00:00+00:00,17.800,14.900,Open-Meteo Historical Weather API,"Casalecchio di Reno, Bologna, Italy",44.4756,11.2759
2022-05-28T21:00:00+00:00,17.100,14.600,Open-Meteo Historical Weather API,"Casalecchio di Reno, Bologna, Italy",44.4756,11.2759
2022-05-28T22:00:00+00:00,16.900,14.600,Open-Meteo Historical Weather API,"Casalecchio di Reno, Bologna, Italy",44.4756,11.2759
2022-05-28T23:00:00+00:00,16.600,14.600,Open-Meteo Historical Weather API,"Casalecchio di Reno, Bologna, Italy",44.4756,11.2759
2022-05-29T00:00:00+00:00,16.000,15.600,Open-Meteo Historical Weather API,"Casalecchio di Reno, Bologna, Italy",44.4756,11.2759
2022-05-29T01:00:00+00:00,14.900,14.100,Open-Meteo Historical Weather API,"Casalecchio di Reno, Bologna, Italy",44.4756,11.2759
2022-05-29T02:00:00+00:00,14.500,13.200,Open-Meteo Historical Weather API,"Casalecchio di Reno, Bologna, Italy",44.4756,11.2759
2022-05-29T03:00:00+00:00,14.300,12.700,Open-Meteo Historical Weather API,"Casalecchio di Reno, Bologna, Italy",44.4756,11.2759
2022-05-29T04:00:00+00:00,14.200,12.600,Open-Meteo Historical Weather API,"Casalecchio di Reno, Bologna, Italy",44.4756,11.2759
2022-05-29T05:00:00+00:00,14.400,12.700,Open-Meteo Historical Weather API,"Casalecchio di Reno, Bologna, Italy",44.4756,11.2759
2022-05-29T06:00:00+00:00,14.800,12.600,Open-Meteo Historical Weather API,"Casalecchio di Reno, Bologna, Italy",44.4756,11.2759
2022-05-29T07:00:00+00:00,15.100,12.500,Open-Meteo Historical Weather API,"Casalecchio di Reno, Bologna, Italy",44.4756,11.2759
2022-05-29T08:00:00+00:00,15.700,12.400,Open-Meteo Historical Weather API,"Casalecchio di Reno, Bologna, Italy",44.4756,11.2759
2022-05-29T09:00:00+00:00,16.100,12.400,Open-Meteo Historical Weather API,"Casalecchio di Reno, Bologna, Italy",44.4756,11.2759
2022-05-29T10:00:00+00:00,16.400,12.900,Open-Meteo Historical Weather API,"Casalecchio di Reno, Bologna, Italy",44.4756,11.2759
2022-05-29T11:00:00+00:00,16.800,12.700,Open-Meteo Historical Weather API,"Casalecchio di Reno, Bologna, Italy",44.4756,11.2759
2022-05-29T12:00:00+00:00,16.700,13.600,Open-Meteo Historical Weather API,"Casalecchio di Reno, Bologna, Italy",44.4756,11.2759
2022-05-29T13:00:00+00:00,17.500,13.600,Open-Meteo Historical Weather API,"Casalecchio di Reno, Bologna, Italy",44.4756,11.2759
2022-05-29T14:00:00+00:00,17.100,13.700,Open-Meteo Historical Weather API,"Casalecchio di Reno, Bologna, Italy",44.4756,11.2759
2022-05-29T15:00:00+00:00,16.800,13.900,Open-Meteo Historical Weather API,"Casalecchio di Reno, Bologna, Italy",44.4756,11.2759
2022-05-29T16:00:00+00:00,16.600,12.800,Open-Meteo Historical Weather API,"Casalecchio di Reno, Bologna, Italy",44.4756,11.2759
2022-05-29T17:00:00+00:00,16.600,12.200,Open-Meteo Historical Weather API,"Casalecchio di Reno, Bologna, Italy",44.4756,11.2759
2022-05-29T18:00:00+00:00,16.400,12.000,Open-Meteo Historical Weather API,"Casalecchio di Reno, Bologna, Italy",44.4756,11.2759
2022-05-29T19:00:00+00:00,16.300,11.700,Open-Meteo Historical Weather API,"Casalecchio di Reno, Bologna, Italy",44.4756,11.2759
2022-05-29T20:00:00+00:00,16.300,11.400,Open-Meteo Historical Weather API,"Casalecchio di Reno, Bologna, Italy",44.4756,11.2759
2022-05-29T21:00:00+00:00,16.000,11.100,Open-Meteo Historical Weather API,"Casalecchio di Reno, Bologna, Italy",44.4756,11.2759
2022-05-29T22:00:00+00:00,15.400,11.200,Open-Meteo Historical Weather API,"Casalecchio di Reno, Bologna, Italy",44.4756,11.2759
2022-05-29T23:00:00+00:00,15.100,11.400,Open-Meteo Historical Weather API,"Casalecchio di Reno, Bologna, Italy",44.4756,11.2759
2022-05-30T00:00:00+00:00,13.100,11.600,Open-Meteo Historical Weather API,"Casalecchio di Reno, Bologna, Italy",44.4756,11.2759
2022-05-30T01:00:00+00:00,13.600,11.200,Open-Meteo Historical Weather API,"Casalecchio di Reno, Bologna, Italy",44.4756,11.2759
2022-05-30T02:00:00+00:00,13.100,11.200,Open-Meteo Historical Weather API,"Casalecchio di Reno, Bologna, Italy",44.4756,11.2759
2022-05-30T03:00:00+00:00,12.800,11.600,Open-Meteo Historical Weather API,"Casalecchio di Reno, Bologna, Italy",44.4756,11.2759
2022-05-30T04:00:00+00:00,13.100,11.400,Open-Meteo Historical Weather API,"Casalecchio di Reno, Bologna, Italy",44.4756,11.2759
2022-05-30T05:00:00+00:00,13.400,11.400,Open-Meteo Historical Weather API,"Casalecchio di Reno, Bologna, Italy",44.4756,11.2759
2022-05-30T06:00:00+00:00,13.800,11.600,Open-Meteo Historical Weather API,"Casalecchio di Reno, Bologna, Italy",44.4756,11.2759
2022-05-30T07:00:00+00:00,14.200,11.800,Open-Meteo Historical Weather API,"Casalecchio di Reno, Bologna, Italy",44.4756,11.2759
2022-05-30T08:00:00+00:00,15.100,11.900,Open-Meteo Historical Weather API,"Casalecchio di Reno, Bologna, Italy",44.4756,11.2759
2022-05-30T09:00:00+00:00,16.800,12.300,Open-Meteo Historical Weather API,"Casalecchio di Reno, Bologna, Italy",44.4756,11.2759
2022-05-30T10:00:00+00:00,17.800,12.800,Open-Meteo Historical Weather API,"Casalecchio di Reno, Bologna, Italy",44.4756,11.2759
2022-05-30T11:00:00+00:00,19.400,13.400,Open-Meteo Historical Weather API,"Casalecchio di Reno, Bologna, Italy",44.4756,11.2759
2022-05-30T12:00:00+00:00,18.500,12.600,Open-Meteo Historical Weather API,"Casalecchio di Reno, Bologna, Italy",44.4756,11.2759
2022-05-30T13:00:00+00:00,19.800,13.200,Open-Meteo Historical Weather API,"Casalecchio di Reno, Bologna, Italy",44.4756,11.2759
2022-05-30T14:00:00+00:00,20.500,13.400,Open-Meteo Historical Weather API,"Casalecchio di Reno, Bologna, Italy",44.4756,11.2759
2022-05-30T15:00:00+00:00,21.800,13.600,Open-Meteo Historical Weather API,"Casalecchio di Reno, Bologna, Italy",44.4756,11.2759
2022-05-30T16:00:00+00:00,21.600,13.700,Open-Meteo Historical Weather API,"Casalecchio di Reno, Bologna, Italy",44.4756,11.2759
2022-05-30T17:00:00+00:00,20.400,13.800,Open-Meteo Historical Weather API,"Casalecchio di Reno, Bologna, Italy",44.4756,11.2759
2022-05-30T18:00:00+00:00,18.900,14.600,Open-Meteo Historical Weather API,"Casalecchio di Reno, Bologna, Italy",44.4756,11.2759
2022-05-30T19:00:00+00:00,17.400,14.500,Open-Meteo Historical Weather API,"Casalecchio di Reno, Bologna, Italy",44.4756,11.2759
2022-05-30T20:00:00+00:00,17.100,14.600,Open-Meteo Historical Weather API,"Casalecchio di Reno, Bologna, Italy",44.4756,11.2759
2022-05-30T21:00:00+00:00,16.100,14.600,Open-Meteo Historical Weather API,"Casalecchio di Reno, Bologna, Italy",44.4756,11.2759
2022-05-30T22:00:00+00:00,15.700,14.700,Open-Meteo Historical Weather API,"Casalecchio di Reno, Bologna, Italy",44.4756,11.2759
2022-05-30T23:00:00+00:00,15.700,14.900,Open-Meteo Historical Weather API,"Casalecchio di Reno, Bologna, Italy",44.4756,11.2759
2022-05-31T00:00:00+00:00,13.600,13.100,Open-Meteo Historical Weather API,"Casalecchio di Reno, Bologna, Italy",44.4756,11.2759
2022-05-31T01:00:00+00:00,14.200,13.600,Open-Meteo Historical Weather API,"Casalecchio di Reno, Bologna, Italy",44.4756,11.2759
2022-05-31T02:00:00+00:00,14.400,13.800,Open-Meteo Historical Weather API,"Casalecchio di Reno, Bologna, Italy",44.4756,11.2759
2022-05-31T03:00:00+00:00,15.600,14.400,Open-Meteo Historical Weather API,"Casalecchio di Reno, Bologna, Italy",44.4756,11.2759
2022-05-31T04:00:00+00:00,15.800,14.500,Open-Meteo Historical Weather API,"Casalecchio di Reno, Bologna, Italy",44.4756,11.2759
2022-05-31T05:00:00+00:00,16.100,14.800,Open-Meteo Historical Weather API,"Casalecchio di Reno, Bologna, Italy",44.4756,11.2759
2022-05-31T06:00:00+00:00,16.600,15.100,Open-Meteo Historical Weather API,"Casalecchio di Reno, Bologna, Italy",44.4756,11.2759
2022-05-31T07:00:00+00:00,16.900,15.300,Open-Meteo Historical Weather API,"Casalecchio di Reno, Bologna, Italy",44.4756,11.2759
2022-05-31T08:00:00+00:00,17.400,15.700,Open-Meteo Historical Weather API,"Casalecchio di Reno, Bologna, Italy",44.4756,11.2759
2022-05-31T09:00:00+00:00,19.000,16.200,Open-Meteo Historical Weather API,"Casalecchio di Reno, Bologna, Italy",44.4756,11.2759
2022-05-31T10:00:00+00:00,20.400,16.200,Open-Meteo Historical Weather API,"Casalecchio di Reno, Bologna, Italy",44.4756,11.2759
2022-05-31T11:00:00+00:00,22.100,16.600,Open-Meteo Historical Weather API,"Casalecchio di Reno, Bologna, Italy",44.4756,11.2759
2022-05-31T12:00:00+00:00,23.000,16.400,Open-Meteo Historical Weather API,"Casalecchio di Reno, Bologna, Italy",44.4756,11.2759
2022-05-31T13:00:00+00:00,22.900,16.700,Open-Meteo Historical Weather API,"Casalecchio di Reno, Bologna, Italy",44.4756,11.2759
2022-05-31T14:00:00+00:00,23.200,17.000,Open-Meteo Historical Weather API,"Casalecchio di Reno, Bologna, Italy",44.4756,11.2759
2022-05-31T15:00:00+00:00,23.900,17.200,Open-Meteo Historical Weather API,"Casalecchio di Reno, Bologna, Italy",44.4756,11.2759
2022-05-31T16:00:00+00:00,23.500,17.000,Open-Meteo Historical Weather API,"Casalecchio di Reno, Bologna, Italy",44.4756,11.2759
2022-05-31T17:00:00+00:00,22.400,16.800,Open-Meteo Historical Weather API,"Casalecchio di Reno, Bologna, Italy",44.4756,11.2759
2022-05-31T18:00:00+00:00,21.500,17.400,Open-Meteo Historical Weather API,"Casalecchio di Reno, Bologna, Italy",44.4756,11.2759
2022-05-31T19:00:00+00:00,19.900,17.200,Open-Meteo Historical Weather API,"Casalecchio di Reno, Bologna, Italy",44.4756,11.2759
2022-05-31T20:00:00+00:00,18.900,17.100,Open-Meteo Historical Weather API,"Casalecchio di Reno, Bologna, Italy",44.4756,11.2759
2022-05-31T21:00:00+00:00,17.900,16.900,Open-Meteo Historical Weather API,"Casalecchio di Reno, Bologna, Italy",44.4756,11.2759
2022-05-31T22:00:00+00:00,16.900,16.200,Open-Meteo Historical Weather API,"Casalecchio di Reno, Bologna, Italy",44.4756,11.2759
2022-05-31T23:00:00+00:00,16.200,15.500,Open-Meteo Historical Weather API,"Casalecchio di Reno, Bologna, Italy",44.4756,11.2759
2022-06-01T00:00:00+00:00,16.500,15.700,Open-Meteo Historical Weather API,"Casalecchio di Reno, Bologna, Italy",44.4756,11.2759
2022-06-01T01:00:00+00:00,16.700,15.100,Open-Meteo Historical Weather API,"Casalecchio di Reno, Bologna, Italy",44.4756,11.2759
2022-06-01T02:00:00+00:00,16.600,14.200,Open-Meteo Historical Weather API,"Casalecchio di Reno, Bologna, Italy",44.4756,11.2759
2022-06-01T03:00:00+00:00,16.200,13.600,Open-Meteo Historical Weather API,"Casalecchio di Reno, Bologna, Italy",44.4756,11.2759
2022-06-01T04:00:00+00:00,15.800,13.100,Open-Meteo Historical Weather API,"Casalecchio di Reno, Bologna, Italy",44.4756,11.2759
2022-06-01T05:00:00+00:00,17.200,13.700,Open-Meteo Historical Weather API,"Casalecchio di Reno, Bologna, Italy",44.4756,11.2759
2022-06-01T06:00:00+00:00,20.000,15.400,Open-Meteo Historical Weather API,"Casalecchio di Reno, Bologna, Italy",44.4756,11.2759
2022-06-01T07:00:00+00:00,22.000,15.500,Open-Meteo Historical Weather API,"Casalecchio di Reno, Bologna, Italy",44.4756,11.2759
2022-06-01T08:00:00+00:00,22.900,17.300,Open-Meteo Historical Weather API,"Casalecchio di Reno, Bologna, Italy",44.4756,11.2759
2022-06-01T09:00:00+00:00,24.000,17.500,Open-Meteo Historical Weather API,"Casalecchio di Reno, Bologna, Italy",44.4756,11.2759
2022-06-01T10:00:00+00:00,25.100,17.100,Open-Meteo Historical Weather API,"Casalecchio di Reno, Bologna, Italy",44.4756,11.2759
2022-06-01T11:00:00+00:00,25.900,17.000,Open-Meteo Historical Weather API,"Casalecchio di Reno, Bologna, Italy",44.4756,11.2759
2022-06-01T12:00:00+00:00,25.200,17.700,Open-Meteo Historical Weather API,"Casalecchio di Reno, Bologna, Italy",44.4756,11.2759
2022-06-01T13:00:00+00:00,26.000,17.200,Open-Meteo Historical Weather API,"Casalecchio di Reno, Bologna, Italy",44.4756,11.2759
2022-06-01T14:00:00+00:00,26.500,17.300,Open-Meteo Historical Weather API,"Casalecchio di Reno, Bologna, Italy",44.4756,11.2759
2022-06-01T15:00:00+00:00,26.400,17.400,Open-Meteo Historical Weather API,"Casalecchio di Reno, Bologna, Italy",44.4756,11.2759
2022-06-01T16:00:00+00:00,25.900,17.500,Open-Meteo Historical Weather API,"Casalecchio di Reno, Bologna, Italy",44.4756,11.2759
2022-06-01T17:00:00+00:00,24.900,17.700,Open-Meteo Historical Weather API,"Casalecchio di Reno, Bologna, Italy",44.4756,11.2759
2022-06-01T18:00:00+00:00,23.300,18.100,Open-Meteo Historical Weather API,"Casalecchio di Reno, Bologna, Italy",44.4756,11.2759
2022-06-01T19:00:00+00:00,21.600,18.200,Open-Meteo Historical Weather API,"Casalecchio di Reno, Bologna, Italy",44.4756,11.2759
2022-06-01T20:00:00+00:00,20.300,18.400,Open-Meteo Historical Weather API,"Casalecchio di Reno, Bologna, Italy",44.4756,11.2759
2022-06-01T21:00:00+00:00,19.900,15.400,Open-Meteo Historical Weather API,"Casalecchio di Reno, Bologna, Italy",44.4756,11.2759
2022-06-01T22:00:00+00:00,20.600,10.200,Open-Meteo Historical Weather API,"Casalecchio di Reno, Bologna, Italy",44.4756,11.2759
2022-06-01T23:00:00+00:00,19.900,9.700,Open-Meteo Historical Weather API,"Casalecchio di Reno, Bologna, Italy",44.4756,11.2759
2022-06-02T00:00:00+00:00,18.900,9.400,Open-Meteo Historical Weather API,"Casalecchio di Reno, Bologna, Italy",44.4756,11.2759
2022-06-02T01:00:00+00:00,18.500,10.100,Open-Meteo Historical Weather API,"Casalecchio di Reno, Bologna, Italy",44.4756,11.2759
2022-06-02T02:00:00+00:00,18.000,10.600,Open-Meteo Historical Weather API,"Casalecchio di Reno, Bologna, Italy",44.4756,11.2759
2022-06-02T03:00:00+00:00,17.900,10.600,Open-Meteo Historical Weather API,"Casalecchio di Reno, Bologna, Italy",44.4756,11.2759
2022-06-02T04:00:00+00:00,17.500,10.900,Open-Meteo Historical Weather API,"Casalecchio di Reno, Bologna, Italy",44.4756,11.2759
2022-06-02T05:00:00+00:00,18.600,12.700,Open-Meteo Historical Weather API,"Casalecchio di Reno, Bologna, Italy",44.4756,11.2759
2022-06-02T06:00:00+00:00,20.900,14.500,Open-Meteo Historical Weather API,"Casalecchio di Reno, Bologna, Italy",44.4756,11.2759
2022-06-02T07:00:00+00:00,22.600,13.900,Open-Meteo Historical Weather API,"Casalecchio di Reno, Bologna, Italy",44.4756,11.2759
2022-06-02T08:00:00+00:00,24.000,15.000,Open-Meteo Historical Weather API,"Casalecchio di Reno, Bologna, Italy",44.4756,11.2759
2022-06-02T09:00:00+00:00,25.100,15.900,Open-Meteo Historical Weather API,"Casalecchio di Reno, Bologna, Italy",44.4756,11.2759
2022-06-02T10:00:00+00:00,26.200,16.000,Open-Meteo Historical Weather API,"Casalecchio di Reno, Bologna, Italy",44.4756,11.2759
2022-06-02T11:00:00+00:00,27.400,15.900,Open-Meteo Historical Weather API,"Casalecchio di Reno, Bologna, Italy",44.4756,11.2759
2022-06-02T12:00:00+00:00,28.200,17.600,Open-Meteo Historical Weather API,"Casalecchio di Reno, Bologna, Italy",44.4756,11.2759
2022-06-02T13:00:00+00:00,28.800,17.900,Open-Meteo Historical Weather API,"Casalecchio di Reno, Bologna, Italy",44.4756,11.2759
2022-06-02T14:00:00+00:00,29.100,18.100,Open-Meteo Historical Weather API,"Casalecchio di Reno, Bologna, Italy",44.4756,11.2759
2022-06-02T15:00:00+00:00,28.600,18.300,Open-Meteo Historical Weather API,"Casalecchio di Reno, Bologna, Italy",44.4756,11.2759
2022-06-02T16:00:00+00:00,28.000,18.500,Open-Meteo Historical Weather API,"Casalecchio di Reno, Bologna, Italy",44.4756,11.2759
2022-06-02T17:00:00+00:00,26.900,18.600,Open-Meteo Historical Weather API,"Casalecchio di Reno, Bologna, Italy",44.4756,11.2759
2022-06-02T18:00:00+00:00,25.500,18.600,Open-Meteo Historical Weather API,"Casalecchio di Reno, Bologna, Italy",44.4756,11.2759
2022-06-02T19:00:00+00:00,23.600,17.900,Open-Meteo Historical Weather API,"Casalecchio di Reno, Bologna, Italy",44.4756,11.2759
2022-06-02T20:00:00+00:00,22.400,17.900,Open-Meteo Historical Weather API,"Casalecchio di Reno, Bologna, Italy",44.4756,11.2759
2022-06-02T21:00:00+00:00,20.800,17.900,Open-Meteo Historical Weather API,"Casalecchio di Reno, Bologna, Italy",44.4756,11.2759
2022-06-02T22:00:00+00:00,20.100,17.800,Open-Meteo Historical Weather API,"Casalecchio di Reno, Bologna, Italy",44.4756,11.2759
2022-06-02T23:00:00+00:00,19.900,17.500,Open-Meteo Historical Weather API,"Casalecchio di Reno, Bologna, Italy",44.4756,11.2759
2022-06-03T00:00:00+00:00,19.200,17.400,Open-Meteo Historical Weather API,"Casalecchio di Reno, Bologna, Italy",44.4756,11.2759
2022-06-03T01:00:00+00:00,18.500,16.900,Open-Meteo Historical Weather API,"Casalecchio di Reno, Bologna, Italy",44.4756,11.2759
2022-06-03T02:00:00+00:00,17.900,16.200,Open-Meteo Historical Weather API,"Casalecchio di Reno, Bologna, Italy",44.4756,11.2759
2022-06-03T03:00:00+00:00,17.400,15.900,Open-Meteo Historical Weather API,"Casalecchio di Reno, Bologna, Italy",44.4756,11.2759
2022-06-03T04:00:00+00:00,19.200,16.200,Open-Meteo Historical Weather API,"Casalecchio di Reno, Bologna, Italy",44.4756,11.2759
2022-06-03T05:00:00+00:00,20.700,16.900,Open-Meteo Historical Weather API,"Casalecchio di Reno, Bologna, Italy",44.4756,11.2759
2022-06-03T06:00:00+00:00,22.200,17.900,Open-Meteo Historical Weather API,"Casalecchio di Reno, Bologna, Italy",44.4756,11.2759
2022-06-03T07:00:00+00:00,22.600,18.800,Open-Meteo Historical Weather API,"Casalecchio di Reno, Bologna, Italy",44.4756,11.2759
2022-06-03T08:00:00+00:00,23.200,19.000,Open-Meteo Historical Weather API,"Casalecchio di Reno, Bologna, Italy",44.4756,11.2759
2022-06-03T09:00:00+00:00,24.900,19.100,Open-Meteo Historical Weather API,"Casalecchio di Reno, Bologna, Italy",44.4756,11.2759
2022-06-03T10:00:00+00:00,25.600,19.100,Open-Meteo Historical Weather API,"Casalecchio di Reno, Bologna, Italy",44.4756,11.2759
2022-06-03T11:00:00+00:00,26.900,19.400,Open-Meteo Historical Weather API,"Casalecchio di Reno, Bologna, Italy",44.4756,11.2759
2022-06-03T12:00:00+00:00,24.600,18.800,Open-Meteo Historical Weather API,"Casalecchio di Reno, Bologna, Italy",44.4756,11.2759
2022-06-03T13:00:00+00:00,23.700,17.600,Open-Meteo Historical Weather API,"Casalecchio di Reno, Bologna, Italy",44.4756,11.2759
2022-06-03T14:00:00+00:00,23.700,17.700,Open-Meteo Historical Weather API,"Casalecchio di Reno, Bologna, Italy",44.4756,11.2759
2022-06-03T15:00:00+00:00,24.100,17.900,Open-Meteo Historical Weather API,"Casalecchio di Reno, Bologna, Italy",44.4756,11.2759
2022-06-03T16:00:00+00:00,24.200,18.500,Open-Meteo Historical Weather API,"Casalecchio di Reno, Bologna, Italy",44.4756,11.2759
2022-06-03T17:00:00+00:00,23.900,19.000,Open-Meteo Historical Weather API,"Casalecchio di Reno, Bologna, Italy",44.4756,11.2759
2022-06-03T18:00:00+00:00,23.400,19.400,Open-Meteo Historical Weather API,"Casalecchio di Reno, Bologna, Italy",44.4756,11.2759
2022-06-03T19:00:00+00:00,22.200,18.800,Open-Meteo Historical Weather API,"Casalecchio di Reno, Bologna, Italy",44.4756,11.2759
2022-06-03T20:00:00+00:00,20.900,18.700,Open-Meteo Historical Weather API,"Casalecchio di Reno, Bologna, Italy",44.4756,11.2759
2022-06-03T21:00:00+00:00,19.500,18.500,Open-Meteo Historical Weather API,"Casalecchio di Reno, Bologna, Italy",44.4756,11.2759
2022-06-03T22:00:00+00:00,18.600,18.000,Open-Meteo Historical Weather API,"Casalecchio di Reno, Bologna, Italy",44.4756,11.2759
2022-06-03T23:00:00+00:00,18.500,18.000,Open-Meteo Historical Weather API,"Casalecchio di Reno, Bologna, Italy",44.4756,11.2759
2022-06-04T00:00:00+00:00,19.200,18.800,Open-Meteo Historical Weather API,"Casalecchio di Reno, Bologna, Italy",44.4756,11.2759
2022-06-04T01:00:00+00:00,19.300,18.600,Open-Meteo Historical Weather API,"Casalecchio di Reno, Bologna, Italy",44.4756,11.2759
2022-06-04T02:00:00+00:00,19.000,18.400,Open-Meteo Historical Weather API,"Casalecchio di Reno, Bologna, Italy",44.4756,11.2759
2022-06-04T03:00:00+00:00,18.700,18.000,Open-Meteo Historical Weather API,"Casalecchio di Reno, Bologna, Italy",44.4756,11.2759
2022-06-04T04:00:00+00:00,18.300,17.700,Open-Meteo Historical Weather API,"Casalecchio di Reno, Bologna, Italy",44.4756,11.2759
2022-06-04T05:00:00+00:00,19.600,18.100,Open-Meteo Historical Weather API,"Casalecchio di Reno, Bologna, Italy",44.4756,11.2759
2022-06-04T06:00:00+00:00,21.600,18.500,Open-Meteo Historical Weather API,"Casalecchio di Reno, Bologna, Italy",44.4756,11.2759
2022-06-04T07:00:00+00:00,23.000,18.500,Open-Meteo Historical Weather API,"Casalecchio di Reno, Bologna, Italy",44.4756,11.2759
2022-06-04T08:00:00+00:00,24.100,18.800,Open-Meteo Historical Weather API,"Casalecchio di Reno, Bologna, Italy",44.4756,11.2759
2022-06-04T09:00:00+00:00,25.300,18.600,Open-Meteo Historical Weather API,"Casalecchio di Reno, Bologna, Italy",44.4756,11.2759
2022-06-04T10:00:00+00:00,26.300,18.500,Open-Meteo Historical Weather API,"Casalecchio di Reno, Bologna, Italy",44.4756,11.2759
2022-06-04T11:00:00+00:00,27.200,18.900,Open-Meteo Historical Weather API,"Casalecchio di Reno, Bologna, Italy",44.4756,11.2759
2022-06-04T12:00:00+00:00,27.600,20.400,Open-Meteo Historical Weather API,"Casalecchio di Reno, Bologna, Italy",44.4756,11.2759
2022-06-04T13:00:00+00:00,28.600,20.400,Open-Meteo Historical Weather API,"Casalecchio di Reno, Bologna, Italy",44.4756,11.2759
2022-06-04T14:00:00+00:00,29.100,20.600,Open-Meteo Historical Weather API,"Casalecchio di Reno, Bologna, Italy",44.4756,11.2759
2022-06-04T15:00:00+00:00,28.800,20.600,Open-Meteo Historical Weather API,"Casalecchio di Reno, Bologna, Italy",44.4756,11.2759
2022-06-04T16:00:00+00:00,28.400,20.600,Open-Meteo Historical Weather API,"Casalecchio di Reno, Bologna, Italy",44.4756,11.2759
2022-06-04T17:00:00+00:00,28.000,20.500,Open-Meteo Historical Weather API,"Casalecchio di Reno, Bologna, Italy",44.4756,11.2759
2022-06-04T18:00:00+00:00,26.500,20.200,Open-Meteo Historical Weather API,"Casalecchio di Reno, Bologna, Italy",44.4756,11.2759
2022-06-04T19:00:00+00:00,24.500,19.400,Open-Meteo Historical Weather API,"Casalecchio di Reno, Bologna, Italy",44.4756,11.2759
2022-06-04T20:00:00+00:00,22.400,19.700,Open-Meteo Historical Weather API,"Casalecchio di Reno, Bologna, Italy",44.4756,11.2759
2022-06-04T21:00:00+00:00,22.000,19.200,Open-Meteo Historical Weather API,"Casalecchio di Reno, Bologna, Italy",44.4756,11.2759
2022-06-04T22:00:00+00:00,21.000,19.000,Open-Meteo Historical Weather API,"Casalecchio di Reno, Bologna, Italy",44.4756,11.2759
2022-06-04T23:00:00+00:00,20.400,18.400,Open-Meteo Historical Weather API,"Casalecchio di Reno, Bologna, Italy",44.4756,11.2759
2022-06-05T00:00:00+00:00,20.500,18.500,Open-Meteo Historical Weather API,"Casalecchio di Reno, Bologna, Italy",44.4756,11.2759
2022-06-05T01:00:00+00:00,21.000,17.100,Open-Meteo Historical Weather API,"Casalecchio di Reno, Bologna, Italy",44.4756,11.2759
2022-06-05T02:00:00+00:00,20.900,15.900,Open-Meteo Historical Weather API,"Casalecchio di Reno, Bologna, Italy",44.4756,11.2759
2022-06-05T03:00:00+00:00,20.200,14.800,Open-Meteo Historical Weather API,"Casalecchio di Reno, Bologna, Italy",44.4756,11.2759
2022-06-05T04:00:00+00:00,19.800,14.600,Open-Meteo Historical Weather API,"Casalecchio di Reno, Bologna, Italy",44.4756,11.2759
2022-06-05T05:00:00+00:00,21.400,14.800,Open-Meteo Historical Weather API,"Casalecchio di Reno, Bologna, Italy",44.4756,11.2759
2022-06-05T06:00:00+00:00,23.600,16.200,Open-Meteo Historical Weather API,"Casalecchio di Reno, Bologna, Italy",44.4756,11.2759
2022-06-05T07:00:00+00:00,26.000,18.200,Open-Meteo Historical Weather API,"Casalecchio di Reno, Bologna, Italy",44.4756,11.2759
2022-06-05T08:00:00+00:00,28.200,19.500,Open-Meteo Historical Weather API,"Casalecchio di Reno, Bologna, Italy",44.4756,11.2759
2022-06-05T09:00:00+00:00,31.000,15.100,Open-Meteo Historical Weather API,"Casalecchio di Reno, Bologna, Italy",44.4756,11.2759
2022-06-05T10:00:00+00:00,32.000,14.900,Open-Meteo Historical Weather API,"Casalecchio di Reno, Bologna, Italy",44.4756,11.2759
2022-06-05T11:00:00+00:00,31.500,15.600,Open-Meteo Historical Weather API,"Casalecchio di Reno, Bologna, Italy",44.4756,11.2759
2022-06-05T12:00:00+00:00,31.400,16.200,Open-Meteo Historical Weather API,"Casalecchio di Reno, Bologna, Italy",44.4756,11.2759
2022-06-05T13:00:00+00:00,31.900,16.100,Open-Meteo Historical Weather API,"Casalecchio di Reno, Bologna, Italy",44.4756,11.2759
2022-06-05T14:00:00+00:00,30.500,16.500,Open-Meteo Historical Weather API,"Casalecchio di Reno, Bologna, Italy",44.4756,11.2759
2022-06-05T15:00:00+00:00,30.900,15.200,Open-Meteo Historical Weather API,"Casalecchio di Reno, Bologna, Italy",44.4756,11.2759
2022-06-05T16:00:00+00:00,30.800,15.300,Open-Meteo Historical Weather API,"Casalecchio di Reno, Bologna, Italy",44.4756,11.2759
2022-06-05T17:00:00+00:00,29.500,15.100,Open-Meteo Historical Weather API,"Casalecchio di Reno, Bologna, Italy",44.4756,11.2759
2022-06-05T18:00:00+00:00,27.000,15.800,Open-Meteo Historical Weather API,"Casalecchio di Reno, Bologna, Italy",44.4756,11.2759
2022-06-05T19:00:00+00:00,23.900,15.100,Open-Meteo Historical Weather API,"Casalecchio di Reno, Bologna, Italy",44.4756,11.2759
2022-06-05T20:00:00+00:00,23.100,14.600,Open-Meteo Historical Weather API,"Casalecchio di Reno, Bologna, Italy",44.4756,11.2759
2022-06-05T21:00:00+00:00,22.500,14.800,Open-Meteo Historical Weather API,"Casalecchio di Reno, Bologna, Italy",44.4756,11.2759
2022-06-05T22:00:00+00:00,21.800,15.000,Open-Meteo Historical Weather API,"Casalecchio di Reno, Bologna, Italy",44.4756,11.2759
2022-06-05T23:00:00+00:00,21.200,15.200,Open-Meteo Historical Weather API,"Casalecchio di Reno, Bologna, Italy",44.4756,11.2759
2022-06-06T00:00:00+00:00,20.800,16.700,Open-Meteo Historical Weather API,"Casalecchio di Reno, Bologna, Italy",44.4756,11.2759
2022-06-06T01:00:00+00:00,20.800,16.600,Open-Meteo Historical Weather API,"Casalecchio di Reno, Bologna, Italy",44.4756,11.2759
2022-06-06T02:00:00+00:00,20.100,16.500,Open-Meteo Historical Weather API,"Casalecchio di Reno, Bologna, Italy",44.4756,11.2759
2022-06-06T03:00:00+00:00,19.700,16.100,Open-Meteo Historical Weather API,"Casalecchio di Reno, Bologna, Italy",44.4756,11.2759
2022-06-06T04:00:00+00:00,19.200,16.500,Open-Meteo Historical Weather API,"Casalecchio di Reno, Bologna, Italy",44.4756,11.2759
2022-06-06T05:00:00+00:00,20.200,17.500,Open-Meteo Historical Weather API,"Casalecchio di Reno, Bologna, Italy",44.4756,11.2759
2022-06-06T06:00:00+00:00,22.000,17.900,Open-Meteo Historical Weather API,"Casalecchio di Reno, Bologna, Italy",44.4756,11.2759
2022-06-06T07:00:00+00:00,23.400,18.000,Open-Meteo Historical Weather API,"Casalecchio di Reno, Bologna, Italy",44.4756,11.2759
2022-06-06T08:00:00+00:00,24.700,18.500,Open-Meteo Historical Weather API,"Casalecchio di Reno, Bologna, Italy",44.4756,11.2759
2022-06-06T09:00:00+00:00,26.100,19.000,Open-Meteo Historical Weather API,"Casalecchio di Reno, Bologna, Italy",44.4756,11.2759
2022-06-06T10:00:00+00:00,27.300,18.000,Open-Meteo Historical Weather API,"Casalecchio di Reno, Bologna, Italy",44.4756,11.2759
2022-06-06T11:00:00+00:00,28.000,17.200,Open-Meteo Historical Weather API,"Casalecchio di Reno, Bologna, Italy",44.4756,11.2759
2022-06-06T12:00:00+00:00,29.100,18.000,Open-Meteo Historical Weather API,"Casalecchio di Reno, Bologna, Italy",44.4756,11.2759
2022-06-06T13:00:00+00:00,29.100,16.500,Open-Meteo Historical Weather API,"Casalecchio di Reno, Bologna, Italy",44.4756,11.2759
2022-06-06T14:00:00+00:00,29.100,16.500,Open-Meteo Historical Weather API,"Casalecchio di Reno, Bologna, Italy",44.4756,11.2759
2022-06-06T15:00:00+00:00,29.200,16.600,Open-Meteo Historical Weather API,"Casalecchio di Reno, Bologna, Italy",44.4756,11.2759
2022-06-06T16:00:00+00:00,28.600,16.600,Open-Meteo Historical Weather API,"Casalecchio di Reno, Bologna, Italy",44.4756,11.2759
2022-06-06T17:00:00+00:00,27.800,17.400,Open-Meteo Historical Weather API,"Casalecchio di Reno, Bologna, Italy",44.4756,11.2759
2022-06-06T18:00:00+00:00,26.600,17.200,Open-Meteo Historical Weather API,"Casalecchio di Reno, Bologna, Italy",44.4756,11.2759
2022-06-06T19:00:00+00:00,24.900,15.600,Open-Meteo Historical Weather API,"Casalecchio di Reno, Bologna, Italy",44.4756,11.2759
2022-06-06T20:00:00+00:00,22.900,16.000,Open-Meteo Historical Weather API,"Casalecchio di Reno, Bologna, Italy",44.4756,11.2759
2022-06-06T21:00:00+00:00,22.500,16.600,Open-Meteo Historical Weather API,"Casalecchio di Reno, Bologna, Italy",44.4756,11.2759
2022-06-06T22:00:00+00:00,21.900,16.400,Open-Meteo Historical Weather API,"Casalecchio di Reno, Bologna, Italy",44.4756,11.2759
2022-06-06T23:00:00+00:00,21.500,15.800,Open-Meteo Historical Weather API,"Casalecchio di Reno, Bologna, Italy",44.4756,11.2759
2022-06-07T00:00:00+00:00,21.400,16.000,Open-Meteo Historical Weather API,"Casalecchio di Reno, Bologna, Italy",44.4756,11.2759
2022-06-07T01:00:00+00:00,20.800,14.800,Open-Meteo Historical Weather API,"Casalecchio di Reno, Bologna, Italy",44.4756,11.2759
2022-06-07T02:00:00+00:00,20.700,14.400,Open-Meteo Historical Weather API,"Casalecchio di Reno, Bologna, Italy",44.4756,11.2759
2022-06-07T03:00:00+00:00,20.100,15.100,Open-Meteo Historical Weather API,"Casalecchio di Reno, Bologna, Italy",44.4756,11.2759
2022-06-07T04:00:00+00:00,19.900,15.000,Open-Meteo Historical Weather API,"Casalecchio di Reno, Bologna, Italy",44.4756,11.2759
2022-06-07T05:00:00+00:00,20.400,15.600,Open-Meteo Historical Weather API,"Casalecchio di Reno, Bologna, Italy",44.4756,11.2759
2022-06-07T06:00:00+00:00,21.200,15.400,Open-Meteo Historical Weather API,"Casalecchio di Reno, Bologna, Italy",44.4756,11.2759
2022-06-07T07:00:00+00:00,21.700,17.000,Open-Meteo Historical Weather API,"Casalecchio di Reno, Bologna, Italy",44.4756,11.2759
2022-06-07T08:00:00+00:00,23.600,17.200,Open-Meteo Historical Weather API,"Casalecchio di Reno, Bologna, Italy",44.4756,11.2759
2022-06-07T09:00:00+00:00,25.000,16.900,Open-Meteo Historical Weather API,"Casalecchio di Reno, Bologna, Italy",44.4756,11.2759
2022-06-07T10:00:00+00:00,26.200,16.800,Open-Meteo Historical Weather API,"Casalecchio di Reno, Bologna, Italy",44.4756,11.2759
2022-06-07T11:00:00+00:00,25.000,17.200,Open-Meteo Historical Weather API,"Casalecchio di Reno, Bologna, Italy",44.4756,11.2759
2022-06-07T12:00:00+00:00,28.900,13.300,Open-Meteo Historical Weather API,"Casalecchio di Reno, Bologna, Italy",44.4756,11.2759
2022-06-07T13:00:00+00:00,26.600,13.600,Open-Meteo Historical Weather API,"Casalecchio di Reno, Bologna, Italy",44.4756,11.2759
2022-06-07T14:00:00+00:00,20.700,18.200,Open-Meteo Historical Weather API,"Casalecchio di Reno, Bologna, Italy",44.4756,11.2759
2022-06-07T15:00:00+00:00,21.100,18.500,Open-Meteo Historical Weather API,"Casalecchio di Reno, Bologna, Italy",44.4756,11.2759
2022-06-07T16:00:00+00:00,22.100,18.500,Open-Meteo Historical Weather API,"Casalecchio di Reno, Bologna, Italy",44.4756,11.2759
2022-06-07T17:00:00+00:00,20.800,18.200,Open-Meteo Historical Weather API,"Casalecchio di Reno, Bologna, Italy",44.4756,11.2759
2022-06-07T18:00:00+00:00,20.100,18.000,Open-Meteo Historical Weather API,"Casalecchio di Reno, Bologna, Italy",44.4756,11.2759
2022-06-07T19:00:00+00:00,19.000,18.000,Open-Meteo Historical Weather API,"Casalecchio di Reno, Bologna, Italy",44.4756,11.2759
2022-06-07T20:00:00+00:00,18.000,17.600,Open-Meteo Historical Weather API,"Casalecchio di Reno, Bologna, Italy",44.4756,11.2759
2022-06-07T21:00:00+00:00,18.400,17.700,Open-Meteo Historical Weather API,"Casalecchio di Reno, Bologna, Italy",44.4756,11.2759
2022-06-07T22:00:00+00:00,18.100,17.400,Open-Meteo Historical Weather API,"Casalecchio di Reno, Bologna, Italy",44.4756,11.2759
2022-06-07T23:00:00+00:00,17.800,17.000,Open-Meteo Historical Weather API,"Casalecchio di Reno, Bologna, Italy",44.4756,11.2759
2022-06-08T00:00:00+00:00,18.500,17.500,Open-Meteo Historical Weather API,"Casalecchio di Reno, Bologna, Italy",44.4756,11.2759
2022-06-08T01:00:00+00:00,17.900,16.800,Open-Meteo Historical Weather API,"Casalecchio di Reno, Bologna, Italy",44.4756,11.2759
2022-06-08T02:00:00+00:00,17.000,16.000,Open-Meteo Historical Weather API,"Casalecchio di Reno, Bologna, Italy",44.4756,11.2759
2022-06-08T03:00:00+00:00,16.300,15.400,Open-Meteo Historical Weather API,"Casalecchio di Reno, Bologna, Italy",44.4756,11.2759
2022-06-08T04:00:00+00:00,15.600,15.100,Open-Meteo Historical Weather API,"Casalecchio di Reno, Bologna, Italy",44.4756,11.2759
2022-06-08T05:00:00+00:00,17.900,16.500,Open-Meteo Historical Weather API,"Casalecchio di Reno, Bologna, Italy",44.4756,11.2759
2022-06-08T06:00:00+00:00,19.800,17.300,Open-Meteo Historical Weather API,"Casalecchio di Reno, Bologna, Italy",44.4756,11.2759
2022-06-08T07:00:00+00:00,21.800,15.600,Open-Meteo Historical Weather API,"Casalecchio di Reno, Bologna, Italy",44.4756,11.2759
2022-06-08T08:00:00+00:00,23.000,14.500,Open-Meteo Historical Weather API,"Casalecchio di Reno, Bologna, Italy",44.4756,11.2759
2022-06-08T09:00:00+00:00,24.100,13.800,Open-Meteo Historical Weather API,"Casalecchio di Reno, Bologna, Italy",44.4756,11.2759
2022-06-08T10:00:00+00:00,25.200,12.900,Open-Meteo Historical Weather API,"Casalecchio di Reno, Bologna, Italy",44.4756,11.2759
2022-06-08T11:00:00+00:00,26.100,12.900,Open-Meteo Historical Weather API,"Casalecchio di Reno, Bologna, Italy",44.4756,11.2759
2022-06-08T12:00:00+00:00,27.400,12.900,Open-Meteo Historical Weather API,"Casalecchio di Reno, Bologna, Italy",44.4756,11.2759
2022-06-08T13:00:00+00:00,27.400,12.200,Open-Meteo Historical Weather API,"Casalecchio di Reno, Bologna, Italy",44.4756,11.2759
2022-06-08T14:00:00+00:00,27.200,12.600,Open-Meteo Historical Weather API,"Casalecchio di Reno, Bologna, Italy",44.4756,11.2759
2022-06-08T15:00:00+00:00,26.900,12.700,Open-Meteo Historical Weather API,"Casalecchio di Reno, Bologna, Italy",44.4756,11.2759
2022-06-08T16:00:00+00:00,26.400,13.000,Open-Meteo Historical Weather API,"Casalecchio di Reno, Bologna, Italy",44.4756,11.2759
2022-06-08T17:00:00+00:00,25.500,13.200,Open-Meteo Historical Weather API,"Casalecchio di Reno, Bologna, Italy",44.4756,11.2759
2022-06-08T18:00:00+00:00,23.600,13.400,Open-Meteo Historical Weather API,"Casalecchio di Reno, Bologna, Italy",44.4756,11.2759
2022-06-08T19:00:00+00:00,21.900,12.900,Open-Meteo Historical Weather API,"Casalecchio di Reno, Bologna, Italy",44.4756,11.2759
2022-06-08T20:00:00+00:00,20.200,13.600,Open-Meteo Historical Weather API,"Casalecchio di Reno, Bologna, Italy",44.4756,11.2759
2022-06-08T21:00:00+00:00,19.200,14.400,Open-Meteo Historical Weather API,"Casalecchio di Reno, Bologna, Italy",44.4756,11.2759
2022-06-08T22:00:00+00:00,18.600,14.200,Open-Meteo Historical Weather API,"Casalecchio di Reno, Bologna, Italy",44.4756,11.2759
2022-06-08T23:00:00+00:00,18.000,15.100,Open-Meteo Historical Weather API,"Casalecchio di Reno, Bologna, Italy",44.4756,11.2759
2022-06-09T00:00:00+00:00,17.500,16.600,Open-Meteo Historical Weather API,"Casalecchio di Reno, Bologna, Italy",44.4756,11.2759
2022-06-09T01:00:00+00:00,17.800,16.500,Open-Meteo Historical Weather API,"Casalecchio di Reno, Bologna, Italy",44.4756,11.2759
2022-06-09T02:00:00+00:00,17.800,15.400,Open-Meteo Historical Weather API,"Casalecchio di Reno, Bologna, Italy",44.4756,11.2759
2022-06-09T03:00:00+00:00,16.900,15.400,Open-Meteo Historical Weather API,"Casalecchio di Reno, Bologna, Italy",44.4756,11.2759
2022-06-09T04:00:00+00:00,16.500,15.400,Open-Meteo Historical Weather API,"Casalecchio di Reno, Bologna, Italy",44.4756,11.2759
2022-06-09T05:00:00+00:00,17.000,15.100,Open-Meteo Historical Weather API,"Casalecchio di Reno, Bologna, Italy",44.4756,11.2759
2022-06-09T06:00:00+00:00,18.000,14.900,Open-Meteo Historical Weather API,"Casalecchio di Reno, Bologna, Italy",44.4756,11.2759
2022-06-09T07:00:00+00:00,19.000,15.100,Open-Meteo Historical Weather API,"Casalecchio di Reno, Bologna, Italy",44.4756,11.2759
2022-06-09T08:00:00+00:00,20.500,14.800,Open-Meteo Historical Weather API,"Casalecchio di Reno, Bologna, Italy",44.4756,11.2759
2022-06-09T09:00:00+00:00,22.000,14.600,Open-Meteo Historical Weather API,"Casalecchio di Reno, Bologna, Italy",44.4756,11.2759
2022-06-09T10:00:00+00:00,23.100,14.100,Open-Meteo Historical Weather API,"Casalecchio di Reno, Bologna, Italy",44.4756,11.2759
2022-06-09T11:00:00+00:00,24.000,13.200,Open-Meteo Historical Weather API,"Casalecchio di Reno, Bologna, Italy",44.4756,11.2759
2022-06-09T12:00:00+00:00,23.600,11.200,Open-Meteo Historical Weather API,"Casalecchio di Reno, Bologna, Italy",44.4756,11.2759
2022-06-09T13:00:00+00:00,23.300,9.600,Open-Meteo Historical Weather API,"Casalecchio di Reno, Bologna, Italy",44.4756,11.2759
2022-06-09T14:00:00+00:00,21.400,11.300,Open-Meteo Historical Weather API,"Casalecchio di Reno, Bologna, Italy",44.4756,11.2759
2022-06-09T15:00:00+00:00,20.300,11.900,Open-Meteo Historical Weather API,"Casalecchio di Reno, Bologna, Italy",44.4756,11.2759
2022-06-09T16:00:00+00:00,19.500,12.100,Open-Meteo Historical Weather API,"Casalecchio di Reno, Bologna, Italy",44.4756,11.2759
2022-06-09T17:00:00+00:00,18.800,11.700,Open-Meteo Historical Weather API,"Casalecchio di Reno, Bologna, Italy",44.4756,11.2759
2022-06-09T18:00:00+00:00,18.200,12.100,Open-Meteo Historical Weather API,"Casalecchio di Reno, Bologna, Italy",44.4756,11.2759
2022-06-09T19:00:00+00:00,18.000,11.800,Open-Meteo Historical Weather API,"Casalecchio di Reno, Bologna, Italy",44.4756,11.2759
2022-06-09T20:00:00+00:00,18.500,11.300,Open-Meteo Historical Weather API,"Casalecchio di Reno, Bologna, Italy",44.4756,11.2759
2022-06-09T21:00:00+00:00,16.800,11.600,Open-Meteo Historical Weather API,"Casalecchio di Reno, Bologna, Italy",44.4756,11.2759
2022-06-09T22:00:00+00:00,17.900,10.200,Open-Meteo Historical Weather API,"Casalecchio di Reno, Bologna, Italy",44.4756,11.2759
2022-06-09T23:00:00+00:00,18.100,9.900,Open-Meteo Historical Weather API,"Casalecchio di Reno, Bologna, Italy",44.4756,11.2759
2022-06-10T00:00:00+00:00,18.900,9.800,Open-Meteo Historical Weather API,"Casalecchio di Reno, Bologna, Italy",44.4756,11.2759
2022-06-10T01:00:00+00:00,18.900,10.100,Open-Meteo Historical Weather API,"Casalecchio di Reno, Bologna, Italy",44.4756,11.2759
2022-06-10T02:00:00+00:00,18.900,10.100,Open-Meteo Historical Weather API,"Casalecchio di Reno, Bologna, Italy",44.4756,11.2759
2022-06-10T03:00:00+00:00,18.800,10.100,Open-Meteo Historical Weather API,"Casalecchio di Reno, Bologna, Italy",44.4756,11.2759
2022-06-10T04:00:00+00:00,18.500,10.900,Open-Meteo Historical Weather API,"Casalecchio di Reno, Bologna, Italy",44.4756,11.2759
2022-06-10T05:00:00+00:00,18.500,12.000,Open-Meteo Historical Weather API,"Casalecchio di Reno, Bologna, Italy",44.4756,11.2759
2022-06-10T06:00:00+00:00,19.600,12.400,Open-Meteo Historical Weather API,"Casalecchio di Reno, Bologna, Italy",44.4756,11.2759
2022-06-10T07:00:00+00:00,21.100,11.600,Open-Meteo Historical Weather API,"Casalecchio di Reno, Bologna, Italy",44.4756,11.2759
2022-06-10T08:00:00+00:00,22.500,10.800,Open-Meteo Historical Weather API,"Casalecchio di Reno, Bologna, Italy",44.4756,11.2759
2022-06-10T09:00:00+00:00,23.600,10.700,Open-Meteo Historical Weather API,"Casalecchio di Reno, Bologna, Italy",44.4756,11.2759
2022-06-10T10:00:00+00:00,24.800,11.600,Open-Meteo Historical Weather API,"Casalecchio di Reno, Bologna, Italy",44.4756,11.2759
2022-06-10T11:00:00+00:00,25.600,11.200,Open-Meteo Historical Weather API,"Casalecchio di Reno, Bologna, Italy",44.4756,11.2759
2022-06-10T12:00:00+00:00,23.100,10.200,Open-Meteo Historical Weather API,"Casalecchio di Reno, Bologna, Italy",44.4756,11.2759
2022-06-10T13:00:00+00:00,25.800,9.200,Open-Meteo Historical Weather API,"Casalecchio di Reno, Bologna, Italy",44.4756,11.2759
2022-06-10T14:00:00+00:00,25.900,11.200,Open-Meteo Historical Weather API,"Casalecchio di Reno, Bologna, Italy",44.4756,11.2759
2022-06-10T15:00:00+00:00,25.500,10.900,Open-Meteo Historical Weather API,"Casalecchio di Reno, Bologna, Italy",44.4756,11.2759
2022-06-10T16:00:00+00:00,24.600,11.700,Open-Meteo Historical Weather API,"Casalecchio di Reno, Bologna, Italy",44.4756,11.2759
2022-06-10T17:00:00+00:00,24.500,13.300,Open-Meteo Historical Weather API,"Casalecchio di Reno, Bologna, Italy",44.4756,11.2759
2022-06-10T18:00:00+00:00,24.400,11.100,Open-Meteo Historical Weather API,"Casalecchio di Reno, Bologna, Italy",44.4756,11.2759
2022-06-10T19:00:00+00:00,22.100,11.600,Open-Meteo Historical Weather API,"Casalecchio di Reno, Bologna, Italy",44.4756,11.2759
2022-06-10T20:00:00+00:00,19.900,12.000,Open-Meteo Historical Weather API,"Casalecchio di Reno, Bologna, Italy",44.4756,11.2759
2022-06-10T21:00:00+00:00,18.300,12.100,Open-Meteo Historical Weather API,"Casalecchio di Reno, Bologna, Italy",44.4756,11.2759
2022-06-10T22:00:00+00:00,18.800,11.600,Open-Meteo Historical Weather API,"Casalecchio di Reno, Bologna, Italy",44.4756,11.2759
2022-06-10T23:00:00+00:00,22.500,9.900,Open-Meteo Historical Weather API,"Casalecchio di Reno, Bologna, Italy",44.4756,11.2759
2022-06-11T00:00:00+00:00,22.200,9.200,Open-Meteo Historical Weather API,"Casalecchio di Reno, Bologna, Italy",44.4756,11.2759
2022-06-11T01:00:00+00:00,20.200,9.400,Open-Meteo Historical Weather API,"Casalecchio di Reno, Bologna, Italy",44.4756,11.2759
2022-06-11T02:00:00+00:00,17.800,10.100,Open-Meteo Historical Weather API,"Casalecchio di Reno, Bologna, Italy",44.4756,11.2759
2022-06-11T03:00:00+00:00,16.200,10.800,Open-Meteo Historical Weather API,"Casalecchio di Reno, Bologna, Italy",44.4756,11.2759
2022-06-11T04:00:00+00:00,15.900,11.900,Open-Meteo Historical Weather API,"Casalecchio di Reno, Bologna, Italy",44.4756,11.2759
2022-06-11T05:00:00+00:00,18.900,13.600,Open-Meteo Historical Weather API,"Casalecchio di Reno, Bologna, Italy",44.4756,11.2759
2022-06-11T06:00:00+00:00,21.100,14.400,Open-Meteo Historical Weather API,"Casalecchio di Reno, Bologna, Italy",44.4756,11.2759
2022-06-11T07:00:00+00:00,22.700,14.400,Open-Meteo Historical Weather API,"Casalecchio di Reno, Bologna, Italy",44.4756,11.2759
2022-06-11T08:00:00+00:00,24.000,14.100,Open-Meteo Historical Weather API,"Casalecchio di Reno, Bologna, Italy",44.4756,11.2759
2022-06-11T09:00:00+00:00,25.100,14.100,Open-Meteo Historical Weather API,"Casalecchio di Reno, Bologna, Italy",44.4756,11.2759
2022-06-11T10:00:00+00:00,26.000,14.000,Open-Meteo Historical Weather API,"Casalecchio di Reno, Bologna, Italy",44.4756,11.2759
2022-06-11T11:00:00+00:00,26.500,13.400,Open-Meteo Historical Weather API,"Casalecchio di Reno, Bologna, Italy",44.4756,11.2759
2022-06-11T12:00:00+00:00,27.200,12.200,Open-Meteo Historical Weather API,"Casalecchio di Reno, Bologna, Italy",44.4756,11.2759
2022-06-11T13:00:00+00:00,27.100,11.900,Open-Meteo Historical Weather API,"Casalecchio di Reno, Bologna, Italy",44.4756,11.2759
2022-06-11T14:00:00+00:00,27.200,12.100,Open-Meteo Historical Weather API,"Casalecchio di Reno, Bologna, Italy",44.4756,11.2759
2022-06-11T15:00:00+00:00,27.300,12.400,Open-Meteo Historical Weather API,"Casalecchio di Reno, Bologna, Italy",44.4756,11.2759
2022-06-11T16:00:00+00:00,26.800,12.800,Open-Meteo Historical Weather API,"Casalecchio di Reno, Bologna, Italy",44.4756,11.2759
2022-06-11T17:00:00+00:00,26.100,14.400,Open-Meteo Historical Weather API,"Casalecchio di Reno, Bologna, Italy",44.4756,11.2759
2022-06-11T18:00:00+00:00,25.500,15.300,Open-Meteo Historical Weather API,"Casalecchio di Reno, Bologna, Italy",44.4756,11.2759
2022-06-11T19:00:00+00:00,23.400,13.900,Open-Meteo Historical Weather API,"Casalecchio di Reno, Bologna, Italy",44.4756,11.2759
2022-06-11T20:00:00+00:00,20.900,13.200,Open-Meteo Historical Weather API,"Casalecchio di Reno, Bologna, Italy",44.4756,11.2759
2022-06-11T21:00:00+00:00,19.400,12.900,Open-Meteo Historical Weather API,"Casalecchio di Reno, Bologna, Italy",44.4756,11.2759
2022-06-11T22:00:00+00:00,18.200,12.600,Open-Meteo Historical Weather API,"Casalecchio di Reno, Bologna, Italy",44.4756,11.2759
2022-06-11T23:00:00+00:00,18.100,11.900,Open-Meteo Historical Weather API,"Casalecchio di Reno, Bologna, Italy",44.4756,11.2759
2022-06-12T00:00:00+00:00,17.900,12.600,Open-Meteo Historical Weather API,"Casalecchio di Reno, Bologna, Italy",44.4756,11.2759
2022-06-12T01:00:00+00:00,18.000,12.400,Open-Meteo Historical Weather API,"Casalecchio di Reno, Bologna, Italy",44.4756,11.2759
2022-06-12T02:00:00+00:00,17.100,12.200,Open-Meteo Historical Weather API,"Casalecchio di Reno, Bologna, Italy",44.4756,11.2759
2022-06-12T03:00:00+00:00,16.200,11.900,Open-Meteo Historical Weather API,"Casalecchio di Reno, Bologna, Italy",44.4756,11.2759
2022-06-12T04:00:00+00:00,16.200,11.600,Open-Meteo Historical Weather API,"Casalecchio di Reno, Bologna, Italy",44.4756,11.2759
2022-06-12T05:00:00+00:00,18.900,12.900,Open-Meteo Historical Weather API,"Casalecchio di Reno, Bologna, Italy",44.4756,11.2759
2022-06-12T06:00:00+00:00,22.400,14.700,Open-Meteo Historical Weather API,"Casalecchio di Reno, Bologna, Italy",44.4756,11.2759
2022-06-12T07:00:00+00:00,24.500,14.800,Open-Meteo Historical Weather API,"Casalecchio di Reno, Bologna, Italy",44.4756,11.2759
2022-06-12T08:00:00+00:00,26.000,13.700,Open-Meteo Historical Weather API,"Casalecchio di Reno, Bologna, Italy",44.4756,11.2759
2022-06-12T09:00:00+00:00,27.400,13.100,Open-Meteo Historical Weather API,"Casalecchio di Reno, Bologna, Italy",44.4756,11.2759
2022-06-12T10:00:00+00:00,28.400,13.100,Open-Meteo Historical Weather API,"Casalecchio di Reno, Bologna, Italy",44.4756,11.2759
2022-06-12T11:00:00+00:00,29.000,13.200,Open-Meteo Historical Weather API,"Casalecchio di Reno, Bologna, Italy",44.4756,11.2759
2022-06-12T12:00:00+00:00,29.500,13.200,Open-Meteo Historical Weather API,"Casalecchio di Reno, Bologna, Italy",44.4756,11.2759
2022-06-12T13:00:00+00:00,29.600,13.400,Open-Meteo Historical Weather API,"Casalecchio di Reno, Bologna, Italy",44.4756,11.2759
2022-06-12T14:00:00+00:00,29.600,13.200,Open-Meteo Historical Weather API,"Casalecchio di Reno, Bologna, Italy",44.4756,11.2759
2022-06-12T15:00:00+00:00,29.200,13.400,Open-Meteo Historical Weather API,"Casalecchio di Reno, Bologna, Italy",44.4756,11.2759
2022-06-12T16:00:00+00:00,28.600,13.900,Open-Meteo Historical Weather API,"Casalecchio di Reno, Bologna, Italy",44.4756,11.2759
2022-06-12T17:00:00+00:00,27.600,15.000,Open-Meteo Historical Weather API,"Casalecchio di Reno, Bologna, Italy",44.4756,11.2759
2022-06-12T18:00:00+00:00,25.600,14.800,Open-Meteo Historical Weather API,"Casalecchio di Reno, Bologna, Italy",44.4756,11.2759
2022-06-12T19:00:00+00:00,23.800,12.800,Open-Meteo Historical Weather API,"Casalecchio di Reno, Bologna, Italy",44.4756,11.2759
2022-06-12T20:00:00+00:00,22.800,12.500,Open-Meteo Historical Weather API,"Casalecchio di Reno, Bologna, Italy",44.4756,11.2759
2022-06-12T21:00:00+00:00,22.000,12.000,Open-Meteo Historical Weather API,"Casalecchio di Reno, Bologna, Italy",44.4756,11.2759
2022-06-12T22:00:00+00:00,20.400,12.300,Open-Meteo Historical Weather API,"Casalecchio di Reno, Bologna, Italy",44.4756,11.2759
2022-06-12T23:00:00+00:00,19.400,12.400,Open-Meteo Historical Weather API,"Casalecchio di Reno, Bologna, Italy",44.4756,11.2759
2022-06-13T00:00:00+00:00,19.200,10.800,Open-Meteo Historical Weather API,"Casalecchio di Reno, Bologna, Italy",44.4756,11.2759
2022-06-13T01:00:00+00:00,19.400,9.800,Open-Meteo Historical Weather API,"Casalecchio di Reno, Bologna, Italy",44.4756,11.2759
2022-06-13T02:00:00+00:00,20.900,10.100,Open-Meteo Historical Weather API,"Casalecchio di Reno, Bologna, Italy",44.4756,11.2759
2022-06-13T03:00:00+00:00,21.300,10.900,Open-Meteo Historical Weather API,"Casalecchio di Reno, Bologna, Italy",44.4756,11.2759
2022-06-13T04:00:00+00:00,21.000,10.800,Open-Meteo Historical Weather API,"Casalecchio di Reno, Bologna, Italy",44.4756,11.2759
2022-06-13T05:00:00+00:00,21.900,11.600,Open-Meteo Historical Weather API,"Casalecchio di Reno, Bologna, Italy",44.4756,11.2759
2022-06-13T06:00:00+00:00,24.200,14.200,Open-Meteo Historical Weather API,"Casalecchio di Reno, Bologna, Italy",44.4756,11.2759
2022-06-13T07:00:00+00:00,26.700,15.900,Open-Meteo Historical Weather API,"Casalecchio di Reno, Bologna, Italy",44.4756,11.2759
2022-06-13T08:00:00+00:00,27.200,15.400,Open-Meteo Historical Weather API,"Casalecchio di Reno, Bologna, Italy",44.4756,11.2759
2022-06-13T09:00:00+00:00,27.500,14.900,Open-Meteo Historical Weather API,"Casalecchio di Reno, Bologna, Italy",44.4756,11.2759
2022-06-13T10:00:00+00:00,29.400,13.700,Open-Meteo Historical Weather API,"Casalecchio di Reno, Bologna, Italy",44.4756,11.2759
2022-06-13T11:00:00+00:00,30.200,13.400,Open-Meteo Historical Weather API,"Casalecchio di Reno, Bologna, Italy",44.4756,11.2759
2022-06-13T12:00:00+00:00,30.000,17.500,Open-Meteo Historical Weather API,"Casalecchio di Reno, Bologna, Italy",44.4756,11.2759
2022-06-13T13:00:00+00:00,30.500,17.900,Open-Meteo Historical Weather API,"Casalecchio di Reno, Bologna, Italy",44.4756,11.2759
2022-06-13T14:00:00+00:00,30.200,17.800,Open-Meteo Historical Weather API,"Casalecchio di Reno, Bologna, Italy",44.4756,11.2759
2022-06-13T15:00:00+00:00,28.800,16.500,Open-Meteo Historical Weather API,"Casalecchio di Reno, Bologna, Italy",44.4756,11.2759
2022-06-13T16:00:00+00:00,29.400,16.200,Open-Meteo Historical Weather API,"Casalecchio di Reno, Bologna, Italy",44.4756,11.2759
2022-06-13T17:00:00+00:00,29.100,16.500,Open-Meteo Historical Weather API,"Casalecchio di Reno, Bologna, Italy",44.4756,11.2759
2022-06-13T18:00:00+00:00,27.000,17.800,Open-Meteo Historical Weather API,"Casalecchio di Reno, Bologna, Italy",44.4756,11.2759
2022-06-13T19:00:00+00:00,24.700,16.300,Open-Meteo Historical Weather API,"Casalecchio di Reno, Bologna, Italy",44.4756,11.2759
2022-06-13T20:00:00+00:00,23.500,15.600,Open-Meteo Historical Weather API,"Casalecchio di Reno, Bologna, Italy",44.4756,11.2759
2022-06-13T21:00:00+00:00,22.500,15.400,Open-Meteo Historical Weather API,"Casalecchio di Reno, Bologna, Italy",44.4756,11.2759
2022-06-13T22:00:00+00:00,21.500,15.400,Open-Meteo Historical Weather API,"Casalecchio di Reno, Bologna, Italy",44.4756,11.2759
2022-06-13T23:00:00+00:00,20.500,15.200,Open-Meteo Historical Weather API,"Casalecchio di Reno, Bologna, Italy",44.4756,11.2759
2022-06-14T00:00:00+00:00,20.000,16.600,Open-Meteo Historical Weather API,"Casalecchio di Reno, Bologna, Italy",44.4756,11.2759
2022-06-14T01:00:00+00:00,18.900,15.700,Open-Meteo Historical Weather API,"Casalecchio di Reno, Bologna, Italy",44.4756,11.2759
2022-06-14T02:00:00+00:00,18.400,15.300,Open-Meteo Historical Weather API,"Casalecchio di Reno, Bologna, Italy",44.4756,11.2759
2022-06-14T03:00:00+00:00,18.100,15.900,Open-Meteo Historical Weather API,"Casalecchio di Reno, Bologna, Italy",44.4756,11.2759
2022-06-14T04:00:00+00:00,20.000,16.100,Open-Meteo Historical Weather API,"Casalecchio di Reno, Bologna, Italy",44.4756,11.2759
2022-06-14T05:00:00+00:00,19.800,16.900,Open-Meteo Historical Weather API,"Casalecchio di Reno, Bologna, Italy",44.4756,11.2759
2022-06-14T06:00:00+00:00,21.500,17.500,Open-Meteo Historical Weather API,"Casalecchio di Reno, Bologna, Italy",44.4756,11.2759
2022-06-14T07:00:00+00:00,23.800,18.000,Open-Meteo Historical Weather API,"Casalecchio di Reno, Bologna, Italy",44.4756,11.2759
2022-06-14T08:00:00+00:00,24.900,17.700,Open-Meteo Historical Weather API,"Casalecchio di Reno, Bologna, Italy",44.4756,11.2759
2022-06-14T09:00:00+00:00,25.800,17.500,Open-Meteo Historical Weather API,"Casalecchio di Reno, Bologna, Italy",44.4756,11.2759
2022-06-14T10:00:00+00:00,27.000,17.600,Open-Meteo Historical Weather API,"Casalecchio di Reno, Bologna, Italy",44.4756,11.2759
2022-06-14T11:00:00+00:00,27.900,17.800,Open-Meteo Historical Weather API,"Casalecchio di Reno, Bologna, Italy",44.4756,11.2759
2022-06-14T12:00:00+00:00,28.000,17.400,Open-Meteo Historical Weather API,"Casalecchio di Reno, Bologna, Italy",44.4756,11.2759
2022-06-14T13:00:00+00:00,28.200,16.700,Open-Meteo Historical Weather API,"Casalecchio di Reno, Bologna, Italy",44.4756,11.2759
2022-06-14T14:00:00+00:00,28.300,15.600,Open-Meteo Historical Weather API,"Casalecchio di Reno, Bologna, Italy",44.4756,11.2759
2022-06-14T15:00:00+00:00,28.100,15.100,Open-Meteo Historical Weather API,"Casalecchio di Reno, Bologna, Italy",44.4756,11.2759
2022-06-14T16:00:00+00:00,27.400,14.400,Open-Meteo Historical Weather API,"Casalecchio di Reno, Bologna, Italy",44.4756,11.2759
2022-06-14T17:00:00+00:00,26.500,14.200,Open-Meteo Historical Weather API,"Casalecchio di Reno, Bologna, Italy",44.4756,11.2759
2022-06-14T18:00:00+00:00,25.100,14.700,Open-Meteo Historical Weather API,"Casalecchio di Reno, Bologna, Italy",44.4756,11.2759
2022-06-14T19:00:00+00:00,23.500,14.400,Open-Meteo Historical Weather API,"Casalecchio di Reno, Bologna, Italy",44.4756,11.2759
2022-06-14T20:00:00+00:00,22.000,14.800,Open-Meteo Historical Weather API,"Casalecchio di Reno, Bologna, Italy",44.4756,11.2759
2022-06-14T21:00:00+00:00,21.000,15.300,Open-Meteo Historical Weather API,"Casalecchio di Reno, Bologna, Italy",44.4756,11.2759
2022-06-14T22:00:00+00:00,20.100,15.700,Open-Meteo Historical Weather API,"Casalecchio di Reno, Bologna, Italy",44.4756,11.2759
2022-06-14T23:00:00+00:00,19.300,15.900,Open-Meteo Historical Weather API,"Casalecchio di Reno, Bologna, Italy",44.4756,11.2759
2022-06-15T00:00:00+00:00,19.400,16.000,Open-Meteo Historical Weather API,"Casalecchio di Reno, Bologna, Italy",44.4756,11.2759
2022-06-15T01:00:00+00:00,18.500,15.700,Open-Meteo Historical Weather API,"Casalecchio di Reno, Bologna, Italy",44.4756,11.2759
2022-06-15T02:00:00+00:00,18.600,15.800,Open-Meteo Historical Weather API,"Casalecchio di Reno, Bologna, Italy",44.4756,11.2759
2022-06-15T03:00:00+00:00,17.900,15.600,Open-Meteo Historical Weather API,"Casalecchio di Reno, Bologna, Italy",44.4756,11.2759
2022-06-15T04:00:00+00:00,18.000,15.900,Open-Meteo Historical Weather API,"Casalecchio di Reno, Bologna, Italy",44.4756,11.2759
2022-06-15T05:00:00+00:00,19.900,16.900,Open-Meteo Historical Weather API,"Casalecchio di Reno, Bologna, Italy",44.4756,11.2759
2022-06-15T06:00:00+00:00,21.800,18.200,Open-Meteo Historical Weather API,"Casalecchio di Reno, Bologna, Italy",44.4756,11.2759
2022-06-15T07:00:00+00:00,23.400,19.000,Open-Meteo Historical Weather API,"Casalecchio di Reno, Bologna, Italy",44.4756,11.2759
2022-06-15T08:00:00+00:00,25.100,19.000,Open-Meteo Historical Weather API,"Casalecchio di Reno, Bologna, Italy",44.4756,11.2759
2022-06-15T09:00:00+00:00,26.700,18.800,Open-Meteo Historical Weather API,"Casalecchio di Reno, Bologna, Italy",44.4756,11.2759
2022-06-15T10:00:00+00:00,28.400,18.700,Open-Meteo Historical Weather API,"Casalecchio di Reno, Bologna, Italy",44.4756,11.2759
2022-06-15T11:00:00+00:00,29.000,18.900,Open-Meteo Historical Weather API,"Casalecchio di Reno, Bologna, Italy",44.4756,11.2759
2022-06-15T12:00:00+00:00,30.500,18.100,Open-Meteo Historical Weather API,"Casalecchio di Reno, Bologna, Italy",44.4756,11.2759
2022-06-15T13:00:00+00:00,30.400,17.100,Open-Meteo Historical Weather API,"Casalecchio di Reno, Bologna, Italy",44.4756,11.2759
2022-06-15T14:00:00+00:00,29.900,17.100,Open-Meteo Historical Weather API,"Casalecchio di Reno, Bologna, Italy",44.4756,11.2759
2022-06-15T15:00:00+00:00,30.000,16.000,Open-Meteo Historical Weather API,"Casalecchio di Reno, Bologna, Italy",44.4756,11.2759
2022-06-15T16:00:00+00:00,28.100,16.500,Open-Meteo Historical Weather API,"Casalecchio di Reno, Bologna, Italy",44.4756,11.2759
2022-06-15T17:00:00+00:00,28.200,17.000,Open-Meteo Historical Weather API,"Casalecchio di Reno, Bologna, Italy",44.4756,11.2759
2022-06-15T18:00:00+00:00,26.700,19.600,Open-Meteo Historical Weather API,"Casalecchio di Reno, Bologna, Italy",44.4756,11.2759
2022-06-15T19:00:00+00:00,24.600,17.800,Open-Meteo Historical Weather API,"Casalecchio di Reno, Bologna, Italy",44.4756,11.2759
2022-06-15T20:00:00+00:00,23.400,17.400,Open-Meteo Historical Weather API,"Casalecchio di Reno, Bologna, Italy",44.4756,11.2759
2022-06-15T21:00:00+00:00,22.600,17.000,Open-Meteo Historical Weather API,"Casalecchio di Reno, Bologna, Italy",44.4756,11.2759
2022-06-15T22:00:00+00:00,21.600,17.100,Open-Meteo Historical Weather API,"Casalecchio di Reno, Bologna, Italy",44.4756,11.2759
2022-06-15T23:00:00+00:00,20.900,17.300,Open-Meteo Historical Weather API,"Casalecchio di Reno, Bologna, Italy",44.4756,11.2759
2022-06-16T00:00:00+00:00,20.200,18.100,Open-Meteo Historical Weather API,"Casalecchio di Reno, Bologna, Italy",44.4756,11.2759
2022-06-16T01:00:00+00:00,20.700,17.500,Open-Meteo Historical Weather API,"Casalecchio di Reno, Bologna, Italy",44.4756,11.2759
2022-06-16T02:00:00+00:00,20.300,16.800,Open-Meteo Historical Weather API,"Casalecchio di Reno, Bologna, Italy",44.4756,11.2759
2022-06-16T03:00:00+00:00,18.400,17.900,Open-Meteo Historical Weather API,"Casalecchio di Reno, Bologna, Italy",44.4756,11.2759
2022-06-16T04:00:00+00:00,18.000,17.600,Open-Meteo Historical Weather API,"Casalecchio di Reno, Bologna, Italy",44.4756,11.2759
2022-06-16T05:00:00+00:00,19.200,17.500,Open-Meteo Historical Weather API,"Casalecchio di Reno, Bologna, Italy",44.4756,11.2759
2022-06-16T06:00:00+00:00,21.900,18.500,Open-Meteo Historical Weather API,"Casalecchio di Reno, Bologna, Italy",44.4756,11.2759
2022-06-16T07:00:00+00:00,24.200,18.000,Open-Meteo Historical Weather API,"Casalecchio di Reno, Bologna, Italy",44.4756,11.2759
2022-06-16T08:00:00+00:00,25.500,17.500,Open-Meteo Historical Weather API,"Casalecchio di Reno, Bologna, Italy",44.4756,11.2759
2022-06-16T09:00:00+00:00,27.300,17.300,Open-Meteo Historical Weather API,"Casalecchio di Reno, Bologna, Italy",44.4756,11.2759
2022-06-16T10:00:00+00:00,29.100,17.500,Open-Meteo Historical Weather API,"Casalecchio di Reno, Bologna, Italy",44.4756,11.2759
2022-06-16T11:00:00+00:00,30.500,17.900,Open-Meteo Historical Weather API,"Casalecchio di Reno, Bologna, Italy",44.4756,11.2759
2022-06-16T12:00:00+00:00,30.600,16.800,Open-Meteo Historical Weather API,"Casalecchio di Reno, Bologna, Italy",44.4756,11.2759
2022-06-16T13:00:00+00:00,31.200,17.500,Open-Meteo Historical Weather API,"Casalecchio di Reno, Bologna, Italy",44.4756,11.2759
2022-06-16T14:00:00+00:00,32.100,17.000,Open-Meteo Historical Weather API,"Casalecchio di Reno, Bologna, Italy",44.4756,11.2759
2022-06-16T15:00:00+00:00,31.600,16.200,Open-Meteo Historical Weather API,"Casalecchio di Reno, Bologna, Italy",44.4756,11.2759
2022-06-16T16:00:00+00:00,31.800,15.500,Open-Meteo Historical Weather API,"Casalecchio di Reno, Bologna, Italy",44.4756,11.2759
2022-06-16T17:00:00+00:00,30.400,16.600,Open-Meteo Historical Weather API,"Casalecchio di Reno, Bologna, Italy",44.4756,11.2759
2022-06-16T18:00:00+00:00,28.500,18.600,Open-Meteo Historical Weather API,"Casalecchio di Reno, Bologna, Italy",44.4756,11.2759
2022-06-16T19:00:00+00:00,26.800,18.200,Open-Meteo Historical Weather API,"Casalecchio di Reno, Bologna, Italy",44.4756,11.2759
2022-06-16T20:00:00+00:00,26.000,17.500,Open-Meteo Historical Weather API,"Casalecchio di Reno, Bologna, Italy",44.4756,11.2759
2022-06-16T21:00:00+00:00,24.500,17.100,Open-Meteo Historical Weather API,"Casalecchio di Reno, Bologna, Italy",44.4756,11.2759
2022-06-16T22:00:00+00:00,22.400,17.600,Open-Meteo Historical Weather API,"Casalecchio di Reno, Bologna, Italy",44.4756,11.2759
2022-06-16T23:00:00+00:00,22.500,16.400,Open-Meteo Historical Weather API,"Casalecchio di Reno, Bologna, Italy",44.4756,11.2759
2022-06-17T00:00:00+00:00,20.900,17.800,Open-Meteo Historical Weather API,"Casalecchio di Reno, Bologna, Italy",44.4756,11.2759
2022-06-17T01:00:00+00:00,22.100,18.400,Open-Meteo Historical Weather API,"Casalecchio di Reno, Bologna, Italy",44.4756,11.2759
2022-06-17T02:00:00+00:00,21.700,18.200,Open-Meteo Historical Weather API,"Casalecchio di Reno, Bologna, Italy",44.4756,11.2759
2022-06-17T03:00:00+00:00,20.000,17.900,Open-Meteo Historical Weather API,"Casalecchio di Reno, Bologna, Italy",44.4756,11.2759
2022-06-17T04:00:00+00:00,18.900,18.200,Open-Meteo Historical Weather API,"Casalecchio di Reno, Bologna, Italy",44.4756,11.2759
2022-06-17T05:00:00+00:00,20.600,18.800,Open-Meteo Historical Weather API,"Casalecchio di Reno, Bologna, Italy",44.4756,11.2759
2022-06-17T06:00:00+00:00,23.500,19.500,Open-Meteo Historical Weather API,"Casalecchio di Reno, Bologna, Italy",44.4756,11.2759
2022-06-17T07:00:00+00:00,24.900,18.900,Open-Meteo Historical Weather API,"Casalecchio di Reno, Bologna, Italy",44.4756,11.2759
2022-06-17T08:00:00+00:00,26.100,19.000,Open-Meteo Historical Weather API,"Casalecchio di Reno, Bologna, Italy",44.4756,11.2759
2022-06-17T09:00:00+00:00,27.900,19.100,Open-Meteo Historical Weather API,"Casalecchio di Reno, Bologna, Italy",44.4756,11.2759
2022-06-17T10:00:00+00:00,29.400,19.400,Open-Meteo Historical Weather API,"Casalecchio di Reno, Bologna, Italy",44.4756,11.2759
2022-06-17T11:00:00+00:00,29.400,19.400,Open-Meteo Historical Weather API,"Casalecchio di Reno, Bologna, Italy",44.4756,11.2759
2022-06-17T12:00:00+00:00,30.400,17.900,Open-Meteo Historical Weather API,"Casalecchio di Reno, Bologna, Italy",44.4756,11.2759
2022-06-17T13:00:00+00:00,31.100,18.000,Open-Meteo Historical Weather API,"Casalecchio di Reno, Bologna, Italy",44.4756,11.2759
2022-06-17T14:00:00+00:00,31.500,17.700,Open-Meteo Historical Weather API,"Casalecchio di Reno, Bologna, Italy",44.4756,11.2759
2022-06-17T15:00:00+00:00,30.900,17.000,Open-Meteo Historical Weather API,"Casalecchio di Reno, Bologna, Italy",44.4756,11.2759
2022-06-17T16:00:00+00:00,30.700,16.100,Open-Meteo Historical Weather API,"Casalecchio di Reno, Bologna, Italy",44.4756,11.2759
2022-06-17T17:00:00+00:00,30.000,15.300,Open-Meteo Historical Weather API,"Casalecchio di Reno, Bologna, Italy",44.4756,11.2759
2022-06-17T18:00:00+00:00,28.500,14.500,Open-Meteo Historical Weather API,"Casalecchio di Reno, Bologna, Italy",44.4756,11.2759
2022-06-17T19:00:00+00:00,26.300,13.400,Open-Meteo Historical Weather API,"Casalecchio di Reno, Bologna, Italy",44.4756,11.2759
2022-06-17T20:00:00+00:00,24.800,13.800,Open-Meteo Historical Weather API,"Casalecchio di Reno, Bologna, Italy",44.4756,11.2759
2022-06-17T21:00:00+00:00,23.500,14.400,Open-Meteo Historical Weather API,"Casalecchio di Reno, Bologna, Italy",44.4756,11.2759
2022-06-17T22:00:00+00:00,22.600,14.900,Open-Meteo Historical Weather API,"Casalecchio di Reno, Bologna, Italy",44.4756,11.2759
2022-06-17T23:00:00+00:00,22.400,15.300,Open-Meteo Historical Weather API,"Casalecchio di Reno, Bologna, Italy",44.4756,11.2759
2022-06-18T00:00:00+00:00,23.300,14.900,Open-Meteo Historical Weather API,"Casalecchio di Reno, Bologna, Italy",44.4756,11.2759
2022-06-18T01:00:00+00:00,21.100,15.100,Open-Meteo Historical Weather API,"Casalecchio di Reno, Bologna, Italy",44.4756,11.2759
2022-06-18T02:00:00+00:00,21.200,15.600,Open-Meteo Historical Weather API,"Casalecchio di Reno, Bologna, Italy",44.4756,11.2759
2022-06-18T03:00:00+00:00,20.400,16.500,Open-Meteo Historical Weather API,"Casalecchio di Reno, Bologna, Italy",44.4756,11.2759
2022-06-18T04:00:00+00:00,19.400,16.900,Open-Meteo Historical Weather API,"Casalecchio di Reno, Bologna, Italy",44.4756,11.2759
2022-06-18T05:00:00+00:00,21.200,17.000,Open-Meteo Historical Weather API,"Casalecchio di Reno, Bologna, Italy",44.4756,11.2759
2022-06-18T06:00:00+00:00,22.900,18.000,Open-Meteo Historical Weather API,"Casalecchio di Reno, Bologna, Italy",44.4756,11.2759
2022-06-18T07:00:00+00:00,24.900,17.500,Open-Meteo Historical Weather API,"Casalecchio di Reno, Bologna, Italy",44.4756,11.2759
2022-06-18T08:00:00+00:00,26.700,16.000,Open-Meteo Historical Weather API,"Casalecchio di Reno, Bologna, Italy",44.4756,11.2759
2022-06-18T09:00:00+00:00,28.300,14.300,Open-Meteo Historical Weather API,"Casalecchio di Reno, Bologna, Italy",44.4756,11.2759
2022-06-18T10:00:00+00:00,29.500,13.200,Open-Meteo Historical Weather API,"Casalecchio di Reno, Bologna, Italy",44.4756,11.2759
2022-06-18T11:00:00+00:00,30.400,13.200,Open-Meteo Historical Weather API,"Casalecchio di Reno, Bologna, Italy",44.4756,11.2759
2022-06-18T12:00:00+00:00,30.500,14.200,Open-Meteo Historical Weather API,"Casalecchio di Reno, Bologna, Italy",44.4756,11.2759
2022-06-18T13:00:00+00:00,30.600,14.100,Open-Meteo Historical Weather API,"Casalecchio di Reno, Bologna, Italy",44.4756,11.2759
2022-06-18T14:00:00+00:00,30.500,13.900,Open-Meteo Historical Weather API,"Casalecchio di Reno, Bologna, Italy",44.4756,11.2759
2022-06-18T15:00:00+00:00,30.100,13.300,Open-Meteo Historical Weather API,"Casalecchio di Reno, Bologna, Italy",44.4756,11.2759
2022-06-18T16:00:00+00:00,29.400,12.900,Open-Meteo Historical Weather API,"Casalecchio di Reno, Bologna, Italy",44.4756,11.2759
2022-06-18T17:00:00+00:00,28.500,12.400,Open-Meteo Historical Weather API,"Casalecchio di Reno, Bologna, Italy",44.4756,11.2759
2022-06-18T18:00:00+00:00,27.000,12.900,Open-Meteo Historical Weather API,"Casalecchio di Reno, Bologna, Italy",44.4756,11.2759
2022-06-18T19:00:00+00:00,24.700,12.300,Open-Meteo Historical Weather API,"Casalecchio di Reno, Bologna, Italy",44.4756,11.2759
2022-06-18T20:00:00+00:00,23.500,11.500,Open-Meteo Historical Weather API,"Casalecchio di Reno, Bologna, Italy",44.4756,11.2759
2022-06-18T21:00:00+00:00,22.800,10.800,Open-Meteo Historical Weather API,"Casalecchio di Reno, Bologna, Italy",44.4756,11.2759
2022-06-18T22:00:00+00:00,22.000,9.400,Open-Meteo Historical Weather API,"Casalecchio di Reno, Bologna, Italy",44.4756,11.2759
2022-06-18T23:00:00+00:00,22.000,7.300,Open-Meteo Historical Weather API,"Casalecchio di Reno, Bologna, Italy",44.4756,11.2759
2022-06-19T00:00:00+00:00,20.800,8.100,Open-Meteo Historical Weather API,"Casalecchio di Reno, Bologna, Italy",44.4756,11.2759
2022-06-19T01:00:00+00:00,19.900,7.800,Open-Meteo Historical Weather API,"Casalecchio di Reno, Bologna, Italy",44.4756,11.2759
2022-06-19T02:00:00+00:00,19.700,7.700,Open-Meteo Historical Weather API,"Casalecchio di Reno, Bologna, Italy",44.4756,11.2759
2022-06-19T03:00:00+00:00,19.400,7.800,Open-Meteo Historical Weather API,"Casalecchio di Reno, Bologna, Italy",44.4756,11.2759
2022-06-19T04:00:00+00:00,19.200,8.600,Open-Meteo Historical Weather API,"Casalecchio di Reno, Bologna, Italy",44.4756,11.2759
2022-06-19T05:00:00+00:00,21.400,10.400,Open-Meteo Historical Weather API,"Casalecchio di Reno, Bologna, Italy",44.4756,11.2759
2022-06-19T06:00:00+00:00,24.900,12.000,Open-Meteo Historical Weather API,"Casalecchio di Reno, Bologna, Italy",44.4756,11.2759
2022-06-19T07:00:00+00:00,27.200,11.400,Open-Meteo Historical Weather API,"Casalecchio di Reno, Bologna, Italy",44.4756,11.2759
2022-06-19T08:00:00+00:00,28.500,12.000,Open-Meteo Historical Weather API,"Casalecchio di Reno, Bologna, Italy",44.4756,11.2759
2022-06-19T09:00:00+00:00,29.500,12.900,Open-Meteo Historical Weather API,"Casalecchio di Reno, Bologna, Italy",44.4756,11.2759
2022-06-19T10:00:00+00:00,30.500,13.500,Open-Meteo Historical Weather API,"Casalecchio di Reno, Bologna, Italy",44.4756,11.2759
2022-06-19T11:00:00+00:00,31.500,13.600,Open-Meteo Historical Weather API,"Casalecchio di Reno, Bologna, Italy",44.4756,11.2759
2022-06-19T12:00:00+00:00,31.200,14.200,Open-Meteo Historical Weather API,"Casalecchio di Reno, Bologna, Italy",44.4756,11.2759
2022-06-19T13:00:00+00:00,31.400,14.300,Open-Meteo Historical Weather API,"Casalecchio di Reno, Bologna, Italy",44.4756,11.2759
2022-06-19T14:00:00+00:00,31.300,14.200,Open-Meteo Historical Weather API,"Casalecchio di Reno, Bologna, Italy",44.4756,11.2759
2022-06-19T15:00:00+00:00,30.800,14.100,Open-Meteo Historical Weather API,"Casalecchio di Reno, Bologna, Italy",44.4756,11.2759
2022-06-19T16:00:00+00:00,29.800,13.900,Open-Meteo Historical Weather API,"Casalecchio di Reno, Bologna, Italy",44.4756,11.2759
2022-06-19T17:00:00+00:00,28.200,14.100,Open-Meteo Historical Weather API,"Casalecchio di Reno, Bologna, Italy",44.4756,11.2759
2022-06-19T18:00:00+00:00,26.600,14.500,Open-Meteo Historical Weather API,"Casalecchio di Reno, Bologna, Italy",44.4756,11.2759
2022-06-19T19:00:00+00:00,24.700,14.400,Open-Meteo Historical Weather API,"Casalecchio di Reno, Bologna, Italy",44.4756,11.2759
2022-06-19T20:00:00+00:00,23.400,14.700,Open-Meteo Historical Weather API,"Casalecchio di Reno, Bologna, Italy",44.4756,11.2759
2022-06-19T21:00:00+00:00,22.000,15.600,Open-Meteo Historical Weather API,"Casalecchio di Reno, Bologna, Italy",44.4756,11.2759
2022-06-19T22:00:00+00:00,21.000,16.100,Open-Meteo Historical Weather API,"Casalecchio di Reno, Bologna, Italy",44.4756,11.2759
2022-06-19T23:00:00+00:00,21.700,14.600,Open-Meteo Historical Weather API,"Casalecchio di Reno, Bologna, Italy",44.4756,11.2759
2022-06-20T00:00:00+00:00,22.500,13.800,Open-Meteo Historical Weather API,"Casalecchio di Reno, Bologna, Italy",44.4756,11.2759
2022-06-20T01:00:00+00:00,22.600,12.400,Open-Meteo Historical Weather API,"Casalecchio di Reno, Bologna, Italy",44.4756,11.2759
2022-06-20T02:00:00+00:00,21.500,12.400,Open-Meteo Historical Weather API,"Casalecchio di Reno, Bologna, Italy",44.4756,11.2759
2022-06-20T03:00:00+00:00,20.400,12.600,Open-Meteo Historical Weather API,"Casalecchio di Reno, Bologna, Italy",44.4756,11.2759
2022-06-20T04:00:00+00:00,20.200,13.100,Open-Meteo Historical Weather API,"Casalecchio di Reno, Bologna, Italy",44.4756,11.2759
2022-06-20T05:00:00+00:00,21.900,14.100,Open-Meteo Historical Weather API,"Casalecchio di Reno, Bologna, Italy",44.4756,11.2759
2022-06-20T06:00:00+00:00,24.600,14.900,Open-Meteo Historical Weather API,"Casalecchio di Reno, Bologna, Italy",44.4756,11.2759
2022-06-20T07:00:00+00:00,27.500,15.400,Open-Meteo Historical Weather API,"Casalecchio di Reno, Bologna, Italy",44.4756,11.2759
2022-06-20T08:00:00+00:00,29.500,14.300,Open-Meteo Historical Weather API,"Casalecchio di Reno, Bologna, Italy",44.4756,11.2759
2022-06-20T09:00:00+00:00,31.000,14.100,Open-Meteo Historical Weather API,"Casalecchio di Reno, Bologna, Italy",44.4756,11.2759
2022-06-20T10:00:00+00:00,32.200,14.200,Open-Meteo Historical Weather API,"Casalecchio di Reno, Bologna, Italy",44.4756,11.2759
2022-06-20T11:00:00+00:00,33.300,13.900,Open-Meteo Historical Weather API,"Casalecchio di Reno, Bologna, Italy",44.4756,11.2759
2022-06-20T12:00:00+00:00,33.800,13.600,Open-Meteo Historical Weather API,"Casalecchio di Reno, Bologna, Italy",44.4756,11.2759
2022-06-20T13:00:00+00:00,34.800,13.400,Open-Meteo Historical Weather API,"Casalecchio di Reno, Bologna, Italy",44.4756,11.2759
2022-06-20T14:00:00+00:00,34.900,13.600,Open-Meteo Historical Weather API,"Casalecchio di Reno, Bologna, Italy",44.4756,11.2759
2022-06-20T15:00:00+00:00,34.800,12.800,Open-Meteo Historical Weather API,"Casalecchio di Reno, Bologna, Italy",44.4756,11.2759
2022-06-20T16:00:00+00:00,33.800,11.400,Open-Meteo Historical Weather API,"Casalecchio di Reno, Bologna, Italy",44.4756,11.2759
2022-06-20T17:00:00+00:00,31.700,10.900,Open-Meteo Historical Weather API,"Casalecchio di Reno, Bologna, Italy",44.4756,11.2759
2022-06-20T18:00:00+00:00,29.500,11.200,Open-Meteo Historical Weather API,"Casalecchio di Reno, Bologna, Italy",44.4756,11.2759
2022-06-20T19:00:00+00:00,27.100,11.200,Open-Meteo Historical Weather API,"Casalecchio di Reno, Bologna, Italy",44.4756,11.2759
2022-06-20T20:00:00+00:00,25.900,11.600,Open-Meteo Historical Weather API,"Casalecchio di Reno, Bologna, Italy",44.4756,11.2759
2022-06-20T21:00:00+00:00,25.000,12.100,Open-Meteo Historical Weather API,"Casalecchio di Reno, Bologna, Italy",44.4756,11.2759
2022-06-20T22:00:00+00:00,24.300,13.100,Open-Meteo Historical Weather API,"Casalecchio di Reno, Bologna, Italy",44.4756,11.2759
2022-06-20T23:00:00+00:00,23.800,14.500,Open-Meteo Historical Weather API,"Casalecchio di Reno, Bologna, Italy",44.4756,11.2759
2022-06-21T00:00:00+00:00,23.400,15.900,Open-Meteo Historical Weather API,"Casalecchio di Reno, Bologna, Italy",44.4756,11.2759
2022-06-21T01:00:00+00:00,23.500,15.900,Open-Meteo Historical Weather API,"Casalecchio di Reno, Bologna, Italy",44.4756,11.2759
2022-06-21T02:00:00+00:00,23.100,16.200,Open-Meteo Historical Weather API,"Casalecchio di Reno, Bologna, Italy",44.4756,11.2759
2022-06-21T03:00:00+00:00,22.800,16.600,Open-Meteo Historical Weather API,"Casalecchio di Reno, Bologna, Italy",44.4756,11.2759
2022-06-21T04:00:00+00:00,22.400,16.800,Open-Meteo Historical Weather API,"Casalecchio di Reno, Bologna, Italy",44.4756,11.2759
2022-06-21T05:00:00+00:00,23.300,17.000,Open-Meteo Historical Weather API,"Casalecchio di Reno, Bologna, Italy",44.4756,11.2759
2022-06-21T06:00:00+00:00,25.200,17.600,Open-Meteo Historical Weather API,"Casalecchio di Reno, Bologna, Italy",44.4756,11.2759
2022-06-21T07:00:00+00:00,27.400,16.900,Open-Meteo Historical Weather API,"Casalecchio di Reno, Bologna, Italy",44.4756,11.2759
2022-06-21T08:00:00+00:00,28.800,15.600,Open-Meteo Historical Weather API,"Casalecchio di Reno, Bologna, Italy",44.4756,11.2759
2022-06-21T09:00:00+00:00,30.200,16.200,Open-Meteo Historical Weather API,"Casalecchio di Reno, Bologna, Italy",44.4756,11.2759
2022-06-21T10:00:00+00:00,31.900,16.600,Open-Meteo Historical Weather API,"Casalecchio di Reno, Bologna, Italy",44.4756,11.2759
2022-06-21T11:00:00+00:00,33.300,16.800,Open-Meteo Historical Weather API,"Casalecchio di Reno, Bologna, Italy",44.4756,11.2759
2022-06-21T12:00:00+00:00,33.300,17.700,Open-Meteo Historical Weather API,"Casalecchio di Reno, Bologna, Italy",44.4756,11.2759
2022-06-21T13:00:00+00:00,34.500,17.800,Open-Meteo Historical Weather API,"Casalecchio di Reno, Bologna, Italy",44.4756,11.2759
2022-06-21T14:00:00+00:00,35.200,16.900,Open-Meteo Historical Weather API,"Casalecchio di Reno, Bologna, Italy",44.4756,11.2759
2022-06-21T15:00:00+00:00,33.800,18.000,Open-Meteo Historical Weather API,"Casalecchio di Reno, Bologna, Italy",44.4756,11.2759
2022-06-21T16:00:00+00:00,34.100,17.800,Open-Meteo Historical Weather API,"Casalecchio di Reno, Bologna, Italy",44.4756,11.2759
2022-06-21T17:00:00+00:00,33.200,14.100,Open-Meteo Historical Weather API,"Casalecchio di Reno, Bologna, Italy",44.4756,11.2759
2022-06-21T18:00:00+00:00,30.400,12.200,Open-Meteo Historical Weather API,"Casalecchio di Reno, Bologna, Italy",44.4756,11.2759
2022-06-21T19:00:00+00:00,28.500,12.100,Open-Meteo Historical Weather API,"Casalecchio di Reno, Bologna, Italy",44.4756,11.2759
2022-06-21T20:00:00+00:00,27.900,12.300,Open-Meteo Historical Weather API,"Casalecchio di Reno, Bologna, Italy",44.4756,11.2759
2022-06-21T21:00:00+00:00,27.000,13.500,Open-Meteo Historical Weather API,"Casalecchio di Reno, Bologna, Italy",44.4756,11.2759
2022-06-21T22:00:00+00:00,26.500,14.700,Open-Meteo Historical Weather API,"Casalecchio di Reno, Bologna, Italy",44.4756,11.2759
2022-06-21T23:00:00+00:00,25.900,15.100,Open-Meteo Historical Weather API,"Casalecchio di Reno, Bologna, Italy",44.4756,11.2759
2022-06-22T00:00:00+00:00,25.900,12.900,Open-Meteo Historical Weather API,"Casalecchio di Reno, Bologna, Italy",44.4756,11.2759
2022-06-22T01:00:00+00:00,24.200,12.900,Open-Meteo Historical Weather API,"Casalecchio di Reno, Bologna, Italy",44.4756,11.2759
2022-06-22T02:00:00+00:00,22.200,13.200,Open-Meteo Historical Weather API,"Casalecchio di Reno, Bologna, Italy",44.4756,11.2759
2022-06-22T03:00:00+00:00,21.800,13.700,Open-Meteo Historical Weather API,"Casalecchio di Reno, Bologna, Italy",44.4756,11.2759
2022-06-22T04:00:00+00:00,21.500,14.200,Open-Meteo Historical Weather API,"Casalecchio di Reno, Bologna, Italy",44.4756,11.2759
2022-06-22T05:00:00+00:00,22.800,14.800,Open-Meteo Historical Weather API,"Casalecchio di Reno, Bologna, Italy",44.4756,11.2759
2022-06-22T06:00:00+00:00,24.400,15.900,Open-Meteo Historical Weather API,"Casalecchio di Reno, Bologna, Italy",44.4756,11.2759
2022-06-22T07:00:00+00:00,26.100,16.800,Open-Meteo Historical Weather API,"Casalecchio di Reno, Bologna, Italy",44.4756,11.2759
2022-06-22T08:00:00+00:00,26.900,17.200,Open-Meteo Historical Weather API,"Casalecchio di Reno, Bologna, Italy",44.4756,11.2759
2022-06-22T09:00:00+00:00,28.700,17.400,Open-Meteo Historical Weather API,"Casalecchio di Reno, Bologna, Italy",44.4756,11.2759
2022-06-22T10:00:00+00:00,29.600,16.500,Open-Meteo Historical Weather API,"Casalecchio di Reno, Bologna, Italy",44.4756,11.2759
2022-06-22T11:00:00+00:00,31.300,16.200,Open-Meteo Historical Weather API,"Casalecchio di Reno, Bologna, Italy",44.4756,11.2759
2022-06-22T12:00:00+00:00,29.400,15.100,Open-Meteo Historical Weather API,"Casalecchio di Reno, Bologna, Italy",44.4756,11.2759
2022-06-22T13:00:00+00:00,31.100,15.400,Open-Meteo Historical Weather API,"Casalecchio di Reno, Bologna, Italy",44.4756,11.2759
2022-06-22T14:00:00+00:00,33.000,15.500,Open-Meteo Historical Weather API,"Casalecchio di Reno, Bologna, Italy",44.4756,11.2759
2022-06-22T15:00:00+00:00,34.000,12.400,Open-Meteo Historical Weather API,"Casalecchio di Reno, Bologna, Italy",44.4756,11.2759
2022-06-22T16:00:00+00:00,31.000,15.800,Open-Meteo Historical Weather API,"Casalecchio di Reno, Bologna, Italy",44.4756,11.2759
2022-06-22T17:00:00+00:00,30.600,17.300,Open-Meteo Historical Weather API,"Casalecchio di Reno, Bologna, Italy",44.4756,11.2759
2022-06-22T18:00:00+00:00,29.400,18.200,Open-Meteo Historical Weather API,"Casalecchio di Reno, Bologna, Italy",44.4756,11.2759
2022-06-22T19:00:00+00:00,27.000,18.000,Open-Meteo Historical Weather API,"Casalecchio di Reno, Bologna, Italy",44.4756,11.2759
2022-06-22T20:00:00+00:00,26.000,16.600,Open-Meteo Historical Weather API,"Casalecchio di Reno, Bologna, Italy",44.4756,11.2759
2022-06-22T21:00:00+00:00,23.500,17.700,Open-Meteo Historical Weather API,"Casalecchio di Reno, Bologna, Italy",44.4756,11.2759
2022-06-22T22:00:00+00:00,22.200,17.800,Open-Meteo Historical Weather API,"Casalecchio di Reno, Bologna, Italy",44.4756,11.2759
2022-06-22T23:00:00+00:00,21.600,18.000,Open-Meteo Historical Weather API,"Casalecchio di Reno, Bologna, Italy",44.4756,11.2759
2022-06-23T00:00:00+00:00,22.500,18.100,Open-Meteo Historical Weather API,"Casalecchio di Reno, Bologna, Italy",44.4756,11.2759
2022-06-23T01:00:00+00:00,22.100,17.800,Open-Meteo Historical Weather API,"Casalecchio di Reno, Bologna, Italy",44.4756,11.2759
2022-06-23T02:00:00+00:00,22.000,17.500,Open-Meteo Historical Weather API,"Casalecchio di Reno, Bologna, Italy",44.4756,11.2759
2022-06-23T03:00:00+00:00,21.000,17.600,Open-Meteo Historical Weather API,"Casalecchio di Reno, Bologna, Italy",44.4756,11.2759
2022-06-23T04:00:00+00:00,21.300,17.600,Open-Meteo Historical Weather API,"Casalecchio di Reno, Bologna, Italy",44.4756,11.2759
2022-06-23T05:00:00+00:00,23.100,17.500,Open-Meteo Historical Weather API,"Casalecchio di Reno, Bologna, Italy",44.4756,11.2759
2022-06-23T06:00:00+00:00,25.600,17.700,Open-Meteo Historical Weather API,"Casalecchio di Reno, Bologna, Italy",44.4756,11.2759
2022-06-23T07:00:00+00:00,27.500,16.900,Open-Meteo Historical Weather API,"Casalecchio di Reno, Bologna, Italy",44.4756,11.2759
2022-06-23T08:00:00+00:00,28.500,17.300,Open-Meteo Historical Weather API,"Casalecchio di Reno, Bologna, Italy",44.4756,11.2759
2022-06-23T09:00:00+00:00,29.200,17.500,Open-Meteo Historical Weather API,"Casalecchio di Reno, Bologna, Italy",44.4756,11.2759
2022-06-23T10:00:00+00:00,30.500,17.500,Open-Meteo Historical Weather API,"Casalecchio di Reno, Bologna, Italy",44.4756,11.2759
2022-06-23T11:00:00+00:00,31.700,17.500,Open-Meteo Historical Weather API,"Casalecchio di Reno, Bologna, Italy",44.4756,11.2759
2022-06-23T12:00:00+00:00,29.000,17.500,Open-Meteo Historical Weather API,"Casalecchio di Reno, Bologna, Italy",44.4756,11.2759
2022-06-23T13:00:00+00:00,30.100,18.400,Open-Meteo Historical Weather API,"Casalecchio di Reno, Bologna, Italy",44.4756,11.2759
2022-06-23T14:00:00+00:00,30.300,18.000,Open-Meteo Historical Weather API,"Casalecchio di Reno, Bologna, Italy",44.4756,11.2759
2022-06-23T15:00:00+00:00,30.900,18.100,Open-Meteo Historical Weather API,"Casalecchio di Reno, Bologna, Italy",44.4756,11.2759
2022-06-23T16:00:00+00:00,31.600,17.000,Open-Meteo Historical Weather API,"Casalecchio di Reno, Bologna, Italy",44.4756,11.2759
2022-06-23T17:00:00+00:00,30.700,15.600,Open-Meteo Historical Weather API,"Casalecchio di Reno, Bologna, Italy",44.4756,11.2759
2022-06-23T18:00:00+00:00,25.000,19.400,Open-Meteo Historical Weather API,"Casalecchio di Reno, Bologna, Italy",44.4756,11.2759
2022-06-23T19:00:00+00:00,24.300,20.300,Open-Meteo Historical Weather API,"Casalecchio di Reno, Bologna, Italy",44.4756,11.2759
2022-06-23T20:00:00+00:00,24.000,18.700,Open-Meteo Historical Weather API,"Casalecchio di Reno, Bologna, Italy",44.4756,11.2759
2022-06-23T21:00:00+00:00,23.500,16.900,Open-Meteo Historical Weather API,"Casalecchio di Reno, Bologna, Italy",44.4756,11.2759
2022-06-23T22:00:00+00:00,23.900,15.400,Open-Meteo Historical Weather API,"Casalecchio di Reno, Bologna, Italy",44.4756,11.2759
2022-06-23T23:00:00+00:00,23.900,15.400,Open-Meteo Historical Weather API,"Casalecchio di Reno, Bologna, Italy",44.4756,11.2759
2022-06-24T00:00:00+00:00,24.100,16.700,Open-Meteo Historical Weather API,"Casalecchio di Reno, Bologna, Italy",44.4756,11.2759
2022-06-24T01:00:00+00:00,21.900,17.500,Open-Meteo Historical Weather API,"Casalecchio di Reno, Bologna, Italy",44.4756,11.2759
2022-06-24T02:00:00+00:00,21.500,17.100,Open-Meteo Historical Weather API,"Casalecchio di Reno, Bologna, Italy",44.4756,11.2759
2022-06-24T03:00:00+00:00,21.100,17.100,Open-Meteo Historical Weather API,"Casalecchio di Reno, Bologna, Italy",44.4756,11.2759
2022-06-24T04:00:00+00:00,21.500,17.100,Open-Meteo Historical Weather API,"Casalecchio di Reno, Bologna, Italy",44.4756,11.2759
2022-06-24T05:00:00+00:00,23.400,17.500,Open-Meteo Historical Weather API,"Casalecchio di Reno, Bologna, Italy",44.4756,11.2759
2022-06-24T06:00:00+00:00,25.200,17.000,Open-Meteo Historical Weather API,"Casalecchio di Reno, Bologna, Italy",44.4756,11.2759
2022-06-24T07:00:00+00:00,27.100,14.900,Open-Meteo Historical Weather API,"Casalecchio di Reno, Bologna, Italy",44.4756,11.2759
2022-06-24T08:00:00+00:00,28.300,13.900,Open-Meteo Historical Weather API,"Casalecchio di Reno, Bologna, Italy",44.4756,11.2759
2022-06-24T09:00:00+00:00,29.400,14.300,Open-Meteo Historical Weather API,"Casalecchio di Reno, Bologna, Italy",44.4756,11.2759
2022-06-24T10:00:00+00:00,31.200,11.400,Open-Meteo Historical Weather API,"Casalecchio di Reno, Bologna, Italy",44.4756,11.2759
2022-06-24T11:00:00+00:00,31.300,12.100,Open-Meteo Historical Weather API,"Casalecchio di Reno, Bologna, Italy",44.4756,11.2759
2022-06-24T12:00:00+00:00,32.400,11.600,Open-Meteo Historical Weather API,"Casalecchio di Reno, Bologna, Italy",44.4756,11.2759
2022-06-24T13:00:00+00:00,32.500,10.700,Open-Meteo Historical Weather API,"Casalecchio di Reno, Bologna, Italy",44.4756,11.2759
2022-06-24T14:00:00+00:00,32.700,11.200,Open-Meteo Historical Weather API,"Casalecchio di Reno, Bologna, Italy",44.4756,11.2759
2022-06-24T15:00:00+00:00,32.800,8.800,Open-Meteo Historical Weather API,"Casalecchio di Reno, Bologna, Italy",44.4756,11.2759
2022-06-24T16:00:00+00:00,31.600,6.200,Open-Meteo Historical Weather API,"Casalecchio di Reno, Bologna, Italy",44.4756,11.2759
2022-06-24T17:00:00+00:00,30.100,7.200,Open-Meteo Historical Weather API,"Casalecchio di Reno, Bologna, Italy",44.4756,11.2759
2022-06-24T18:00:00+00:00,28.400,11.900,Open-Meteo Historical Weather API,"Casalecchio di Reno, Bologna, Italy",44.4756,11.2759
2022-06-24T19:00:00+00:00,26.500,13.800,Open-Meteo Historical Weather API,"Casalecchio di Reno, Bologna, Italy",44.4756,11.2759
2022-06-24T20:00:00+00:00,25.300,10.100,Open-Meteo Historical Weather API,"Casalecchio di Reno, Bologna, Italy",44.4756,11.2759
2022-06-24T21:00:00+00:00,24.200,9.800,Open-Meteo Historical Weather API,"Casalecchio di Reno, Bologna, Italy",44.4756,11.2759
2022-06-24T22:00:00+00:00,23.300,13.900,Open-Meteo Historical Weather API,"Casalecchio di Reno, Bologna, Italy",44.4756,11.2759
2022-06-24T23:00:00+00:00,21.800,14.900,Open-Meteo Historical Weather API,"Casalecchio di Reno, Bologna, Italy",44.4756,11.2759
2022-06-25T00:00:00+00:00,22.000,16.200,Open-Meteo Historical Weather API,"Casalecchio di Reno, Bologna, Italy",44.4756,11.2759
2022-06-25T01:00:00+00:00,21.500,16.500,Open-Meteo Historical Weather API,"Casalecchio di Reno, Bologna, Italy",44.4756,11.2759
2022-06-25T02:00:00+00:00,21.100,16.500,Open-Meteo Historical Weather API,"Casalecchio di Reno, Bologna, Italy",44.4756,11.2759
2022-06-25T03:00:00+00:00,21.100,16.200,Open-Meteo Historical Weather API,"Casalecchio di Reno, Bologna, Italy",44.4756,11.2759
2022-06-25T04:00:00+00:00,21.500,15.900,Open-Meteo Historical Weather API,"Casalecchio di Reno, Bologna, Italy",44.4756,11.2759
2022-06-25T05:00:00+00:00,22.000,16.100,Open-Meteo Historical Weather API,"Casalecchio di Reno, Bologna, Italy",44.4756,11.2759
2022-06-25T06:00:00+00:00,23.900,15.800,Open-Meteo Historical Weather API,"Casalecchio di Reno, Bologna, Italy",44.4756,11.2759
2022-06-25T07:00:00+00:00,26.000,15.900,Open-Meteo Historical Weather API,"Casalecchio di Reno, Bologna, Italy",44.4756,11.2759
2022-06-25T08:00:00+00:00,27.700,15.200,Open-Meteo Historical Weather API,"Casalecchio di Reno, Bologna, Italy",44.4756,11.2759
2022-06-25T09:00:00+00:00,28.600,14.200,Open-Meteo Historical Weather API,"Casalecchio di Reno, Bologna, Italy",44.4756,11.2759
2022-06-25T10:00:00+00:00,29.900,13.000,Open-Meteo Historical Weather API,"Casalecchio di Reno, Bologna, Italy",44.4756,11.2759
2022-06-25T11:00:00+00:00,31.200,12.300,Open-Meteo Historical Weather API,"Casalecchio di Reno, Bologna, Italy",44.4756,11.2759
2022-06-25T12:00:00+00:00,31.000,12.200,Open-Meteo Historical Weather API,"Casalecchio di Reno, Bologna, Italy",44.4756,11.2759
2022-06-25T13:00:00+00:00,31.600,11.900,Open-Meteo Historical Weather API,"Casalecchio di Reno, Bologna, Italy",44.4756,11.2759
2022-06-25T14:00:00+00:00,32.100,11.400,Open-Meteo Historical Weather API,"Casalecchio di Reno, Bologna, Italy",44.4756,11.2759
2022-06-25T15:00:00+00:00,31.900,12.200,Open-Meteo Historical Weather API,"Casalecchio di Reno, Bologna, Italy",44.4756,11.2759
2022-06-25T16:00:00+00:00,31.200,13.100,Open-Meteo Historical Weather API,"Casalecchio di Reno, Bologna, Italy",44.4756,11.2759
2022-06-25T17:00:00+00:00,30.900,13.000,Open-Meteo Historical Weather API,"Casalecchio di Reno, Bologna, Italy",44.4756,11.2759
2022-06-25T18:00:00+00:00,29.200,21.500,Open-Meteo Historical Weather API,"Casalecchio di Reno, Bologna, Italy",44.4756,11.2759
2022-06-25T19:00:00+00:00,25.500,14.400,Open-Meteo Historical Weather API,"Casalecchio di Reno, Bologna, Italy",44.4756,11.2759
2022-06-25T20:00:00+00:00,24.000,13.800,Open-Meteo Historical Weather API,"Casalecchio di Reno, Bologna, Italy",44.4756,11.2759
2022-06-25T21:00:00+00:00,22.600,11.100,Open-Meteo Historical Weather API,"Casalecchio di Reno, Bologna, Italy",44.4756,11.2759
2022-06-25T22:00:00+00:00,22.600,11.300,Open-Meteo Historical Weather API,"Casalecchio di Reno, Bologna, Italy",44.4756,11.2759
2022-06-25T23:00:00+00:00,22.400,14.000,Open-Meteo Historical Weather API,"Casalecchio di Reno, Bologna, Italy",44.4756,11.2759
2022-06-26T00:00:00+00:00,22.600,15.400,Open-Meteo Historical Weather API,"Casalecchio di Reno, Bologna, Italy",44.4756,11.2759
2022-06-26T01:00:00+00:00,22.100,15.800,Open-Meteo Historical Weather API,"Casalecchio di Reno, Bologna, Italy",44.4756,11.2759
2022-06-26T02:00:00+00:00,21.900,15.900,Open-Meteo Historical Weather API,"Casalecchio di Reno, Bologna, Italy",44.4756,11.2759
2022-06-26T03:00:00+00:00,21.200,16.000,Open-Meteo Historical Weather API,"Casalecchio di Reno, Bologna, Italy",44.4756,11.2759
2022-06-26T04:00:00+00:00,20.600,16.100,Open-Meteo Historical Weather API,"Casalecchio di Reno, Bologna, Italy",44.4756,11.2759
2022-06-26T05:00:00+00:00,22.000,16.500,Open-Meteo Historical Weather API,"Casalecchio di Reno, Bologna, Italy",44.4756,11.2759
2022-06-26T06:00:00+00:00,24.600,16.600,Open-Meteo Historical Weather API,"Casalecchio di Reno, Bologna, Italy",44.4756,11.2759
2022-06-26T07:00:00+00:00,26.200,14.900,Open-Meteo Historical Weather API,"Casalecchio di Reno, Bologna, Italy",44.4756,11.2759
2022-06-26T08:00:00+00:00,27.600,14.100,Open-Meteo Historical Weather API,"Casalecchio di Reno, Bologna, Italy",44.4756,11.2759
2022-06-26T09:00:00+00:00,29.000,14.200,Open-Meteo Historical Weather API,"Casalecchio di Reno, Bologna, Italy",44.4756,11.2759
2022-06-26T10:00:00+00:00,30.200,14.800,Open-Meteo Historical Weather API,"Casalecchio di Reno, Bologna, Italy",44.4756,11.2759
2022-06-26T11:00:00+00:00,31.600,15.300,Open-Meteo Historical Weather API,"Casalecchio di Reno, Bologna, Italy",44.4756,11.2759
2022-06-26T12:00:00+00:00,32.800,14.400,Open-Meteo Historical Weather API,"Casalecchio di Reno, Bologna, Italy",44.4756,11.2759
2022-06-26T13:00:00+00:00,33.500,14.500,Open-Meteo Historical Weather API,"Casalecchio di Reno, Bologna, Italy",44.4756,11.2759
2022-06-26T14:00:00+00:00,34.000,14.800,Open-Meteo Historical Weather API,"Casalecchio di Reno, Bologna, Italy",44.4756,11.2759
2022-06-26T15:00:00+00:00,34.300,13.900,Open-Meteo Historical Weather API,"Casalecchio di Reno, Bologna, Italy",44.4756,11.2759
2022-06-26T16:00:00+00:00,32.500,14.900,Open-Meteo Historical Weather API,"Casalecchio di Reno, Bologna, Italy",44.4756,11.2759
2022-06-26T17:00:00+00:00,30.900,14.500,Open-Meteo Historical Weather API,"Casalecchio di Reno, Bologna, Italy",44.4756,11.2759
2022-06-26T18:00:00+00:00,28.900,14.000,Open-Meteo Historical Weather API,"Casalecchio di Reno, Bologna, Italy",44.4756,11.2759
2022-06-26T19:00:00+00:00,27.300,13.900,Open-Meteo Historical Weather API,"Casalecchio di Reno, Bologna, Italy",44.4756,11.2759
2022-06-26T20:00:00+00:00,26.400,14.100,Open-Meteo Historical Weather API,"Casalecchio di Reno, Bologna, Italy",44.4756,11.2759
2022-06-26T21:00:00+00:00,24.800,14.800,Open-Meteo Historical Weather API,"Casalecchio di Reno, Bologna, Italy",44.4756,11.2759
2022-06-26T22:00:00+00:00,24.600,14.900,Open-Meteo Historical Weather API,"Casalecchio di Reno, Bologna, Italy",44.4756,11.2759
2022-06-26T23:00:00+00:00,23.800,14.600,Open-Meteo Historical Weather API,"Casalecchio di Reno, Bologna, Italy",44.4756,11.2759
2022-06-27T00:00:00+00:00,22.200,15.100,Open-Meteo Historical Weather API,"Casalecchio di Reno, Bologna, Italy",44.4756,11.2759
2022-06-27T01:00:00+00:00,20.600,14.900,Open-Meteo Historical Weather API,"Casalecchio di Reno, Bologna, Italy",44.4756,11.2759
2022-06-27T02:00:00+00:00,20.700,14.000,Open-Meteo Historical Weather API,"Casalecchio di Reno, Bologna, Italy",44.4756,11.2759
2022-06-27T03:00:00+00:00,20.800,12.300,Open-Meteo Historical Weather API,"Casalecchio di Reno, Bologna, Italy",44.4756,11.2759
2022-06-27T04:00:00+00:00,19.900,12.400,Open-Meteo Historical Weather API,"Casalecchio di Reno, Bologna, Italy",44.4756,11.2759
2022-06-27T05:00:00+00:00,21.900,12.300,Open-Meteo Historical Weather API,"Casalecchio di Reno, Bologna, Italy",44.4756,11.2759
2022-06-27T06:00:00+00:00,23.800,15.400,Open-Meteo Historical Weather API,"Casalecchio di Reno, Bologna, Italy",44.4756,11.2759
2022-06-27T07:00:00+00:00,25.800,17.000,Open-Meteo Historical Weather API,"Casalecchio di Reno, Bologna, Italy",44.4756,11.2759
2022-06-27T08:00:00+00:00,28.000,17.700,Open-Meteo Historical Weather API,"Casalecchio di Reno, Bologna, Italy",44.4756,11.2759
2022-06-27T09:00:00+00:00,30.200,18.100,Open-Meteo Historical Weather API,"Casalecchio di Reno, Bologna, Italy",44.4756,11.2759
2022-06-27T10:00:00+00:00,32.200,17.600,Open-Meteo Historical Weather API,"Casalecchio di Reno, Bologna, Italy",44.4756,11.2759
2022-06-27T11:00:00+00:00,34.200,16.800,Open-Meteo Historical Weather API,"Casalecchio di Reno, Bologna, Italy",44.4756,11.2759
2022-06-27T12:00:00+00:00,34.700,14.600,Open-Meteo Historical Weather API,"Casalecchio di Reno, Bologna, Italy",44.4756,11.2759
2022-06-27T13:00:00+00:00,35.500,14.400,Open-Meteo Historical Weather API,"Casalecchio di Reno, Bologna, Italy",44.4756,11.2759
2022-06-27T14:00:00+00:00,35.500,15.800,Open-Meteo Historical Weather API,"Casalecchio di Reno, Bologna, Italy",44.4756,11.2759
2022-06-27T15:00:00+00:00,34.500,18.100,Open-Meteo Historical Weather API,"Casalecchio di Reno, Bologna, Italy",44.4756,11.2759
2022-06-27T16:00:00+00:00,32.600,18.600,Open-Meteo Historical Weather API,"Casalecchio di Reno, Bologna, Italy",44.4756,11.2759
2022-06-27T17:00:00+00:00,31.100,18.100,Open-Meteo Historical Weather API,"Casalecchio di Reno, Bologna, Italy",44.4756,11.2759
2022-06-27T18:00:00+00:00,29.300,18.500,Open-Meteo Historical Weather API,"Casalecchio di Reno, Bologna, Italy",44.4756,11.2759
2022-06-27T19:00:00+00:00,27.200,18.900,Open-Meteo Historical Weather API,"Casalecchio di Reno, Bologna, Italy",44.4756,11.2759
2022-06-27T20:00:00+00:00,25.400,19.100,Open-Meteo Historical Weather API,"Casalecchio di Reno, Bologna, Italy",44.4756,11.2759
2022-06-27T21:00:00+00:00,25.200,19.000,Open-Meteo Historical Weather API,"Casalecchio di Reno, Bologna, Italy",44.4756,11.2759
2022-06-27T22:00:00+00:00,23.600,19.200,Open-Meteo Historical Weather API,"Casalecchio di Reno, Bologna, Italy",44.4756,11.2759
2022-06-27T23:00:00+00:00,22.800,19.500,Open-Meteo Historical Weather API,"Casalecchio di Reno, Bologna, Italy",44.4756,11.2759
2022-06-28T00:00:00+00:00,22.400,20.100,Open-Meteo Historical Weather API,"Casalecchio di Reno, Bologna, Italy",44.4756,11.2759
2022-06-28T01:00:00+00:00,21.600,20.000,Open-Meteo Historical Weather API,"Casalecchio di Reno, Bologna, Italy",44.4756,11.2759
2022-06-28T02:00:00+00:00,22.800,19.900,Open-Meteo Historical Weather API,"Casalecchio di Reno, Bologna, Italy",44.4756,11.2759
2022-06-28T03:00:00+00:00,21.900,19.900,Open-Meteo Historical Weather API,"Casalecchio di Reno, Bologna, Italy",44.4756,11.2759
2022-06-28T04:00:00+00:00,22.100,19.800,Open-Meteo Historical Weather API,"Casalecchio di Reno, Bologna, Italy",44.4756,11.2759
2022-06-28T05:00:00+00:00,23.800,20.000,Open-Meteo Historical Weather API,"Casalecchio di Reno, Bologna, Italy",44.4756,11.2759
2022-06-28T06:00:00+00:00,24.900,20.200,Open-Meteo Historical Weather API,"Casalecchio di Reno, Bologna, Italy",44.4756,11.2759
2022-06-28T07:00:00+00:00,26.500,20.500,Open-Meteo Historical Weather API,"Casalecchio di Reno, Bologna, Italy",44.4756,11.2759
2022-06-28T08:00:00+00:00,27.200,20.500,Open-Meteo Historical Weather API,"Casalecchio di Reno, Bologna, Italy",44.4756,11.2759
2022-06-28T09:00:00+00:00,28.000,20.200,Open-Meteo Historical Weather API,"Casalecchio di Reno, Bologna, Italy",44.4756,11.2759
2022-06-28T10:00:00+00:00,28.600,20.000,Open-Meteo Historical Weather API,"Casalecchio di Reno, Bologna, Italy",44.4756,11.2759
2022-06-28T11:00:00+00:00,28.300,19.400,Open-Meteo Historical Weather API,"Casalecchio di Reno, Bologna, Italy",44.4756,11.2759
2022-06-28T12:00:00+00:00,28.000,19.800,Open-Meteo Historical Weather API,"Casalecchio di Reno, Bologna, Italy",44.4756,11.2759
2022-06-28T13:00:00+00:00,28.300,19.000,Open-Meteo Historical Weather API,"Casalecchio di Reno, Bologna, Italy",44.4756,11.2759
2022-06-28T14:00:00+00:00,27.700,20.300,Open-Meteo Historical Weather API,"Casalecchio di Reno, Bologna, Italy",44.4756,11.2759
2022-06-28T15:00:00+00:00,27.900,20.500,Open-Meteo Historical Weather API,"Casalecchio di Reno, Bologna, Italy",44.4756,11.2759
2022-06-28T16:00:00+00:00,28.200,20.000,Open-Meteo Historical Weather API,"Casalecchio di Reno, Bologna, Italy",44.4756,11.2759
2022-06-28T17:00:00+00:00,27.400,20.200,Open-Meteo Historical Weather API,"Casalecchio di Reno, Bologna, Italy",44.4756,11.2759
2022-06-28T18:00:00+00:00,23.200,20.900,Open-Meteo Historical Weather API,"Casalecchio di Reno, Bologna, Italy",44.4756,11.2759
2022-06-28T19:00:00+00:00,21.900,20.600,Open-Meteo Historical Weather API,"Casalecchio di Reno, Bologna, Italy",44.4756,11.2759
2022-06-28T20:00:00+00:00,21.100,20.500,Open-Meteo Historical Weather API,"Casalecchio di Reno, Bologna, Italy",44.4756,11.2759
2022-06-28T21:00:00+00:00,20.500,20.000,Open-Meteo Historical Weather API,"Casalecchio di Reno, Bologna, Italy",44.4756,11.2759
2022-06-28T22:00:00+00:00,20.600,19.400,Open-Meteo Historical Weather API,"Casalecchio di Reno, Bologna, Italy",44.4756,11.2759
2022-06-28T23:00:00+00:00,20.400,19.400,Open-Meteo Historical Weather API,"Casalecchio di Reno, Bologna, Italy",44.4756,11.2759
2022-06-29T00:00:00+00:00,21.900,17.700,Open-Meteo Historical Weather API,"Casalecchio di Reno, Bologna, Italy",44.4756,11.2759
2022-06-29T01:00:00+00:00,22.000,18.200,Open-Meteo Historical Weather API,"Casalecchio di Reno, Bologna, Italy",44.4756,11.2759
2022-06-29T02:00:00+00:00,21.700,18.000,Open-Meteo Historical Weather API,"Casalecchio di Reno, Bologna, Italy",44.4756,11.2759
2022-06-29T03:00:00+00:00,21.500,17.900,Open-Meteo Historical Weather API,"Casalecchio di Reno, Bologna, Italy",44.4756,11.2759
2022-06-29T04:00:00+00:00,21.200,17.700,Open-Meteo Historical Weather API,"Casalecchio di Reno, Bologna, Italy",44.4756,11.2759
2022-06-29T05:00:00+00:00,21.800,17.800,Open-Meteo Historical Weather API,"Casalecchio di Reno, Bologna, Italy",44.4756,11.2759
2022-06-29T06:00:00+00:00,22.500,17.900,Open-Meteo Historical Weather API,"Casalecchio di Reno, Bologna, Italy",44.4756,11.2759
2022-06-29T07:00:00+00:00,23.500,17.400,Open-Meteo Historical Weather API,"Casalecchio di Reno, Bologna, Italy",44.4756,11.2759
2022-06-29T08:00:00+00:00,25.500,16.300,Open-Meteo Historical Weather API,"Casalecchio di Reno, Bologna, Italy",44.4756,11.2759
2022-06-29T09:00:00+00:00,27.100,15.900,Open-Meteo Historical Weather API,"Casalecchio di Reno, Bologna, Italy",44.4756,11.2759
2022-06-29T10:00:00+00:00,28.500,15.600,Open-Meteo Historical Weather API,"Casalecchio di Reno, Bologna, Italy",44.4756,11.2759
2022-06-29T11:00:00+00:00,29.400,15.500,Open-Meteo Historical Weather API,"Casalecchio di Reno, Bologna, Italy",44.4756,11.2759
2022-06-29T12:00:00+00:00,29.200,15.000,Open-Meteo Historical Weather API,"Casalecchio di Reno, Bologna, Italy",44.4756,11.2759
2022-06-29T13:00:00+00:00,30.500,15.000,Open-Meteo Historical Weather API,"Casalecchio di Reno, Bologna, Italy",44.4756,11.2759
2022-06-29T14:00:00+00:00,30.900,15.100,Open-Meteo Historical Weather API,"Casalecchio di Reno, Bologna, Italy",44.4756,11.2759
2022-06-29T15:00:00+00:00,31.300,14.700,Open-Meteo Historical Weather API,"Casalecchio di Reno, Bologna, Italy",44.4756,11.2759
2022-06-29T16:00:00+00:00,31.000,14.600,Open-Meteo Historical Weather API,"Casalecchio di Reno, Bologna, Italy",44.4756,11.2759
2022-06-29T17:00:00+00:00,30.400,14.600,Open-Meteo Historical Weather API,"Casalecchio di Reno, Bologna, Italy",44.4756,11.2759
2022-06-29T18:00:00+00:00,29.800,14.900,Open-Meteo Historical Weather API,"Casalecchio di Reno, Bologna, Italy",44.4756,11.2759
2022-06-29T19:00:00+00:00,28.500,15.600,Open-Meteo Historical Weather API,"Casalecchio di Reno, Bologna, Italy",44.4756,11.2759
2022-06-29T20:00:00+00:00,26.000,16.100,Open-Meteo Historical Weather API,"Casalecchio di Reno, Bologna, Italy",44.4756,11.2759
2022-06-29T21:00:00+00:00,24.300,17.000,Open-Meteo Historical Weather API,"Casalecchio di Reno, Bologna, Italy",44.4756,11.2759
2022-06-29T22:00:00+00:00,23.500,17.500,Open-Meteo Historical Weather API,"Casalecchio di Reno, Bologna, Italy",44.4756,11.2759
2022-06-29T23:00:00+00:00,22.900,17.600,Open-Meteo Historical Weather API,"Casalecchio di Reno, Bologna, Italy",44.4756,11.2759
2022-06-30T00:00:00+00:00,22.600,17.800,Open-Meteo Historical Weather API,"Casalecchio di Reno, Bologna, Italy",44.4756,11.2759
2022-06-30T01:00:00+00:00,22.300,18.000,Open-Meteo Historical Weather API,"Casalecchio di Reno, Bologna, Italy",44.4756,11.2759
2022-06-30T02:00:00+00:00,22.000,17.700,Open-Meteo Historical Weather API,"Casalecchio di Reno, Bologna, Italy",44.4756,11.2759
2022-06-30T03:00:00+00:00,21.700,17.200,Open-Meteo Historical Weather API,"Casalecchio di Reno, Bologna, Italy",44.4756,11.2759
2022-06-30T04:00:00+00:00,21.200,17.000,Open-Meteo Historical Weather API,"Casalecchio di Reno, Bologna, Italy",44.4756,11.2759
2022-06-30T05:00:00+00:00,22.500,16.500,Open-Meteo Historical Weather API,"Casalecchio di Reno, Bologna, Italy",44.4756,11.2759
2022-06-30T06:00:00+00:00,24.600,15.100,Open-Meteo Historical Weather API,"Casalecchio di Reno, Bologna, Italy",44.4756,11.2759
2022-06-30T07:00:00+00:00,26.300,15.400,Open-Meteo Historical Weather API,"Casalecchio di Reno, Bologna, Italy",44.4756,11.2759
2022-06-30T08:00:00+00:00,27.800,15.800,Open-Meteo Historical Weather API,"Casalecchio di Reno, Bologna, Italy",44.4756,11.2759
2022-06-30T09:00:00+00:00,29.000,16.200,Open-Meteo Historical Weather API,"Casalecchio di Reno, Bologna, Italy",44.4756,11.2759
2022-06-30T10:00:00+00:00,30.300,16.500,Open-Meteo Historical Weather API,"Casalecchio di Reno, Bologna, Italy",44.4756,11.2759
2022-06-30T11:00:00+00:00,31.700,16.400,Open-Meteo Historical Weather API,"Casalecchio di Reno, Bologna, Italy",44.4756,11.2759
2022-06-30T12:00:00+00:00,33.100,14.400,Open-Meteo Historical Weather API,"Casalecchio di Reno, Bologna, Italy",44.4756,11.2759
2022-06-30T13:00:00+00:00,34.800,11.600,Open-Meteo Historical Weather API,"Casalecchio di Reno, Bologna, Italy",44.4756,11.2759
2022-06-30T14:00:00+00:00,35.700,4.900,Open-Meteo Historical Weather API,"Casalecchio di Reno, Bologna, Italy",44.4756,11.2759
2022-06-30T15:00:00+00:00,35.400,3.500,Open-Meteo Historical Weather API,"Casalecchio di Reno, Bologna, Italy",44.4756,11.2759
2022-06-30T16:00:00+00:00,35.100,3.200,Open-Meteo Historical Weather API,"Casalecchio di Reno, Bologna, Italy",44.4756,11.2759
2022-06-30T17:00:00+00:00,33.800,2.300,Open-Meteo Historical Weather API,"Casalecchio di Reno, Bologna, Italy",44.4756,11.2759
2022-06-30T18:00:00+00:00,30.500,10.900,Open-Meteo Historical Weather API,"Casalecchio di Reno, Bologna, Italy",44.4756,11.2759
2022-06-30T19:00:00+00:00,27.500,14.300,Open-Meteo Historical Weather API,"Casalecchio di Reno, Bologna, Italy",44.4756,11.2759
2022-06-30T20:00:00+00:00,25.100,11.600,Open-Meteo Historical Weather API,"Casalecchio di Reno, Bologna, Italy",44.4756,11.2759
2022-06-30T21:00:00+00:00,23.900,5.600,Open-Meteo Historical Weather API,"Casalecchio di Reno, Bologna, Italy",44.4756,11.2759
2022-06-30T22:00:00+00:00,24.300,1.400,Open-Meteo Historical Weather API,"Casalecchio di Reno, Bologna, Italy",44.4756,11.2759
2022-06-30T23:00:00+00:00,24.000,1.000,Open-Meteo Historical Weather API,"Casalecchio di Reno, Bologna, Italy",44.4756,11.2759
2022-07-01T00:00:00+00:00,23.500,-0.600,Open-Meteo Historical Weather API,"Casalecchio di Reno, Bologna, Italy",44.4756,11.2759
2022-07-01T01:00:00+00:00,22.900,0.600,Open-Meteo Historical Weather API,"Casalecchio di Reno, Bologna, Italy",44.4756,11.2759
2022-07-01T02:00:00+00:00,22.300,2.000,Open-Meteo Historical Weather API,"Casalecchio di Reno, Bologna, Italy",44.4756,11.2759
2022-07-01T03:00:00+00:00,21.700,2.800,Open-Meteo Historical Weather API,"Casalecchio di Reno, Bologna, Italy",44.4756,11.2759
2022-07-01T04:00:00+00:00,21.800,3.500,Open-Meteo Historical Weather API,"Casalecchio di Reno, Bologna, Italy",44.4756,11.2759
2022-07-01T05:00:00+00:00,23.600,4.800,Open-Meteo Historical Weather API,"Casalecchio di Reno, Bologna, Italy",44.4756,11.2759
2022-07-01T06:00:00+00:00,25.800,6.200,Open-Meteo Historical Weather API,"Casalecchio di Reno, Bologna, Italy",44.4756,11.2759
2022-07-01T07:00:00+00:00,27.200,7.300,Open-Meteo Historical Weather API,"Casalecchio di Reno, Bologna, Italy",44.4756,11.2759
2022-07-01T08:00:00+00:00,28.500,9.200,Open-Meteo Historical Weather API,"Casalecchio di Reno, Bologna, Italy",44.4756,11.2759
2022-07-01T09:00:00+00:00,29.500,10.400,Open-Meteo Historical Weather API,"Casalecchio di Reno, Bologna, Italy",44.4756,11.2759
2022-07-01T10:00:00+00:00,30.900,10.100,Open-Meteo Historical Weather API,"Casalecchio di Reno, Bologna, Italy",44.4756,11.2759
2022-07-01T11:00:00+00:00,32.500,10.600,Open-Meteo Historical Weather API,"Casalecchio di Reno, Bologna, Italy",44.4756,11.2759
2022-07-01T12:00:00+00:00,28.400,14.300,Open-Meteo Historical Weather API,"Casalecchio di Reno, Bologna, Italy",44.4756,11.2759
2022-07-01T13:00:00+00:00,32.300,12.400,Open-Meteo Historical Weather API,"Casalecchio di Reno, Bologna, Italy",44.4756,11.2759
2022-07-01T14:00:00+00:00,33.700,11.500,Open-Meteo Historical Weather API,"Casalecchio di Reno, Bologna, Italy",44.4756,11.2759
2022-07-01T15:00:00+00:00,33.800,10.900,Open-Meteo Historical Weather API,"Casalecchio di Reno, Bologna, Italy",44.4756,11.2759
2022-07-01T16:00:00+00:00,33.800,11.100,Open-Meteo Historical Weather API,"Casalecchio di Reno, Bologna, Italy",44.4756,11.2759
2022-07-01T17:00:00+00:00,32.800,10.100,Open-Meteo Historical Weather API,"Casalecchio di Reno, Bologna, Italy",44.4756,11.2759
2022-07-01T18:00:00+00:00,31.500,10.600,Open-Meteo Historical Weather API,"Casalecchio di Reno, Bologna, Italy",44.4756,11.2759
2022-07-01T19:00:00+00:00,27.400,17.000,Open-Meteo Historical Weather API,"Casalecchio di Reno, Bologna, Italy",44.4756,11.2759
2022-07-01T20:00:00+00:00,25.900,16.600,Open-Meteo Historical Weather API,"Casalecchio di Reno, Bologna, Italy",44.4756,11.2759
2022-07-01T21:00:00+00:00,24.100,16.800,Open-Meteo Historical Weather API,"Casalecchio di Reno, Bologna, Italy",44.4756,11.2759
2022-07-01T22:00:00+00:00,23.000,17.100,Open-Meteo Historical Weather API,"Casalecchio di Reno, Bologna, Italy",44.4756,11.2759
2022-07-01T23:00:00+00:00,22.200,18.000,Open-Meteo Historical Weather API,"Casalecchio di Reno, Bologna, Italy",44.4756,11.2759
2022-07-02T00:00:00+00:00,23.000,15.900,Open-Meteo Historical Weather API,"Casalecchio di Reno, Bologna, Italy",44.4756,11.2759
2022-07-02T01:00:00+00:00,22.400,14.200,Open-Meteo Historical Weather API,"Casalecchio di Reno, Bologna, Italy",44.4756,11.2759
2022-07-02T02:00:00+00:00,22.100,13.100,Open-Meteo Historical Weather API,"Casalecchio di Reno, Bologna, Italy",44.4756,11.2759
2022-07-02T03:00:00+00:00,21.600,12.900,Open-Meteo Historical Weather API,"Casalecchio di Reno, Bologna, Italy",44.4756,11.2759
2022-07-02T04:00:00+00:00,21.400,12.800,Open-Meteo Historical Weather API,"Casalecchio di Reno, Bologna, Italy",44.4756,11.2759
2022-07-02T05:00:00+00:00,23.100,13.000,Open-Meteo Historical Weather API,"Casalecchio di Reno, Bologna, Italy",44.4756,11.2759
2022-07-02T06:00:00+00:00,24.700,14.400,Open-Meteo Historical Weather API,"Casalecchio di Reno, Bologna, Italy",44.4756,11.2759
2022-07-02T07:00:00+00:00,26.200,16.000,Open-Meteo Historical Weather API,"Casalecchio di Reno, Bologna, Italy",44.4756,11.2759
2022-07-02T08:00:00+00:00,27.800,17.800,Open-Meteo Historical Weather API,"Casalecchio di Reno, Bologna, Italy",44.4756,11.2759
2022-07-02T09:00:00+00:00,29.500,18.000,Open-Meteo Historical Weather API,"Casalecchio di Reno, Bologna, Italy",44.4756,11.2759
2022-07-02T10:00:00+00:00,31.400,17.200,Open-Meteo Historical Weather API,"Casalecchio di Reno, Bologna, Italy",44.4756,11.2759
2022-07-02T11:00:00+00:00,33.000,15.900,Open-Meteo Historical Weather API,"Casalecchio di Reno, Bologna, Italy",44.4756,11.2759
2022-07-02T12:00:00+00:00,33.400,14.500,Open-Meteo Historical Weather API,"Casalecchio di Reno, Bologna, Italy",44.4756,11.2759
2022-07-02T13:00:00+00:00,34.000,14.200,Open-Meteo Historical Weather API,"Casalecchio di Reno, Bologna, Italy",44.4756,11.2759
2022-07-02T14:00:00+00:00,34.200,14.400,Open-Meteo Historical Weather API,"Casalecchio di Reno, Bologna, Italy",44.4756,11.2759
2022-07-02T15:00:00+00:00,34.000,14.300,Open-Meteo Historical Weather API,"Casalecchio di Reno, Bologna, Italy",44.4756,11.2759
2022-07-02T16:00:00+00:00,33.800,13.100,Open-Meteo Historical Weather API,"Casalecchio di Reno, Bologna, Italy",44.4756,11.2759
2022-07-02T17:00:00+00:00,33.000,13.900,Open-Meteo Historical Weather API,"Casalecchio di Reno, Bologna, Italy",44.4756,11.2759
2022-07-02T18:00:00+00:00,31.400,14.800,Open-Meteo Historical Weather API,"Casalecchio di Reno, Bologna, Italy",44.4756,11.2759
2022-07-02T19:00:00+00:00,29.200,14.700,Open-Meteo Historical Weather API,"Casalecchio di Reno, Bologna, Italy",44.4756,11.2759
2022-07-02T20:00:00+00:00,27.900,14.600,Open-Meteo Historical Weather API,"Casalecchio di Reno, Bologna, Italy",44.4756,11.2759
2022-07-02T21:00:00+00:00,26.800,15.300,Open-Meteo Historical Weather API,"Casalecchio di Reno, Bologna, Italy",44.4756,11.2759
2022-07-02T22:00:00+00:00,25.500,15.900,Open-Meteo Historical Weather API,"Casalecchio di Reno, Bologna, Italy",44.4756,11.2759
2022-07-02T23:00:00+00:00,25.000,16.100,Open-Meteo Historical Weather API,"Casalecchio di Reno, Bologna, Italy",44.4756,11.2759
2022-07-03T00:00:00+00:00,22.400,16.400,Open-Meteo Historical Weather API,"Casalecchio di Reno, Bologna, Italy",44.4756,11.2759
2022-07-03T01:00:00+00:00,22.600,16.200,Open-Meteo Historical Weather API,"Casalecchio di Reno, Bologna, Italy",44.4756,11.2759
2022-07-03T02:00:00+00:00,22.200,15.900,Open-Meteo Historical Weather API,"Casalecchio di Reno, Bologna, Italy",44.4756,11.2759
2022-07-03T03:00:00+00:00,22.200,15.400,Open-Meteo Historical Weather API,"Casalecchio di Reno, Bologna, Italy",44.4756,11.2759
2022-07-03T04:00:00+00:00,21.500,15.200,Open-Meteo Historical Weather API,"Casalecchio di Reno, Bologna, Italy",44.4756,11.2759
2022-07-03T05:00:00+00:00,23.500,15.600,Open-Meteo Historical Weather API,"Casalecchio di Reno, Bologna, Italy",44.4756,11.2759
2022-07-03T06:00:00+00:00,26.600,15.600,Open-Meteo Historical Weather API,"Casalecchio di Reno, Bologna, Italy",44.4756,11.2759
2022-07-03T07:00:00+00:00,28.200,15.600,Open-Meteo Historical Weather API,"Casalecchio di Reno, Bologna, Italy",44.4756,11.2759
2022-07-03T08:00:00+00:00,30.200,15.400,Open-Meteo Historical Weather API,"Casalecchio di Reno, Bologna, Italy",44.4756,11.2759
2022-07-03T09:00:00+00:00,32.200,14.300,Open-Meteo Historical Weather API,"Casalecchio di Reno, Bologna, Italy",44.4756,11.2759
2022-07-03T10:00:00+00:00,33.700,13.500,Open-Meteo Historical Weather API,"Casalecchio di Reno, Bologna, Italy",44.4756,11.2759
2022-07-03T11:00:00+00:00,34.800,13.300,Open-Meteo Historical Weather API,"Casalecchio di Reno, Bologna, Italy",44.4756,11.2759
2022-07-03T12:00:00+00:00,35.000,13.900,Open-Meteo Historical Weather API,"Casalecchio di Reno, Bologna, Italy",44.4756,11.2759
2022-07-03T13:00:00+00:00,35.700,12.400,Open-Meteo Historical Weather API,"Casalecchio di Reno, Bologna, Italy",44.4756,11.2759
2022-07-03T14:00:00+00:00,35.800,10.200,Open-Meteo Historical Weather API,"Casalecchio di Reno, Bologna, Italy",44.4756,11.2759
2022-07-03T15:00:00+00:00,36.200,9.900,Open-Meteo Historical Weather API,"Casalecchio di Reno, Bologna, Italy",44.4756,11.2759
2022-07-03T16:00:00+00:00,36.000,9.100,Open-Meteo Historical Weather API,"Casalecchio di Reno, Bologna, Italy",44.4756,11.2759
2022-07-03T17:00:00+00:00,34.700,9.700,Open-Meteo Historical Weather API,"Casalecchio di Reno, Bologna, Italy",44.4756,11.2759
2022-07-03T18:00:00+00:00,33.000,12.600,Open-Meteo Historical Weather API,"Casalecchio di Reno, Bologna, Italy",44.4756,11.2759
2022-07-03T19:00:00+00:00,30.000,16.000,Open-Meteo Historical Weather API,"Casalecchio di Reno, Bologna, Italy",44.4756,11.2759
2022-07-03T20:00:00+00:00,28.800,15.600,Open-Meteo Historical Weather API,"Casalecchio di Reno, Bologna, Italy",44.4756,11.2759
2022-07-03T21:00:00+00:00,27.800,15.300,Open-Meteo Historical Weather API,"Casalecchio di Reno, Bologna, Italy",44.4756,11.2759
2022-07-03T22:00:00+00:00,27.100,15.100,Open-Meteo Historical Weather API,"Casalecchio di Reno, Bologna, Italy",44.4756,11.2759
2022-07-03T23:00:00+00:00,26.400,14.800,Open-Meteo Historical Weather API,"Casalecchio di Reno, Bologna, Italy",44.4756,11.2759
2022-07-04T00:00:00+00:00,26.800,14.100,Open-Meteo Historical Weather API,"Casalecchio di Reno, Bologna, Italy",44.4756,11.2759
2022-07-04T01:00:00+00:00,26.000,14.000,Open-Meteo Historical Weather API,"Casalecchio di Reno, Bologna, Italy",44.4756,11.2759
2022-07-04T02:00:00+00:00,25.500,14.200,Open-Meteo Historical Weather API,"Casalecchio di Reno, Bologna, Italy",44.4756,11.2759
2022-07-04T03:00:00+00:00,24.400,14.800,Open-Meteo Historical Weather API,"Casalecchio di Reno, Bologna, Italy",44.4756,11.2759
2022-07-04T04:00:00+00:00,24.000,15.300,Open-Meteo Historical Weather API,"Casalecchio di Reno, Bologna, Italy",44.4756,11.2759
2022-07-04T05:00:00+00:00,25.800,14.600,Open-Meteo Historical Weather API,"Casalecchio di Reno, Bologna, Italy",44.4756,11.2759
2022-07-04T06:00:00+00:00,27.800,13.800,Open-Meteo Historical Weather API,"Casalecchio di Reno, Bologna, Italy",44.4756,11.2759
2022-07-04T07:00:00+00:00,29.900,14.100,Open-Meteo Historical Weather API,"Casalecchio di Reno, Bologna, Italy",44.4756,11.2759
2022-07-04T08:00:00+00:00,31.800,15.000,Open-Meteo Historical Weather API,"Casalecchio di Reno, Bologna, Italy",44.4756,11.2759
2022-07-04T09:00:00+00:00,33.800,15.300,Open-Meteo Historical Weather API,"Casalecchio di Reno, Bologna, Italy",44.4756,11.2759
2022-07-04T10:00:00+00:00,35.500,15.200,Open-Meteo Historical Weather API,"Casalecchio di Reno, Bologna, Italy",44.4756,11.2759
2022-07-04T11:00:00+00:00,36.700,15.000,Open-Meteo Historical Weather API,"Casalecchio di Reno, Bologna, Italy",44.4756,11.2759
2022-07-04T12:00:00+00:00,34.500,16.700,Open-Meteo Historical Weather API,"Casalecchio di Reno, Bologna, Italy",44.4756,11.2759
2022-07-04T13:00:00+00:00,29.600,19.200,Open-Meteo Historical Weather API,"Casalecchio di Reno, Bologna, Italy",44.4756,11.2759
2022-07-04T14:00:00+00:00,32.900,18.500,Open-Meteo Historical Weather API,"Casalecchio di Reno, Bologna, Italy",44.4756,11.2759
2022-07-04T15:00:00+00:00,34.100,17.400,Open-Meteo Historical Weather API,"Casalecchio di Reno, Bologna, Italy",44.4756,11.2759
2022-07-04T16:00:00+00:00,34.200,17.100,Open-Meteo Historical Weather API,"Casalecchio di Reno, Bologna, Italy",44.4756,11.2759
2022-07-04T17:00:00+00:00,33.600,17.000,Open-Meteo Historical Weather API,"Casalecchio di Reno, Bologna, Italy",44.4756,11.2759
2022-07-04T18:00:00+00:00,32.300,17.000,Open-Meteo Historical Weather API,"Casalecchio di Reno, Bologna, Italy",44.4756,11.2759
2022-07-04T19:00:00+00:00,30.600,17.300,Open-Meteo Historical Weather API,"Casalecchio di Reno, Bologna, Italy",44.4756,11.2759
2022-07-04T20:00:00+00:00,29.300,17.100,Open-Meteo Historical Weather API,"Casalecchio di Reno, Bologna, Italy",44.4756,11.2759
2022-07-04T21:00:00+00:00,28.200,16.100,Open-Meteo Historical Weather API,"Casalecchio di Reno, Bologna, Italy",44.4756,11.2759
2022-07-04T22:00:00+00:00,26.600,16.200,Open-Meteo Historical Weather API,"Casalecchio di Reno, Bologna, Italy",44.4756,11.2759
2022-07-04T23:00:00+00:00,25.900,16.500,Open-Meteo Historical Weather API,"Casalecchio di Reno, Bologna, Italy",44.4756,11.2759
2022-07-05T00:00:00+00:00,23.000,16.900,Open-Meteo Historical Weather API,"Casalecchio di Reno, Bologna, Italy",44.4756,11.2759
2022-07-05T01:00:00+00:00,22.100,16.500,Open-Meteo Historical Weather API,"Casalecchio di Reno, Bologna, Italy",44.4756,11.2759
2022-07-05T02:00:00+00:00,21.900,16.500,Open-Meteo Historical Weather API,"Casalecchio di Reno, Bologna, Italy",44.4756,11.2759
2022-07-05T03:00:00+00:00,21.500,17.000,Open-Meteo Historical Weather API,"Casalecchio di Reno, Bologna, Italy",44.4756,11.2759
2022-07-05T04:00:00+00:00,21.800,16.800,Open-Meteo Historical Weather API,"Casalecchio di Reno, Bologna, Italy",44.4756,11.2759
2022-07-05T05:00:00+00:00,23.600,16.500,Open-Meteo Historical Weather API,"Casalecchio di Reno, Bologna, Italy",44.4756,11.2759
2022-07-05T06:00:00+00:00,25.700,17.200,Open-Meteo Historical Weather API,"Casalecchio di Reno, Bologna, Italy",44.4756,11.2759
2022-07-05T07:00:00+00:00,26.600,18.800,Open-Meteo Historical Weather API,"Casalecchio di Reno, Bologna, Italy",44.4756,11.2759
2022-07-05T08:00:00+00:00,27.800,18.800,Open-Meteo Historical Weather API,"Casalecchio di Reno, Bologna, Italy",44.4756,11.2759
2022-07-05T09:00:00+00:00,29.100,18.300,Open-Meteo Historical Weather API,"Casalecchio di Reno, Bologna, Italy",44.4756,11.2759
2022-07-05T10:00:00+00:00,30.600,17.500,Open-Meteo Historical Weather API,"Casalecchio di Reno, Bologna, Italy",44.4756,11.2759
2022-07-05T11:00:00+00:00,31.500,16.400,Open-Meteo Historical Weather API,"Casalecchio di Reno, Bologna, Italy",44.4756,11.2759
2022-07-05T12:00:00+00:00,31.400,16.100,Open-Meteo Historical Weather API,"Casalecchio di Reno, Bologna, Italy",44.4756,11.2759
2022-07-05T13:00:00+00:00,33.300,15.000,Open-Meteo Historical Weather API,"Casalecchio di Reno, Bologna, Italy",44.4756,11.2759
2022-07-05T14:00:00+00:00,34.000,13.200,Open-Meteo Historical Weather API,"Casalecchio di Reno, Bologna, Italy",44.4756,11.2759
2022-07-05T15:00:00+00:00,33.800,11.900,Open-Meteo Historical Weather API,"Casalecchio di Reno, Bologna, Italy",44.4756,11.2759
2022-07-05T16:00:00+00:00,33.300,11.900,Open-Meteo Historical Weather API,"Casalecchio di Reno, Bologna, Italy",44.4756,11.2759
2022-07-05T17:00:00+00:00,31.600,14.200,Open-Meteo Historical Weather API,"Casalecchio di Reno, Bologna, Italy",44.4756,11.2759
2022-07-05T18:00:00+00:00,30.200,14.900,Open-Meteo Historical Weather API,"Casalecchio di Reno, Bologna, Italy",44.4756,11.2759
2022-07-05T19:00:00+00:00,28.800,15.100,Open-Meteo Historical Weather API,"Casalecchio di Reno, Bologna, Italy",44.4756,11.2759
2022-07-05T20:00:00+00:00,27.700,15.900,Open-Meteo Historical Weather API,"Casalecchio di Reno, Bologna, Italy",44.4756,11.2759
2022-07-05T21:00:00+00:00,26.600,17.200,Open-Meteo Historical Weather API,"Casalecchio di Reno, Bologna, Italy",44.4756,11.2759
2022-07-05T22:00:00+00:00,25.900,17.600,Open-Meteo Historical Weather API,"Casalecchio di Reno, Bologna, Italy",44.4756,11.2759
2022-07-05T23:00:00+00:00,25.200,17.600,Open-Meteo Historical Weather API,"Casalecchio di Reno, Bologna, Italy",44.4756,11.2759
2022-07-06T00:00:00+00:00,24.800,16.800,Open-Meteo Historical Weather API,"Casalecchio di Reno, Bologna, Italy",44.4756,11.2759
2022-07-06T01:00:00+00:00,23.400,17.900,Open-Meteo Historical Weather API,"Casalecchio di Reno, Bologna, Italy",44.4756,11.2759
2022-07-06T02:00:00+00:00,22.200,17.400,Open-Meteo Historical Weather API,"Casalecchio di Reno, Bologna, Italy",44.4756,11.2759
2022-07-06T03:00:00+00:00,21.100,18.000,Open-Meteo Historical Weather API,"Casalecchio di Reno, Bologna, Italy",44.4756,11.2759
2022-07-06T04:00:00+00:00,20.800,18.500,Open-Meteo Historical Weather API,"Casalecchio di Reno, Bologna, Italy",44.4756,11.2759
2022-07-06T05:00:00+00:00,21.700,18.700,Open-Meteo Historical Weather API,"Casalecchio di Reno, Bologna, Italy",44.4756,11.2759
2022-07-06T06:00:00+00:00,23.400,19.100,Open-Meteo Historical Weather API,"Casalecchio di Reno, Bologna, Italy",44.4756,11.2759
2022-07-06T07:00:00+00:00,25.100,19.300,Open-Meteo Historical Weather API,"Casalecchio di Reno, Bologna, Italy",44.4756,11.2759
2022-07-06T08:00:00+00:00,26.800,19.000,Open-Meteo Historical Weather API,"Casalecchio di Reno, Bologna, Italy",44.4756,11.2759
2022-07-06T09:00:00+00:00,28.100,18.300,Open-Meteo Historical Weather API,"Casalecchio di Reno, Bologna, Italy",44.4756,11.2759
2022-07-06T10:00:00+00:00,29.600,16.600,Open-Meteo Historical Weather API,"Casalecchio di Reno, Bologna, Italy",44.4756,11.2759
2022-07-06T11:00:00+00:00,30.500,15.400,Open-Meteo Historical Weather API,"Casalecchio di Reno, Bologna, Italy",44.4756,11.2759
2022-07-06T12:00:00+00:00,30.500,14.200,Open-Meteo Historical Weather API,"Casalecchio di Reno, Bologna, Italy",44.4756,11.2759
2022-07-06T13:00:00+00:00,31.300,14.400,Open-Meteo Historical Weather API,"Casalecchio di Reno, Bologna, Italy",44.4756,11.2759
2022-07-06T14:00:00+00:00,31.500,13.600,Open-Meteo Historical Weather API,"Casalecchio di Reno, Bologna, Italy",44.4756,11.2759
2022-07-06T15:00:00+00:00,30.800,14.600,Open-Meteo Historical Weather API,"Casalecchio di Reno, Bologna, Italy",44.4756,11.2759
2022-07-06T16:00:00+00:00,30.700,14.900,Open-Meteo Historical Weather API,"Casalecchio di Reno, Bologna, Italy",44.4756,11.2759
2022-07-06T17:00:00+00:00,30.300,14.800,Open-Meteo Historical Weather API,"Casalecchio di Reno, Bologna, Italy",44.4756,11.2759
2022-07-06T18:00:00+00:00,29.400,14.700,Open-Meteo Historical Weather API,"Casalecchio di Reno, Bologna, Italy",44.4756,11.2759
2022-07-06T19:00:00+00:00,27.800,14.400,Open-Meteo Historical Weather API,"Casalecchio di Reno, Bologna, Italy",44.4756,11.2759
2022-07-06T20:00:00+00:00,26.100,14.200,Open-Meteo Historical Weather API,"Casalecchio di Reno, Bologna, Italy",44.4756,11.2759
2022-07-06T21:00:00+00:00,25.000,14.600,Open-Meteo Historical Weather API,"Casalecchio di Reno, Bologna, Italy",44.4756,11.2759
2022-07-06T22:00:00+00:00,23.800,15.100,Open-Meteo Historical Weather API,"Casalecchio di Reno, Bologna, Italy",44.4756,11.2759
2022-07-06T23:00:00+00:00,22.800,15.400,Open-Meteo Historical Weather API,"Casalecchio di Reno, Bologna, Italy",44.4756,11.2759
2022-07-07T00:00:00+00:00,21.100,15.800,Open-Meteo Historical Weather API,"Casalecchio di Reno, Bologna, Italy",44.4756,11.2759
2022-07-07T01:00:00+00:00,21.400,15.600,Open-Meteo Historical Weather API,"Casalecchio di Reno, Bologna, Italy",44.4756,11.2759
2022-07-07T02:00:00+00:00,21.800,16.400,Open-Meteo Historical Weather API,"Casalecchio di Reno, Bologna, Italy",44.4756,11.2759
2022-07-07T03:00:00+00:00,21.000,16.700,Open-Meteo Historical Weather API,"Casalecchio di Reno, Bologna, Italy",44.4756,11.2759
2022-07-07T04:00:00+00:00,20.200,17.000,Open-Meteo Historical Weather API,"Casalecchio di Reno, Bologna, Italy",44.4756,11.2759
2022-07-07T05:00:00+00:00,21.000,17.300,Open-Meteo Historical Weather API,"Casalecchio di Reno, Bologna, Italy",44.4756,11.2759
2022-07-07T06:00:00+00:00,22.100,17.500,Open-Meteo Historical Weather API,"Casalecchio di Reno, Bologna, Italy",44.4756,11.2759
2022-07-07T07:00:00+00:00,23.900,17.500,Open-Meteo Historical Weather API,"Casalecchio di Reno, Bologna, Italy",44.4756,11.2759
2022-07-07T08:00:00+00:00,25.900,17.400,Open-Meteo Historical Weather API,"Casalecchio di Reno, Bologna, Italy",44.4756,11.2759
2022-07-07T09:00:00+00:00,27.600,17.100,Open-Meteo Historical Weather API,"Casalecchio di Reno, Bologna, Italy",44.4756,11.2759
2022-07-07T10:00:00+00:00,28.600,17.200,Open-Meteo Historical Weather API,"Casalecchio di Reno, Bologna, Italy",44.4756,11.2759
2022-07-07T11:00:00+00:00,29.400,16.500,Open-Meteo Historical Weather API,"Casalecchio di Reno, Bologna, Italy",44.4756,11.2759
2022-07-07T12:00:00+00:00,30.200,14.600,Open-Meteo Historical Weather API,"Casalecchio di Reno, Bologna, Italy",44.4756,11.2759
2022-07-07T13:00:00+00:00,31.500,13.600,Open-Meteo Historical Weather API,"Casalecchio di Reno, Bologna, Italy",44.4756,11.2759
2022-07-07T14:00:00+00:00,32.200,12.200,Open-Meteo Historical Weather API,"Casalecchio di Reno, Bologna, Italy",44.4756,11.2759
2022-07-07T15:00:00+00:00,30.800,13.600,Open-Meteo Historical Weather API,"Casalecchio di Reno, Bologna, Italy",44.4756,11.2759
2022-07-07T16:00:00+00:00,30.100,12.900,Open-Meteo Historical Weather API,"Casalecchio di Reno, Bologna, Italy",44.4756,11.2759
2022-07-07T17:00:00+00:00,27.400,14.300,Open-Meteo Historical Weather API,"Casalecchio di Reno, Bologna, Italy",44.4756,11.2759
2022-07-07T18:00:00+00:00,27.200,15.100,Open-Meteo Historical Weather API,"Casalecchio di Reno, Bologna, Italy",44.4756,11.2759
2022-07-07T19:00:00+00:00,25.600,15.600,Open-Meteo Historical Weather API,"Casalecchio di Reno, Bologna, Italy",44.4756,11.2759
2022-07-07T20:00:00+00:00,25.200,15.900,Open-Meteo Historical Weather API,"Casalecchio di Reno, Bologna, Italy",44.4756,11.2759
2022-07-07T21:00:00+00:00,23.200,18.100,Open-Meteo Historical Weather API,"Casalecchio di Reno, Bologna, Italy",44.4756,11.2759
2022-07-07T22:00:00+00:00,21.200,16.000,Open-Meteo Historical Weather API,"Casalecchio di Reno, Bologna, Italy",44.4756,11.2759
2022-07-07T23:00:00+00:00,20.600,16.100,Open-Meteo Historical Weather API,"Casalecchio di Reno, Bologna, Italy",44.4756,11.2759
2022-07-08T00:00:00+00:00,19.100,16.900,Open-Meteo Historical Weather API,"Casalecchio di Reno, Bologna, Italy",44.4756,11.2759
2022-07-08T01:00:00+00:00,18.400,16.700,Open-Meteo Historical Weather API,"Casalecchio di Reno, Bologna, Italy",44.4756,11.2759
2022-07-08T02:00:00+00:00,18.300,16.500,Open-Meteo Historical Weather API,"Casalecchio di Reno, Bologna, Italy",44.4756,11.2759
2022-07-08T03:00:00+00:00,18.000,16.300,Open-Meteo Historical Weather API,"Casalecchio di Reno, Bologna, Italy",44.4756,11.2759
2022-07-08T04:00:00+00:00,17.900,16.200,Open-Meteo Historical Weather API,"Casalecchio di Reno, Bologna, Italy",44.4756,11.2759
2022-07-08T05:00:00+00:00,19.300,16.400,Open-Meteo Historical Weather API,"Casalecchio di Reno, Bologna, Italy",44.4756,11.2759
2022-07-08T06:00:00+00:00,21.000,16.500,Open-Meteo Historical Weather API,"Casalecchio di Reno, Bologna, Italy",44.4756,11.2759
2022-07-08T07:00:00+00:00,22.900,16.400,Open-Meteo Historical Weather API,"Casalecchio di Reno, Bologna, Italy",44.4756,11.2759
2022-07-08T08:00:00+00:00,24.600,15.400,Open-Meteo Historical Weather API,"Casalecchio di Reno, Bologna, Italy",44.4756,11.2759
2022-07-08T09:00:00+00:00,26.100,13.900,Open-Meteo Historical Weather API,"Casalecchio di Reno, Bologna, Italy",44.4756,11.2759
2022-07-08T10:00:00+00:00,27.000,13.400,Open-Meteo Historical Weather API,"Casalecchio di Reno, Bologna, Italy",44.4756,11.2759
2022-07-08T11:00:00+00:00,27.800,12.700,Open-Meteo Historical Weather API,"Casalecchio di Reno, Bologna, Italy",44.4756,11.2759
2022-07-08T12:00:00+00:00,27.800,11.600,Open-Meteo Historical Weather API,"Casalecchio di Reno, Bologna, Italy",44.4756,11.2759
2022-07-08T13:00:00+00:00,28.300,10.900,Open-Meteo Historical Weather API,"Casalecchio di Reno, Bologna, Italy",44.4756,11.2759
2022-07-08T14:00:00+00:00,28.600,10.900,Open-Meteo Historical Weather API,"Casalecchio di Reno, Bologna, Italy",44.4756,11.2759
2022-07-08T15:00:00+00:00,28.500,10.600,Open-Meteo Historical Weather API,"Casalecchio di Reno, Bologna, Italy",44.4756,11.2759
2022-07-08T16:00:00+00:00,28.200,10.200,Open-Meteo Historical Weather API,"Casalecchio di Reno, Bologna, Italy",44.4756,11.2759
2022-07-08T17:00:00+00:00,27.700,10.100,Open-Meteo Historical Weather API,"Casalecchio di Reno, Bologna, Italy",44.4756,11.2759
2022-07-08T18:00:00+00:00,26.800,9.800,Open-Meteo Historical Weather API,"Casalecchio di Reno, Bologna, Italy",44.4756,11.2759
2022-07-08T19:00:00+00:00,24.500,9.400,Open-Meteo Historical Weather API,"Casalecchio di Reno, Bologna, Italy",44.4756,11.2759
2022-07-08T20:00:00+00:00,23.100,9.000,Open-Meteo Historical Weather API,"Casalecchio di Reno, Bologna, Italy",44.4756,11.2759
2022-07-08T21:00:00+00:00,21.600,8.900,Open-Meteo Historical Weather API,"Casalecchio di Reno, Bologna, Italy",44.4756,11.2759
2022-07-08T22:00:00+00:00,20.500,9.000,Open-Meteo Historical Weather API,"Casalecchio di Reno, Bologna, Italy",44.4756,11.2759
2022-07-08T23:00:00+00:00,19.500,9.200,Open-Meteo Historical Weather API,"Casalecchio di Reno, Bologna, Italy",44.4756,11.2759
2022-07-09T00:00:00+00:00,20.400,8.500,Open-Meteo Historical Weather API,"Casalecchio di Reno, Bologna, Italy",44.4756,11.2759
2022-07-09T01:00:00+00:00,19.700,9.000,Open-Meteo Historical Weather API,"Casalecchio di Reno, Bologna, Italy",44.4756,11.2759
2022-07-09T02:00:00+00:00,20.300,11.100,Open-Meteo Historical Weather API,"Casalecchio di Reno, Bologna, Italy",44.4756,11.2759
2022-07-09T03:00:00+00:00,19.900,12.500,Open-Meteo Historical Weather API,"Casalecchio di Reno, Bologna, Italy",44.4756,11.2759
2022-07-09T04:00:00+00:00,20.200,12.700,Open-Meteo Historical Weather API,"Casalecchio di Reno, Bologna, Italy",44.4756,11.2759
2022-07-09T05:00:00+00:00,21.100,12.400,Open-Meteo Historical Weather API,"Casalecchio di Reno, Bologna, Italy",44.4756,11.2759
2022-07-09T06:00:00+00:00,22.700,12.000,Open-Meteo Historical Weather API,"Casalecchio di Reno, Bologna, Italy",44.4756,11.2759
2022-07-09T07:00:00+00:00,24.000,10.600,Open-Meteo Historical Weather API,"Casalecchio di Reno, Bologna, Italy",44.4756,11.2759
2022-07-09T08:00:00+00:00,25.200,9.900,Open-Meteo Historical Weather API,"Casalecchio di Reno, Bologna, Italy",44.4756,11.2759
2022-07-09T09:00:00+00:00,26.400,9.600,Open-Meteo Historical Weather API,"Casalecchio di Reno, Bologna, Italy",44.4756,11.2759
2022-07-09T10:00:00+00:00,27.400,9.600,Open-Meteo Historical Weather API,"Casalecchio di Reno, Bologna, Italy",44.4756,11.2759
2022-07-09T11:00:00+00:00,28.100,9.600,Open-Meteo Historical Weather API,"Casalecchio di Reno, Bologna, Italy",44.4756,11.2759
2022-07-09T12:00:00+00:00,28.300,9.400,Open-Meteo Historical Weather API,"Casalecchio di Reno, Bologna, Italy",44.4756,11.2759
2022-07-09T13:00:00+00:00,28.500,8.900,Open-Meteo Historical Weather API,"Casalecchio di Reno, Bologna, Italy",44.4756,11.2759
2022-07-09T14:00:00+00:00,28.500,8.400,Open-Meteo Historical Weather API,"Casalecchio di Reno, Bologna, Italy",44.4756,11.2759
2022-07-09T15:00:00+00:00,28.400,7.800,Open-Meteo Historical Weather API,"Casalecchio di Reno, Bologna, Italy",44.4756,11.2759
2022-07-09T16:00:00+00:00,28.000,7.400,Open-Meteo Historical Weather API,"Casalecchio di Reno, Bologna, Italy",44.4756,11.2759
2022-07-09T17:00:00+00:00,27.100,7.100,Open-Meteo Historical Weather API,"Casalecchio di Reno, Bologna, Italy",44.4756,11.2759
2022-07-09T18:00:00+00:00,26.000,6.400,Open-Meteo Historical Weather API,"Casalecchio di Reno, Bologna, Italy",44.4756,11.2759
2022-07-09T19:00:00+00:00,23.900,6.700,Open-Meteo Historical Weather API,"Casalecchio di Reno, Bologna, Italy",44.4756,11.2759
2022-07-09T20:00:00+00:00,22.400,7.700,Open-Meteo Historical Weather API,"Casalecchio di Reno, Bologna, Italy",44.4756,11.2759
2022-07-09T21:00:00+00:00,21.200,8.200,Open-Meteo Historical Weather API,"Casalecchio di Reno, Bologna, Italy",44.4756,11.2759
2022-07-09T22:00:00+00:00,20.300,8.100,Open-Meteo Historical Weather API,"Casalecchio di Reno, Bologna, Italy",44.4756,11.2759
2022-07-09T23:00:00+00:00,20.100,7.500,Open-Meteo Historical Weather API,"Casalecchio di Reno, Bologna, Italy",44.4756,11.2759
2022-07-10T00:00:00+00:00,19.700,7.200,Open-Meteo Historical Weather API,"Casalecchio di Reno, Bologna, Italy",44.4756,11.2759
2022-07-10T01:00:00+00:00,19.000,6.500,Open-Meteo Historical Weather API,"Casalecchio di Reno, Bologna, Italy",44.4756,11.2759
2022-07-10T02:00:00+00:00,19.200,6.400,Open-Meteo Historical Weather API,"Casalecchio di Reno, Bologna, Italy",44.4756,11.2759
2022-07-10T03:00:00+00:00,19.000,6.400,Open-Meteo Historical Weather API,"Casalecchio di Reno, Bologna, Italy",44.4756,11.2759
2022-07-10T04:00:00+00:00,18.400,6.700,Open-Meteo Historical Weather API,"Casalecchio di Reno, Bologna, Italy",44.4756,11.2759
2022-07-10T05:00:00+00:00,19.600,7.400,Open-Meteo Historical Weather API,"Casalecchio di Reno, Bologna, Italy",44.4756,11.2759
2022-07-10T06:00:00+00:00,23.400,8.800,Open-Meteo Historical Weather API,"Casalecchio di Reno, Bologna, Italy",44.4756,11.2759
2022-07-10T07:00:00+00:00,26.400,7.000,Open-Meteo Historical Weather API,"Casalecchio di Reno, Bologna, Italy",44.4756,11.2759
2022-07-10T08:00:00+00:00,27.900,6.200,Open-Meteo Historical Weather API,"Casalecchio di Reno, Bologna, Italy",44.4756,11.2759
2022-07-10T09:00:00+00:00,29.100,6.700,Open-Meteo Historical Weather API,"Casalecchio di Reno, Bologna, Italy",44.4756,11.2759
2022-07-10T10:00:00+00:00,30.200,7.200,Open-Meteo Historical Weather API,"Casalecchio di Reno, Bologna, Italy",44.4756,11.2759
2022-07-10T11:00:00+00:00,31.200,7.500,Open-Meteo Historical Weather API,"Casalecchio di Reno, Bologna, Italy",44.4756,11.2759
2022-07-10T12:00:00+00:00,31.500,7.900,Open-Meteo Historical Weather API,"Casalecchio di Reno, Bologna, Italy",44.4756,11.2759
2022-07-10T13:00:00+00:00,32.000,7.300,Open-Meteo Historical Weather API,"Casalecchio di Reno, Bologna, Italy",44.4756,11.2759
2022-07-10T14:00:00+00:00,31.500,6.200,Open-Meteo Historical Weather API,"Casalecchio di Reno, Bologna, Italy",44.4756,11.2759
2022-07-10T15:00:00+00:00,31.800,6.100,Open-Meteo Historical Weather API,"Casalecchio di Reno, Bologna, Italy",44.4756,11.2759
2022-07-10T16:00:00+00:00,31.500,6.300,Open-Meteo Historical Weather API,"Casalecchio di Reno, Bologna, Italy",44.4756,11.2759
2022-07-10T17:00:00+00:00,31.000,6.500,Open-Meteo Historical Weather API,"Casalecchio di Reno, Bologna, Italy",44.4756,11.2759
2022-07-10T18:00:00+00:00,28.900,9.300,Open-Meteo Historical Weather API,"Casalecchio di Reno, Bologna, Italy",44.4756,11.2759
2022-07-10T19:00:00+00:00,26.400,11.100,Open-Meteo Historical Weather API,"Casalecchio di Reno, Bologna, Italy",44.4756,11.2759
2022-07-10T20:00:00+00:00,25.100,11.100,Open-Meteo Historical Weather API,"Casalecchio di Reno, Bologna, Italy",44.4756,11.2759
2022-07-10T21:00:00+00:00,24.500,11.200,Open-Meteo Historical Weather API,"Casalecchio di Reno, Bologna, Italy",44.4756,11.2759
2022-07-10T22:00:00+00:00,23.500,11.200,Open-Meteo Historical Weather API,"Casalecchio di Reno, Bologna, Italy",44.4756,11.2759
2022-07-10T23:00:00+00:00,22.100,11.500,Open-Meteo Historical Weather API,"Casalecchio di Reno, Bologna, Italy",44.4756,11.2759
2022-07-11T00:00:00+00:00,22.800,12.200,Open-Meteo Historical Weather API,"Casalecchio di Reno, Bologna, Italy",44.4756,11.2759
2022-07-11T01:00:00+00:00,21.900,12.200,Open-Meteo Historical Weather API,"Casalecchio di Reno, Bologna, Italy",44.4756,11.2759
2022-07-11T02:00:00+00:00,19.500,12.600,Open-Meteo Historical Weather API,"Casalecchio di Reno, Bologna, Italy",44.4756,11.2759
2022-07-11T03:00:00+00:00,18.600,12.400,Open-Meteo Historical Weather API,"Casalecchio di Reno, Bologna, Italy",44.4756,11.2759
2022-07-11T04:00:00+00:00,18.200,12.100,Open-Meteo Historical Weather API,"Casalecchio di Reno, Bologna, Italy",44.4756,11.2759
2022-07-11T05:00:00+00:00,20.000,12.200,Open-Meteo Historical Weather API,"Casalecchio di Reno, Bologna, Italy",44.4756,11.2759
2022-07-11T06:00:00+00:00,22.600,12.400,Open-Meteo Historical Weather API,"Casalecchio di Reno, Bologna, Italy",44.4756,11.2759
2022-07-11T07:00:00+00:00,24.700,13.800,Open-Meteo Historical Weather API,"Casalecchio di Reno, Bologna, Italy",44.4756,11.2759
2022-07-11T08:00:00+00:00,26.800,14.500,Open-Meteo Historical Weather API,"Casalecchio di Reno, Bologna, Italy",44.4756,11.2759
2022-07-11T09:00:00+00:00,28.500,13.100,Open-Meteo Historical Weather API,"Casalecchio di Reno, Bologna, Italy",44.4756,11.2759
2022-07-11T10:00:00+00:00,29.900,12.600,Open-Meteo Historical Weather API,"Casalecchio di Reno, Bologna, Italy",44.4756,11.2759
2022-07-11T11:00:00+00:00,30.800,12.800,Open-Meteo Historical Weather API,"Casalecchio di Reno, Bologna, Italy",44.4756,11.2759
2022-07-11T12:00:00+00:00,31.000,13.600,Open-Meteo Historical Weather API,"Casalecchio di Reno, Bologna, Italy",44.4756,11.2759
2022-07-11T13:00:00+00:00,31.000,14.600,Open-Meteo Historical Weather API,"Casalecchio di Reno, Bologna, Italy",44.4756,11.2759
2022-07-11T14:00:00+00:00,30.800,14.300,Open-Meteo Historical Weather API,"Casalecchio di Reno, Bologna, Italy",44.4756,11.2759
2022-07-11T15:00:00+00:00,30.500,13.900,Open-Meteo Historical Weather API,"Casalecchio di Reno, Bologna, Italy",44.4756,11.2759
2022-07-11T16:00:00+00:00,29.400,14.100,Open-Meteo Historical Weather API,"Casalecchio di Reno, Bologna, Italy",44.4756,11.2759
2022-07-11T17:00:00+00:00,28.500,13.600,Open-Meteo Historical Weather API,"Casalecchio di Reno, Bologna, Italy",44.4756,11.2759
2022-07-11T18:00:00+00:00,27.500,13.200,Open-Meteo Historical Weather API,"Casalecchio di Reno, Bologna, Italy",44.4756,11.2759
2022-07-11T19:00:00+00:00,25.500,13.400,Open-Meteo Historical Weather API,"Casalecchio di Reno, Bologna, Italy",44.4756,11.2759
2022-07-11T20:00:00+00:00,24.200,13.600,Open-Meteo Historical Weather API,"Casalecchio di Reno, Bologna, Italy",44.4756,11.2759
2022-07-11T21:00:00+00:00,23.300,13.800,Open-Meteo Historical Weather API,"Casalecchio di Reno, Bologna, Italy",44.4756,11.2759
2022-07-11T22:00:00+00:00,22.600,14.100,Open-Meteo Historical Weather API,"Casalecchio di Reno, Bologna, Italy",44.4756,11.2759
2022-07-11T23:00:00+00:00,21.900,14.400,Open-Meteo Historical Weather API,"Casalecchio di Reno, Bologna, Italy",44.4756,11.2759
2022-07-12T00:00:00+00:00,21.600,14.200,Open-Meteo Historical Weather API,"Casalecchio di Reno, Bologna, Italy",44.4756,11.2759
2022-07-12T01:00:00+00:00,19.800,16.100,Open-Meteo Historical Weather API,"Casalecchio di Reno, Bologna, Italy",44.4756,11.2759
2022-07-12T02:00:00+00:00,19.900,17.300,Open-Meteo Historical Weather API,"Casalecchio di Reno, Bologna, Italy",44.4756,11.2759
2022-07-12T03:00:00+00:00,19.900,16.400,Open-Meteo Historical Weather API,"Casalecchio di Reno, Bologna, Italy",44.4756,11.2759
2022-07-12T04:00:00+00:00,20.200,15.900,Open-Meteo Historical Weather API,"Casalecchio di Reno, Bologna, Italy",44.4756,11.2759
2022-07-12T05:00:00+00:00,20.000,16.800,Open-Meteo Historical Weather API,"Casalecchio di Reno, Bologna, Italy",44.4756,11.2759
2022-07-12T06:00:00+00:00,20.500,16.200,Open-Meteo Historical Weather API,"Casalecchio di Reno, Bologna, Italy",44.4756,11.2759
2022-07-12T07:00:00+00:00,21.200,17.600,Open-Meteo Historical Weather API,"Casalecchio di Reno, Bologna, Italy",44.4756,11.2759
2022-07-12T08:00:00+00:00,23.300,17.000,Open-Meteo Historical Weather API,"Casalecchio di Reno, Bologna, Italy",44.4756,11.2759
2022-07-12T09:00:00+00:00,24.900,16.500,Open-Meteo Historical Weather API,"Casalecchio di Reno, Bologna, Italy",44.4756,11.2759
2022-07-12T10:00:00+00:00,25.900,16.200,Open-Meteo Historical Weather API,"Casalecchio di Reno, Bologna, Italy",44.4756,11.2759
2022-07-12T11:00:00+00:00,26.900,15.600,Open-Meteo Historical Weather API,"Casalecchio di Reno, Bologna, Italy",44.4756,11.2759
2022-07-12T12:00:00+00:00,28.800,15.500,Open-Meteo Historical Weather API,"Casalecchio di Reno, Bologna, Italy",44.4756,11.2759
2022-07-12T13:00:00+00:00,30.100,15.600,Open-Meteo Historical Weather API,"Casalecchio di Reno, Bologna, Italy",44.4756,11.2759
2022-07-12T14:00:00+00:00,30.800,15.600,Open-Meteo Historical Weather API,"Casalecchio di Reno, Bologna, Italy",44.4756,11.2759
2022-07-12T15:00:00+00:00,30.900,15.400,Open-Meteo Historical Weather API,"Casalecchio di Reno, Bologna, Italy",44.4756,11.2759
2022-07-12T16:00:00+00:00,30.900,14.900,Open-Meteo Historical Weather API,"Casalecchio di Reno, Bologna, Italy",44.4756,11.2759
2022-07-12T17:00:00+00:00,30.000,14.100,Open-Meteo Historical Weather API,"Casalecchio di Reno, Bologna, Italy",44.4756,11.2759
2022-07-12T18:00:00+00:00,26.600,16.200,Open-Meteo Historical Weather API,"Casalecchio di Reno, Bologna, Italy",44.4756,11.2759
2022-07-12T19:00:00+00:00,24.900,17.200,Open-Meteo Historical Weather API,"Casalecchio di Reno, Bologna, Italy",44.4756,11.2759
2022-07-12T20:00:00+00:00,23.800,17.000,Open-Meteo Historical Weather API,"Casalecchio di Reno, Bologna, Italy",44.4756,11.2759
2022-07-12T21:00:00+00:00,23.000,16.600,Open-Meteo Historical Weather API,"Casalecchio di Reno, Bologna, Italy",44.4756,11.2759
2022-07-12T22:00:00+00:00,22.400,16.200,Open-Meteo Historical Weather API,"Casalecchio di Reno, Bologna, Italy",44.4756,11.2759
2022-07-12T23:00:00+00:00,21.600,16.600,Open-Meteo Historical Weather API,"Casalecchio di Reno, Bologna, Italy",44.4756,11.2759
2022-07-13T00:00:00+00:00,21.500,17.200,Open-Meteo Historical Weather API,"Casalecchio di Reno, Bologna, Italy",44.4756,11.2759
2022-07-13T01:00:00+00:00,20.100,17.400,Open-Meteo Historical Weather API,"Casalecchio di Reno, Bologna, Italy",44.4756,11.2759
2022-07-13T02:00:00+00:00,19.800,17.500,Open-Meteo Historical Weather API,"Casalecchio di Reno, Bologna, Italy",44.4756,11.2759
2022-07-13T03:00:00+00:00,19.200,17.600,Open-Meteo Historical Weather API,"Casalecchio di Reno, Bologna, Italy",44.4756,11.2759
2022-07-13T04:00:00+00:00,19.100,17.600,Open-Meteo Historical Weather API,"Casalecchio di Reno, Bologna, Italy",44.4756,11.2759
2022-07-13T05:00:00+00:00,20.900,17.500,Open-Meteo Historical Weather API,"Casalecchio di Reno, Bologna, Italy",44.4756,11.2759
2022-07-13T06:00:00+00:00,23.200,16.800,Open-Meteo Historical Weather API,"Casalecchio di Reno, Bologna, Italy",44.4756,11.2759
2022-07-13T07:00:00+00:00,25.000,15.600,Open-Meteo Historical Weather API,"Casalecchio di Reno, Bologna, Italy",44.4756,11.2759
2022-07-13T08:00:00+00:00,26.500,14.900,Open-Meteo Historical Weather API,"Casalecchio di Reno, Bologna, Italy",44.4756,11.2759
2022-07-13T09:00:00+00:00,28.000,14.400,Open-Meteo Historical Weather API,"Casalecchio di Reno, Bologna, Italy",44.4756,11.2759
2022-07-13T10:00:00+00:00,29.200,13.900,Open-Meteo Historical Weather API,"Casalecchio di Reno, Bologna, Italy",44.4756,11.2759
2022-07-13T11:00:00+00:00,30.100,13.400,Open-Meteo Historical Weather API,"Casalecchio di Reno, Bologna, Italy",44.4756,11.2759
2022-07-13T12:00:00+00:00,30.800,11.600,Open-Meteo Historical Weather API,"Casalecchio di Reno, Bologna, Italy",44.4756,11.2759
2022-07-13T13:00:00+00:00,31.600,10.100,Open-Meteo Historical Weather API,"Casalecchio di Reno, Bologna, Italy",44.4756,11.2759
2022-07-13T14:00:00+00:00,32.000,9.200,Open-Meteo Historical Weather API,"Casalecchio di Reno, Bologna, Italy",44.4756,11.2759
2022-07-13T15:00:00+00:00,31.900,9.100,Open-Meteo Historical Weather API,"Casalecchio di Reno, Bologna, Italy",44.4756,11.2759
2022-07-13T16:00:00+00:00,31.500,9.000,Open-Meteo Historical Weather API,"Casalecchio di Reno, Bologna, Italy",44.4756,11.2759
2022-07-13T17:00:00+00:00,30.600,10.400,Open-Meteo Historical Weather API,"Casalecchio di Reno, Bologna, Italy",44.4756,11.2759
2022-07-13T18:00:00+00:00,29.000,10.600,Open-Meteo Historical Weather API,"Casalecchio di Reno, Bologna, Italy",44.4756,11.2759
2022-07-13T19:00:00+00:00,26.800,9.600,Open-Meteo Historical Weather API,"Casalecchio di Reno, Bologna, Italy",44.4756,11.2759
2022-07-13T20:00:00+00:00,25.100,9.100,Open-Meteo Historical Weather API,"Casalecchio di Reno, Bologna, Italy",44.4756,11.2759
2022-07-13T21:00:00+00:00,23.500,9.200,Open-Meteo Historical Weather API,"Casalecchio di Reno, Bologna, Italy",44.4756,11.2759
2022-07-13T22:00:00+00:00,22.100,9.800,Open-Meteo Historical Weather API,"Casalecchio di Reno, Bologna, Italy",44.4756,11.2759
2022-07-13T23:00:00+00:00,21.000,10.000,Open-Meteo Historical Weather API,"Casalecchio di Reno, Bologna, Italy",44.4756,11.2759
2022-07-14T00:00:00+00:00,20.100,9.600,Open-Meteo Historical Weather API,"Casalecchio di Reno, Bologna, Italy",44.4756,11.2759
2022-07-14T01:00:00+00:00,19.600,8.100,Open-Meteo Historical Weather API,"Casalecchio di Reno, Bologna, Italy",44.4756,11.2759
2022-07-14T02:00:00+00:00,19.800,6.300,Open-Meteo Historical Weather API,"Casalecchio di Reno, Bologna, Italy",44.4756,11.2759
2022-07-14T03:00:00+00:00,19.800,5.300,Open-Meteo Historical Weather API,"Casalecchio di Reno, Bologna, Italy",44.4756,11.2759
2022-07-14T04:00:00+00:00,19.500,5.700,Open-Meteo Historical Weather API,"Casalecchio di Reno, Bologna, Italy",44.4756,11.2759
2022-07-14T05:00:00+00:00,21.100,7.700,Open-Meteo Historical Weather API,"Casalecchio di Reno, Bologna, Italy",44.4756,11.2759
2022-07-14T06:00:00+00:00,24.700,10.600,Open-Meteo Historical Weather API,"Casalecchio di Reno, Bologna, Italy",44.4756,11.2759
2022-07-14T07:00:00+00:00,28.500,8.700,Open-Meteo Historical Weather API,"Casalecchio di Reno, Bologna, Italy",44.4756,11.2759
2022-07-14T08:00:00+00:00,30.300,5.200,Open-Meteo Historical Weather API,"Casalecchio di Reno, Bologna, Italy",44.4756,11.2759
2022-07-14T09:00:00+00:00,31.600,4.100,Open-Meteo Historical Weather API,"Casalecchio di Reno, Bologna, Italy",44.4756,11.2759
2022-07-14T10:00:00+00:00,32.800,5.300,Open-Meteo Historical Weather API,"Casalecchio di Reno, Bologna, Italy",44.4756,11.2759
2022-07-14T11:00:00+00:00,33.700,6.600,Open-Meteo Historical Weather API,"Casalecchio di Reno, Bologna, Italy",44.4756,11.2759
2022-07-14T12:00:00+00:00,33.500,7.800,Open-Meteo Historical Weather API,"Casalecchio di Reno, Bologna, Italy",44.4756,11.2759
2022-07-14T13:00:00+00:00,34.300,8.100,Open-Meteo Historical Weather API,"Casalecchio di Reno, Bologna, Italy",44.4756,11.2759
2022-07-14T14:00:00+00:00,34.200,8.100,Open-Meteo Historical Weather API,"Casalecchio di Reno, Bologna, Italy",44.4756,11.2759
2022-07-14T15:00:00+00:00,33.800,7.900,Open-Meteo Historical Weather API,"Casalecchio di Reno, Bologna, Italy",44.4756,11.2759
2022-07-14T16:00:00+00:00,33.300,8.200,Open-Meteo Historical Weather API,"Casalecchio di Reno, Bologna, Italy",44.4756,11.2759
2022-07-14T17:00:00+00:00,32.500,9.400,Open-Meteo Historical Weather API,"Casalecchio di Reno, Bologna, Italy",44.4756,11.2759
2022-07-14T18:00:00+00:00,30.500,11.100,Open-Meteo Historical Weather API,"Casalecchio di Reno, Bologna, Italy",44.4756,11.2759
2022-07-14T19:00:00+00:00,28.400,11.100,Open-Meteo Historical Weather API,"Casalecchio di Reno, Bologna, Italy",44.4756,11.2759
2022-07-14T20:00:00+00:00,26.800,11.300,Open-Meteo Historical Weather API,"Casalecchio di Reno, Bologna, Italy",44.4756,11.2759
2022-07-14T21:00:00+00:00,24.800,12.500,Open-Meteo Historical Weather API,"Casalecchio di Reno, Bologna, Italy",44.4756,11.2759
2022-07-14T22:00:00+00:00,23.500,13.200,Open-Meteo Historical Weather API,"Casalecchio di Reno, Bologna, Italy",44.4756,11.2759
2022-07-14T23:00:00+00:00,24.200,11.400,Open-Meteo Historical Weather API,"Casalecchio di Reno, Bologna, Italy",44.4756,11.2759
2022-07-15T00:00:00+00:00,25.000,11.600,Open-Meteo Historical Weather API,"Casalecchio di Reno, Bologna, Italy",44.4756,11.2759
2022-07-15T01:00:00+00:00,24.000,12.600,Open-Meteo Historical Weather API,"Casalecchio di Reno, Bologna, Italy",44.4756,11.2759
2022-07-15T02:00:00+00:00,23.700,13.700,Open-Meteo Historical Weather API,"Casalecchio di Reno, Bologna, Italy",44.4756,11.2759
2022-07-15T03:00:00+00:00,23.600,14.300,Open-Meteo Historical Weather API,"Casalecchio di Reno, Bologna, Italy",44.4756,11.2759
2022-07-15T04:00:00+00:00,22.400,14.900,Open-Meteo Historical Weather API,"Casalecchio di Reno, Bologna, Italy",44.4756,11.2759
2022-07-15T05:00:00+00:00,23.200,15.700,Open-Meteo Historical Weather API,"Casalecchio di Reno, Bologna, Italy",44.4756,11.2759
2022-07-15T06:00:00+00:00,26.000,16.500,Open-Meteo Historical Weather API,"Casalecchio di Reno, Bologna, Italy",44.4756,11.2759
2022-07-15T07:00:00+00:00,28.900,14.500,Open-Meteo Historical Weather API,"Casalecchio di Reno, Bologna, Italy",44.4756,11.2759
2022-07-15T08:00:00+00:00,30.600,13.000,Open-Meteo Historical Weather API,"Casalecchio di Reno, Bologna, Italy",44.4756,11.2759
2022-07-15T09:00:00+00:00,32.200,12.600,Open-Meteo Historical Weather API,"Casalecchio di Reno, Bologna, Italy",44.4756,11.2759
2022-07-15T10:00:00+00:00,33.500,12.800,Open-Meteo Historical Weather API,"Casalecchio di Reno, Bologna, Italy",44.4756,11.2759
2022-07-15T11:00:00+00:00,34.900,13.100,Open-Meteo Historical Weather API,"Casalecchio di Reno, Bologna, Italy",44.4756,11.2759
2022-07-15T12:00:00+00:00,35.700,12.400,Open-Meteo Historical Weather API,"Casalecchio di Reno, Bologna, Italy",44.4756,11.2759
2022-07-15T13:00:00+00:00,36.300,12.400,Open-Meteo Historical Weather API,"Casalecchio di Reno, Bologna, Italy",44.4756,11.2759
2022-07-15T14:00:00+00:00,36.600,12.400,Open-Meteo Historical Weather API,"Casalecchio di Reno, Bologna, Italy",44.4756,11.2759
2022-07-15T15:00:00+00:00,36.500,12.200,Open-Meteo Historical Weather API,"Casalecchio di Reno, Bologna, Italy",44.4756,11.2759
2022-07-15T16:00:00+00:00,36.300,12.100,Open-Meteo Historical Weather API,"Casalecchio di Reno, Bologna, Italy",44.4756,11.2759
2022-07-15T17:00:00+00:00,34.500,14.600,Open-Meteo Historical Weather API,"Casalecchio di Reno, Bologna, Italy",44.4756,11.2759
2022-07-15T18:00:00+00:00,32.800,14.900,Open-Meteo Historical Weather API,"Casalecchio di Reno, Bologna, Italy",44.4756,11.2759
2022-07-15T19:00:00+00:00,30.500,13.800,Open-Meteo Historical Weather API,"Casalecchio di Reno, Bologna, Italy",44.4756,11.2759
2022-07-15T20:00:00+00:00,28.400,13.600,Open-Meteo Historical Weather API,"Casalecchio di Reno, Bologna, Italy",44.4756,11.2759
2022-07-15T21:00:00+00:00,27.300,13.600,Open-Meteo Historical Weather API,"Casalecchio di Reno, Bologna, Italy",44.4756,11.2759
2022-07-15T22:00:00+00:00,27.200,13.800,Open-Meteo Historical Weather API,"Casalecchio di Reno, Bologna, Italy",44.4756,11.2759
2022-07-15T23:00:00+00:00,26.400,14.100,Open-Meteo Historical Weather API,"Casalecchio di Reno, Bologna, Italy",44.4756,11.2759
2022-07-16T00:00:00+00:00,25.500,15.300,Open-Meteo Historical Weather API,"Casalecchio di Reno, Bologna, Italy",44.4756,11.2759
2022-07-16T01:00:00+00:00,23.100,16.300,Open-Meteo Historical Weather API,"Casalecchio di Reno, Bologna, Italy",44.4756,11.2759
2022-07-16T02:00:00+00:00,23.300,15.900,Open-Meteo Historical Weather API,"Casalecchio di Reno, Bologna, Italy",44.4756,11.2759
2022-07-16T03:00:00+00:00,21.800,16.100,Open-Meteo Historical Weather API,"Casalecchio di Reno, Bologna, Italy",44.4756,11.2759
2022-07-16T04:00:00+00:00,21.400,16.500,Open-Meteo Historical Weather API,"Casalecchio di Reno, Bologna, Italy",44.4756,11.2759
2022-07-16T05:00:00+00:00,23.400,17.000,Open-Meteo Historical Weather API,"Casalecchio di Reno, Bologna, Italy",44.4756,11.2759
2022-07-16T06:00:00+00:00,25.300,18.200,Open-Meteo Historical Weather API,"Casalecchio di Reno, Bologna, Italy",44.4756,11.2759
2022-07-16T07:00:00+00:00,26.500,19.500,Open-Meteo Historical Weather API,"Casalecchio di Reno, Bologna, Italy",44.4756,11.2759
2022-07-16T08:00:00+00:00,28.000,19.400,Open-Meteo Historical Weather API,"Casalecchio di Reno, Bologna, Italy",44.4756,11.2759
2022-07-16T09:00:00+00:00,29.800,18.700,Open-Meteo Historical Weather API,"Casalecchio di Reno, Bologna, Italy",44.4756,11.2759
2022-07-16T10:00:00+00:00,31.400,18.000,Open-Meteo Historical Weather API,"Casalecchio di Reno, Bologna, Italy",44.4756,11.2759
2022-07-16T11:00:00+00:00,32.700,17.500,Open-Meteo Historical Weather API,"Casalecchio di Reno, Bologna, Italy",44.4756,11.2759
2022-07-16T12:00:00+00:00,33.300,17.800,Open-Meteo Historical Weather API,"Casalecchio di Reno, Bologna, Italy",44.4756,11.2759
2022-07-16T13:00:00+00:00,34.200,17.500,Open-Meteo Historical Weather API,"Casalecchio di Reno, Bologna, Italy",44.4756,11.2759
2022-07-16T14:00:00+00:00,34.600,17.400,Open-Meteo Historical Weather API,"Casalecchio di Reno, Bologna, Italy",44.4756,11.2759
2022-07-16T15:00:00+00:00,33.800,17.400,Open-Meteo Historical Weather API,"Casalecchio di Reno, Bologna, Italy",44.4756,11.2759
2022-07-16T16:00:00+00:00,33.500,17.600,Open-Meteo Historical Weather API,"Casalecchio di Reno, Bologna, Italy",44.4756,11.2759
2022-07-16T17:00:00+00:00,33.600,17.500,Open-Meteo Historical Weather API,"Casalecchio di Reno, Bologna, Italy",44.4756,11.2759
2022-07-16T18:00:00+00:00,31.500,17.500,Open-Meteo Historical Weather API,"Casalecchio di Reno, Bologna, Italy",44.4756,11.2759
2022-07-16T19:00:00+00:00,29.100,17.500,Open-Meteo Historical Weather API,"Casalecchio di Reno, Bologna, Italy",44.4756,11.2759
2022-07-16T20:00:00+00:00,27.700,17.700,Open-Meteo Historical Weather API,"Casalecchio di Reno, Bologna, Italy",44.4756,11.2759
2022-07-16T21:00:00+00:00,26.800,17.800,Open-Meteo Historical Weather API,"Casalecchio di Reno, Bologna, Italy",44.4756,11.2759
2022-07-16T22:00:00+00:00,26.000,18.000,Open-Meteo Historical Weather API,"Casalecchio di Reno, Bologna, Italy",44.4756,11.2759
2022-07-16T23:00:00+00:00,25.000,18.100,Open-Meteo Historical Weather API,"Casalecchio di Reno, Bologna, Italy",44.4756,11.2759
2022-07-17T00:00:00+00:00,24.400,19.500,Open-Meteo Historical Weather API,"Casalecchio di Reno, Bologna, Italy",44.4756,11.2759
2022-07-17T01:00:00+00:00,23.800,18.200,Open-Meteo Historical Weather API,"Casalecchio di Reno, Bologna, Italy",44.4756,11.2759
2022-07-17T02:00:00+00:00,23.500,17.600,Open-Meteo Historical Weather API,"Casalecchio di Reno, Bologna, Italy",44.4756,11.2759
2022-07-17T03:00:00+00:00,22.800,20.000,Open-Meteo Historical Weather API,"Casalecchio di Reno, Bologna, Italy",44.4756,11.2759
2022-07-17T04:00:00+00:00,22.700,20.900,Open-Meteo Historical Weather API,"Casalecchio di Reno, Bologna, Italy",44.4756,11.2759
2022-07-17T05:00:00+00:00,23.200,21.500,Open-Meteo Historical Weather API,"Casalecchio di Reno, Bologna, Italy",44.4756,11.2759
2022-07-17T06:00:00+00:00,23.900,20.200,Open-Meteo Historical Weather API,"Casalecchio di Reno, Bologna, Italy",44.4756,11.2759
2022-07-17T07:00:00+00:00,25.700,19.800,Open-Meteo Historical Weather API,"Casalecchio di Reno, Bologna, Italy",44.4756,11.2759
2022-07-17T08:00:00+00:00,27.900,18.300,Open-Meteo Historical Weather API,"Casalecchio di Reno, Bologna, Italy",44.4756,11.2759
2022-07-17T09:00:00+00:00,29.500,16.800,Open-Meteo Historical Weather API,"Casalecchio di Reno, Bologna, Italy",44.4756,11.2759
2022-07-17T10:00:00+00:00,30.700,16.300,Open-Meteo Historical Weather API,"Casalecchio di Reno, Bologna, Italy",44.4756,11.2759
2022-07-17T11:00:00+00:00,31.400,16.400,Open-Meteo Historical Weather API,"Casalecchio di Reno, Bologna, Italy",44.4756,11.2759
2022-07-17T12:00:00+00:00,32.200,16.700,Open-Meteo Historical Weather API,"Casalecchio di Reno, Bologna, Italy",44.4756,11.2759
2022-07-17T13:00:00+00:00,32.400,16.100,Open-Meteo Historical Weather API,"Casalecchio di Reno, Bologna, Italy",44.4756,11.2759
2022-07-17T14:00:00+00:00,32.200,15.900,Open-Meteo Historical Weather API,"Casalecchio di Reno, Bologna, Italy",44.4756,11.2759
2022-07-17T15:00:00+00:00,32.200,15.600,Open-Meteo Historical Weather API,"Casalecchio di Reno, Bologna, Italy",44.4756,11.2759
2022-07-17T16:00:00+00:00,31.800,15.400,Open-Meteo Historical Weather API,"Casalecchio di Reno, Bologna, Italy",44.4756,11.2759
2022-07-17T17:00:00+00:00,31.000,15.100,Open-Meteo Historical Weather API,"Casalecchio di Reno, Bologna, Italy",44.4756,11.2759
2022-07-17T18:00:00+00:00,30.000,14.600,Open-Meteo Historical Weather API,"Casalecchio di Reno, Bologna, Italy",44.4756,11.2759
2022-07-17T19:00:00+00:00,28.300,14.400,Open-Meteo Historical Weather API,"Casalecchio di Reno, Bologna, Italy",44.4756,11.2759
2022-07-17T20:00:00+00:00,26.900,14.500,Open-Meteo Historical Weather API,"Casalecchio di Reno, Bologna, Italy",44.4756,11.2759
2022-07-17T21:00:00+00:00,25.600,14.700,Open-Meteo Historical Weather API,"Casalecchio di Reno, Bologna, Italy",44.4756,11.2759
2022-07-17T22:00:00+00:00,24.700,14.900,Open-Meteo Historical Weather API,"Casalecchio di Reno, Bologna, Italy",44.4756,11.2759
2022-07-17T23:00:00+00:00,23.800,14.900,Open-Meteo Historical Weather API,"Casalecchio di Reno, Bologna, Italy",44.4756,11.2759
2022-07-18T00:00:00+00:00,23.300,15.600,Open-Meteo Historical Weather API,"Casalecchio di Reno, Bologna, Italy",44.4756,11.2759
2022-07-18T01:00:00+00:00,22.500,14.900,Open-Meteo Historical Weather API,"Casalecchio di Reno, Bologna, Italy",44.4756,11.2759
2022-07-18T02:00:00+00:00,22.100,14.500,Open-Meteo Historical Weather API,"Casalecchio di Reno, Bologna, Italy",44.4756,11.2759
2022-07-18T03:00:00+00:00,21.600,14.400,Open-Meteo Historical Weather API,"Casalecchio di Reno, Bologna, Italy",44.4756,11.2759
2022-07-18T04:00:00+00:00,21.400,14.600,Open-Meteo Historical Weather API,"Casalecchio di Reno, Bologna, Italy",44.4756,11.2759
2022-07-18T05:00:00+00:00,23.000,15.200,Open-Meteo Historical Weather API,"Casalecchio di Reno, Bologna, Italy",44.4756,11.2759
2022-07-18T06:00:00+00:00,25.100,16.100,Open-Meteo Historical Weather API,"Casalecchio di Reno, Bologna, Italy",44.4756,11.2759
2022-07-18T07:00:00+00:00,26.400,17.700,Open-Meteo Historical Weather API,"Casalecchio di Reno, Bologna, Italy",44.4756,11.2759
2022-07-18T08:00:00+00:00,28.000,17.200,Open-Meteo Historical Weather API,"Casalecchio di Reno, Bologna, Italy",44.4756,11.2759
2022-07-18T09:00:00+00:00,29.500,15.900,Open-Meteo Historical Weather API,"Casalecchio di Reno, Bologna, Italy",44.4756,11.2759
2022-07-18T10:00:00+00:00,31.100,14.600,Open-Meteo Historical Weather API,"Casalecchio di Reno, Bologna, Italy",44.4756,11.2759
2022-07-18T11:00:00+00:00,32.200,13.500,Open-Meteo Historical Weather API,"Casalecchio di Reno, Bologna, Italy",44.4756,11.2759
2022-07-18T12:00:00+00:00,32.200,13.100,Open-Meteo Historical Weather API,"Casalecchio di Reno, Bologna, Italy",44.4756,11.2759
2022-07-18T13:00:00+00:00,32.800,12.600,Open-Meteo Historical Weather API,"Casalecchio di Reno, Bologna, Italy",44.4756,11.2759
2022-07-18T14:00:00+00:00,33.000,12.200,Open-Meteo Historical Weather API,"Casalecchio di Reno, Bologna, Italy",44.4756,11.2759
2022-07-18T15:00:00+00:00,32.500,11.700,Open-Meteo Historical Weather API,"Casalecchio di Reno, Bologna, Italy",44.4756,11.2759
2022-07-18T16:00:00+00:00,31.800,11.000,Open-Meteo Historical Weather API,"Casalecchio di Reno, Bologna, Italy",44.4756,11.2759
2022-07-18T17:00:00+00:00,30.900,10.200,Open-Meteo Historical Weather API,"Casalecchio di Reno, Bologna, Italy",44.4756,11.2759
2022-07-18T18:00:00+00:00,29.600,10.000,Open-Meteo Historical Weather API,"Casalecchio di Reno, Bologna, Italy",44.4756,11.2759
2022-07-18T19:00:00+00:00,27.500,9.600,Open-Meteo Historical Weather API,"Casalecchio di Reno, Bologna, Italy",44.4756,11.2759
2022-07-18T20:00:00+00:00,26.000,9.600,Open-Meteo Historical Weather API,"Casalecchio di Reno, Bologna, Italy",44.4756,11.2759
2022-07-18T21:00:00+00:00,24.600,10.400,Open-Meteo Historical Weather API,"Casalecchio di Reno, Bologna, Italy",44.4756,11.2759
2022-07-18T22:00:00+00:00,23.500,11.200,Open-Meteo Historical Weather API,"Casalecchio di Reno, Bologna, Italy",44.4756,11.2759
2022-07-18T23:00:00+00:00,22.400,12.000,Open-Meteo Historical Weather API,"Casalecchio di Reno, Bologna, Italy",44.4756,11.2759
2022-07-19T00:00:00+00:00,22.900,12.400,Open-Meteo Historical Weather API,"Casalecchio di Reno, Bologna, Italy",44.4756,11.2759
2022-07-19T01:00:00+00:00,22.200,11.300,Open-Meteo Historical Weather API,"Casalecchio di Reno, Bologna, Italy",44.4756,11.2759
2022-07-19T02:00:00+00:00,22.600,9.400,Open-Meteo Historical Weather API,"Casalecchio di Reno, Bologna, Italy",44.4756,11.2759
2022-07-19T03:00:00+00:00,22.000,8.100,Open-Meteo Historical Weather API,"Casalecchio di Reno, Bologna, Italy",44.4756,11.2759
2022-07-19T04:00:00+00:00,21.000,8.200,Open-Meteo Historical Weather API,"Casalecchio di Reno, Bologna, Italy",44.4756,11.2759
2022-07-19T05:00:00+00:00,23.100,9.200,Open-Meteo Historical Weather API,"Casalecchio di Reno, Bologna, Italy",44.4756,11.2759
2022-07-19T06:00:00+00:00,26.300,10.500,Open-Meteo Historical Weather API,"Casalecchio di Reno, Bologna, Italy",44.4756,11.2759
2022-07-19T07:00:00+00:00,28.400,9.600,Open-Meteo Historical Weather API,"Casalecchio di Reno, Bologna, Italy",44.4756,11.2759
2022-07-19T08:00:00+00:00,29.500,9.700,Open-Meteo Historical Weather API,"Casalecchio di Reno, Bologna, Italy",44.4756,11.2759
2022-07-19T09:00:00+00:00,30.500,10.400,Open-Meteo Historical Weather API,"Casalecchio di Reno, Bologna, Italy",44.4756,11.2759
2022-07-19T10:00:00+00:00,31.700,11.200,Open-Meteo Historical Weather API,"Casalecchio di Reno, Bologna, Italy",44.4756,11.2759
2022-07-19T11:00:00+00:00,32.800,11.600,Open-Meteo Historical Weather API,"Casalecchio di Reno, Bologna, Italy",44.4756,11.2759
2022-07-19T12:00:00+00:00,33.500,12.600,Open-Meteo Historical Weather API,"Casalecchio di Reno, Bologna, Italy",44.4756,11.2759
2022-07-19T13:00:00+00:00,34.100,12.400,Open-Meteo Historical Weather API,"Casalecchio di Reno, Bologna, Italy",44.4756,11.2759
2022-07-19T14:00:00+00:00,34.100,11.500,Open-Meteo Historical Weather API,"Casalecchio di Reno, Bologna, Italy",44.4756,11.2759
2022-07-19T15:00:00+00:00,33.700,10.600,Open-Meteo Historical Weather API,"Casalecchio di Reno, Bologna, Italy",44.4756,11.2759
2022-07-19T16:00:00+00:00,33.000,10.100,Open-Meteo Historical Weather API,"Casalecchio di Reno, Bologna, Italy",44.4756,11.2759
2022-07-19T17:00:00+00:00,32.000,9.500,Open-Meteo Historical Weather API,"Casalecchio di Reno, Bologna, Italy",44.4756,11.2759
2022-07-19T18:00:00+00:00,30.600,9.000,Open-Meteo Historical Weather API,"Casalecchio di Reno, Bologna, Italy",44.4756,11.2759
2022-07-19T19:00:00+00:00,28.500,8.200,Open-Meteo Historical Weather API,"Casalecchio di Reno, Bologna, Italy",44.4756,11.2759
2022-07-19T20:00:00+00:00,26.900,8.600,Open-Meteo Historical Weather API,"Casalecchio di Reno, Bologna, Italy",44.4756,11.2759
2022-07-19T21:00:00+00:00,25.500,9.900,Open-Meteo Historical Weather API,"Casalecchio di Reno, Bologna, Italy",44.4756,11.2759
2022-07-19T22:00:00+00:00,24.200,10.600,Open-Meteo Historical Weather API,"Casalecchio di Reno, Bologna, Italy",44.4756,11.2759
2022-07-19T23:00:00+00:00,23.500,9.900,Open-Meteo Historical Weather API,"Casalecchio di Reno, Bologna, Italy",44.4756,11.2759
2022-07-20T00:00:00+00:00,22.800,7.900,Open-Meteo Historical Weather API,"Casalecchio di Reno, Bologna, Italy",44.4756,11.2759
2022-07-20T01:00:00+00:00,22.100,5.400,Open-Meteo Historical Weather API,"Casalecchio di Reno, Bologna, Italy",44.4756,11.2759
2022-07-20T02:00:00+00:00,21.900,4.600,Open-Meteo Historical Weather API,"Casalecchio di Reno, Bologna, Italy",44.4756,11.2759
2022-07-20T03:00:00+00:00,21.500,4.600,Open-Meteo Historical Weather API,"Casalecchio di Reno, Bologna, Italy",44.4756,11.2759
2022-07-20T04:00:00+00:00,21.000,4.400,Open-Meteo Historical Weather API,"Casalecchio di Reno, Bologna, Italy",44.4756,11.2759
2022-07-20T05:00:00+00:00,22.500,5.800,Open-Meteo Historical Weather API,"Casalecchio di Reno, Bologna, Italy",44.4756,11.2759
2022-07-20T06:00:00+00:00,26.400,7.700,Open-Meteo Historical Weather API,"Casalecchio di Reno, Bologna, Italy",44.4756,11.2759
2022-07-20T07:00:00+00:00,29.200,7.200,Open-Meteo Historical Weather API,"Casalecchio di Reno, Bologna, Italy",44.4756,11.2759
2022-07-20T08:00:00+00:00,30.500,8.200,Open-Meteo Historical Weather API,"Casalecchio di Reno, Bologna, Italy",44.4756,11.2759
2022-07-20T09:00:00+00:00,31.900,9.200,Open-Meteo Historical Weather API,"Casalecchio di Reno, Bologna, Italy",44.4756,11.2759
2022-07-20T10:00:00+00:00,33.000,10.100,Open-Meteo Historical Weather API,"Casalecchio di Reno, Bologna, Italy",44.4756,11.2759
2022-07-20T11:00:00+00:00,33.800,11.100,Open-Meteo Historical Weather API,"Casalecchio di Reno, Bologna, Italy",44.4756,11.2759
2022-07-20T12:00:00+00:00,34.300,10.700,Open-Meteo Historical Weather API,"Casalecchio di Reno, Bologna, Italy",44.4756,11.2759
2022-07-20T13:00:00+00:00,34.600,11.400,Open-Meteo Historical Weather API,"Casalecchio di Reno, Bologna, Italy",44.4756,11.2759
2022-07-20T14:00:00+00:00,34.800,11.700,Open-Meteo Historical Weather API,"Casalecchio di Reno, Bologna, Italy",44.4756,11.2759
2022-07-20T15:00:00+00:00,34.900,11.900,Open-Meteo Historical Weather API,"Casalecchio di Reno, Bologna, Italy",44.4756,11.2759
2022-07-20T16:00:00+00:00,34.500,12.400,Open-Meteo Historical Weather API,"Casalecchio di Reno, Bologna, Italy",44.4756,11.2759
2022-07-20T17:00:00+00:00,33.500,13.000,Open-Meteo Historical Weather API,"Casalecchio di Reno, Bologna, Italy",44.4756,11.2759
2022-07-20T18:00:00+00:00,31.500,12.600,Open-Meteo Historical Weather API,"Casalecchio di Reno, Bologna, Italy",44.4756,11.2759
2022-07-20T19:00:00+00:00,29.400,11.200,Open-Meteo Historical Weather API,"Casalecchio di Reno, Bologna, Italy",44.4756,11.2759
2022-07-20T20:00:00+00:00,28.000,10.600,Open-Meteo Historical Weather API,"Casalecchio di Reno, Bologna, Italy",44.4756,11.2759
2022-07-20T21:00:00+00:00,26.500,10.800,Open-Meteo Historical Weather API,"Casalecchio di Reno, Bologna, Italy",44.4756,11.2759
2022-07-20T22:00:00+00:00,25.600,11.000,Open-Meteo Historical Weather API,"Casalecchio di Reno, Bologna, Italy",44.4756,11.2759
2022-07-20T23:00:00+00:00,24.400,11.400,Open-Meteo Historical Weather API,"Casalecchio di Reno, Bologna, Italy",44.4756,11.2759
2022-07-21T00:00:00+00:00,24.200,11.300,Open-Meteo Historical Weather API,"Casalecchio di Reno, Bologna, Italy",44.4756,11.2759
2022-07-21T01:00:00+00:00,22.600,11.600,Open-Meteo Historical Weather API,"Casalecchio di Reno, Bologna, Italy",44.4756,11.2759
2022-07-21T02:00:00+00:00,21.900,12.100,Open-Meteo Historical Weather API,"Casalecchio di Reno, Bologna, Italy",44.4756,11.2759
2022-07-21T03:00:00+00:00,21.200,12.600,Open-Meteo Historical Weather API,"Casalecchio di Reno, Bologna, Italy",44.4756,11.2759
2022-07-21T04:00:00+00:00,21.500,12.400,Open-Meteo Historical Weather API,"Casalecchio di Reno, Bologna, Italy",44.4756,11.2759
2022-07-21T05:00:00+00:00,23.400,13.100,Open-Meteo Historical Weather API,"Casalecchio di Reno, Bologna, Italy",44.4756,11.2759
2022-07-21T06:00:00+00:00,26.600,13.900,Open-Meteo Historical Weather API,"Casalecchio di Reno, Bologna, Italy",44.4756,11.2759
2022-07-21T07:00:00+00:00,29.100,13.500,Open-Meteo Historical Weather API,"Casalecchio di Reno, Bologna, Italy",44.4756,11.2759
2022-07-21T08:00:00+00:00,31.000,12.900,Open-Meteo Historical Weather API,"Casalecchio di Reno, Bologna, Italy",44.4756,11.2759
2022-07-21T09:00:00+00:00,32.700,12.400,Open-Meteo Historical Weather API,"Casalecchio di Reno, Bologna, Italy",44.4756,11.2759
2022-07-21T10:00:00+00:00,34.300,12.200,Open-Meteo Historical Weather API,"Casalecchio di Reno, Bologna, Italy",44.4756,11.2759
2022-07-21T11:00:00+00:00,35.500,12.200,Open-Meteo Historical Weather API,"Casalecchio di Reno, Bologna, Italy",44.4756,11.2759
2022-07-21T12:00:00+00:00,35.300,13.500,Open-Meteo Historical Weather API,"Casalecchio di Reno, Bologna, Italy",44.4756,11.2759
2022-07-21T13:00:00+00:00,36.000,13.700,Open-Meteo Historical Weather API,"Casalecchio di Reno, Bologna, Italy",44.4756,11.2759
2022-07-21T14:00:00+00:00,36.300,13.800,Open-Meteo Historical Weather API,"Casalecchio di Reno, Bologna, Italy",44.4756,11.2759
2022-07-21T15:00:00+00:00,35.800,13.900,Open-Meteo Historical Weather API,"Casalecchio di Reno, Bologna, Italy",44.4756,11.2759
2022-07-21T16:00:00+00:00,35.000,13.900,Open-Meteo Historical Weather API,"Casalecchio di Reno, Bologna, Italy",44.4756,11.2759
2022-07-21T17:00:00+00:00,33.500,13.500,Open-Meteo Historical Weather API,"Casalecchio di Reno, Bologna, Italy",44.4756,11.2759
2022-07-21T18:00:00+00:00,31.800,13.400,Open-Meteo Historical Weather API,"Casalecchio di Reno, Bologna, Italy",44.4756,11.2759
2022-07-21T19:00:00+00:00,29.800,14.100,Open-Meteo Historical Weather API,"Casalecchio di Reno, Bologna, Italy",44.4756,11.2759
2022-07-21T20:00:00+00:00,28.500,14.800,Open-Meteo Historical Weather API,"Casalecchio di Reno, Bologna, Italy",44.4756,11.2759
2022-07-21T21:00:00+00:00,26.900,15.400,Open-Meteo Historical Weather API,"Casalecchio di Reno, Bologna, Italy",44.4756,11.2759
2022-07-21T22:00:00+00:00,25.600,15.400,Open-Meteo Historical Weather API,"Casalecchio di Reno, Bologna, Italy",44.4756,11.2759
2022-07-21T23:00:00+00:00,25.100,14.100,Open-Meteo Historical Weather API,"Casalecchio di Reno, Bologna, Italy",44.4756,11.2759
2022-07-22T00:00:00+00:00,24.800,16.900,Open-Meteo Historical Weather API,"Casalecchio di Reno, Bologna, Italy",44.4756,11.2759
2022-07-22T01:00:00+00:00,23.900,16.600,Open-Meteo Historical Weather API,"Casalecchio di Reno, Bologna, Italy",44.4756,11.2759
2022-07-22T02:00:00+00:00,23.600,15.800,Open-Meteo Historical Weather API,"Casalecchio di Reno, Bologna, Italy",44.4756,11.2759
2022-07-22T03:00:00+00:00,23.100,15.700,Open-Meteo Historical Weather API,"Casalecchio di Reno, Bologna, Italy",44.4756,11.2759
2022-07-22T04:00:00+00:00,23.200,15.600,Open-Meteo Historical Weather API,"Casalecchio di Reno, Bologna, Italy",44.4756,11.2759
2022-07-22T05:00:00+00:00,24.300,16.500,Open-Meteo Historical Weather API,"Casalecchio di Reno, Bologna, Italy",44.4756,11.2759
2022-07-22T06:00:00+00:00,26.800,17.000,Open-Meteo Historical Weather API,"Casalecchio di Reno, Bologna, Italy",44.4756,11.2759
2022-07-22T07:00:00+00:00,28.400,16.800,Open-Meteo Historical Weather API,"Casalecchio di Reno, Bologna, Italy",44.4756,11.2759
2022-07-22T08:00:00+00:00,30.200,17.100,Open-Meteo Historical Weather API,"Casalecchio di Reno, Bologna, Italy",44.4756,11.2759
2022-07-22T09:00:00+00:00,32.300,17.400,Open-Meteo Historical Weather API,"Casalecchio di Reno, Bologna, Italy",44.4756,11.2759
2022-07-22T10:00:00+00:00,34.300,16.600,Open-Meteo Historical Weather API,"Casalecchio di Reno, Bologna, Italy",44.4756,11.2759
2022-07-22T11:00:00+00:00,36.200,15.100,Open-Meteo Historical Weather API,"Casalecchio di Reno, Bologna, Italy",44.4756,11.2759
2022-07-22T12:00:00+00:00,36.400,14.900,Open-Meteo Historical Weather API,"Casalecchio di Reno, Bologna, Italy",44.4756,11.2759
2022-07-22T13:00:00+00:00,37.200,14.100,Open-Meteo Historical Weather API,"Casalecchio di Reno, Bologna, Italy",44.4756,11.2759
2022-07-22T14:00:00+00:00,37.300,13.200,Open-Meteo Historical Weather API,"Casalecchio di Reno, Bologna, Italy",44.4756,11.2759
2022-07-22T15:00:00+00:00,37.200,12.700,Open-Meteo Historical Weather API,"Casalecchio di Reno, Bologna, Italy",44.4756,11.2759
2022-07-22T16:00:00+00:00,36.200,11.900,Open-Meteo Historical Weather API,"Casalecchio di Reno, Bologna, Italy",44.4756,11.2759
2022-07-22T17:00:00+00:00,34.300,12.100,Open-Meteo Historical Weather API,"Casalecchio di Reno, Bologna, Italy",44.4756,11.2759
2022-07-22T18:00:00+00:00,32.800,12.500,Open-Meteo Historical Weather API,"Casalecchio di Reno, Bologna, Italy",44.4756,11.2759
2022-07-22T19:00:00+00:00,31.000,11.400,Open-Meteo Historical Weather API,"Casalecchio di Reno, Bologna, Italy",44.4756,11.2759
2022-07-22T20:00:00+00:00,29.600,10.900,Open-Meteo Historical Weather API,"Casalecchio di Reno, Bologna, Italy",44.4756,11.2759
2022-07-22T21:00:00+00:00,28.200,12.600,Open-Meteo Historical Weather API,"Casalecchio di Reno, Bologna, Italy",44.4756,11.2759
2022-07-22T22:00:00+00:00,27.200,14.600,Open-Meteo Historical Weather API,"Casalecchio di Reno, Bologna, Italy",44.4756,11.2759
2022-07-22T23:00:00+00:00,27.300,15.200,Open-Meteo Historical Weather API,"Casalecchio di Reno, Bologna, Italy",44.4756,11.2759
2022-07-23T00:00:00+00:00,26.800,15.600,Open-Meteo Historical Weather API,"Casalecchio di Reno, Bologna, Italy",44.4756,11.2759
2022-07-23T01:00:00+00:00,25.600,16.500,Open-Meteo Historical Weather API,"Casalecchio di Reno, Bologna, Italy",44.4756,11.2759
2022-07-23T02:00:00+00:00,24.800,17.500,Open-Meteo Historical Weather API,"Casalecchio di Reno, Bologna, Italy",44.4756,11.2759
2022-07-23T03:00:00+00:00,23.900,17.700,Open-Meteo Historical Weather API,"Casalecchio di Reno, Bologna, Italy",44.4756,11.2759
2022-07-23T04:00:00+00:00,23.500,17.200,Open-Meteo Historical Weather API,"Casalecchio di Reno, Bologna, Italy",44.4756,11.2759
2022-07-23T05:00:00+00:00,24.600,16.700,Open-Meteo Historical Weather API,"Casalecchio di Reno, Bologna, Italy",44.4756,11.2759
2022-07-23T06:00:00+00:00,27.600,17.200,Open-Meteo Historical Weather API,"Casalecchio di Reno, Bologna, Italy",44.4756,11.2759
2022-07-23T07:00:00+00:00,30.300,16.100,Open-Meteo Historical Weather API,"Casalecchio di Reno, Bologna, Italy",44.4756,11.2759
2022-07-23T08:00:00+00:00,32.000,14.100,Open-Meteo Historical Weather API,"Casalecchio di Reno, Bologna, Italy",44.4756,11.2759
2022-07-23T09:00:00+00:00,33.500,13.900,Open-Meteo Historical Weather API,"Casalecchio di Reno, Bologna, Italy",44.4756,11.2759
2022-07-23T10:00:00+00:00,35.000,13.100,Open-Meteo Historical Weather API,"Casalecchio di Reno, Bologna, Italy",44.4756,11.2759
2022-07-23T11:00:00+00:00,36.500,12.100,Open-Meteo Historical Weather API,"Casalecchio di Reno, Bologna, Italy",44.4756,11.2759
2022-07-23T12:00:00+00:00,36.800,13.600,Open-Meteo Historical Weather API,"Casalecchio di Reno, Bologna, Italy",44.4756,11.2759
2022-07-23T13:00:00+00:00,37.500,13.200,Open-Meteo Historical Weather API,"Casalecchio di Reno, Bologna, Italy",44.4756,11.2759
2022-07-23T14:00:00+00:00,38.000,11.400,Open-Meteo Historical Weather API,"Casalecchio di Reno, Bologna, Italy",44.4756,11.2759
2022-07-23T15:00:00+00:00,38.500,11.400,Open-Meteo Historical Weather API,"Casalecchio di Reno, Bologna, Italy",44.4756,11.2759
2022-07-23T16:00:00+00:00,37.200,10.800,Open-Meteo Historical Weather API,"Casalecchio di Reno, Bologna, Italy",44.4756,11.2759
2022-07-23T17:00:00+00:00,36.300,10.900,Open-Meteo Historical Weather API,"Casalecchio di Reno, Bologna, Italy",44.4756,11.2759
2022-07-23T18:00:00+00:00,34.300,12.600,Open-Meteo Historical Weather API,"Casalecchio di Reno, Bologna, Italy",44.4756,11.2759
2022-07-23T19:00:00+00:00,31.200,14.200,Open-Meteo Historical Weather API,"Casalecchio di Reno, Bologna, Italy",44.4756,11.2759
2022-07-23T20:00:00+00:00,30.000,13.000,Open-Meteo Historical Weather API,"Casalecchio di Reno, Bologna, Italy",44.4756,11.2759
2022-07-23T21:00:00+00:00,29.600,12.800,Open-Meteo Historical Weather API,"Casalecchio di Reno, Bologna, Italy",44.4756,11.2759
2022-07-23T22:00:00+00:00,28.500,12.900,Open-Meteo Historical Weather API,"Casalecchio di Reno, Bologna, Italy",44.4756,11.2759
2022-07-23T23:00:00+00:00,27.500,12.900,Open-Meteo Historical Weather API,"Casalecchio di Reno, Bologna, Italy",44.4756,11.2759
2022-07-24T00:00:00+00:00,27.500,12.400,Open-Meteo Historical Weather API,"Casalecchio di Reno, Bologna, Italy",44.4756,11.2759
2022-07-24T01:00:00+00:00,26.600,14.800,Open-Meteo Historical Weather API,"Casalecchio di Reno, Bologna, Italy",44.4756,11.2759
2022-07-24T02:00:00+00:00,25.200,15.600,Open-Meteo Historical Weather API,"Casalecchio di Reno, Bologna, Italy",44.4756,11.2759
2022-07-24T03:00:00+00:00,24.500,15.900,Open-Meteo Historical Weather API,"Casalecchio di Reno, Bologna, Italy",44.4756,11.2759
2022-07-24T04:00:00+00:00,23.800,18.600,Open-Meteo Historical Weather API,"Casalecchio di Reno, Bologna, Italy",44.4756,11.2759
2022-07-24T05:00:00+00:00,24.600,19.200,Open-Meteo Historical Weather API,"Casalecchio di Reno, Bologna, Italy",44.4756,11.2759
2022-07-24T06:00:00+00:00,27.100,17.200,Open-Meteo Historical Weather API,"Casalecchio di Reno, Bologna, Italy",44.4756,11.2759
2022-07-24T07:00:00+00:00,28.500,16.500,Open-Meteo Historical Weather API,"Casalecchio di Reno, Bologna, Italy",44.4756,11.2759
2022-07-24T08:00:00+00:00,29.700,17.400,Open-Meteo Historical Weather API,"Casalecchio di Reno, Bologna, Italy",44.4756,11.2759
2022-07-24T09:00:00+00:00,31.200,18.100,Open-Meteo Historical Weather API,"Casalecchio di Reno, Bologna, Italy",44.4756,11.2759
2022-07-24T10:00:00+00:00,32.600,18.100,Open-Meteo Historical Weather API,"Casalecchio di Reno, Bologna, Italy",44.4756,11.2759
2022-07-24T11:00:00+00:00,34.000,17.100,Open-Meteo Historical Weather API,"Casalecchio di Reno, Bologna, Italy",44.4756,11.2759
2022-07-24T12:00:00+00:00,34.700,15.600,Open-Meteo Historical Weather API,"Casalecchio di Reno, Bologna, Italy",44.4756,11.2759
2022-07-24T13:00:00+00:00,35.200,15.500,Open-Meteo Historical Weather API,"Casalecchio di Reno, Bologna, Italy",44.4756,11.2759
2022-07-24T14:00:00+00:00,35.700,15.500,Open-Meteo Historical Weather API,"Casalecchio di Reno, Bologna, Italy",44.4756,11.2759
2022-07-24T15:00:00+00:00,35.500,15.400,Open-Meteo Historical Weather API,"Casalecchio di Reno, Bologna, Italy",44.4756,11.2759
2022-07-24T16:00:00+00:00,35.400,15.200,Open-Meteo Historical Weather API,"Casalecchio di Reno, Bologna, Italy",44.4756,11.2759
2022-07-24T17:00:00+00:00,35.000,15.300,Open-Meteo Historical Weather API,"Casalecchio di Reno, Bologna, Italy",44.4756,11.2759
2022-07-24T18:00:00+00:00,33.700,16.200,Open-Meteo Historical Weather API,"Casalecchio di Reno, Bologna, Italy",44.4756,11.2759
2022-07-24T19:00:00+00:00,31.000,17.600,Open-Meteo Historical Weather API,"Casalecchio di Reno, Bologna, Italy",44.4756,11.2759
2022-07-24T20:00:00+00:00,29.800,17.800,Open-Meteo Historical Weather API,"Casalecchio di Reno, Bologna, Italy",44.4756,11.2759
2022-07-24T21:00:00+00:00,28.800,18.100,Open-Meteo Historical Weather API,"Casalecchio di Reno, Bologna, Italy",44.4756,11.2759
2022-07-24T22:00:00+00:00,27.900,18.200,Open-Meteo Historical Weather API,"Casalecchio di Reno, Bologna, Italy",44.4756,11.2759
2022-07-24T23:00:00+00:00,27.100,18.000,Open-Meteo Historical Weather API,"Casalecchio di Reno, Bologna, Italy",44.4756,11.2759
2022-07-25T00:00:00+00:00,26.200,19.200,Open-Meteo Historical Weather API,"Casalecchio di Reno, Bologna, Italy",44.4756,11.2759
2022-07-25T01:00:00+00:00,26.000,19.100,Open-Meteo Historical Weather API,"Casalecchio di Reno, Bologna, Italy",44.4756,11.2759
2022-07-25T02:00:00+00:00,25.300,19.400,Open-Meteo Historical Weather API,"Casalecchio di Reno, Bologna, Italy",44.4756,11.2759
2022-07-25T03:00:00+00:00,25.000,19.700,Open-Meteo Historical Weather API,"Casalecchio di Reno, Bologna, Italy",44.4756,11.2759
2022-07-25T04:00:00+00:00,24.600,20.000,Open-Meteo Historical Weather API,"Casalecchio di Reno, Bologna, Italy",44.4756,11.2759
2022-07-25T05:00:00+00:00,25.400,20.300,Open-Meteo Historical Weather API,"Casalecchio di Reno, Bologna, Italy",44.4756,11.2759
2022-07-25T06:00:00+00:00,28.100,20.300,Open-Meteo Historical Weather API,"Casalecchio di Reno, Bologna, Italy",44.4756,11.2759
2022-07-25T07:00:00+00:00,30.300,18.400,Open-Meteo Historical Weather API,"Casalecchio di Reno, Bologna, Italy",44.4756,11.2759
2022-07-25T08:00:00+00:00,32.000,18.200,Open-Meteo Historical Weather API,"Casalecchio di Reno, Bologna, Italy",44.4756,11.2759
2022-07-25T09:00:00+00:00,33.700,17.600,Open-Meteo Historical Weather API,"Casalecchio di Reno, Bologna, Italy",44.4756,11.2759
2022-07-25T10:00:00+00:00,35.000,17.400,Open-Meteo Historical Weather API,"Casalecchio di Reno, Bologna, Italy",44.4756,11.2759
2022-07-25T11:00:00+00:00,36.000,16.900,Open-Meteo Historical Weather API,"Casalecchio di Reno, Bologna, Italy",44.4756,11.2759
2022-07-25T12:00:00+00:00,35.800,16.500,Open-Meteo Historical Weather API,"Casalecchio di Reno, Bologna, Italy",44.4756,11.2759
2022-07-25T13:00:00+00:00,36.200,16.200,Open-Meteo Historical Weather API,"Casalecchio di Reno, Bologna, Italy",44.4756,11.2759
2022-07-25T14:00:00+00:00,36.700,15.100,Open-Meteo Historical Weather API,"Casalecchio di Reno, Bologna, Italy",44.4756,11.2759
2022-07-25T15:00:00+00:00,36.400,15.600,Open-Meteo Historical Weather API,"Casalecchio di Reno, Bologna, Italy",44.4756,11.2759
2022-07-25T16:00:00+00:00,36.000,16.100,Open-Meteo Historical Weather API,"Casalecchio di Reno, Bologna, Italy",44.4756,11.2759
2022-07-25T17:00:00+00:00,35.500,16.000,Open-Meteo Historical Weather API,"Casalecchio di Reno, Bologna, Italy",44.4756,11.2759
2022-07-25T18:00:00+00:00,33.800,16.600,Open-Meteo Historical Weather API,"Casalecchio di Reno, Bologna, Italy",44.4756,11.2759
2022-07-25T19:00:00+00:00,31.900,17.000,Open-Meteo Historical Weather API,"Casalecchio di Reno, Bologna, Italy",44.4756,11.2759
2022-07-25T20:00:00+00:00,30.600,17.400,Open-Meteo Historical Weather API,"Casalecchio di Reno, Bologna, Italy",44.4756,11.2759
2022-07-25T21:00:00+00:00,29.500,18.800,Open-Meteo Historical Weather API,"Casalecchio di Reno, Bologna, Italy",44.4756,11.2759
2022-07-25T22:00:00+00:00,28.800,21.200,Open-Meteo Historical Weather API,"Casalecchio di Reno, Bologna, Italy",44.4756,11.2759
2022-07-25T23:00:00+00:00,28.000,22.200,Open-Meteo Historical Weather API,"Casalecchio di Reno, Bologna, Italy",44.4756,11.2759
2022-07-26T00:00:00+00:00,25.300,20.300,Open-Meteo Historical Weather API,"Casalecchio di Reno, Bologna, Italy",44.4756,11.2759
2022-07-26T01:00:00+00:00,25.900,20.200,Open-Meteo Historical Weather API,"Casalecchio di Reno, Bologna, Italy",44.4756,11.2759
2022-07-26T02:00:00+00:00,25.500,20.300,Open-Meteo Historical Weather API,"Casalecchio di Reno, Bologna, Italy",44.4756,11.2759
2022-07-26T03:00:00+00:00,24.200,20.500,Open-Meteo Historical Weather API,"Casalecchio di Reno, Bologna, Italy",44.4756,11.2759
2022-07-26T04:00:00+00:00,23.500,20.700,Open-Meteo Historical Weather API,"Casalecchio di Reno, Bologna, Italy",44.4756,11.2759
2022-07-26T05:00:00+00:00,24.800,20.600,Open-Meteo Historical Weather API,"Casalecchio di Reno, Bologna, Italy",44.4756,11.2759
2022-07-26T06:00:00+00:00,27.000,20.200,Open-Meteo Historical Weather API,"Casalecchio di Reno, Bologna, Italy",44.4756,11.2759
2022-07-26T07:00:00+00:00,29.000,19.200,Open-Meteo Historical Weather API,"Casalecchio di Reno, Bologna, Italy",44.4756,11.2759
2022-07-26T08:00:00+00:00,31.400,18.300,Open-Meteo Historical Weather API,"Casalecchio di Reno, Bologna, Italy",44.4756,11.2759
2022-07-26T09:00:00+00:00,32.500,17.800,Open-Meteo Historical Weather API,"Casalecchio di Reno, Bologna, Italy",44.4756,11.2759
2022-07-26T10:00:00+00:00,33.100,17.800,Open-Meteo Historical Weather API,"Casalecchio di Reno, Bologna, Italy",44.4756,11.2759
2022-07-26T11:00:00+00:00,33.200,17.500,Open-Meteo Historical Weather API,"Casalecchio di Reno, Bologna, Italy",44.4756,11.2759
2022-07-26T12:00:00+00:00,32.500,17.100,Open-Meteo Historical Weather API,"Casalecchio di Reno, Bologna, Italy",44.4756,11.2759
2022-07-26T13:00:00+00:00,32.300,18.300,Open-Meteo Historical Weather API,"Casalecchio di Reno, Bologna, Italy",44.4756,11.2759
2022-07-26T14:00:00+00:00,31.900,19.800,Open-Meteo Historical Weather API,"Casalecchio di Reno, Bologna, Italy",44.4756,11.2759
2022-07-26T15:00:00+00:00,30.300,18.200,Open-Meteo Historical Weather API,"Casalecchio di Reno, Bologna, Italy",44.4756,11.2759
2022-07-26T16:00:00+00:00,30.200,19.000,Open-Meteo Historical Weather API,"Casalecchio di Reno, Bologna, Italy",44.4756,11.2759
2022-07-26T17:00:00+00:00,31.000,18.500,Open-Meteo Historical Weather API,"Casalecchio di Reno, Bologna, Italy",44.4756,11.2759
2022-07-26T18:00:00+00:00,30.400,18.500,Open-Meteo Historical Weather API,"Casalecchio di Reno, Bologna, Italy",44.4756,11.2759
2022-07-26T19:00:00+00:00,28.700,18.900,Open-Meteo Historical Weather API,"Casalecchio di Reno, Bologna, Italy",44.4756,11.2759
2022-07-26T20:00:00+00:00,27.800,19.400,Open-Meteo Historical Weather API,"Casalecchio di Reno, Bologna, Italy",44.4756,11.2759
2022-07-26T21:00:00+00:00,27.000,20.000,Open-Meteo Historical Weather API,"Casalecchio di Reno, Bologna, Italy",44.4756,11.2759
2022-07-26T22:00:00+00:00,26.000,20.800,Open-Meteo Historical Weather API,"Casalecchio di Reno, Bologna, Italy",44.4756,11.2759
2022-07-26T23:00:00+00:00,25.400,21.100,Open-Meteo Historical Weather API,"Casalecchio di Reno, Bologna, Italy",44.4756,11.2759
2022-07-27T00:00:00+00:00,23.000,19.600,Open-Meteo Historical Weather API,"Casalecchio di Reno, Bologna, Italy",44.4756,11.2759
2022-07-27T01:00:00+00:00,21.000,19.400,Open-Meteo Historical Weather API,"Casalecchio di Reno, Bologna, Italy",44.4756,11.2759
2022-07-27T02:00:00+00:00,21.500,19.200,Open-Meteo Historical Weather API,"Casalecchio di Reno, Bologna, Italy",44.4756,11.2759
2022-07-27T03:00:00+00:00,21.500,19.100,Open-Meteo Historical Weather API,"Casalecchio di Reno, Bologna, Italy",44.4756,11.2759
2022-07-27T04:00:00+00:00,21.800,19.000,Open-Meteo Historical Weather API,"Casalecchio di Reno, Bologna, Italy",44.4756,11.2759
2022-07-27T05:00:00+00:00,21.400,19.000,Open-Meteo Historical Weather API,"Casalecchio di Reno, Bologna, Italy",44.4756,11.2759
2022-07-27T06:00:00+00:00,21.800,18.500,Open-Meteo Historical Weather API,"Casalecchio di Reno, Bologna, Italy",44.4756,11.2759
2022-07-27T07:00:00+00:00,22.400,18.300,Open-Meteo Historical Weather API,"Casalecchio di Reno, Bologna, Italy",44.4756,11.2759
2022-07-27T08:00:00+00:00,22.800,18.300,Open-Meteo Historical Weather API,"Casalecchio di Reno, Bologna, Italy",44.4756,11.2759
2022-07-27T09:00:00+00:00,23.000,18.500,Open-Meteo Historical Weather API,"Casalecchio di Reno, Bologna, Italy",44.4756,11.2759
2022-07-27T10:00:00+00:00,24.300,18.800,Open-Meteo Historical Weather API,"Casalecchio di Reno, Bologna, Italy",44.4756,11.2759
2022-07-27T11:00:00+00:00,24.500,18.900,Open-Meteo Historical Weather API,"Casalecchio di Reno, Bologna, Italy",44.4756,11.2759
2022-07-27T12:00:00+00:00,30.000,15.200,Open-Meteo Historical Weather API,"Casalecchio di Reno, Bologna, Italy",44.4756,11.2759
2022-07-27T13:00:00+00:00,31.000,14.900,Open-Meteo Historical Weather API,"Casalecchio di Reno, Bologna, Italy",44.4756,11.2759
2022-07-27T14:00:00+00:00,30.800,14.900,Open-Meteo Historical Weather API,"Casalecchio di Reno, Bologna, Italy",44.4756,11.2759
2022-07-27T15:00:00+00:00,31.100,14.900,Open-Meteo Historical Weather API,"Casalecchio di Reno, Bologna, Italy",44.4756,11.2759
2022-07-27T16:00:00+00:00,30.700,15.100,Open-Meteo Historical Weather API,"Casalecchio di Reno, Bologna, Italy",44.4756,11.2759
2022-07-27T17:00:00+00:00,30.100,15.100,Open-Meteo Historical Weather API,"Casalecchio di Reno, Bologna, Italy",44.4756,11.2759
2022-07-27T18:00:00+00:00,29.100,15.400,Open-Meteo Historical Weather API,"Casalecchio di Reno, Bologna, Italy",44.4756,11.2759
2022-07-27T19:00:00+00:00,27.400,16.100,Open-Meteo Historical Weather API,"Casalecchio di Reno, Bologna, Italy",44.4756,11.2759
2022-07-27T20:00:00+00:00,26.500,17.000,Open-Meteo Historical Weather API,"Casalecchio di Reno, Bologna, Italy",44.4756,11.2759
2022-07-27T21:00:00+00:00,25.300,17.200,Open-Meteo Historical Weather API,"Casalecchio di Reno, Bologna, Italy",44.4756,11.2759
2022-07-27T22:00:00+00:00,24.100,17.500,Open-Meteo Historical Weather API,"Casalecchio di Reno, Bologna, Italy",44.4756,11.2759
2022-07-27T23:00:00+00:00,22.900,17.600,Open-Meteo Historical Weather API,"Casalecchio di Reno, Bologna, Italy",44.4756,11.2759
2022-07-28T00:00:00+00:00,23.000,17.600,Open-Meteo Historical Weather API,"Casalecchio di Reno, Bologna, Italy",44.4756,11.2759
2022-07-28T01:00:00+00:00,23.100,17.500,Open-Meteo Historical Weather API,"Casalecchio di Reno, Bologna, Italy",44.4756,11.2759
2022-07-28T02:00:00+00:00,23.000,17.600,Open-Meteo Historical Weather API,"Casalecchio di Reno, Bologna, Italy",44.4756,11.2759
2022-07-28T03:00:00+00:00,22.600,17.700,Open-Meteo Historical Weather API,"Casalecchio di Reno, Bologna, Italy",44.4756,11.2759
2022-07-28T04:00:00+00:00,21.800,18.200,Open-Meteo Historical Weather API,"Casalecchio di Reno, Bologna, Italy",44.4756,11.2759
2022-07-28T05:00:00+00:00,22.700,18.200,Open-Meteo Historical Weather API,"Casalecchio di Reno, Bologna, Italy",44.4756,11.2759
2022-07-28T06:00:00+00:00,24.200,18.500,Open-Meteo Historical Weather API,"Casalecchio di Reno, Bologna, Italy",44.4756,11.2759
2022-07-28T07:00:00+00:00,25.700,18.500,Open-Meteo Historical Weather API,"Casalecchio di Reno, Bologna, Italy",44.4756,11.2759
2022-07-28T08:00:00+00:00,27.500,18.300,Open-Meteo Historical Weather API,"Casalecchio di Reno, Bologna, Italy",44.4756,11.2759
2022-07-28T09:00:00+00:00,29.000,17.600,Open-Meteo Historical Weather API,"Casalecchio di Reno, Bologna, Italy",44.4756,11.2759
2022-07-28T10:00:00+00:00,30.100,17.500,Open-Meteo Historical Weather API,"Casalecchio di Reno, Bologna, Italy",44.4756,11.2759
2022-07-28T11:00:00+00:00,31.300,17.000,Open-Meteo Historical Weather API,"Casalecchio di Reno, Bologna, Italy",44.4756,11.2759
2022-07-28T12:00:00+00:00,31.800,17.700,Open-Meteo Historical Weather API,"Casalecchio di Reno, Bologna, Italy",44.4756,11.2759
2022-07-28T13:00:00+00:00,31.400,17.000,Open-Meteo Historical Weather API,"Casalecchio di Reno, Bologna, Italy",44.4756,11.2759
2022-07-28T14:00:00+00:00,31.900,16.400,Open-Meteo Historical Weather API,"Casalecchio di Reno, Bologna, Italy",44.4756,11.2759
2022-07-28T15:00:00+00:00,31.800,16.100,Open-Meteo Historical Weather API,"Casalecchio di Reno, Bologna, Italy",44.4756,11.2759
2022-07-28T16:00:00+00:00,31.200,16.100,Open-Meteo Historical Weather API,"Casalecchio di Reno, Bologna, Italy",44.4756,11.2759
2022-07-28T17:00:00+00:00,30.600,16.100,Open-Meteo Historical Weather API,"Casalecchio di Reno, Bologna, Italy",44.4756,11.2759
2022-07-28T18:00:00+00:00,29.600,16.000,Open-Meteo Historical Weather API,"Casalecchio di Reno, Bologna, Italy",44.4756,11.2759
2022-07-28T19:00:00+00:00,27.700,15.900,Open-Meteo Historical Weather API,"Casalecchio di Reno, Bologna, Italy",44.4756,11.2759
2022-07-28T20:00:00+00:00,26.600,16.100,Open-Meteo Historical Weather API,"Casalecchio di Reno, Bologna, Italy",44.4756,11.2759
2022-07-28T21:00:00+00:00,24.500,17.100,Open-Meteo Historical Weather API,"Casalecchio di Reno, Bologna, Italy",44.4756,11.2759
2022-07-28T22:00:00+00:00,24.000,17.600,Open-Meteo Historical Weather API,"Casalecchio di Reno, Bologna, Italy",44.4756,11.2759
2022-07-28T23:00:00+00:00,23.100,18.100,Open-Meteo Historical Weather API,"Casalecchio di Reno, Bologna, Italy",44.4756,11.2759
2022-07-29T00:00:00+00:00,23.500,17.800,Open-Meteo Historical Weather API,"Casalecchio di Reno, Bologna, Italy",44.4756,11.2759
2022-07-29T01:00:00+00:00,23.400,17.900,Open-Meteo Historical Weather API,"Casalecchio di Reno, Bologna, Italy",44.4756,11.2759
2022-07-29T02:00:00+00:00,23.100,18.000,Open-Meteo Historical Weather API,"Casalecchio di Reno, Bologna, Italy",44.4756,11.2759
2022-07-29T03:00:00+00:00,22.600,17.800,Open-Meteo Historical Weather API,"Casalecchio di Reno, Bologna, Italy",44.4756,11.2759
2022-07-29T04:00:00+00:00,22.300,17.700,Open-Meteo Historical Weather API,"Casalecchio di Reno, Bologna, Italy",44.4756,11.2759
2022-07-29T05:00:00+00:00,22.800,17.800,Open-Meteo Historical Weather API,"Casalecchio di Reno, Bologna, Italy",44.4756,11.2759
2022-07-29T06:00:00+00:00,24.500,17.800,Open-Meteo Historical Weather API,"Casalecchio di Reno, Bologna, Italy",44.4756,11.2759
2022-07-29T07:00:00+00:00,26.000,17.900,Open-Meteo Historical Weather API,"Casalecchio di Reno, Bologna, Italy",44.4756,11.2759
2022-07-29T08:00:00+00:00,27.800,17.800,Open-Meteo Historical Weather API,"Casalecchio di Reno, Bologna, Italy",44.4756,11.2759
2022-07-29T09:00:00+00:00,29.500,17.600,Open-Meteo Historical Weather API,"Casalecchio di Reno, Bologna, Italy",44.4756,11.2759
2022-07-29T10:00:00+00:00,31.100,17.300,Open-Meteo Historical Weather API,"Casalecchio di Reno, Bologna, Italy",44.4756,11.2759
2022-07-29T11:00:00+00:00,32.700,16.900,Open-Meteo Historical Weather API,"Casalecchio di Reno, Bologna, Italy",44.4756,11.2759
2022-07-29T12:00:00+00:00,32.200,15.800,Open-Meteo Historical Weather API,"Casalecchio di Reno, Bologna, Italy",44.4756,11.2759
2022-07-29T13:00:00+00:00,33.300,16.100,Open-Meteo Historical Weather API,"Casalecchio di Reno, Bologna, Italy",44.4756,11.2759
2022-07-29T14:00:00+00:00,33.700,16.200,Open-Meteo Historical Weather API,"Casalecchio di Reno, Bologna, Italy",44.4756,11.2759
2022-07-29T15:00:00+00:00,26.900,18.900,Open-Meteo Historical Weather API,"Casalecchio di Reno, Bologna, Italy",44.4756,11.2759
2022-07-29T16:00:00+00:00,24.900,19.100,Open-Meteo Historical Weather API,"Casalecchio di Reno, Bologna, Italy",44.4756,11.2759
2022-07-29T17:00:00+00:00,26.800,19.400,Open-Meteo Historical Weather API,"Casalecchio di Reno, Bologna, Italy",44.4756,11.2759
2022-07-29T18:00:00+00:00,26.800,20.600,Open-Meteo Historical Weather API,"Casalecchio di Reno, Bologna, Italy",44.4756,11.2759
2022-07-29T19:00:00+00:00,26.000,19.300,Open-Meteo Historical Weather API,"Casalecchio di Reno, Bologna, Italy",44.4756,11.2759
2022-07-29T20:00:00+00:00,24.600,19.300,Open-Meteo Historical Weather API,"Casalecchio di Reno, Bologna, Italy",44.4756,11.2759
2022-07-29T21:00:00+00:00,24.000,18.800,Open-Meteo Historical Weather API,"Casalecchio di Reno, Bologna, Italy",44.4756,11.2759
2022-07-29T22:00:00+00:00,23.600,17.800,Open-Meteo Historical Weather API,"Casalecchio di Reno, Bologna, Italy",44.4756,11.2759
2022-07-29T23:00:00+00:00,23.500,16.100,Open-Meteo Historical Weather API,"Casalecchio di Reno, Bologna, Italy",44.4756,11.2759
2022-07-30T00:00:00+00:00,20.800,18.400,Open-Meteo Historical Weather API,"Casalecchio di Reno, Bologna, Italy",44.4756,11.2759
2022-07-30T01:00:00+00:00,20.800,18.900,Open-Meteo Historical Weather API,"Casalecchio di Reno, Bologna, Italy",44.4756,11.2759
2022-07-30T02:00:00+00:00,20.500,18.800,Open-Meteo Historical Weather API,"Casalecchio di Reno, Bologna, Italy",44.4756,11.2759
2022-07-30T03:00:00+00:00,20.100,18.200,Open-Meteo Historical Weather API,"Casalecchio di Reno, Bologna, Italy",44.4756,11.2759
2022-07-30T04:00:00+00:00,19.500,17.900,Open-Meteo Historical Weather API,"Casalecchio di Reno, Bologna, Italy",44.4756,11.2759
2022-07-30T05:00:00+00:00,20.200,17.900,Open-Meteo Historical Weather API,"Casalecchio di Reno, Bologna, Italy",44.4756,11.2759
2022-07-30T06:00:00+00:00,21.100,17.200,Open-Meteo Historical Weather API,"Casalecchio di Reno, Bologna, Italy",44.4756,11.2759
2022-07-30T07:00:00+00:00,23.300,15.900,Open-Meteo Historical Weather API,"Casalecchio di Reno, Bologna, Italy",44.4756,11.2759
2022-07-30T08:00:00+00:00,24.900,15.600,Open-Meteo Historical Weather API,"Casalecchio di Reno, Bologna, Italy",44.4756,11.2759
2022-07-30T09:00:00+00:00,26.100,16.100,Open-Meteo Historical Weather API,"Casalecchio di Reno, Bologna, Italy",44.4756,11.2759
2022-07-30T10:00:00+00:00,27.700,15.900,Open-Meteo Historical Weather API,"Casalecchio di Reno, Bologna, Italy",44.4756,11.2759
2022-07-30T11:00:00+00:00,29.400,15.200,Open-Meteo Historical Weather API,"Casalecchio di Reno, Bologna, Italy",44.4756,11.2759
2022-07-30T12:00:00+00:00,30.100,14.300,Open-Meteo Historical Weather API,"Casalecchio di Reno, Bologna, Italy",44.4756,11.2759
2022-07-30T13:00:00+00:00,30.900,13.700,Open-Meteo Historical Weather API,"Casalecchio di Reno, Bologna, Italy",44.4756,11.2759
2022-07-30T14:00:00+00:00,31.000,13.600,Open-Meteo Historical Weather API,"Casalecchio di Reno, Bologna, Italy",44.4756,11.2759
2022-07-30T15:00:00+00:00,30.900,13.600,Open-Meteo Historical Weather API,"Casalecchio di Reno, Bologna, Italy",44.4756,11.2759
2022-07-30T16:00:00+00:00,30.400,13.400,Open-Meteo Historical Weather API,"Casalecchio di Reno, Bologna, Italy",44.4756,11.2759
2022-07-30T17:00:00+00:00,29.500,13.600,Open-Meteo Historical Weather API,"Casalecchio di Reno, Bologna, Italy",44.4756,11.2759
2022-07-30T18:00:00+00:00,28.500,14.100,Open-Meteo Historical Weather API,"Casalecchio di Reno, Bologna, Italy",44.4756,11.2759
2022-07-30T19:00:00+00:00,26.700,15.200,Open-Meteo Historical Weather API,"Casalecchio di Reno, Bologna, Italy",44.4756,11.2759
2022-07-30T20:00:00+00:00,25.600,15.200,Open-Meteo Historical Weather API,"Casalecchio di Reno, Bologna, Italy",44.4756,11.2759
2022-07-30T21:00:00+00:00,24.700,14.500,Open-Meteo Historical Weather API,"Casalecchio di Reno, Bologna, Italy",44.4756,11.2759
2022-07-30T22:00:00+00:00,23.900,13.900,Open-Meteo Historical Weather API,"Casalecchio di Reno, Bologna, Italy",44.4756,11.2759
2022-07-30T23:00:00+00:00,22.900,13.600,Open-Meteo Historical Weather API,"Casalecchio di Reno, Bologna, Italy",44.4756,11.2759
2022-07-31T00:00:00+00:00,22.900,14.900,Open-Meteo Historical Weather API,"Casalecchio di Reno, Bologna, Italy",44.4756,11.2759
2022-07-31T01:00:00+00:00,22.600,14.200,Open-Meteo Historical Weather API,"Casalecchio di Reno, Bologna, Italy",44.4756,11.2759
2022-07-31T02:00:00+00:00,21.900,14.100,Open-Meteo Historical Weather API,"Casalecchio di Reno, Bologna, Italy",44.4756,11.2759
2022-07-31T03:00:00+00:00,21.500,13.900,Open-Meteo Historical Weather API,"Casalecchio di Reno, Bologna, Italy",44.4756,11.2759
2022-07-31T04:00:00+00:00,20.800,13.600,Open-Meteo Historical Weather API,"Casalecchio di Reno, Bologna, Italy",44.4756,11.2759
2022-07-31T05:00:00+00:00,21.700,13.700,Open-Meteo Historical Weather API,"Casalecchio di Reno, Bologna, Italy",44.4756,11.2759
2022-07-31T06:00:00+00:00,24.500,14.100,Open-Meteo Historical Weather API,"Casalecchio di Reno, Bologna, Italy",44.4756,11.2759
2022-07-31T07:00:00+00:00,26.000,14.900,Open-Meteo Historical Weather API,"Casalecchio di Reno, Bologna, Italy",44.4756,11.2759
2022-07-31T08:00:00+00:00,28.100,14.900,Open-Meteo Historical Weather API,"Casalecchio di Reno, Bologna, Italy",44.4756,11.2759
2022-07-31T09:00:00+00:00,30.100,13.500,Open-Meteo Historical Weather API,"Casalecchio di Reno, Bologna, Italy",44.4756,11.2759
2022-07-31T10:00:00+00:00,31.500,12.300,Open-Meteo Historical Weather API,"Casalecchio di Reno, Bologna, Italy",44.4756,11.2759
2022-07-31T11:00:00+00:00,32.400,11.600,Open-Meteo Historical Weather API,"Casalecchio di Reno, Bologna, Italy",44.4756,11.2759
2022-07-31T12:00:00+00:00,32.800,8.600,Open-Meteo Historical Weather API,"Casalecchio di Reno, Bologna, Italy",44.4756,11.2759
2022-07-31T13:00:00+00:00,33.600,7.700,Open-Meteo Historical Weather API,"Casalecchio di Reno, Bologna, Italy",44.4756,11.2759
2022-07-31T14:00:00+00:00,33.900,7.400,Open-Meteo Historical Weather API,"Casalecchio di Reno, Bologna, Italy",44.4756,11.2759
2022-07-31T15:00:00+00:00,33.600,8.400,Open-Meteo Historical Weather API,"Casalecchio di Reno, Bologna, Italy",44.4756,11.2759
2022-07-31T16:00:00+00:00,33.500,8.600,Open-Meteo Historical Weather API,"Casalecchio di Reno, Bologna, Italy",44.4756,11.2759
2022-07-31T17:00:00+00:00,33.000,8.600,Open-Meteo Historical Weather API,"Casalecchio di Reno, Bologna, Italy",44.4756,11.2759
2022-07-31T18:00:00+00:00,31.200,10.100,Open-Meteo Historical Weather API,"Casalecchio di Reno, Bologna, Italy",44.4756,11.2759
2022-07-31T19:00:00+00:00,29.200,10.000,Open-Meteo Historical Weather API,"Casalecchio di Reno, Bologna, Italy",44.4756,11.2759
2022-07-31T20:00:00+00:00,27.700,11.400,Open-Meteo Historical Weather API,"Casalecchio di Reno, Bologna, Italy",44.4756,11.2759
2022-07-31T21:00:00+00:00,26.200,11.800,Open-Meteo Historical Weather API,"Casalecchio di Reno, Bologna, Italy",44.4756,11.2759
2022-07-31T22:00:00+00:00,25.500,11.600,Open-Meteo Historical Weather API,"Casalecchio di Reno, Bologna, Italy",44.4756,11.2759
2022-07-31T23:00:00+00:00,25.000,11.200,Open-Meteo Historical Weather API,"Casalecchio di Reno, Bologna, Italy",44.4756,11.2759
2022-08-01T00:00:00+00:00,24.000,10.400,Open-Meteo Historical Weather API,"Casalecchio di Reno, Bologna, Italy",44.4756,11.2759
2022-08-01T01:00:00+00:00,23.200,10.400,Open-Meteo Historical Weather API,"Casalecchio di Reno, Bologna, Italy",44.4756,11.2759
2022-08-01T02:00:00+00:00,22.500,10.200,Open-Meteo Historical Weather API,"Casalecchio di Reno, Bologna, Italy",44.4756,11.2759
2022-08-01T03:00:00+00:00,21.800,10.000,Open-Meteo Historical Weather API,"Casalecchio di Reno, Bologna, Italy",44.4756,11.2759
2022-08-01T04:00:00+00:00,21.200,9.900,Open-Meteo Historical Weather API,"Casalecchio di Reno, Bologna, Italy",44.4756,11.2759
2022-08-01T05:00:00+00:00,22.100,10.100,Open-Meteo Historical Weather API,"Casalecchio di Reno, Bologna, Italy",44.4756,11.2759
2022-08-01T06:00:00+00:00,25.600,10.500,Open-Meteo Historical Weather API,"Casalecchio di Reno, Bologna, Italy",44.4756,11.2759
2022-08-01T07:00:00+00:00,28.300,10.400,Open-Meteo Historical Weather API,"Casalecchio di Reno, Bologna, Italy",44.4756,11.2759
2022-08-01T08:00:00+00:00,30.300,10.700,Open-Meteo Historical Weather API,"Casalecchio di Reno, Bologna, Italy",44.4756,11.2759
2022-08-01T09:00:00+00:00,32.300,10.300,Open-Meteo Historical Weather API,"Casalecchio di Reno, Bologna, Italy",44.4756,11.2759
2022-08-01T10:00:00+00:00,34.100,9.400,Open-Meteo Historical Weather API,"Casalecchio di Reno, Bologna, Italy",44.4756,11.2759
2022-08-01T11:00:00+00:00,35.300,9.300,Open-Meteo Historical Weather API,"Casalecchio di Reno, Bologna, Italy",44.4756,11.2759
2022-08-01T12:00:00+00:00,35.500,10.500,Open-Meteo Historical Weather API,"Casalecchio di Reno, Bologna, Italy",44.4756,11.2759
2022-08-01T13:00:00+00:00,36.000,10.200,Open-Meteo Historical Weather API,"Casalecchio di Reno, Bologna, Italy",44.4756,11.2759
2022-08-01T14:00:00+00:00,36.200,9.700,Open-Meteo Historical Weather API,"Casalecchio di Reno, Bologna, Italy",44.4756,11.2759
2022-08-01T15:00:00+00:00,36.000,9.100,Open-Meteo Historical Weather API,"Casalecchio di Reno, Bologna, Italy",44.4756,11.2759
2022-08-01T16:00:00+00:00,35.900,8.600,Open-Meteo Historical Weather API,"Casalecchio di Reno, Bologna, Italy",44.4756,11.2759
2022-08-01T17:00:00+00:00,35.600,8.000,Open-Meteo Historical Weather API,"Casalecchio di Reno, Bologna, Italy",44.4756,11.2759
2022-08-01T18:00:00+00:00,32.200,11.600,Open-Meteo Historical Weather API,"Casalecchio di Reno, Bologna, Italy",44.4756,11.2759
2022-08-01T19:00:00+00:00,30.000,11.900,Open-Meteo Historical Weather API,"Casalecchio di Reno, Bologna, Italy",44.4756,11.2759
2022-08-01T20:00:00+00:00,28.400,12.200,Open-Meteo Historical Weather API,"Casalecchio di Reno, Bologna, Italy",44.4756,11.2759
2022-08-01T21:00:00+00:00,26.800,12.400,Open-Meteo Historical Weather API,"Casalecchio di Reno, Bologna, Italy",44.4756,11.2759
2022-08-01T22:00:00+00:00,26.000,12.900,Open-Meteo Historical Weather API,"Casalecchio di Reno, Bologna, Italy",44.4756,11.2759
2022-08-01T23:00:00+00:00,24.500,12.600,Open-Meteo Historical Weather API,"Casalecchio di Reno, Bologna, Italy",44.4756,11.2759
2022-08-02T00:00:00+00:00,25.100,12.900,Open-Meteo Historical Weather API,"Casalecchio di Reno, Bologna, Italy",44.4756,11.2759
2022-08-02T01:00:00+00:00,24.100,12.600,Open-Meteo Historical Weather API,"Casalecchio di Reno, Bologna, Italy",44.4756,11.2759
2022-08-02T02:00:00+00:00,23.600,13.400,Open-Meteo Historical Weather API,"Casalecchio di Reno, Bologna, Italy",44.4756,11.2759
2022-08-02T03:00:00+00:00,22.800,14.200,Open-Meteo Historical Weather API,"Casalecchio di Reno, Bologna, Italy",44.4756,11.2759
2022-08-02T04:00:00+00:00,22.500,15.100,Open-Meteo Historical Weather API,"Casalecchio di Reno, Bologna, Italy",44.4756,11.2759
2022-08-02T05:00:00+00:00,23.100,17.100,Open-Meteo Historical Weather API,"Casalecchio di Reno, Bologna, Italy",44.4756,11.2759
2022-08-02T06:00:00+00:00,23.200,17.000,Open-Meteo Historical Weather API,"Casalecchio di Reno, Bologna, Italy",44.4756,11.2759
2022-08-02T07:00:00+00:00,23.900,17.600,Open-Meteo Historical Weather API,"Casalecchio di Reno, Bologna, Italy",44.4756,11.2759
2022-08-02T08:00:00+00:00,25.000,18.000,Open-Meteo Historical Weather API,"Casalecchio di Reno, Bologna, Italy",44.4756,11.2759
2022-08-02T09:00:00+00:00,27.900,17.600,Open-Meteo Historical Weather API,"Casalecchio di Reno, Bologna, Italy",44.4756,11.2759
2022-08-02T10:00:00+00:00,29.800,17.300,Open-Meteo Historical Weather API,"Casalecchio di Reno, Bologna, Italy",44.4756,11.2759
2022-08-02T11:00:00+00:00,31.400,16.300,Open-Meteo Historical Weather API,"Casalecchio di Reno, Bologna, Italy",44.4756,11.2759
2022-08-02T12:00:00+00:00,31.400,14.900,Open-Meteo Historical Weather API,"Casalecchio di Reno, Bologna, Italy",44.4756,11.2759
2022-08-02T13:00:00+00:00,32.700,14.100,Open-Meteo Historical Weather API,"Casalecchio di Reno, Bologna, Italy",44.4756,11.2759
2022-08-02T14:00:00+00:00,32.800,13.600,Open-Meteo Historical Weather API,"Casalecchio di Reno, Bologna, Italy",44.4756,11.2759
2022-08-02T15:00:00+00:00,32.400,13.200,Open-Meteo Historical Weather API,"Casalecchio di Reno, Bologna, Italy",44.4756,11.2759
2022-08-02T16:00:00+00:00,31.800,13.100,Open-Meteo Historical Weather API,"Casalecchio di Reno, Bologna, Italy",44.4756,11.2759
2022-08-02T17:00:00+00:00,31.000,12.800,Open-Meteo Historical Weather API,"Casalecchio di Reno, Bologna, Italy",44.4756,11.2759
2022-08-02T18:00:00+00:00,29.800,12.600,Open-Meteo Historical Weather API,"Casalecchio di Reno, Bologna, Italy",44.4756,11.2759
2022-08-02T19:00:00+00:00,27.800,13.100,Open-Meteo Historical Weather API,"Casalecchio di Reno, Bologna, Italy",44.4756,11.2759
2022-08-02T20:00:00+00:00,26.400,13.800,Open-Meteo Historical Weather API,"Casalecchio di Reno, Bologna, Italy",44.4756,11.2759
2022-08-02T21:00:00+00:00,25.100,14.200,Open-Meteo Historical Weather API,"Casalecchio di Reno, Bologna, Italy",44.4756,11.2759
2022-08-02T22:00:00+00:00,24.200,15.000,Open-Meteo Historical Weather API,"Casalecchio di Reno, Bologna, Italy",44.4756,11.2759
2022-08-02T23:00:00+00:00,23.300,15.800,Open-Meteo Historical Weather API,"Casalecchio di Reno, Bologna, Italy",44.4756,11.2759
2022-08-03T00:00:00+00:00,22.600,17.300,Open-Meteo Historical Weather API,"Casalecchio di Reno, Bologna, Italy",44.4756,11.2759
2022-08-03T01:00:00+00:00,22.200,17.200,Open-Meteo Historical Weather API,"Casalecchio di Reno, Bologna, Italy",44.4756,11.2759
2022-08-03T02:00:00+00:00,21.800,16.900,Open-Meteo Historical Weather API,"Casalecchio di Reno, Bologna, Italy",44.4756,11.2759
2022-08-03T03:00:00+00:00,21.500,16.300,Open-Meteo Historical Weather API,"Casalecchio di Reno, Bologna, Italy",44.4756,11.2759
2022-08-03T04:00:00+00:00,21.500,15.500,Open-Meteo Historical Weather API,"Casalecchio di Reno, Bologna, Italy",44.4756,11.2759
2022-08-03T05:00:00+00:00,22.500,14.900,Open-Meteo Historical Weather API,"Casalecchio di Reno, Bologna, Italy",44.4756,11.2759
2022-08-03T06:00:00+00:00,25.500,14.700,Open-Meteo Historical Weather API,"Casalecchio di Reno, Bologna, Italy",44.4756,11.2759
2022-08-03T07:00:00+00:00,27.200,14.600,Open-Meteo Historical Weather API,"Casalecchio di Reno, Bologna, Italy",44.4756,11.2759
2022-08-03T08:00:00+00:00,28.600,14.500,Open-Meteo Historical Weather API,"Casalecchio di Reno, Bologna, Italy",44.4756,11.2759
2022-08-03T09:00:00+00:00,30.300,14.100,Open-Meteo Historical Weather API,"Casalecchio di Reno, Bologna, Italy",44.4756,11.2759
2022-08-03T10:00:00+00:00,31.900,13.200,Open-Meteo Historical Weather API,"Casalecchio di Reno, Bologna, Italy",44.4756,11.2759
2022-08-03T11:00:00+00:00,33.000,12.600,Open-Meteo Historical Weather API,"Casalecchio di Reno, Bologna, Italy",44.4756,11.2759
2022-08-03T12:00:00+00:00,33.500,13.600,Open-Meteo Historical Weather API,"Casalecchio di Reno, Bologna, Italy",44.4756,11.2759
2022-08-03T13:00:00+00:00,33.600,13.800,Open-Meteo Historical Weather API,"Casalecchio di Reno, Bologna, Italy",44.4756,11.2759
2022-08-03T14:00:00+00:00,33.700,13.500,Open-Meteo Historical Weather API,"Casalecchio di Reno, Bologna, Italy",44.4756,11.2759
2022-08-03T15:00:00+00:00,33.600,12.800,Open-Meteo Historical Weather API,"Casalecchio di Reno, Bologna, Italy",44.4756,11.2759
2022-08-03T16:00:00+00:00,33.300,12.400,Open-Meteo Historical Weather API,"Casalecchio di Reno, Bologna, Italy",44.4756,11.2759
2022-08-03T17:00:00+00:00,32.400,12.700,Open-Meteo Historical Weather API,"Casalecchio di Reno, Bologna, Italy",44.4756,11.2759
2022-08-03T18:00:00+00:00,30.900,12.900,Open-Meteo Historical Weather API,"Casalecchio di Reno, Bologna, Italy",44.4756,11.2759
2022-08-03T19:00:00+00:00,28.600,12.600,Open-Meteo Historical Weather API,"Casalecchio di Reno, Bologna, Italy",44.4756,11.2759
2022-08-03T20:00:00+00:00,27.000,12.400,Open-Meteo Historical Weather API,"Casalecchio di Reno, Bologna, Italy",44.4756,11.2759
2022-08-03T21:00:00+00:00,25.200,12.900,Open-Meteo Historical Weather API,"Casalecchio di Reno, Bologna, Italy",44.4756,11.2759
2022-08-03T22:00:00+00:00,23.800,13.300,Open-Meteo Historical Weather API,"Casalecchio di Reno, Bologna, Italy",44.4756,11.2759
2022-08-03T23:00:00+00:00,23.000,13.600,Open-Meteo Historical Weather API,"Casalecchio di Reno, Bologna, Italy",44.4756,11.2759
2022-08-04T00:00:00+00:00,22.500,14.200,Open-Meteo Historical Weather API,"Casalecchio di Reno, Bologna, Italy",44.4756,11.2759
2022-08-04T01:00:00+00:00,21.500,14.200,Open-Meteo Historical Weather API,"Casalecchio di Reno, Bologna, Italy",44.4756,11.2759
2022-08-04T02:00:00+00:00,20.900,14.200,Open-Meteo Historical Weather API,"Casalecchio di Reno, Bologna, Italy",44.4756,11.2759
2022-08-04T03:00:00+00:00,20.600,13.900,Open-Meteo Historical Weather API,"Casalecchio di Reno, Bologna, Italy",44.4756,11.2759
2022-08-04T04:00:00+00:00,21.100,13.100,Open-Meteo Historical Weather API,"Casalecchio di Reno, Bologna, Italy",44.4756,11.2759
2022-08-04T05:00:00+00:00,22.500,12.300,Open-Meteo Historical Weather API,"Casalecchio di Reno, Bologna, Italy",44.4756,11.2759
2022-08-04T06:00:00+00:00,26.300,11.900,Open-Meteo Historical Weather API,"Casalecchio di Reno, Bologna, Italy",44.4756,11.2759
2022-08-04T07:00:00+00:00,29.600,10.900,Open-Meteo Historical Weather API,"Casalecchio di Reno, Bologna, Italy",44.4756,11.2759
2022-08-04T08:00:00+00:00,31.700,11.400,Open-Meteo Historical Weather API,"Casalecchio di Reno, Bologna, Italy",44.4756,11.2759
2022-08-04T09:00:00+00:00,33.300,11.900,Open-Meteo Historical Weather API,"Casalecchio di Reno, Bologna, Italy",44.4756,11.2759
2022-08-04T10:00:00+00:00,34.700,11.600,Open-Meteo Historical Weather API,"Casalecchio di Reno, Bologna, Italy",44.4756,11.2759
2022-08-04T11:00:00+00:00,35.600,11.200,Open-Meteo Historical Weather API,"Casalecchio di Reno, Bologna, Italy",44.4756,11.2759
2022-08-04T12:00:00+00:00,35.700,11.600,Open-Meteo Historical Weather API,"Casalecchio di Reno, Bologna, Italy",44.4756,11.2759
2022-08-04T13:00:00+00:00,36.200,11.400,Open-Meteo Historical Weather API,"Casalecchio di Reno, Bologna, Italy",44.4756,11.2759
2022-08-04T14:00:00+00:00,36.400,11.400,Open-Meteo Historical Weather API,"Casalecchio di Reno, Bologna, Italy",44.4756,11.2759
2022-08-04T15:00:00+00:00,36.300,11.500,Open-Meteo Historical Weather API,"Casalecchio di Reno, Bologna, Italy",44.4756,11.2759
2022-08-04T16:00:00+00:00,35.800,11.500,Open-Meteo Historical Weather API,"Casalecchio di Reno, Bologna, Italy",44.4756,11.2759
2022-08-04T17:00:00+00:00,34.700,11.400,Open-Meteo Historical Weather API,"Casalecchio di Reno, Bologna, Italy",44.4756,11.2759
2022-08-04T18:00:00+00:00,32.900,11.200,Open-Meteo Historical Weather API,"Casalecchio di Reno, Bologna, Italy",44.4756,11.2759
2022-08-04T19:00:00+00:00,30.600,11.500,Open-Meteo Historical Weather API,"Casalecchio di Reno, Bologna, Italy",44.4756,11.2759
2022-08-04T20:00:00+00:00,28.900,12.900,Open-Meteo Historical Weather API,"Casalecchio di Reno, Bologna, Italy",44.4756,11.2759
2022-08-04T21:00:00+00:00,27.600,13.400,Open-Meteo Historical Weather API,"Casalecchio di Reno, Bologna, Italy",44.4756,11.2759
2022-08-04T22:00:00+00:00,26.200,13.500,Open-Meteo Historical Weather API,"Casalecchio di Reno, Bologna, Italy",44.4756,11.2759
2022-08-04T23:00:00+00:00,25.200,13.400,Open-Meteo Historical Weather API,"Casalecchio di Reno, Bologna, Italy",44.4756,11.2759
2022-08-05T00:00:00+00:00,23.800,13.300,Open-Meteo Historical Weather API,"Casalecchio di Reno, Bologna, Italy",44.4756,11.2759
2022-08-05T01:00:00+00:00,23.000,13.600,Open-Meteo Historical Weather API,"Casalecchio di Reno, Bologna, Italy",44.4756,11.2759
2022-08-05T02:00:00+00:00,22.400,13.600,Open-Meteo Historical Weather API,"Casalecchio di Reno, Bologna, Italy",44.4756,11.2759
2022-08-05T03:00:00+00:00,21.900,13.600,Open-Meteo Historical Weather API,"Casalecchio di Reno, Bologna, Italy",44.4756,11.2759
2022-08-05T04:00:00+00:00,21.400,13.300,Open-Meteo Historical Weather API,"Casalecchio di Reno, Bologna, Italy",44.4756,11.2759
2022-08-05T05:00:00+00:00,23.400,12.600,Open-Meteo Historical Weather API,"Casalecchio di Reno, Bologna, Italy",44.4756,11.2759
2022-08-05T06:00:00+00:00,27.000,12.800,Open-Meteo Historical Weather API,"Casalecchio di Reno, Bologna, Italy",44.4756,11.2759
2022-08-05T07:00:00+00:00,30.200,12.600,Open-Meteo Historical Weather API,"Casalecchio di Reno, Bologna, Italy",44.4756,11.2759
2022-08-05T08:00:00+00:00,32.200,12.600,Open-Meteo Historical Weather API,"Casalecchio di Reno, Bologna, Italy",44.4756,11.2759
2022-08-05T09:00:00+00:00,34.000,11.100,Open-Meteo Historical Weather API,"Casalecchio di Reno, Bologna, Italy",44.4756,11.2759
2022-08-05T10:00:00+00:00,35.500,10.700,Open-Meteo Historical Weather API,"Casalecchio di Reno, Bologna, Italy",44.4756,11.2759
2022-08-05T11:00:00+00:00,36.500,11.100,Open-Meteo Historical Weather API,"Casalecchio di Reno, Bologna, Italy",44.4756,11.2759
2022-08-05T12:00:00+00:00,36.500,11.500,Open-Meteo Historical Weather API,"Casalecchio di Reno, Bologna, Italy",44.4756,11.2759
2022-08-05T13:00:00+00:00,37.000,11.400,Open-Meteo Historical Weather API,"Casalecchio di Reno, Bologna, Italy",44.4756,11.2759
2022-08-05T14:00:00+00:00,37.200,10.900,Open-Meteo Historical Weather API,"Casalecchio di Reno, Bologna, Italy",44.4756,11.2759
2022-08-05T15:00:00+00:00,37.400,10.500,Open-Meteo Historical Weather API,"Casalecchio di Reno, Bologna, Italy",44.4756,11.2759
2022-08-05T16:00:00+00:00,36.900,10.600,Open-Meteo Historical Weather API,"Casalecchio di Reno, Bologna, Italy",44.4756,11.2759
2022-08-05T17:00:00+00:00,36.000,11.100,Open-Meteo Historical Weather API,"Casalecchio di Reno, Bologna, Italy",44.4756,11.2759
2022-08-05T18:00:00+00:00,33.400,12.400,Open-Meteo Historical Weather API,"Casalecchio di Reno, Bologna, Italy",44.4756,11.2759
2022-08-05T19:00:00+00:00,30.600,12.600,Open-Meteo Historical Weather API,"Casalecchio di Reno, Bologna, Italy",44.4756,11.2759
2022-08-05T20:00:00+00:00,29.400,13.400,Open-Meteo Historical Weather API,"Casalecchio di Reno, Bologna, Italy",44.4756,11.2759
2022-08-05T21:00:00+00:00,28.400,13.700,Open-Meteo Historical Weather API,"Casalecchio di Reno, Bologna, Italy",44.4756,11.2759
2022-08-05T22:00:00+00:00,27.500,13.900,Open-Meteo Historical Weather API,"Casalecchio di Reno, Bologna, Italy",44.4756,11.2759
2022-08-05T23:00:00+00:00,26.400,14.200,Open-Meteo Historical Weather API,"Casalecchio di Reno, Bologna, Italy",44.4756,11.2759
2022-08-06T00:00:00+00:00,27.100,13.400,Open-Meteo Historical Weather API,"Casalecchio di Reno, Bologna, Italy",44.4756,11.2759
2022-08-06T01:00:00+00:00,24.500,13.200,Open-Meteo Historical Weather API,"Casalecchio di Reno, Bologna, Italy",44.4756,11.2759
2022-08-06T02:00:00+00:00,23.500,13.300,Open-Meteo Historical Weather API,"Casalecchio di Reno, Bologna, Italy",44.4756,11.2759
2022-08-06T03:00:00+00:00,23.000,13.400,Open-Meteo Historical Weather API,"Casalecchio di Reno, Bologna, Italy",44.4756,11.2759
2022-08-06T04:00:00+00:00,23.300,13.400,Open-Meteo Historical Weather API,"Casalecchio di Reno, Bologna, Italy",44.4756,11.2759
2022-08-06T05:00:00+00:00,24.000,13.800,Open-Meteo Historical Weather API,"Casalecchio di Reno, Bologna, Italy",44.4756,11.2759
2022-08-06T06:00:00+00:00,26.000,15.000,Open-Meteo Historical Weather API,"Casalecchio di Reno, Bologna, Italy",44.4756,11.2759
2022-08-06T07:00:00+00:00,28.200,15.100,Open-Meteo Historical Weather API,"Casalecchio di Reno, Bologna, Italy",44.4756,11.2759
2022-08-06T08:00:00+00:00,30.500,15.000,Open-Meteo Historical Weather API,"Casalecchio di Reno, Bologna, Italy",44.4756,11.2759
2022-08-06T09:00:00+00:00,32.500,14.700,Open-Meteo Historical Weather API,"Casalecchio di Reno, Bologna, Italy",44.4756,11.2759
2022-08-06T10:00:00+00:00,34.400,12.600,Open-Meteo Historical Weather API,"Casalecchio di Reno, Bologna, Italy",44.4756,11.2759
2022-08-06T11:00:00+00:00,35.900,11.600,Open-Meteo Historical Weather API,"Casalecchio di Reno, Bologna, Italy",44.4756,11.2759
2022-08-06T12:00:00+00:00,35.800,12.400,Open-Meteo Historical Weather API,"Casalecchio di Reno, Bologna, Italy",44.4756,11.2759
2022-08-06T13:00:00+00:00,36.300,12.200,Open-Meteo Historical Weather API,"Casalecchio di Reno, Bologna, Italy",44.4756,11.2759
2022-08-06T14:00:00+00:00,37.000,12.100,Open-Meteo Historical Weather API,"Casalecchio di Reno, Bologna, Italy",44.4756,11.2759
2022-08-06T15:00:00+00:00,34.700,13.600,Open-Meteo Historical Weather API,"Casalecchio di Reno, Bologna, Italy",44.4756,11.2759
2022-08-06T16:00:00+00:00,31.800,16.400,Open-Meteo Historical Weather API,"Casalecchio di Reno, Bologna, Italy",44.4756,11.2759
2022-08-06T17:00:00+00:00,31.400,17.200,Open-Meteo Historical Weather API,"Casalecchio di Reno, Bologna, Italy",44.4756,11.2759
2022-08-06T18:00:00+00:00,31.100,17.900,Open-Meteo Historical Weather API,"Casalecchio di Reno, Bologna, Italy",44.4756,11.2759
2022-08-06T19:00:00+00:00,29.500,18.000,Open-Meteo Historical Weather API,"Casalecchio di Reno, Bologna, Italy",44.4756,11.2759
2022-08-06T20:00:00+00:00,28.200,17.500,Open-Meteo Historical Weather API,"Casalecchio di Reno, Bologna, Italy",44.4756,11.2759
2022-08-06T21:00:00+00:00,27.000,17.400,Open-Meteo Historical Weather API,"Casalecchio di Reno, Bologna, Italy",44.4756,11.2759
2022-08-06T22:00:00+00:00,25.800,17.700,Open-Meteo Historical Weather API,"Casalecchio di Reno, Bologna, Italy",44.4756,11.2759
2022-08-06T23:00:00+00:00,25.400,17.500,Open-Meteo Historical Weather API,"Casalecchio di Reno, Bologna, Italy",44.4756,11.2759
2022-08-07T00:00:00+00:00,24.100,14.700,Open-Meteo Historical Weather API,"Casalecchio di Reno, Bologna, Italy",44.4756,11.2759
2022-08-07T01:00:00+00:00,24.100,14.400,Open-Meteo Historical Weather API,"Casalecchio di Reno, Bologna, Italy",44.4756,11.2759
2022-08-07T02:00:00+00:00,23.900,14.200,Open-Meteo Historical Weather API,"Casalecchio di Reno, Bologna, Italy",44.4756,11.2759
2022-08-07T03:00:00+00:00,22.900,14.800,Open-Meteo Historical Weather API,"Casalecchio di Reno, Bologna, Italy",44.4756,11.2759
2022-08-07T04:00:00+00:00,20.200,18.400,Open-Meteo Historical Weather API,"Casalecchio di Reno, Bologna, Italy",44.4756,11.2759
2022-08-07T05:00:00+00:00,20.900,18.400,Open-Meteo Historical Weather API,"Casalecchio di Reno, Bologna, Italy",44.4756,11.2759
2022-08-07T06:00:00+00:00,22.100,18.500,Open-Meteo Historical Weather API,"Casalecchio di Reno, Bologna, Italy",44.4756,11.2759
2022-08-07T07:00:00+00:00,23.600,18.600,Open-Meteo Historical Weather API,"Casalecchio di Reno, Bologna, Italy",44.4756,11.2759
2022-08-07T08:00:00+00:00,25.500,18.500,Open-Meteo Historical Weather API,"Casalecchio di Reno, Bologna, Italy",44.4756,11.2759
2022-08-07T09:00:00+00:00,27.100,17.900,Open-Meteo Historical Weather API,"Casalecchio di Reno, Bologna, Italy",44.4756,11.2759
2022-08-07T10:00:00+00:00,28.300,17.400,Open-Meteo Historical Weather API,"Casalecchio di Reno, Bologna, Italy",44.4756,11.2759
2022-08-07T11:00:00+00:00,28.900,17.000,Open-Meteo Historical Weather API,"Casalecchio di Reno, Bologna, Italy",44.4756,11.2759
2022-08-07T12:00:00+00:00,24.300,21.600,Open-Meteo Historical Weather API,"Casalecchio di Reno, Bologna, Italy",44.4756,11.2759
2022-08-07T13:00:00+00:00,26.000,18.600,Open-Meteo Historical Weather API,"Casalecchio di Reno, Bologna, Italy",44.4756,11.2759
2022-08-07T14:00:00+00:00,27.900,18.000,Open-Meteo Historical Weather API,"Casalecchio di Reno, Bologna, Italy",44.4756,11.2759
2022-08-07T15:00:00+00:00,28.700,16.900,Open-Meteo Historical Weather API,"Casalecchio di Reno, Bologna, Italy",44.4756,11.2759
2022-08-07T16:00:00+00:00,28.600,15.900,Open-Meteo Historical Weather API,"Casalecchio di Reno, Bologna, Italy",44.4756,11.2759
2022-08-07T17:00:00+00:00,28.100,15.500,Open-Meteo Historical Weather API,"Casalecchio di Reno, Bologna, Italy",44.4756,11.2759
2022-08-07T18:00:00+00:00,27.000,15.600,Open-Meteo Historical Weather API,"Casalecchio di Reno, Bologna, Italy",44.4756,11.2759
2022-08-07T19:00:00+00:00,25.200,16.500,Open-Meteo Historical Weather API,"Casalecchio di Reno, Bologna, Italy",44.4756,11.2759
2022-08-07T20:00:00+00:00,23.500,17.000,Open-Meteo Historical Weather API,"Casalecchio di Reno, Bologna, Italy",44.4756,11.2759
2022-08-07T21:00:00+00:00,22.700,16.900,Open-Meteo Historical Weather API,"Casalecchio di Reno, Bologna, Italy",44.4756,11.2759
2022-08-07T22:00:00+00:00,22.900,16.700,Open-Meteo Historical Weather API,"Casalecchio di Reno, Bologna, Italy",44.4756,11.2759
2022-08-07T23:00:00+00:00,22.100,16.500,Open-Meteo Historical Weather API,"Casalecchio di Reno, Bologna, Italy",44.4756,11.2759
2022-08-08T00:00:00+00:00,23.400,16.200,Open-Meteo Historical Weather API,"Casalecchio di Reno, Bologna, Italy",44.4756,11.2759
2022-08-08T01:00:00+00:00,21.900,16.300,Open-Meteo Historical Weather API,"Casalecchio di Reno, Bologna, Italy",44.4756,11.2759
2022-08-08T02:00:00+00:00,21.500,16.400,Open-Meteo Historical Weather API,"Casalecchio di Reno, Bologna, Italy",44.4756,11.2759
2022-08-08T03:00:00+00:00,21.100,16.400,Open-Meteo Historical Weather API,"Casalecchio di Reno, Bologna, Italy",44.4756,11.2759
2022-08-08T04:00:00+00:00,21.000,16.500,Open-Meteo Historical Weather API,"Casalecchio di Reno, Bologna, Italy",44.4756,11.2759
2022-08-08T05:00:00+00:00,21.600,16.500,Open-Meteo Historical Weather API,"Casalecchio di Reno, Bologna, Italy",44.4756,11.2759
2022-08-08T06:00:00+00:00,23.800,16.300,Open-Meteo Historical Weather API,"Casalecchio di Reno, Bologna, Italy",44.4756,11.2759
2022-08-08T07:00:00+00:00,25.200,16.100,Open-Meteo Historical Weather API,"Casalecchio di Reno, Bologna, Italy",44.4756,11.2759
2022-08-08T08:00:00+00:00,26.500,16.600,Open-Meteo Historical Weather API,"Casalecchio di Reno, Bologna, Italy",44.4756,11.2759
2022-08-08T09:00:00+00:00,27.900,17.200,Open-Meteo Historical Weather API,"Casalecchio di Reno, Bologna, Italy",44.4756,11.2759
2022-08-08T10:00:00+00:00,28.500,17.300,Open-Meteo Historical Weather API,"Casalecchio di Reno, Bologna, Italy",44.4756,11.2759
2022-08-08T11:00:00+00:00,28.800,17.000,Open-Meteo Historical Weather API,"Casalecchio di Reno, Bologna, Italy",44.4756,11.2759
2022-08-08T12:00:00+00:00,27.200,16.800,Open-Meteo Historical Weather API,"Casalecchio di Reno, Bologna, Italy",44.4756,11.2759
2022-08-08T13:00:00+00:00,28.100,16.600,Open-Meteo Historical Weather API,"Casalecchio di Reno, Bologna, Italy",44.4756,11.2759
2022-08-08T14:00:00+00:00,30.200,14.600,Open-Meteo Historical Weather API,"Casalecchio di Reno, Bologna, Italy",44.4756,11.2759
2022-08-08T15:00:00+00:00,30.900,12.700,Open-Meteo Historical Weather API,"Casalecchio di Reno, Bologna, Italy",44.4756,11.2759
2022-08-08T16:00:00+00:00,31.100,12.200,Open-Meteo Historical Weather API,"Casalecchio di Reno, Bologna, Italy",44.4756,11.2759
2022-08-08T17:00:00+00:00,29.600,12.900,Open-Meteo Historical Weather API,"Casalecchio di Reno, Bologna, Italy",44.4756,11.2759
2022-08-08T18:00:00+00:00,27.600,16.500,Open-Meteo Historical Weather API,"Casalecchio di Reno, Bologna, Italy",44.4756,11.2759
2022-08-08T19:00:00+00:00,25.600,17.000,Open-Meteo Historical Weather API,"Casalecchio di Reno, Bologna, Italy",44.4756,11.2759
2022-08-08T20:00:00+00:00,24.200,17.100,Open-Meteo Historical Weather API,"Casalecchio di Reno, Bologna, Italy",44.4756,11.2759
2022-08-08T21:00:00+00:00,24.500,16.600,Open-Meteo Historical Weather API,"Casalecchio di Reno, Bologna, Italy",44.4756,11.2759
2022-08-08T22:00:00+00:00,24.100,15.900,Open-Meteo Historical Weather API,"Casalecchio di Reno, Bologna, Italy",44.4756,11.2759
2022-08-08T23:00:00+00:00,22.700,16.400,Open-Meteo Historical Weather API,"Casalecchio di Reno, Bologna, Italy",44.4756,11.2759
2022-08-09T00:00:00+00:00,22.100,18.500,Open-Meteo Historical Weather API,"Casalecchio di Reno, Bologna, Italy",44.4756,11.2759
2022-08-09T01:00:00+00:00,19.700,18.400,Open-Meteo Historical Weather API,"Casalecchio di Reno, Bologna, Italy",44.4756,11.2759
2022-08-09T02:00:00+00:00,19.800,18.500,Open-Meteo Historical Weather API,"Casalecchio di Reno, Bologna, Italy",44.4756,11.2759
2022-08-09T03:00:00+00:00,19.900,18.300,Open-Meteo Historical Weather API,"Casalecchio di Reno, Bologna, Italy",44.4756,11.2759
2022-08-09T04:00:00+00:00,19.800,18.500,Open-Meteo Historical Weather API,"Casalecchio di Reno, Bologna, Italy",44.4756,11.2759
2022-08-09T05:00:00+00:00,20.200,18.500,Open-Meteo Historical Weather API,"Casalecchio di Reno, Bologna, Italy",44.4756,11.2759
2022-08-09T06:00:00+00:00,21.400,18.500,Open-Meteo Historical Weather API,"Casalecchio di Reno, Bologna, Italy",44.4756,11.2759
2022-08-09T07:00:00+00:00,23.000,18.700,Open-Meteo Historical Weather API,"Casalecchio di Reno, Bologna, Italy",44.4756,11.2759
2022-08-09T08:00:00+00:00,25.000,18.600,Open-Meteo Historical Weather API,"Casalecchio di Reno, Bologna, Italy",44.4756,11.2759
2022-08-09T09:00:00+00:00,26.900,17.200,Open-Meteo Historical Weather API,"Casalecchio di Reno, Bologna, Italy",44.4756,11.2759
2022-08-09T10:00:00+00:00,28.600,16.600,Open-Meteo Historical Weather API,"Casalecchio di Reno, Bologna, Italy",44.4756,11.2759
2022-08-09T11:00:00+00:00,30.000,16.200,Open-Meteo Historical Weather API,"Casalecchio di Reno, Bologna, Italy",44.4756,11.2759
2022-08-09T12:00:00+00:00,31.100,12.900,Open-Meteo Historical Weather API,"Casalecchio di Reno, Bologna, Italy",44.4756,11.2759
2022-08-09T13:00:00+00:00,31.500,12.200,Open-Meteo Historical Weather API,"Casalecchio di Reno, Bologna, Italy",44.4756,11.2759
2022-08-09T14:00:00+00:00,31.400,12.600,Open-Meteo Historical Weather API,"Casalecchio di Reno, Bologna, Italy",44.4756,11.2759
2022-08-09T15:00:00+00:00,30.900,13.100,Open-Meteo Historical Weather API,"Casalecchio di Reno, Bologna, Italy",44.4756,11.2759
2022-08-09T16:00:00+00:00,30.200,13.700,Open-Meteo Historical Weather API,"Casalecchio di Reno, Bologna, Italy",44.4756,11.2759
2022-08-09T17:00:00+00:00,29.200,13.100,Open-Meteo Historical Weather API,"Casalecchio di Reno, Bologna, Italy",44.4756,11.2759
2022-08-09T18:00:00+00:00,28.000,12.600,Open-Meteo Historical Weather API,"Casalecchio di Reno, Bologna, Italy",44.4756,11.2759
2022-08-09T19:00:00+00:00,26.000,13.800,Open-Meteo Historical Weather API,"Casalecchio di Reno, Bologna, Italy",44.4756,11.2759
2022-08-09T20:00:00+00:00,24.400,14.800,Open-Meteo Historical Weather API,"Casalecchio di Reno, Bologna, Italy",44.4756,11.2759
2022-08-09T21:00:00+00:00,22.900,15.100,Open-Meteo Historical Weather API,"Casalecchio di Reno, Bologna, Italy",44.4756,11.2759
2022-08-09T22:00:00+00:00,22.300,15.100,Open-Meteo Historical Weather API,"Casalecchio di Reno, Bologna, Italy",44.4756,11.2759
2022-08-09T23:00:00+00:00,21.800,14.900,Open-Meteo Historical Weather API,"Casalecchio di Reno, Bologna, Italy",44.4756,11.2759
2022-08-10T00:00:00+00:00,21.900,14.400,Open-Meteo Historical Weather API,"Casalecchio di Reno, Bologna, Italy",44.4756,11.2759
2022-08-10T01:00:00+00:00,20.800,14.200,Open-Meteo Historical Weather API,"Casalecchio di Reno, Bologna, Italy",44.4756,11.2759
2022-08-10T02:00:00+00:00,20.900,14.400,Open-Meteo Historical Weather API,"Casalecchio di Reno, Bologna, Italy",44.4756,11.2759
2022-08-10T03:00:00+00:00,20.800,14.700,Open-Meteo Historical Weather API,"Casalecchio di Reno, Bologna, Italy",44.4756,11.2759
2022-08-10T04:00:00+00:00,19.600,14.900,Open-Meteo Historical Weather API,"Casalecchio di Reno, Bologna, Italy",44.4756,11.2759
2022-08-10T05:00:00+00:00,21.100,15.000,Open-Meteo Historical Weather API,"Casalecchio di Reno, Bologna, Italy",44.4756,11.2759
2022-08-10T06:00:00+00:00,23.500,14.800,Open-Meteo Historical Weather API,"Casalecchio di Reno, Bologna, Italy",44.4756,11.2759
2022-08-10T07:00:00+00:00,25.200,14.800,Open-Meteo Historical Weather API,"Casalecchio di Reno, Bologna, Italy",44.4756,11.2759
2022-08-10T08:00:00+00:00,27.500,13.800,Open-Meteo Historical Weather API,"Casalecchio di Reno, Bologna, Italy",44.4756,11.2759
2022-08-10T09:00:00+00:00,29.200,12.600,Open-Meteo Historical Weather API,"Casalecchio di Reno, Bologna, Italy",44.4756,11.2759
2022-08-10T10:00:00+00:00,30.400,11.800,Open-Meteo Historical Weather API,"Casalecchio di Reno, Bologna, Italy",44.4756,11.2759
2022-08-10T11:00:00+00:00,31.300,11.200,Open-Meteo Historical Weather API,"Casalecchio di Reno, Bologna, Italy",44.4756,11.2759
2022-08-10T12:00:00+00:00,31.700,10.300,Open-Meteo Historical Weather API,"Casalecchio di Reno, Bologna, Italy",44.4756,11.2759
2022-08-10T13:00:00+00:00,31.800,10.100,Open-Meteo Historical Weather API,"Casalecchio di Reno, Bologna, Italy",44.4756,11.2759
2022-08-10T14:00:00+00:00,31.800,9.600,Open-Meteo Historical Weather API,"Casalecchio di Reno, Bologna, Italy",44.4756,11.2759
2022-08-10T15:00:00+00:00,31.500,9.600,Open-Meteo Historical Weather API,"Casalecchio di Reno, Bologna, Italy",44.4756,11.2759
2022-08-10T16:00:00+00:00,30.700,9.600,Open-Meteo Historical Weather API,"Casalecchio di Reno, Bologna, Italy",44.4756,11.2759
2022-08-10T17:00:00+00:00,29.500,9.100,Open-Meteo Historical Weather API,"Casalecchio di Reno, Bologna, Italy",44.4756,11.2759
2022-08-10T18:00:00+00:00,27.900,9.500,Open-Meteo Historical Weather API,"Casalecchio di Reno, Bologna, Italy",44.4756,11.2759
2022-08-10T19:00:00+00:00,25.800,11.100,Open-Meteo Historical Weather API,"Casalecchio di Reno, Bologna, Italy",44.4756,11.2759
2022-08-10T20:00:00+00:00,24.300,12.800,Open-Meteo Historical Weather API,"Casalecchio di Reno, Bologna, Italy",44.4756,11.2759
2022-08-10T21:00:00+00:00,23.500,13.900,Open-Meteo Historical Weather API,"Casalecchio di Reno, Bologna, Italy",44.4756,11.2759
2022-08-10T22:00:00+00:00,23.000,14.800,Open-Meteo Historical Weather API,"Casalecchio di Reno, Bologna, Italy",44.4756,11.2759
2022-08-10T23:00:00+00:00,22.300,15.300,Open-Meteo Historical Weather API,"Casalecchio di Reno, Bologna, Italy",44.4756,11.2759
2022-08-11T00:00:00+00:00,22.800,15.000,Open-Meteo Historical Weather API,"Casalecchio di Reno, Bologna, Italy",44.4756,11.2759
2022-08-11T01:00:00+00:00,22.600,15.000,Open-Meteo Historical Weather API,"Casalecchio di Reno, Bologna, Italy",44.4756,11.2759
2022-08-11T02:00:00+00:00,22.700,15.000,Open-Meteo Historical Weather API,"Casalecchio di Reno, Bologna, Italy",44.4756,11.2759
2022-08-11T03:00:00+00:00,21.800,15.100,Open-Meteo Historical Weather API,"Casalecchio di Reno, Bologna, Italy",44.4756,11.2759
2022-08-11T04:00:00+00:00,19.700,15.000,Open-Meteo Historical Weather API,"Casalecchio di Reno, Bologna, Italy",44.4756,11.2759
2022-08-11T05:00:00+00:00,20.700,15.000,Open-Meteo Historical Weather API,"Casalecchio di Reno, Bologna, Italy",44.4756,11.2759
2022-08-11T06:00:00+00:00,22.600,14.800,Open-Meteo Historical Weather API,"Casalecchio di Reno, Bologna, Italy",44.4756,11.2759
2022-08-11T07:00:00+00:00,24.100,14.400,Open-Meteo Historical Weather API,"Casalecchio di Reno, Bologna, Italy",44.4756,11.2759
2022-08-11T08:00:00+00:00,26.000,13.900,Open-Meteo Historical Weather API,"Casalecchio di Reno, Bologna, Italy",44.4756,11.2759
2022-08-11T09:00:00+00:00,28.100,12.100,Open-Meteo Historical Weather API,"Casalecchio di Reno, Bologna, Italy",44.4756,11.2759
2022-08-11T10:00:00+00:00,29.600,11.100,Open-Meteo Historical Weather API,"Casalecchio di Reno, Bologna, Italy",44.4756,11.2759
2022-08-11T11:00:00+00:00,31.400,10.400,Open-Meteo Historical Weather API,"Casalecchio di Reno, Bologna, Italy",44.4756,11.2759
2022-08-11T12:00:00+00:00,31.500,9.600,Open-Meteo Historical Weather API,"Casalecchio di Reno, Bologna, Italy",44.4756,11.2759
2022-08-11T13:00:00+00:00,31.500,9.200,Open-Meteo Historical Weather API,"Casalecchio di Reno, Bologna, Italy",44.4756,11.2759
2022-08-11T14:00:00+00:00,31.100,8.900,Open-Meteo Historical Weather API,"Casalecchio di Reno, Bologna, Italy",44.4756,11.2759
2022-08-11T15:00:00+00:00,30.500,8.400,Open-Meteo Historical Weather API,"Casalecchio di Reno, Bologna, Italy",44.4756,11.2759
2022-08-11T16:00:00+00:00,29.900,7.300,Open-Meteo Historical Weather API,"Casalecchio di Reno, Bologna, Italy",44.4756,11.2759
2022-08-11T17:00:00+00:00,28.800,6.800,Open-Meteo Historical Weather API,"Casalecchio di Reno, Bologna, Italy",44.4756,11.2759
2022-08-11T18:00:00+00:00,27.000,6.800,Open-Meteo Historical Weather API,"Casalecchio di Reno, Bologna, Italy",44.4756,11.2759
2022-08-11T19:00:00+00:00,24.700,6.700,Open-Meteo Historical Weather API,"Casalecchio di Reno, Bologna, Italy",44.4756,11.2759
2022-08-11T20:00:00+00:00,23.200,7.100,Open-Meteo Historical Weather API,"Casalecchio di Reno, Bologna, Italy",44.4756,11.2759
2022-08-11T21:00:00+00:00,22.200,7.800,Open-Meteo Historical Weather API,"Casalecchio di Reno, Bologna, Italy",44.4756,11.2759
2022-08-11T22:00:00+00:00,21.700,8.400,Open-Meteo Historical Weather API,"Casalecchio di Reno, Bologna, Italy",44.4756,11.2759
2022-08-11T23:00:00+00:00,21.400,8.600,Open-Meteo Historical Weather API,"Casalecchio di Reno, Bologna, Italy",44.4756,11.2759
2022-08-12T00:00:00+00:00,20.900,8.400,Open-Meteo Historical Weather API,"Casalecchio di Reno, Bologna, Italy",44.4756,11.2759
2022-08-12T01:00:00+00:00,21.000,10.400,Open-Meteo Historical Weather API,"Casalecchio di Reno, Bologna, Italy",44.4756,11.2759
2022-08-12T02:00:00+00:00,20.000,13.100,Open-Meteo Historical Weather API,"Casalecchio di Reno, Bologna, Italy",44.4756,11.2759
2022-08-12T03:00:00+00:00,20.200,12.600,Open-Meteo Historical Weather API,"Casalecchio di Reno, Bologna, Italy",44.4756,11.2759
2022-08-12T04:00:00+00:00,20.100,11.400,Open-Meteo Historical Weather API,"Casalecchio di Reno, Bologna, Italy",44.4756,11.2759
2022-08-12T05:00:00+00:00,20.200,10.900,Open-Meteo Historical Weather API,"Casalecchio di Reno, Bologna, Italy",44.4756,11.2759
2022-08-12T06:00:00+00:00,22.600,11.000,Open-Meteo Historical Weather API,"Casalecchio di Reno, Bologna, Italy",44.4756,11.2759
2022-08-12T07:00:00+00:00,23.100,12.600,Open-Meteo Historical Weather API,"Casalecchio di Reno, Bologna, Italy",44.4756,11.2759
2022-08-12T08:00:00+00:00,23.600,14.200,Open-Meteo Historical Weather API,"Casalecchio di Reno, Bologna, Italy",44.4756,11.2759
2022-08-12T09:00:00+00:00,24.600,14.900,Open-Meteo Historical Weather API,"Casalecchio di Reno, Bologna, Italy",44.4756,11.2759
2022-08-12T10:00:00+00:00,25.500,14.400,Open-Meteo Historical Weather API,"Casalecchio di Reno, Bologna, Italy",44.4756,11.2759
2022-08-12T11:00:00+00:00,26.400,12.600,Open-Meteo Historical Weather API,"Casalecchio di Reno, Bologna, Italy",44.4756,11.2759
2022-08-12T12:00:00+00:00,27.400,11.600,Open-Meteo Historical Weather API,"Casalecchio di Reno, Bologna, Italy",44.4756,11.2759
2022-08-12T13:00:00+00:00,28.200,10.400,Open-Meteo Historical Weather API,"Casalecchio di Reno, Bologna, Italy",44.4756,11.2759
2022-08-12T14:00:00+00:00,28.900,9.400,Open-Meteo Historical Weather API,"Casalecchio di Reno, Bologna, Italy",44.4756,11.2759
2022-08-12T15:00:00+00:00,29.000,8.700,Open-Meteo Historical Weather API,"Casalecchio di Reno, Bologna, Italy",44.4756,11.2759
2022-08-12T16:00:00+00:00,28.100,9.100,Open-Meteo Historical Weather API,"Casalecchio di Reno, Bologna, Italy",44.4756,11.2759
2022-08-12T17:00:00+00:00,26.900,10.600,Open-Meteo Historical Weather API,"Casalecchio di Reno, Bologna, Italy",44.4756,11.2759
2022-08-12T18:00:00+00:00,25.500,11.600,Open-Meteo Historical Weather API,"Casalecchio di Reno, Bologna, Italy",44.4756,11.2759
2022-08-12T19:00:00+00:00,23.700,11.200,Open-Meteo Historical Weather API,"Casalecchio di Reno, Bologna, Italy",44.4756,11.2759
2022-08-12T20:00:00+00:00,22.700,11.400,Open-Meteo Historical Weather API,"Casalecchio di Reno, Bologna, Italy",44.4756,11.2759
2022-08-12T21:00:00+00:00,21.000,12.600,Open-Meteo Historical Weather API,"Casalecchio di Reno, Bologna, Italy",44.4756,11.2759
2022-08-12T22:00:00+00:00,21.100,12.100,Open-Meteo Historical Weather API,"Casalecchio di Reno, Bologna, Italy",44.4756,11.2759
2022-08-12T23:00:00+00:00,19.900,12.800,Open-Meteo Historical Weather API,"Casalecchio di Reno, Bologna, Italy",44.4756,11.2759
2022-08-13T00:00:00+00:00,19.500,13.800,Open-Meteo Historical Weather API,"Casalecchio di Reno, Bologna, Italy",44.4756,11.2759
2022-08-13T01:00:00+00:00,18.700,13.800,Open-Meteo Historical Weather API,"Casalecchio di Reno, Bologna, Italy",44.4756,11.2759
2022-08-13T02:00:00+00:00,18.000,14.400,Open-Meteo Historical Weather API,"Casalecchio di Reno, Bologna, Italy",44.4756,11.2759
2022-08-13T03:00:00+00:00,17.400,14.900,Open-Meteo Historical Weather API,"Casalecchio di Reno, Bologna, Italy",44.4756,11.2759
2022-08-13T04:00:00+00:00,17.000,14.900,Open-Meteo Historical Weather API,"Casalecchio di Reno, Bologna, Italy",44.4756,11.2759
2022-08-13T05:00:00+00:00,17.500,14.100,Open-Meteo Historical Weather API,"Casalecchio di Reno, Bologna, Italy",44.4756,11.2759
2022-08-13T06:00:00+00:00,20.100,12.900,Open-Meteo Historical Weather API,"Casalecchio di Reno, Bologna, Italy",44.4756,11.2759
2022-08-13T07:00:00+00:00,22.100,11.600,Open-Meteo Historical Weather API,"Casalecchio di Reno, Bologna, Italy",44.4756,11.2759
2022-08-13T08:00:00+00:00,23.600,11.400,Open-Meteo Historical Weather API,"Casalecchio di Reno, Bologna, Italy",44.4756,11.2759
2022-08-13T09:00:00+00:00,25.300,11.400,Open-Meteo Historical Weather API,"Casalecchio di Reno, Bologna, Italy",44.4756,11.2759
2022-08-13T10:00:00+00:00,26.600,10.800,Open-Meteo Historical Weather API,"Casalecchio di Reno, Bologna, Italy",44.4756,11.2759
2022-08-13T11:00:00+00:00,27.600,9.900,Open-Meteo Historical Weather API,"Casalecchio di Reno, Bologna, Italy",44.4756,11.2759
2022-08-13T12:00:00+00:00,27.400,10.400,Open-Meteo Historical Weather API,"Casalecchio di Reno, Bologna, Italy",44.4756,11.2759
2022-08-13T13:00:00+00:00,28.000,10.200,Open-Meteo Historical Weather API,"Casalecchio di Reno, Bologna, Italy",44.4756,11.2759
2022-08-13T14:00:00+00:00,28.500,9.900,Open-Meteo Historical Weather API,"Casalecchio di Reno, Bologna, Italy",44.4756,11.2759
2022-08-13T15:00:00+00:00,28.200,9.800,Open-Meteo Historical Weather API,"Casalecchio di Reno, Bologna, Italy",44.4756,11.2759
2022-08-13T16:00:00+00:00,27.700,10.100,Open-Meteo Historical Weather API,"Casalecchio di Reno, Bologna, Italy",44.4756,11.2759
2022-08-13T17:00:00+00:00,27.000,9.800,Open-Meteo Historical Weather API,"Casalecchio di Reno, Bologna, Italy",44.4756,11.2759
2022-08-13T18:00:00+00:00,24.500,13.800,Open-Meteo Historical Weather API,"Casalecchio di Reno, Bologna, Italy",44.4756,11.2759
2022-08-13T19:00:00+00:00,23.400,11.200,Open-Meteo Historical Weather API,"Casalecchio di Reno, Bologna, Italy",44.4756,11.2759
2022-08-13T20:00:00+00:00,21.500,11.700,Open-Meteo Historical Weather API,"Casalecchio di Reno, Bologna, Italy",44.4756,11.2759
2022-08-13T21:00:00+00:00,21.000,11.300,Open-Meteo Historical Weather API,"Casalecchio di Reno, Bologna, Italy",44.4756,11.2759
2022-08-13T22:00:00+00:00,19.600,11.100,Open-Meteo Historical Weather API,"Casalecchio di Reno, Bologna, Italy",44.4756,11.2759
2022-08-13T23:00:00+00:00,19.000,10.900,Open-Meteo Historical Weather API,"Casalecchio di Reno, Bologna, Italy",44.4756,11.2759
2022-08-14T00:00:00+00:00,18.800,9.800,Open-Meteo Historical Weather API,"Casalecchio di Reno, Bologna, Italy",44.4756,11.2759
2022-08-14T01:00:00+00:00,18.600,9.600,Open-Meteo Historical Weather API,"Casalecchio di Reno, Bologna, Italy",44.4756,11.2759
2022-08-14T02:00:00+00:00,18.600,9.300,Open-Meteo Historical Weather API,"Casalecchio di Reno, Bologna, Italy",44.4756,11.2759
2022-08-14T03:00:00+00:00,18.600,9.400,Open-Meteo Historical Weather API,"Casalecchio di Reno, Bologna, Italy",44.4756,11.2759
2022-08-14T04:00:00+00:00,18.500,9.500,Open-Meteo Historical Weather API,"Casalecchio di Reno, Bologna, Italy",44.4756,11.2759
2022-08-14T05:00:00+00:00,19.000,9.900,Open-Meteo Historical Weather API,"Casalecchio di Reno, Bologna, Italy",44.4756,11.2759
2022-08-14T06:00:00+00:00,22.100,11.100,Open-Meteo Historical Weather API,"Casalecchio di Reno, Bologna, Italy",44.4756,11.2759
2022-08-14T07:00:00+00:00,26.000,11.300,Open-Meteo Historical Weather API,"Casalecchio di Reno, Bologna, Italy",44.4756,11.2759
2022-08-14T08:00:00+00:00,28.100,8.900,Open-Meteo Historical Weather API,"Casalecchio di Reno, Bologna, Italy",44.4756,11.2759
2022-08-14T09:00:00+00:00,29.600,8.400,Open-Meteo Historical Weather API,"Casalecchio di Reno, Bologna, Italy",44.4756,11.2759
2022-08-14T10:00:00+00:00,30.900,8.400,Open-Meteo Historical Weather API,"Casalecchio di Reno, Bologna, Italy",44.4756,11.2759
2022-08-14T11:00:00+00:00,32.000,8.400,Open-Meteo Historical Weather API,"Casalecchio di Reno, Bologna, Italy",44.4756,11.2759
2022-08-14T12:00:00+00:00,32.200,8.700,Open-Meteo Historical Weather API,"Casalecchio di Reno, Bologna, Italy",44.4756,11.2759
2022-08-14T13:00:00+00:00,32.700,8.800,Open-Meteo Historical Weather API,"Casalecchio di Reno, Bologna, Italy",44.4756,11.2759
2022-08-14T14:00:00+00:00,32.300,8.700,Open-Meteo Historical Weather API,"Casalecchio di Reno, Bologna, Italy",44.4756,11.2759
2022-08-14T15:00:00+00:00,31.500,8.800,Open-Meteo Historical Weather API,"Casalecchio di Reno, Bologna, Italy",44.4756,11.2759
2022-08-14T16:00:00+00:00,31.000,9.100,Open-Meteo Historical Weather API,"Casalecchio di Reno, Bologna, Italy",44.4756,11.2759
2022-08-14T17:00:00+00:00,28.500,10.600,Open-Meteo Historical Weather API,"Casalecchio di Reno, Bologna, Italy",44.4756,11.2759
2022-08-14T18:00:00+00:00,26.600,10.600,Open-Meteo Historical Weather API,"Casalecchio di Reno, Bologna, Italy",44.4756,11.2759
2022-08-14T19:00:00+00:00,25.400,10.900,Open-Meteo Historical Weather API,"Casalecchio di Reno, Bologna, Italy",44.4756,11.2759
2022-08-14T20:00:00+00:00,23.900,12.400,Open-Meteo Historical Weather API,"Casalecchio di Reno, Bologna, Italy",44.4756,11.2759
2022-08-14T21:00:00+00:00,22.300,12.400,Open-Meteo Historical Weather API,"Casalecchio di Reno, Bologna, Italy",44.4756,11.2759
2022-08-14T22:00:00+00:00,23.100,11.400,Open-Meteo Historical Weather API,"Casalecchio di Reno, Bologna, Italy",44.4756,11.2759
2022-08-14T23:00:00+00:00,22.800,10.300,Open-Meteo Historical Weather API,"Casalecchio di Reno, Bologna, Italy",44.4756,11.2759
2022-08-15T00:00:00+00:00,22.400,12.700,Open-Meteo Historical Weather API,"Casalecchio di Reno, Bologna, Italy",44.4756,11.2759
2022-08-15T01:00:00+00:00,21.600,11.900,Open-Meteo Historical Weather API,"Casalecchio di Reno, Bologna, Italy",44.4756,11.2759
2022-08-15T02:00:00+00:00,21.500,10.900,Open-Meteo Historical Weather API,"Casalecchio di Reno, Bologna, Italy",44.4756,11.2759
2022-08-15T03:00:00+00:00,21.400,10.500,Open-Meteo Historical Weather API,"Casalecchio di Reno, Bologna, Italy",44.4756,11.2759
2022-08-15T04:00:00+00:00,21.500,11.800,Open-Meteo Historical Weather API,"Casalecchio di Reno, Bologna, Italy",44.4756,11.2759
2022-08-15T05:00:00+00:00,22.000,14.400,Open-Meteo Historical Weather API,"Casalecchio di Reno, Bologna, Italy",44.4756,11.2759
2022-08-15T06:00:00+00:00,24.000,16.200,Open-Meteo Historical Weather API,"Casalecchio di Reno, Bologna, Italy",44.4756,11.2759
2022-08-15T07:00:00+00:00,26.100,16.100,Open-Meteo Historical Weather API,"Casalecchio di Reno, Bologna, Italy",44.4756,11.2759
2022-08-15T08:00:00+00:00,27.600,15.400,Open-Meteo Historical Weather API,"Casalecchio di Reno, Bologna, Italy",44.4756,11.2759
2022-08-15T09:00:00+00:00,29.000,15.400,Open-Meteo Historical Weather API,"Casalecchio di Reno, Bologna, Italy",44.4756,11.2759
2022-08-15T10:00:00+00:00,30.000,15.600,Open-Meteo Historical Weather API,"Casalecchio di Reno, Bologna, Italy",44.4756,11.2759
2022-08-15T11:00:00+00:00,31.100,15.100,Open-Meteo Historical Weather API,"Casalecchio di Reno, Bologna, Italy",44.4756,11.2759
2022-08-15T12:00:00+00:00,32.500,12.900,Open-Meteo Historical Weather API,"Casalecchio di Reno, Bologna, Italy",44.4756,11.2759
2022-08-15T13:00:00+00:00,33.500,12.700,Open-Meteo Historical Weather API,"Casalecchio di Reno, Bologna, Italy",44.4756,11.2759
2022-08-15T14:00:00+00:00,33.800,12.400,Open-Meteo Historical Weather API,"Casalecchio di Reno, Bologna, Italy",44.4756,11.2759
2022-08-15T15:00:00+00:00,33.500,11.700,Open-Meteo Historical Weather API,"Casalecchio di Reno, Bologna, Italy",44.4756,11.2759
2022-08-15T16:00:00+00:00,33.500,9.900,Open-Meteo Historical Weather API,"Casalecchio di Reno, Bologna, Italy",44.4756,11.2759
2022-08-15T17:00:00+00:00,31.900,8.400,Open-Meteo Historical Weather API,"Casalecchio di Reno, Bologna, Italy",44.4756,11.2759
2022-08-15T18:00:00+00:00,27.600,15.600,Open-Meteo Historical Weather API,"Casalecchio di Reno, Bologna, Italy",44.4756,11.2759
2022-08-15T19:00:00+00:00,27.800,13.000,Open-Meteo Historical Weather API,"Casalecchio di Reno, Bologna, Italy",44.4756,11.2759
2022-08-15T20:00:00+00:00,24.700,13.900,Open-Meteo Historical Weather API,"Casalecchio di Reno, Bologna, Italy",44.4756,11.2759
2022-08-15T21:00:00+00:00,24.600,13.900,Open-Meteo Historical Weather API,"Casalecchio di Reno, Bologna, Italy",44.4756,11.2759
2022-08-15T22:00:00+00:00,23.500,15.100,Open-Meteo Historical Weather API,"Casalecchio di Reno, Bologna, Italy",44.4756,11.2759
2022-08-15T23:00:00+00:00,23.200,16.800,Open-Meteo Historical Weather API,"Casalecchio di Reno, Bologna, Italy",44.4756,11.2759
2022-08-16T00:00:00+00:00,20.500,17.600,Open-Meteo Historical Weather API,"Casalecchio di Reno, Bologna, Italy",44.4756,11.2759
2022-08-16T01:00:00+00:00,19.900,16.200,Open-Meteo Historical Weather API,"Casalecchio di Reno, Bologna, Italy",44.4756,11.2759
2022-08-16T02:00:00+00:00,19.900,16.800,Open-Meteo Historical Weather API,"Casalecchio di Reno, Bologna, Italy",44.4756,11.2759
2022-08-16T03:00:00+00:00,19.100,17.300,Open-Meteo Historical Weather API,"Casalecchio di Reno, Bologna, Italy",44.4756,11.2759
2022-08-16T04:00:00+00:00,18.800,17.400,Open-Meteo Historical Weather API,"Casalecchio di Reno, Bologna, Italy",44.4756,11.2759
2022-08-16T05:00:00+00:00,19.500,17.400,Open-Meteo Historical Weather API,"Casalecchio di Reno, Bologna, Italy",44.4756,11.2759
2022-08-16T06:00:00+00:00,21.500,17.300,Open-Meteo Historical Weather API,"Casalecchio di Reno, Bologna, Italy",44.4756,11.2759
2022-08-16T07:00:00+00:00,22.600,17.200,Open-Meteo Historical Weather API,"Casalecchio di Reno, Bologna, Italy",44.4756,11.2759
2022-08-16T08:00:00+00:00,24.600,16.100,Open-Meteo Historical Weather API,"Casalecchio di Reno, Bologna, Italy",44.4756,11.2759
2022-08-16T09:00:00+00:00,27.100,14.900,Open-Meteo Historical Weather API,"Casalecchio di Reno, Bologna, Italy",44.4756,11.2759
2022-08-16T10:00:00+00:00,29.100,14.600,Open-Meteo Historical Weather API,"Casalecchio di Reno, Bologna, Italy",44.4756,11.2759
2022-08-16T11:00:00+00:00,30.500,14.800,Open-Meteo Historical Weather API,"Casalecchio di Reno, Bologna, Italy",44.4756,11.2759
2022-08-16T12:00:00+00:00,30.500,15.800,Open-Meteo Historical Weather API,"Casalecchio di Reno, Bologna, Italy",44.4756,11.2759
2022-08-16T13:00:00+00:00,30.400,16.000,Open-Meteo Historical Weather API,"Casalecchio di Reno, Bologna, Italy",44.4756,11.2759
2022-08-16T14:00:00+00:00,31.200,15.800,Open-Meteo Historical Weather API,"Casalecchio di Reno, Bologna, Italy",44.4756,11.2759
2022-08-16T15:00:00+00:00,31.400,15.300,Open-Meteo Historical Weather API,"Casalecchio di Reno, Bologna, Italy",44.4756,11.2759
2022-08-16T16:00:00+00:00,30.500,15.900,Open-Meteo Historical Weather API,"Casalecchio di Reno, Bologna, Italy",44.4756,11.2759
2022-08-16T17:00:00+00:00,29.100,16.500,Open-Meteo Historical Weather API,"Casalecchio di Reno, Bologna, Italy",44.4756,11.2759
2022-08-16T18:00:00+00:00,27.800,16.900,Open-Meteo Historical Weather API,"Casalecchio di Reno, Bologna, Italy",44.4756,11.2759
2022-08-16T19:00:00+00:00,26.400,17.500,Open-Meteo Historical Weather API,"Casalecchio di Reno, Bologna, Italy",44.4756,11.2759
2022-08-16T20:00:00+00:00,25.100,17.700,Open-Meteo Historical Weather API,"Casalecchio di Reno, Bologna, Italy",44.4756,11.2759
2022-08-16T21:00:00+00:00,23.900,17.800,Open-Meteo Historical Weather API,"Casalecchio di Reno, Bologna, Italy",44.4756,11.2759
2022-08-16T22:00:00+00:00,22.400,17.900,Open-Meteo Historical Weather API,"Casalecchio di Reno, Bologna, Italy",44.4756,11.2759
2022-08-16T23:00:00+00:00,22.500,17.000,Open-Meteo Historical Weather API,"Casalecchio di Reno, Bologna, Italy",44.4756,11.2759
2022-08-17T00:00:00+00:00,21.600,19.000,Open-Meteo Historical Weather API,"Casalecchio di Reno, Bologna, Italy",44.4756,11.2759
2022-08-17T01:00:00+00:00,21.200,18.400,Open-Meteo Historical Weather API,"Casalecchio di Reno, Bologna, Italy",44.4756,11.2759
2022-08-17T02:00:00+00:00,21.300,17.500,Open-Meteo Historical Weather API,"Casalecchio di Reno, Bologna, Italy",44.4756,11.2759
2022-08-17T03:00:00+00:00,20.800,17.000,Open-Meteo Historical Weather API,"Casalecchio di Reno, Bologna, Italy",44.4756,11.2759
2022-08-17T04:00:00+00:00,20.300,16.800,Open-Meteo Historical Weather API,"Casalecchio di Reno, Bologna, Italy",44.4756,11.2759
2022-08-17T05:00:00+00:00,20.500,16.900,Open-Meteo Historical Weather API,"Casalecchio di Reno, Bologna, Italy",44.4756,11.2759
2022-08-17T06:00:00+00:00,23.500,17.300,Open-Meteo Historical Weather API,"Casalecchio di Reno, Bologna, Italy",44.4756,11.2759
2022-08-17T07:00:00+00:00,25.800,16.500,Open-Meteo Historical Weather API,"Casalecchio di Reno, Bologna, Italy",44.4756,11.2759
2022-08-17T08:00:00+00:00,27.000,17.200,Open-Meteo Historical Weather API,"Casalecchio di Reno, Bologna, Italy",44.4756,11.2759
2022-08-17T09:00:00+00:00,28.500,18.000,Open-Meteo Historical Weather API,"Casalecchio di Reno, Bologna, Italy",44.4756,11.2759
2022-08-17T10:00:00+00:00,30.600,17.500,Open-Meteo Historical Weather API,"Casalecchio di Reno, Bologna, Italy",44.4756,11.2759
2022-08-17T11:00:00+00:00,32.400,16.500,Open-Meteo Historical Weather API,"Casalecchio di Reno, Bologna, Italy",44.4756,11.2759
2022-08-17T12:00:00+00:00,32.500,16.000,Open-Meteo Historical Weather API,"Casalecchio di Reno, Bologna, Italy",44.4756,11.2759
2022-08-17T13:00:00+00:00,32.100,15.900,Open-Meteo Historical Weather API,"Casalecchio di Reno, Bologna, Italy",44.4756,11.2759
2022-08-17T14:00:00+00:00,32.200,15.900,Open-Meteo Historical Weather API,"Casalecchio di Reno, Bologna, Italy",44.4756,11.2759
2022-08-17T15:00:00+00:00,31.800,15.800,Open-Meteo Historical Weather API,"Casalecchio di Reno, Bologna, Italy",44.4756,11.2759
2022-08-17T16:00:00+00:00,30.800,18.600,Open-Meteo Historical Weather API,"Casalecchio di Reno, Bologna, Italy",44.4756,11.2759
2022-08-17T17:00:00+00:00,30.400,18.100,Open-Meteo Historical Weather API,"Casalecchio di Reno, Bologna, Italy",44.4756,11.2759
2022-08-17T18:00:00+00:00,28.900,18.600,Open-Meteo Historical Weather API,"Casalecchio di Reno, Bologna, Italy",44.4756,11.2759
2022-08-17T19:00:00+00:00,27.000,19.600,Open-Meteo Historical Weather API,"Casalecchio di Reno, Bologna, Italy",44.4756,11.2759
2022-08-17T20:00:00+00:00,26.600,19.600,Open-Meteo Historical Weather API,"Casalecchio di Reno, Bologna, Italy",44.4756,11.2759
2022-08-17T21:00:00+00:00,25.400,19.400,Open-Meteo Historical Weather API,"Casalecchio di Reno, Bologna, Italy",44.4756,11.2759
2022-08-17T22:00:00+00:00,24.300,19.000,Open-Meteo Historical Weather API,"Casalecchio di Reno, Bologna, Italy",44.4756,11.2759
2022-08-17T23:00:00+00:00,23.600,18.800,Open-Meteo Historical Weather API,"Casalecchio di Reno, Bologna, Italy",44.4756,11.2759
2022-08-18T00:00:00+00:00,22.000,18.400,Open-Meteo Historical Weather API,"Casalecchio di Reno, Bologna, Italy",44.4756,11.2759
2022-08-18T01:00:00+00:00,21.400,18.500,Open-Meteo Historical Weather API,"Casalecchio di Reno, Bologna, Italy",44.4756,11.2759
2022-08-18T02:00:00+00:00,21.400,18.700,Open-Meteo Historical Weather API,"Casalecchio di Reno, Bologna, Italy",44.4756,11.2759
2022-08-18T03:00:00+00:00,20.900,18.600,Open-Meteo Historical Weather API,"Casalecchio di Reno, Bologna, Italy",44.4756,11.2759
2022-08-18T04:00:00+00:00,20.500,18.800,Open-Meteo Historical Weather API,"Casalecchio di Reno, Bologna, Italy",44.4756,11.2759
2022-08-18T05:00:00+00:00,20.800,19.000,Open-Meteo Historical Weather API,"Casalecchio di Reno, Bologna, Italy",44.4756,11.2759
2022-08-18T06:00:00+00:00,22.000,18.800,Open-Meteo Historical Weather API,"Casalecchio di Reno, Bologna, Italy",44.4756,11.2759
2022-08-18T07:00:00+00:00,23.500,19.600,Open-Meteo Historical Weather API,"Casalecchio di Reno, Bologna, Italy",44.4756,11.2759
2022-08-18T08:00:00+00:00,25.600,20.000,Open-Meteo Historical Weather API,"Casalecchio di Reno, Bologna, Italy",44.4756,11.2759
2022-08-18T09:00:00+00:00,27.500,19.600,Open-Meteo Historical Weather API,"Casalecchio di Reno, Bologna, Italy",44.4756,11.2759
2022-08-18T10:00:00+00:00,29.200,20.000,Open-Meteo Historical Weather API,"Casalecchio di Reno, Bologna, Italy",44.4756,11.2759
2022-08-18T11:00:00+00:00,28.500,19.400,Open-Meteo Historical Weather API,"Casalecchio di Reno, Bologna, Italy",44.4756,11.2759
2022-08-18T12:00:00+00:00,23.800,16.000,Open-Meteo Historical Weather API,"Casalecchio di Reno, Bologna, Italy",44.4756,11.2759
2022-08-18T13:00:00+00:00,27.400,16.500,Open-Meteo Historical Weather API,"Casalecchio di Reno, Bologna, Italy",44.4756,11.2759
2022-08-18T14:00:00+00:00,28.500,16.800,Open-Meteo Historical Weather API,"Casalecchio di Reno, Bologna, Italy",44.4756,11.2759
2022-08-18T15:00:00+00:00,29.500,17.300,Open-Meteo Historical Weather API,"Casalecchio di Reno, Bologna, Italy",44.4756,11.2759
2022-08-18T16:00:00+00:00,29.500,17.000,Open-Meteo Historical Weather API,"Casalecchio di Reno, Bologna, Italy",44.4756,11.2759
2022-08-18T17:00:00+00:00,28.000,17.600,Open-Meteo Historical Weather API,"Casalecchio di Reno, Bologna, Italy",44.4756,11.2759
2022-08-18T18:00:00+00:00,26.000,21.200,Open-Meteo Historical Weather API,"Casalecchio di Reno, Bologna, Italy",44.4756,11.2759
2022-08-18T19:00:00+00:00,25.000,20.600,Open-Meteo Historical Weather API,"Casalecchio di Reno, Bologna, Italy",44.4756,11.2759
2022-08-18T20:00:00+00:00,24.700,17.900,Open-Meteo Historical Weather API,"Casalecchio di Reno, Bologna, Italy",44.4756,11.2759
2022-08-18T21:00:00+00:00,23.900,15.400,Open-Meteo Historical Weather API,"Casalecchio di Reno, Bologna, Italy",44.4756,11.2759
2022-08-18T22:00:00+00:00,22.200,17.900,Open-Meteo Historical Weather API,"Casalecchio di Reno, Bologna, Italy",44.4756,11.2759
2022-08-18T23:00:00+00:00,19.600,18.000,Open-Meteo Historical Weather API,"Casalecchio di Reno, Bologna, Italy",44.4756,11.2759
2022-08-19T00:00:00+00:00,20.300,18.700,Open-Meteo Historical Weather API,"Casalecchio di Reno, Bologna, Italy",44.4756,11.2759
2022-08-19T01:00:00+00:00,20.100,19.000,Open-Meteo Historical Weather API,"Casalecchio di Reno, Bologna, Italy",44.4756,11.2759
2022-08-19T02:00:00+00:00,20.500,19.100,Open-Meteo Historical Weather API,"Casalecchio di Reno, Bologna, Italy",44.4756,11.2759
2022-08-19T03:00:00+00:00,20.000,18.600,Open-Meteo Historical Weather API,"Casalecchio di Reno, Bologna, Italy",44.4756,11.2759
2022-08-19T04:00:00+00:00,19.900,19.000,Open-Meteo Historical Weather API,"Casalecchio di Reno, Bologna, Italy",44.4756,11.2759
2022-08-19T05:00:00+00:00,20.000,18.800,Open-Meteo Historical Weather API,"Casalecchio di Reno, Bologna, Italy",44.4756,11.2759
2022-08-19T06:00:00+00:00,19.100,17.800,Open-Meteo Historical Weather API,"Casalecchio di Reno, Bologna, Italy",44.4756,11.2759
2022-08-19T07:00:00+00:00,19.300,17.700,Open-Meteo Historical Weather API,"Casalecchio di Reno, Bologna, Italy",44.4756,11.2759
2022-08-19T08:00:00+00:00,21.200,17.600,Open-Meteo Historical Weather API,"Casalecchio di Reno, Bologna, Italy",44.4756,11.2759
2022-08-19T09:00:00+00:00,23.100,17.000,Open-Meteo Historical Weather API,"Casalecchio di Reno, Bologna, Italy",44.4756,11.2759
2022-08-19T10:00:00+00:00,23.400,17.000,Open-Meteo Historical Weather API,"Casalecchio di Reno, Bologna, Italy",44.4756,11.2759
2022-08-19T11:00:00+00:00,24.900,16.200,Open-Meteo Historical Weather API,"Casalecchio di Reno, Bologna, Italy",44.4756,11.2759
2022-08-19T12:00:00+00:00,24.500,17.400,Open-Meteo Historical Weather API,"Casalecchio di Reno, Bologna, Italy",44.4756,11.2759
2022-08-19T13:00:00+00:00,22.800,17.200,Open-Meteo Historical Weather API,"Casalecchio di Reno, Bologna, Italy",44.4756,11.2759
2022-08-19T14:00:00+00:00,21.800,16.600,Open-Meteo Historical Weather API,"Casalecchio di Reno, Bologna, Italy",44.4756,11.2759
2022-08-19T15:00:00+00:00,22.000,17.100,Open-Meteo Historical Weather API,"Casalecchio di Reno, Bologna, Italy",44.4756,11.2759
2022-08-19T16:00:00+00:00,22.500,16.000,Open-Meteo Historical Weather API,"Casalecchio di Reno, Bologna, Italy",44.4756,11.2759
2022-08-19T17:00:00+00:00,22.500,15.400,Open-Meteo Historical Weather API,"Casalecchio di Reno, Bologna, Italy",44.4756,11.2759
2022-08-19T18:00:00+00:00,21.200,15.600,Open-Meteo Historical Weather API,"Casalecchio di Reno, Bologna, Italy",44.4756,11.2759
2022-08-19T19:00:00+00:00,20.100,15.500,Open-Meteo Historical Weather API,"Casalecchio di Reno, Bologna, Italy",44.4756,11.2759
2022-08-19T20:00:00+00:00,19.500,15.500,Open-Meteo Historical Weather API,"Casalecchio di Reno, Bologna, Italy",44.4756,11.2759
2022-08-19T21:00:00+00:00,19.500,15.200,Open-Meteo Historical Weather API,"Casalecchio di Reno, Bologna, Italy",44.4756,11.2759
2022-08-19T22:00:00+00:00,19.500,15.200,Open-Meteo Historical Weather API,"Casalecchio di Reno, Bologna, Italy",44.4756,11.2759
2022-08-19T23:00:00+00:00,19.100,15.400,Open-Meteo Historical Weather API,"Casalecchio di Reno, Bologna, Italy",44.4756,11.2759
2022-08-20T00:00:00+00:00,19.100,14.900,Open-Meteo Historical Weather API,"Casalecchio di Reno, Bologna, Italy",44.4756,11.2759
2022-08-20T01:00:00+00:00,19.000,14.300,Open-Meteo Historical Weather API,"Casalecchio di Reno, Bologna, Italy",44.4756,11.2759
2022-08-20T02:00:00+00:00,19.300,13.600,Open-Meteo Historical Weather API,"Casalecchio di Reno, Bologna, Italy",44.4756,11.2759
2022-08-20T03:00:00+00:00,18.800,13.100,Open-Meteo Historical Weather API,"Casalecchio di Reno, Bologna, Italy",44.4756,11.2759
2022-08-20T04:00:00+00:00,18.200,12.800,Open-Meteo Historical Weather API,"Casalecchio di Reno, Bologna, Italy",44.4756,11.2759
2022-08-20T05:00:00+00:00,18.200,12.300,Open-Meteo Historical Weather API,"Casalecchio di Reno, Bologna, Italy",44.4756,11.2759
2022-08-20T06:00:00+00:00,20.700,13.200,Open-Meteo Historical Weather API,"Casalecchio di Reno, Bologna, Italy",44.4756,11.2759
2022-08-20T07:00:00+00:00,23.400,14.000,Open-Meteo Historical Weather API,"Casalecchio di Reno, Bologna, Italy",44.4756,11.2759
2022-08-20T08:00:00+00:00,25.500,14.900,Open-Meteo Historical Weather API,"Casalecchio di Reno, Bologna, Italy",44.4756,11.2759
2022-08-20T09:00:00+00:00,27.000,14.400,Open-Meteo Historical Weather API,"Casalecchio di Reno, Bologna, Italy",44.4756,11.2759
2022-08-20T10:00:00+00:00,28.200,14.400,Open-Meteo Historical Weather API,"Casalecchio di Reno, Bologna, Italy",44.4756,11.2759
2022-08-20T11:00:00+00:00,29.400,13.600,Open-Meteo Historical Weather API,"Casalecchio di Reno, Bologna, Italy",44.4756,11.2759
2022-08-20T12:00:00+00:00,30.000,14.600,Open-Meteo Historical Weather API,"Casalecchio di Reno, Bologna, Italy",44.4756,11.2759
2022-08-20T13:00:00+00:00,30.600,13.600,Open-Meteo Historical Weather API,"Casalecchio di Reno, Bologna, Italy",44.4756,11.2759
2022-08-20T14:00:00+00:00,30.900,13.200,Open-Meteo Historical Weather API,"Casalecchio di Reno, Bologna, Italy",44.4756,11.2759
2022-08-20T15:00:00+00:00,30.000,13.100,Open-Meteo Historical Weather API,"Casalecchio di Reno, Bologna, Italy",44.4756,11.2759
2022-08-20T16:00:00+00:00,29.400,12.600,Open-Meteo Historical Weather API,"Casalecchio di Reno, Bologna, Italy",44.4756,11.2759
2022-08-20T17:00:00+00:00,29.000,12.900,Open-Meteo Historical Weather API,"Casalecchio di Reno, Bologna, Italy",44.4756,11.2759
2022-08-20T18:00:00+00:00,27.100,14.200,Open-Meteo Historical Weather API,"Casalecchio di Reno, Bologna, Italy",44.4756,11.2759
2022-08-20T19:00:00+00:00,24.200,13.900,Open-Meteo Historical Weather API,"Casalecchio di Reno, Bologna, Italy",44.4756,11.2759
2022-08-20T20:00:00+00:00,23.600,13.900,Open-Meteo Historical Weather API,"Casalecchio di Reno, Bologna, Italy",44.4756,11.2759
2022-08-20T21:00:00+00:00,22.400,14.100,Open-Meteo Historical Weather API,"Casalecchio di Reno, Bologna, Italy",44.4756,11.2759
2022-08-20T22:00:00+00:00,21.200,14.600,Open-Meteo Historical Weather API,"Casalecchio di Reno, Bologna, Italy",44.4756,11.2759
2022-08-20T23:00:00+00:00,20.500,15.300,Open-Meteo Historical Weather API,"Casalecchio di Reno, Bologna, Italy",44.4756,11.2759
2022-08-21T00:00:00+00:00,21.900,15.200,Open-Meteo Historical Weather API,"Casalecchio di Reno, Bologna, Italy",44.4756,11.2759
2022-08-21T01:00:00+00:00,20.600,15.400,Open-Meteo Historical Weather API,"Casalecchio di Reno, Bologna, Italy",44.4756,11.2759
2022-08-21T02:00:00+00:00,19.900,15.900,Open-Meteo Historical Weather API,"Casalecchio di Reno, Bologna, Italy",44.4756,11.2759
2022-08-21T03:00:00+00:00,19.600,15.900,Open-Meteo Historical Weather API,"Casalecchio di Reno, Bologna, Italy",44.4756,11.2759
2022-08-21T04:00:00+00:00,19.200,15.600,Open-Meteo Historical Weather API,"Casalecchio di Reno, Bologna, Italy",44.4756,11.2759
2022-08-21T05:00:00+00:00,19.600,15.200,Open-Meteo Historical Weather API,"Casalecchio di Reno, Bologna, Italy",44.4756,11.2759
2022-08-21T06:00:00+00:00,22.000,15.200,Open-Meteo Historical Weather API,"Casalecchio di Reno, Bologna, Italy",44.4756,11.2759
2022-08-21T07:00:00+00:00,24.500,14.900,Open-Meteo Historical Weather API,"Casalecchio di Reno, Bologna, Italy",44.4756,11.2759
2022-08-21T08:00:00+00:00,26.400,15.400,Open-Meteo Historical Weather API,"Casalecchio di Reno, Bologna, Italy",44.4756,11.2759
2022-08-21T09:00:00+00:00,28.200,16.300,Open-Meteo Historical Weather API,"Casalecchio di Reno, Bologna, Italy",44.4756,11.2759
2022-08-21T10:00:00+00:00,29.500,16.800,Open-Meteo Historical Weather API,"Casalecchio di Reno, Bologna, Italy",44.4756,11.2759
2022-08-21T11:00:00+00:00,30.600,15.600,Open-Meteo Historical Weather API,"Casalecchio di Reno, Bologna, Italy",44.4756,11.2759
2022-08-21T12:00:00+00:00,30.900,14.900,Open-Meteo Historical Weather API,"Casalecchio di Reno, Bologna, Italy",44.4756,11.2759
2022-08-21T13:00:00+00:00,30.200,14.400,Open-Meteo Historical Weather API,"Casalecchio di Reno, Bologna, Italy",44.4756,11.2759
2022-08-21T14:00:00+00:00,29.400,15.600,Open-Meteo Historical Weather API,"Casalecchio di Reno, Bologna, Italy",44.4756,11.2759
2022-08-21T15:00:00+00:00,30.100,14.100,Open-Meteo Historical Weather API,"Casalecchio di Reno, Bologna, Italy",44.4756,11.2759
2022-08-21T16:00:00+00:00,29.900,13.800,Open-Meteo Historical Weather API,"Casalecchio di Reno, Bologna, Italy",44.4756,11.2759
2022-08-21T17:00:00+00:00,29.000,14.200,Open-Meteo Historical Weather API,"Casalecchio di Reno, Bologna, Italy",44.4756,11.2759
2022-08-21T18:00:00+00:00,25.900,15.200,Open-Meteo Historical Weather API,"Casalecchio di Reno, Bologna, Italy",44.4756,11.2759
2022-08-21T19:00:00+00:00,24.800,15.200,Open-Meteo Historical Weather API,"Casalecchio di Reno, Bologna, Italy",44.4756,11.2759
2022-08-21T20:00:00+00:00,23.900,15.600,Open-Meteo Historical Weather API,"Casalecchio di Reno, Bologna, Italy",44.4756,11.2759
2022-08-21T21:00:00+00:00,23.100,14.900,Open-Meteo Historical Weather API,"Casalecchio di Reno, Bologna, Italy",44.4756,11.2759
2022-08-21T22:00:00+00:00,22.400,14.100,Open-Meteo Historical Weather API,"Casalecchio di Reno, Bologna, Italy",44.4756,11.2759
2022-08-21T23:00:00+00:00,21.700,13.500,Open-Meteo Historical Weather API,"Casalecchio di Reno, Bologna, Italy",44.4756,11.2759
2022-08-22T00:00:00+00:00,23.000,13.300,Open-Meteo Historical Weather API,"Casalecchio di Reno, Bologna, Italy",44.4756,11.2759
2022-08-22T01:00:00+00:00,22.400,12.700,Open-Meteo Historical Weather API,"Casalecchio di Reno, Bologna, Italy",44.4756,11.2759
2022-08-22T02:00:00+00:00,21.600,12.200,Open-Meteo Historical Weather API,"Casalecchio di Reno, Bologna, Italy",44.4756,11.2759
2022-08-22T03:00:00+00:00,20.500,12.000,Open-Meteo Historical Weather API,"Casalecchio di Reno, Bologna, Italy",44.4756,11.2759
2022-08-22T04:00:00+00:00,19.900,12.100,Open-Meteo Historical Weather API,"Casalecchio di Reno, Bologna, Italy",44.4756,11.2759
2022-08-22T05:00:00+00:00,20.100,12.200,Open-Meteo Historical Weather API,"Casalecchio di Reno, Bologna, Italy",44.4756,11.2759
2022-08-22T06:00:00+00:00,21.500,13.600,Open-Meteo Historical Weather API,"Casalecchio di Reno, Bologna, Italy",44.4756,11.2759
2022-08-22T07:00:00+00:00,23.800,13.400,Open-Meteo Historical Weather API,"Casalecchio di Reno, Bologna, Italy",44.4756,11.2759
2022-08-22T08:00:00+00:00,25.900,13.900,Open-Meteo Historical Weather API,"Casalecchio di Reno, Bologna, Italy",44.4756,11.2759
2022-08-22T09:00:00+00:00,28.000,14.100,Open-Meteo Historical Weather API,"Casalecchio di Reno, Bologna, Italy",44.4756,11.2759
2022-08-22T10:00:00+00:00,29.300,13.500,Open-Meteo Historical Weather API,"Casalecchio di Reno, Bologna, Italy",44.4756,11.2759
2022-08-22T11:00:00+00:00,29.500,13.400,Open-Meteo Historical Weather API,"Casalecchio di Reno, Bologna, Italy",44.4756,11.2759
2022-08-22T12:00:00+00:00,30.500,11.600,Open-Meteo Historical Weather API,"Casalecchio di Reno, Bologna, Italy",44.4756,11.2759
2022-08-22T13:00:00+00:00,30.800,11.400,Open-Meteo Historical Weather API,"Casalecchio di Reno, Bologna, Italy",44.4756,11.2759
2022-08-22T14:00:00+00:00,30.400,10.800,Open-Meteo Historical Weather API,"Casalecchio di Reno, Bologna, Italy",44.4756,11.2759
2022-08-22T15:00:00+00:00,29.900,10.200,Open-Meteo Historical Weather API,"Casalecchio di Reno, Bologna, Italy",44.4756,11.2759
2022-08-22T16:00:00+00:00,29.600,9.700,Open-Meteo Historical Weather API,"Casalecchio di Reno, Bologna, Italy",44.4756,11.2759
2022-08-22T17:00:00+00:00,28.800,10.500,Open-Meteo Historical Weather API,"Casalecchio di Reno, Bologna, Italy",44.4756,11.2759
2022-08-22T18:00:00+00:00,25.900,11.900,Open-Meteo Historical Weather API,"Casalecchio di Reno, Bologna, Italy",44.4756,11.2759
2022-08-22T19:00:00+00:00,24.700,13.600,Open-Meteo Historical Weather API,"Casalecchio di Reno, Bologna, Italy",44.4756,11.2759
2022-08-22T20:00:00+00:00,23.600,13.800,Open-Meteo Historical Weather API,"Casalecchio di Reno, Bologna, Italy",44.4756,11.2759
2022-08-22T21:00:00+00:00,22.800,13.500,Open-Meteo Historical Weather API,"Casalecchio di Reno, Bologna, Italy",44.4756,11.2759
2022-08-22T22:00:00+00:00,21.900,13.600,Open-Meteo Historical Weather API,"Casalecchio di Reno, Bologna, Italy",44.4756,11.2759
2022-08-22T23:00:00+00:00,21.000,13.400,Open-Meteo Historical Weather API,"Casalecchio di Reno, Bologna, Italy",44.4756,11.2759
2022-08-23T00:00:00+00:00,21.900,12.700,Open-Meteo Historical Weather API,"Casalecchio di Reno, Bologna, Italy",44.4756,11.2759
2022-08-23T01:00:00+00:00,21.300,11.400,Open-Meteo Historical Weather API,"Casalecchio di Reno, Bologna, Italy",44.4756,11.2759
2022-08-23T02:00:00+00:00,20.100,11.700,Open-Meteo Historical Weather API,"Casalecchio di Reno, Bologna, Italy",44.4756,11.2759
2022-08-23T03:00:00+00:00,19.400,11.600,Open-Meteo Historical Weather API,"Casalecchio di Reno, Bologna, Italy",44.4756,11.2759
2022-08-23T04:00:00+00:00,18.500,11.400,Open-Meteo Historical Weather API,"Casalecchio di Reno, Bologna, Italy",44.4756,11.2759
2022-08-23T05:00:00+00:00,18.500,11.400,Open-Meteo Historical Weather API,"Casalecchio di Reno, Bologna, Italy",44.4756,11.2759
2022-08-23T06:00:00+00:00,21.700,11.800,Open-Meteo Historical Weather API,"Casalecchio di Reno, Bologna, Italy",44.4756,11.2759
2022-08-23T07:00:00+00:00,24.600,12.800,Open-Meteo Historical Weather API,"Casalecchio di Reno, Bologna, Italy",44.4756,11.2759
2022-08-23T08:00:00+00:00,26.500,13.300,Open-Meteo Historical Weather API,"Casalecchio di Reno, Bologna, Italy",44.4756,11.2759
2022-08-23T09:00:00+00:00,27.900,12.900,Open-Meteo Historical Weather API,"Casalecchio di Reno, Bologna, Italy",44.4756,11.2759
2022-08-23T10:00:00+00:00,28.600,13.100,Open-Meteo Historical Weather API,"Casalecchio di Reno, Bologna, Italy",44.4756,11.2759
2022-08-23T11:00:00+00:00,28.900,13.400,Open-Meteo Historical Weather API,"Casalecchio di Reno, Bologna, Italy",44.4756,11.2759
2022-08-23T12:00:00+00:00,29.600,12.200,Open-Meteo Historical Weather API,"Casalecchio di Reno, Bologna, Italy",44.4756,11.2759
2022-08-23T13:00:00+00:00,29.900,12.100,Open-Meteo Historical Weather API,"Casalecchio di Reno, Bologna, Italy",44.4756,11.2759
2022-08-23T14:00:00+00:00,29.700,12.000,Open-Meteo Historical Weather API,"Casalecchio di Reno, Bologna, Italy",44.4756,11.2759
2022-08-23T15:00:00+00:00,28.800,12.900,Open-Meteo Historical Weather API,"Casalecchio di Reno, Bologna, Italy",44.4756,11.2759
2022-08-23T16:00:00+00:00,27.900,13.400,Open-Meteo Historical Weather API,"Casalecchio di Reno, Bologna, Italy",44.4756,11.2759
2022-08-23T17:00:00+00:00,27.000,13.700,Open-Meteo Historical Weather API,"Casalecchio di Reno, Bologna, Italy",44.4756,11.2759
2022-08-23T18:00:00+00:00,25.100,14.500,Open-Meteo Historical Weather API,"Casalecchio di Reno, Bologna, Italy",44.4756,11.2759
2022-08-23T19:00:00+00:00,23.500,15.100,Open-Meteo Historical Weather API,"Casalecchio di Reno, Bologna, Italy",44.4756,11.2759
2022-08-23T20:00:00+00:00,22.400,15.400,Open-Meteo Historical Weather API,"Casalecchio di Reno, Bologna, Italy",44.4756,11.2759
2022-08-23T21:00:00+00:00,21.500,15.400,Open-Meteo Historical Weather API,"Casalecchio di Reno, Bologna, Italy",44.4756,11.2759
2022-08-23T22:00:00+00:00,20.900,15.000,Open-Meteo Historical Weather API,"Casalecchio di Reno, Bologna, Italy",44.4756,11.2759
2022-08-23T23:00:00+00:00,20.200,14.800,Open-Meteo Historical Weather API,"Casalecchio di Reno, Bologna, Italy",44.4756,11.2759
2022-08-24T00:00:00+00:00,20.000,14.100,Open-Meteo Historical Weather API,"Casalecchio di Reno, Bologna, Italy",44.4756,11.2759
2022-08-24T01:00:00+00:00,19.200,13.900,Open-Meteo Historical Weather API,"Casalecchio di Reno, Bologna, Italy",44.4756,11.2759
2022-08-24T02:00:00+00:00,18.500,13.800,Open-Meteo Historical Weather API,"Casalecchio di Reno, Bologna, Italy",44.4756,11.2759
2022-08-24T03:00:00+00:00,18.400,13.800,Open-Meteo Historical Weather API,"Casalecchio di Reno, Bologna, Italy",44.4756,11.2759
2022-08-24T04:00:00+00:00,18.800,13.700,Open-Meteo Historical Weather API,"Casalecchio di Reno, Bologna, Italy",44.4756,11.2759
2022-08-24T05:00:00+00:00,19.400,13.800,Open-Meteo Historical Weather API,"Casalecchio di Reno, Bologna, Italy",44.4756,11.2759
2022-08-24T06:00:00+00:00,21.800,14.100,Open-Meteo Historical Weather API,"Casalecchio di Reno, Bologna, Italy",44.4756,11.2759
2022-08-24T07:00:00+00:00,23.700,15.000,Open-Meteo Historical Weather API,"Casalecchio di Reno, Bologna, Italy",44.4756,11.2759
2022-08-24T08:00:00+00:00,25.400,16.400,Open-Meteo Historical Weather API,"Casalecchio di Reno, Bologna, Italy",44.4756,11.2759
2022-08-24T09:00:00+00:00,26.800,15.800,Open-Meteo Historical Weather API,"Casalecchio di Reno, Bologna, Italy",44.4756,11.2759
2022-08-24T10:00:00+00:00,27.500,15.800,Open-Meteo Historical Weather API,"Casalecchio di Reno, Bologna, Italy",44.4756,11.2759
2022-08-24T11:00:00+00:00,28.300,15.200,Open-Meteo Historical Weather API,"Casalecchio di Reno, Bologna, Italy",44.4756,11.2759
2022-08-24T12:00:00+00:00,29.200,13.600,Open-Meteo Historical Weather API,"Casalecchio di Reno, Bologna, Italy",44.4756,11.2759
2022-08-24T13:00:00+00:00,29.500,13.600,Open-Meteo Historical Weather API,"Casalecchio di Reno, Bologna, Italy",44.4756,11.2759
2022-08-24T14:00:00+00:00,29.200,13.200,Open-Meteo Historical Weather API,"Casalecchio di Reno, Bologna, Italy",44.4756,11.2759
2022-08-24T15:00:00+00:00,29.000,13.100,Open-Meteo Historical Weather API,"Casalecchio di Reno, Bologna, Italy",44.4756,11.2759
2022-08-24T16:00:00+00:00,28.400,12.900,Open-Meteo Historical Weather API,"Casalecchio di Reno, Bologna, Italy",44.4756,11.2759
2022-08-24T17:00:00+00:00,27.500,12.800,Open-Meteo Historical Weather API,"Casalecchio di Reno, Bologna, Italy",44.4756,11.2759
2022-08-24T18:00:00+00:00,25.600,13.400,Open-Meteo Historical Weather API,"Casalecchio di Reno, Bologna, Italy",44.4756,11.2759
2022-08-24T19:00:00+00:00,23.900,14.100,Open-Meteo Historical Weather API,"Casalecchio di Reno, Bologna, Italy",44.4756,11.2759
2022-08-24T20:00:00+00:00,22.600,14.600,Open-Meteo Historical Weather API,"Casalecchio di Reno, Bologna, Italy",44.4756,11.2759
2022-08-24T21:00:00+00:00,22.000,14.600,Open-Meteo Historical Weather API,"Casalecchio di Reno, Bologna, Italy",44.4756,11.2759
2022-08-24T22:00:00+00:00,20.900,14.600,Open-Meteo Historical Weather API,"Casalecchio di Reno, Bologna, Italy",44.4756,11.2759
2022-08-24T23:00:00+00:00,20.000,14.600,Open-Meteo Historical Weather API,"Casalecchio di Reno, Bologna, Italy",44.4756,11.2759
2022-08-25T00:00:00+00:00,21.100,14.100,Open-Meteo Historical Weather API,"Casalecchio di Reno, Bologna, Italy",44.4756,11.2759
2022-08-25T01:00:00+00:00,21.000,13.900,Open-Meteo Historical Weather API,"Casalecchio di Reno, Bologna, Italy",44.4756,11.2759
2022-08-25T02:00:00+00:00,21.000,13.900,Open-Meteo Historical Weather API,"Casalecchio di Reno, Bologna, Italy",44.4756,11.2759
2022-08-25T03:00:00+00:00,20.400,14.000,Open-Meteo Historical Weather API,"Casalecchio di Reno, Bologna, Italy",44.4756,11.2759
2022-08-25T04:00:00+00:00,20.000,14.000,Open-Meteo Historical Weather API,"Casalecchio di Reno, Bologna, Italy",44.4756,11.2759
2022-08-25T05:00:00+00:00,20.500,13.900,Open-Meteo Historical Weather API,"Casalecchio di Reno, Bologna, Italy",44.4756,11.2759
2022-08-25T06:00:00+00:00,22.800,14.200,Open-Meteo Historical Weather API,"Casalecchio di Reno, Bologna, Italy",44.4756,11.2759
2022-08-25T07:00:00+00:00,25.000,14.300,Open-Meteo Historical Weather API,"Casalecchio di Reno, Bologna, Italy",44.4756,11.2759
2022-08-25T08:00:00+00:00,26.500,15.000,Open-Meteo Historical Weather API,"Casalecchio di Reno, Bologna, Italy",44.4756,11.2759
2022-08-25T09:00:00+00:00,27.900,15.600,Open-Meteo Historical Weather API,"Casalecchio di Reno, Bologna, Italy",44.4756,11.2759
2022-08-25T10:00:00+00:00,29.200,15.500,Open-Meteo Historical Weather API,"Casalecchio di Reno, Bologna, Italy",44.4756,11.2759
2022-08-25T11:00:00+00:00,30.000,15.600,Open-Meteo Historical Weather API,"Casalecchio di Reno, Bologna, Italy",44.4756,11.2759
2022-08-25T12:00:00+00:00,30.100,15.600,Open-Meteo Historical Weather API,"Casalecchio di Reno, Bologna, Italy",44.4756,11.2759
2022-08-25T13:00:00+00:00,30.800,15.700,Open-Meteo Historical Weather API,"Casalecchio di Reno, Bologna, Italy",44.4756,11.2759
2022-08-25T14:00:00+00:00,31.400,15.900,Open-Meteo Historical Weather API,"Casalecchio di Reno, Bologna, Italy",44.4756,11.2759
2022-08-25T15:00:00+00:00,30.900,15.900,Open-Meteo Historical Weather API,"Casalecchio di Reno, Bologna, Italy",44.4756,11.2759
2022-08-25T16:00:00+00:00,30.200,15.800,Open-Meteo Historical Weather API,"Casalecchio di Reno, Bologna, Italy",44.4756,11.2759
2022-08-25T17:00:00+00:00,29.200,15.800,Open-Meteo Historical Weather API,"Casalecchio di Reno, Bologna, Italy",44.4756,11.2759
2022-08-25T18:00:00+00:00,27.400,16.100,Open-Meteo Historical Weather API,"Casalecchio di Reno, Bologna, Italy",44.4756,11.2759
2022-08-25T19:00:00+00:00,25.800,16.000,Open-Meteo Historical Weather API,"Casalecchio di Reno, Bologna, Italy",44.4756,11.2759
2022-08-25T20:00:00+00:00,24.500,15.900,Open-Meteo Historical Weather API,"Casalecchio di Reno, Bologna, Italy",44.4756,11.2759
2022-08-25T21:00:00+00:00,23.600,15.700,Open-Meteo Historical Weather API,"Casalecchio di Reno, Bologna, Italy",44.4756,11.2759
2022-08-25T22:00:00+00:00,22.900,15.500,Open-Meteo Historical Weather API,"Casalecchio di Reno, Bologna, Italy",44.4756,11.2759
2022-08-25T23:00:00+00:00,22.100,15.500,Open-Meteo Historical Weather API,"Casalecchio di Reno, Bologna, Italy",44.4756,11.2759
2022-08-26T00:00:00+00:00,22.800,14.900,Open-Meteo Historical Weather API,"Casalecchio di Reno, Bologna, Italy",44.4756,11.2759
2022-08-26T01:00:00+00:00,21.900,15.000,Open-Meteo Historical Weather API,"Casalecchio di Reno, Bologna, Italy",44.4756,11.2759
2022-08-26T02:00:00+00:00,21.900,15.000,Open-Meteo Historical Weather API,"Casalecchio di Reno, Bologna, Italy",44.4756,11.2759
2022-08-26T03:00:00+00:00,20.800,15.400,Open-Meteo Historical Weather API,"Casalecchio di Reno, Bologna, Italy",44.4756,11.2759
2022-08-26T04:00:00+00:00,20.900,14.900,Open-Meteo Historical Weather API,"Casalecchio di Reno, Bologna, Italy",44.4756,11.2759
2022-08-26T05:00:00+00:00,20.400,15.000,Open-Meteo Historical Weather API,"Casalecchio di Reno, Bologna, Italy",44.4756,11.2759
2022-08-26T06:00:00+00:00,23.400,15.400,Open-Meteo Historical Weather API,"Casalecchio di Reno, Bologna, Italy",44.4756,11.2759
2022-08-26T07:00:00+00:00,26.300,15.400,Open-Meteo Historical Weather API,"Casalecchio di Reno, Bologna, Italy",44.4756,11.2759
2022-08-26T08:00:00+00:00,28.000,16.300,Open-Meteo Historical Weather API,"Casalecchio di Reno, Bologna, Italy",44.4756,11.2759
2022-08-26T09:00:00+00:00,29.300,16.600,Open-Meteo Historical Weather API,"Casalecchio di Reno, Bologna, Italy",44.4756,11.2759
2022-08-26T10:00:00+00:00,30.200,16.500,Open-Meteo Historical Weather API,"Casalecchio di Reno, Bologna, Italy",44.4756,11.2759
2022-08-26T11:00:00+00:00,31.000,16.100,Open-Meteo Historical Weather API,"Casalecchio di Reno, Bologna, Italy",44.4756,11.2759
2022-08-26T12:00:00+00:00,30.200,14.900,Open-Meteo Historical Weather API,"Casalecchio di Reno, Bologna, Italy",44.4756,11.2759
2022-08-26T13:00:00+00:00,30.400,15.600,Open-Meteo Historical Weather API,"Casalecchio di Reno, Bologna, Italy",44.4756,11.2759
2022-08-26T14:00:00+00:00,31.000,15.600,Open-Meteo Historical Weather API,"Casalecchio di Reno, Bologna, Italy",44.4756,11.2759
2022-08-26T15:00:00+00:00,30.900,15.400,Open-Meteo Historical Weather API,"Casalecchio di Reno, Bologna, Italy",44.4756,11.2759
2022-08-26T16:00:00+00:00,29.600,15.600,Open-Meteo Historical Weather API,"Casalecchio di Reno, Bologna, Italy",44.4756,11.2759
2022-08-26T17:00:00+00:00,29.200,15.600,Open-Meteo Historical Weather API,"Casalecchio di Reno, Bologna, Italy",44.4756,11.2759
2022-08-26T18:00:00+00:00,27.200,16.400,Open-Meteo Historical Weather API,"Casalecchio di Reno, Bologna, Italy",44.4756,11.2759
2022-08-26T19:00:00+00:00,26.000,16.500,Open-Meteo Historical Weather API,"Casalecchio di Reno, Bologna, Italy",44.4756,11.2759
2022-08-26T20:00:00+00:00,25.200,15.800,Open-Meteo Historical Weather API,"Casalecchio di Reno, Bologna, Italy",44.4756,11.2759
2022-08-26T21:00:00+00:00,24.200,15.600,Open-Meteo Historical Weather API,"Casalecchio di Reno, Bologna, Italy",44.4756,11.2759
2022-08-26T22:00:00+00:00,23.200,15.800,Open-Meteo Historical Weather API,"Casalecchio di Reno, Bologna, Italy",44.4756,11.2759
2022-08-26T23:00:00+00:00,22.500,15.800,Open-Meteo Historical Weather API,"Casalecchio di Reno, Bologna, Italy",44.4756,11.2759
2022-08-27T00:00:00+00:00,23.500,16.900,Open-Meteo Historical Weather API,"Casalecchio di Reno, Bologna, Italy",44.4756,11.2759
2022-08-27T01:00:00+00:00,23.500,15.200,Open-Meteo Historical Weather API,"Casalecchio di Reno, Bologna, Italy",44.4756,11.2759
2022-08-27T02:00:00+00:00,22.200,15.100,Open-Meteo Historical Weather API,"Casalecchio di Reno, Bologna, Italy",44.4756,11.2759
2022-08-27T03:00:00+00:00,20.900,15.500,Open-Meteo Historical Weather API,"Casalecchio di Reno, Bologna, Italy",44.4756,11.2759
2022-08-27T04:00:00+00:00,20.700,15.600,Open-Meteo Historical Weather API,"Casalecchio di Reno, Bologna, Italy",44.4756,11.2759
2022-08-27T05:00:00+00:00,20.500,15.800,Open-Meteo Historical Weather API,"Casalecchio di Reno, Bologna, Italy",44.4756,11.2759
2022-08-27T06:00:00+00:00,23.100,15.800,Open-Meteo Historical Weather API,"Casalecchio di Reno, Bologna, Italy",44.4756,11.2759
2022-08-27T07:00:00+00:00,25.400,15.600,Open-Meteo Historical Weather API,"Casalecchio di Reno, Bologna, Italy",44.4756,11.2759
2022-08-27T08:00:00+00:00,27.300,15.800,Open-Meteo Historical Weather API,"Casalecchio di Reno, Bologna, Italy",44.4756,11.2759
2022-08-27T09:00:00+00:00,28.600,16.200,Open-Meteo Historical Weather API,"Casalecchio di Reno, Bologna, Italy",44.4756,11.2759
2022-08-27T10:00:00+00:00,29.500,16.700,Open-Meteo Historical Weather API,"Casalecchio di Reno, Bologna, Italy",44.4756,11.2759
2022-08-27T11:00:00+00:00,29.700,16.900,Open-Meteo Historical Weather API,"Casalecchio di Reno, Bologna, Italy",44.4756,11.2759
2022-08-27T12:00:00+00:00,21.800,19.300,Open-Meteo Historical Weather API,"Casalecchio di Reno, Bologna, Italy",44.4756,11.2759
2022-08-27T13:00:00+00:00,24.500,19.800,Open-Meteo Historical Weather API,"Casalecchio di Reno, Bologna, Italy",44.4756,11.2759
2022-08-27T14:00:00+00:00,25.100,19.600,Open-Meteo Historical Weather API,"Casalecchio di Reno, Bologna, Italy",44.4756,11.2759
2022-08-27T15:00:00+00:00,25.900,18.600,Open-Meteo Historical Weather API,"Casalecchio di Reno, Bologna, Italy",44.4756,11.2759
2022-08-27T16:00:00+00:00,26.500,17.900,Open-Meteo Historical Weather API,"Casalecchio di Reno, Bologna, Italy",44.4756,11.2759
2022-08-27T17:00:00+00:00,26.500,17.600,Open-Meteo Historical Weather API,"Casalecchio di Reno, Bologna, Italy",44.4756,11.2759
2022-08-27T18:00:00+00:00,24.200,18.400,Open-Meteo Historical Weather API,"Casalecchio di Reno, Bologna, Italy",44.4756,11.2759
2022-08-27T19:00:00+00:00,22.900,18.600,Open-Meteo Historical Weather API,"Casalecchio di Reno, Bologna, Italy",44.4756,11.2759
2022-08-27T20:00:00+00:00,23.500,18.100,Open-Meteo Historical Weather API,"Casalecchio di Reno, Bologna, Italy",44.4756,11.2759
2022-08-27T21:00:00+00:00,21.600,18.100,Open-Meteo Historical Weather API,"Casalecchio di Reno, Bologna, Italy",44.4756,11.2759
2022-08-27T22:00:00+00:00,21.300,18.000,Open-Meteo Historical Weather API,"Casalecchio di Reno, Bologna, Italy",44.4756,11.2759
2022-08-27T23:00:00+00:00,20.600,18.000,Open-Meteo Historical Weather API,"Casalecchio di Reno, Bologna, Italy",44.4756,11.2759
2022-08-28T00:00:00+00:00,20.000,18.800,Open-Meteo Historical Weather API,"Casalecchio di Reno, Bologna, Italy",44.4756,11.2759
2022-08-28T01:00:00+00:00,20.400,18.100,Open-Meteo Historical Weather API,"Casalecchio di Reno, Bologna, Italy",44.4756,11.2759
2022-08-28T02:00:00+00:00,20.600,18.100,Open-Meteo Historical Weather API,"Casalecchio di Reno, Bologna, Italy",44.4756,11.2759
2022-08-28T03:00:00+00:00,19.400,17.700,Open-Meteo Historical Weather API,"Casalecchio di Reno, Bologna, Italy",44.4756,11.2759
2022-08-28T04:00:00+00:00,18.700,18.300,Open-Meteo Historical Weather API,"Casalecchio di Reno, Bologna, Italy",44.4756,11.2759
2022-08-28T05:00:00+00:00,19.500,17.900,Open-Meteo Historical Weather API,"Casalecchio di Reno, Bologna, Italy",44.4756,11.2759
2022-08-28T06:00:00+00:00,20.500,18.300,Open-Meteo Historical Weather API,"Casalecchio di Reno, Bologna, Italy",44.4756,11.2759
2022-08-28T07:00:00+00:00,21.200,18.600,Open-Meteo Historical Weather API,"Casalecchio di Reno, Bologna, Italy",44.4756,11.2759
2022-08-28T08:00:00+00:00,22.900,18.900,Open-Meteo Historical Weather API,"Casalecchio di Reno, Bologna, Italy",44.4756,11.2759
2022-08-28T09:00:00+00:00,24.200,18.600,Open-Meteo Historical Weather API,"Casalecchio di Reno, Bologna, Italy",44.4756,11.2759
2022-08-28T10:00:00+00:00,25.700,18.500,Open-Meteo Historical Weather API,"Casalecchio di Reno, Bologna, Italy",44.4756,11.2759
2022-08-28T11:00:00+00:00,27.300,18.100,Open-Meteo Historical Weather API,"Casalecchio di Reno, Bologna, Italy",44.4756,11.2759
2022-08-28T12:00:00+00:00,24.500,20.200,Open-Meteo Historical Weather API,"Casalecchio di Reno, Bologna, Italy",44.4756,11.2759
2022-08-28T13:00:00+00:00,25.600,19.900,Open-Meteo Historical Weather API,"Casalecchio di Reno, Bologna, Italy",44.4756,11.2759
2022-08-28T14:00:00+00:00,27.200,19.000,Open-Meteo Historical Weather API,"Casalecchio di Reno, Bologna, Italy",44.4756,11.2759
2022-08-28T15:00:00+00:00,28.500,18.500,Open-Meteo Historical Weather API,"Casalecchio di Reno, Bologna, Italy",44.4756,11.2759
2022-08-28T16:00:00+00:00,28.400,18.100,Open-Meteo Historical Weather API,"Casalecchio di Reno, Bologna, Italy",44.4756,11.2759
2022-08-28T17:00:00+00:00,27.300,18.200,Open-Meteo Historical Weather API,"Casalecchio di Reno, Bologna, Italy",44.4756,11.2759
2022-08-28T18:00:00+00:00,24.700,19.000,Open-Meteo Historical Weather API,"Casalecchio di Reno, Bologna, Italy",44.4756,11.2759
2022-08-28T19:00:00+00:00,24.000,18.900,Open-Meteo Historical Weather API,"Casalecchio di Reno, Bologna, Italy",44.4756,11.2759
2022-08-28T20:00:00+00:00,22.600,19.000,Open-Meteo Historical Weather API,"Casalecchio di Reno, Bologna, Italy",44.4756,11.2759
2022-08-28T21:00:00+00:00,22.600,17.800,Open-Meteo Historical Weather API,"Casalecchio di Reno, Bologna, Italy",44.4756,11.2759
2022-08-28T22:00:00+00:00,22.500,16.100,Open-Meteo Historical Weather API,"Casalecchio di Reno, Bologna, Italy",44.4756,11.2759
2022-08-28T23:00:00+00:00,22.100,16.500,Open-Meteo Historical Weather API,"Casalecchio di Reno, Bologna, Italy",44.4756,11.2759
2022-08-29T00:00:00+00:00,19.500,17.200,Open-Meteo Historical Weather API,"Casalecchio di Reno, Bologna, Italy",44.4756,11.2759
2022-08-29T01:00:00+00:00,19.500,17.000,Open-Meteo Historical Weather API,"Casalecchio di Reno, Bologna, Italy",44.4756,11.2759
2022-08-29T02:00:00+00:00,19.600,16.800,Open-Meteo Historical Weather API,"Casalecchio di Reno, Bologna, Italy",44.4756,11.2759
2022-08-29T03:00:00+00:00,19.600,17.500,Open-Meteo Historical Weather API,"Casalecchio di Reno, Bologna, Italy",44.4756,11.2759
2022-08-29T04:00:00+00:00,19.400,17.000,Open-Meteo Historical Weather API,"Casalecchio di Reno, Bologna, Italy",44.4756,11.2759
2022-08-29T05:00:00+00:00,19.500,17.100,Open-Meteo Historical Weather API,"Casalecchio di Reno, Bologna, Italy",44.4756,11.2759
2022-08-29T06:00:00+00:00,20.100,18.000,Open-Meteo Historical Weather API,"Casalecchio di Reno, Bologna, Italy",44.4756,11.2759
2022-08-29T07:00:00+00:00,21.500,18.300,Open-Meteo Historical Weather API,"Casalecchio di Reno, Bologna, Italy",44.4756,11.2759
2022-08-29T08:00:00+00:00,23.100,18.000,Open-Meteo Historical Weather API,"Casalecchio di Reno, Bologna, Italy",44.4756,11.2759
2022-08-29T09:00:00+00:00,24.700,17.800,Open-Meteo Historical Weather API,"Casalecchio di Reno, Bologna, Italy",44.4756,11.2759
2022-08-29T10:00:00+00:00,26.100,17.800,Open-Meteo Historical Weather API,"Casalecchio di Reno, Bologna, Italy",44.4756,11.2759
2022-08-29T11:00:00+00:00,27.600,17.900,Open-Meteo Historical Weather API,"Casalecchio di Reno, Bologna, Italy",44.4756,11.2759
2022-08-29T12:00:00+00:00,28.400,17.100,Open-Meteo Historical Weather API,"Casalecchio di Reno, Bologna, Italy",44.4756,11.2759
2022-08-29T13:00:00+00:00,28.800,17.100,Open-Meteo Historical Weather API,"Casalecchio di Reno, Bologna, Italy",44.4756,11.2759
2022-08-29T14:00:00+00:00,29.400,17.000,Open-Meteo Historical Weather API,"Casalecchio di Reno, Bologna, Italy",44.4756,11.2759
2022-08-29T15:00:00+00:00,29.100,16.900,Open-Meteo Historical Weather API,"Casalecchio di Reno, Bologna, Italy",44.4756,11.2759
2022-08-29T16:00:00+00:00,28.800,16.900,Open-Meteo Historical Weather API,"Casalecchio di Reno, Bologna, Italy",44.4756,11.2759
2022-08-29T17:00:00+00:00,27.600,17.200,Open-Meteo Historical Weather API,"Casalecchio di Reno, Bologna, Italy",44.4756,11.2759
2022-08-29T18:00:00+00:00,25.600,17.100,Open-Meteo Historical Weather API,"Casalecchio di Reno, Bologna, Italy",44.4756,11.2759
2022-08-29T19:00:00+00:00,24.200,17.100,Open-Meteo Historical Weather API,"Casalecchio di Reno, Bologna, Italy",44.4756,11.2759
2022-08-29T20:00:00+00:00,23.400,17.000,Open-Meteo Historical Weather API,"Casalecchio di Reno, Bologna, Italy",44.4756,11.2759
2022-08-29T21:00:00+00:00,22.000,17.400,Open-Meteo Historical Weather API,"Casalecchio di Reno, Bologna, Italy",44.4756,11.2759
2022-08-29T22:00:00+00:00,21.300,17.400,Open-Meteo Historical Weather API,"Casalecchio di Reno, Bologna, Italy",44.4756,11.2759
2022-08-29T23:00:00+00:00,20.400,17.000,Open-Meteo Historical Weather API,"Casalecchio di Reno, Bologna, Italy",44.4756,11.2759
2022-08-30T00:00:00+00:00,21.800,17.000,Open-Meteo Historical Weather API,"Casalecchio di Reno, Bologna, Italy",44.4756,11.2759
2022-08-30T01:00:00+00:00,21.900,17.800,Open-Meteo Historical Weather API,"Casalecchio di Reno, Bologna, Italy",44.4756,11.2759
2022-08-30T02:00:00+00:00,21.700,16.600,Open-Meteo Historical Weather API,"Casalecchio di Reno, Bologna, Italy",44.4756,11.2759
2022-08-30T03:00:00+00:00,22.800,15.900,Open-Meteo Historical Weather API,"Casalecchio di Reno, Bologna, Italy",44.4756,11.2759
2022-08-30T04:00:00+00:00,21.500,16.400,Open-Meteo Historical Weather API,"Casalecchio di Reno, Bologna, Italy",44.4756,11.2759
2022-08-30T05:00:00+00:00,20.800,16.000,Open-Meteo Historical Weather API,"Casalecchio di Reno, Bologna, Italy",44.4756,11.2759
2022-08-30T06:00:00+00:00,21.900,16.500,Open-Meteo Historical Weather API,"Casalecchio di Reno, Bologna, Italy",44.4756,11.2759
2022-08-30T07:00:00+00:00,23.100,17.400,Open-Meteo Historical Weather API,"Casalecchio di Reno, Bologna, Italy",44.4756,11.2759
2022-08-30T08:00:00+00:00,25.200,17.300,Open-Meteo Historical Weather API,"Casalecchio di Reno, Bologna, Italy",44.4756,11.2759
2022-08-30T09:00:00+00:00,27.000,17.000,Open-Meteo Historical Weather API,"Casalecchio di Reno, Bologna, Italy",44.4756,11.2759
2022-08-30T10:00:00+00:00,28.600,17.000,Open-Meteo Historical Weather API,"Casalecchio di Reno, Bologna, Italy",44.4756,11.2759
2022-08-30T11:00:00+00:00,29.800,16.600,Open-Meteo Historical Weather API,"Casalecchio di Reno, Bologna, Italy",44.4756,11.2759
2022-08-30T12:00:00+00:00,28.600,17.600,Open-Meteo Historical Weather API,"Casalecchio di Reno, Bologna, Italy",44.4756,11.2759
2022-08-30T13:00:00+00:00,29.100,17.200,Open-Meteo Historical Weather API,"Casalecchio di Reno, Bologna, Italy",44.4756,11.2759
2022-08-30T14:00:00+00:00,28.700,16.900,Open-Meteo Historical Weather API,"Casalecchio di Reno, Bologna, Italy",44.4756,11.2759
2022-08-30T15:00:00+00:00,29.200,17.100,Open-Meteo Historical Weather API,"Casalecchio di Reno, Bologna, Italy",44.4756,11.2759
2022-08-30T16:00:00+00:00,29.100,17.100,Open-Meteo Historical Weather API,"Casalecchio di Reno, Bologna, Italy",44.4756,11.2759
2022-08-30T17:00:00+00:00,27.700,18.200,Open-Meteo Historical Weather API,"Casalecchio di Reno, Bologna, Italy",44.4756,11.2759
2022-08-30T18:00:00+00:00,25.500,18.800,Open-Meteo Historical Weather API,"Casalecchio di Reno, Bologna, Italy",44.4756,11.2759
2022-08-30T19:00:00+00:00,26.000,17.600,Open-Meteo Historical Weather API,"Casalecchio di Reno, Bologna, Italy",44.4756,11.2759
2022-08-30T20:00:00+00:00,22.700,17.900,Open-Meteo Historical Weather API,"Casalecchio di Reno, Bologna, Italy",44.4756,11.2759
2022-08-30T21:00:00+00:00,22.600,17.800,Open-Meteo Historical Weather API,"Casalecchio di Reno, Bologna, Italy",44.4756,11.2759
2022-08-30T22:00:00+00:00,22.200,17.700,Open-Meteo Historical Weather API,"Casalecchio di Reno, Bologna, Italy",44.4756,11.2759
2022-08-30T23:00:00+00:00,21.800,17.600,Open-Meteo Historical Weather API,"Casalecchio di Reno, Bologna, Italy",44.4756,11.2759
2022-08-31T00:00:00+00:00,20.000,19.400,Open-Meteo Historical Weather API,"Casalecchio di Reno, Bologna, Italy",44.4756,11.2759
2022-08-31T01:00:00+00:00,19.500,19.200,Open-Meteo Historical Weather API,"Casalecchio di Reno, Bologna, Italy",44.4756,11.2759
2022-08-31T02:00:00+00:00,19.400,19.000,Open-Meteo Historical Weather API,"Casalecchio di Reno, Bologna, Italy",44.4756,11.2759
2022-08-31T03:00:00+00:00,19.100,18.700,Open-Meteo Historical Weather API,"Casalecchio di Reno, Bologna, Italy",44.4756,11.2759
2022-08-31T04:00:00+00:00,19.600,18.500,Open-Meteo Historical Weather API,"Casalecchio di Reno, Bologna, Italy",44.4756,11.2759
2022-08-31T05:00:00+00:00,18.900,18.400,Open-Meteo Historical Weather API,"Casalecchio di Reno, Bologna, Italy",44.4756,11.2759
2022-08-31T06:00:00+00:00,19.500,18.800,Open-Meteo Historical Weather API,"Casalecchio di Reno, Bologna, Italy",44.4756,11.2759
2022-08-31T07:00:00+00:00,20.800,19.100,Open-Meteo Historical Weather API,"Casalecchio di Reno, Bologna, Italy",44.4756,11.2759
2022-08-31T08:00:00+00:00,22.100,19.200,Open-Meteo Historical Weather API,"Casalecchio di Reno, Bologna, Italy",44.4756,11.2759
2022-08-31T09:00:00+00:00,23.500,19.000,Open-Meteo Historical Weather API,"Casalecchio di Reno, Bologna, Italy",44.4756,11.2759
2022-08-31T10:00:00+00:00,24.200,19.000,Open-Meteo Historical Weather API,"Casalecchio di Reno, Bologna, Italy",44.4756,11.2759
2022-08-31T11:00:00+00:00,24.900,19.000,Open-Meteo Historical Weather API,"Casalecchio di Reno, Bologna, Italy",44.4756,11.2759
2022-08-31T12:00:00+00:00,25.400,19.200,Open-Meteo Historical Weather API,"Casalecchio di Reno, Bologna, Italy",44.4756,11.2759
2022-08-31T13:00:00+00:00,25.500,19.500,Open-Meteo Historical Weather API,"Casalecchio di Reno, Bologna, Italy",44.4756,11.2759
2022-08-31T14:00:00+00:00,26.200,20.000,Open-Meteo Historical Weather API,"Casalecchio di Reno, Bologna, Italy",44.4756,11.2759
2022-08-31T15:00:00+00:00,22.100,18.500,Open-Meteo Historical Weather API,"Casalecchio di Reno, Bologna, Italy",44.4756,11.2759
2022-08-31T16:00:00+00:00,21.200,19.000,Open-Meteo Historical Weather API,"Casalecchio di Reno, Bologna, Italy",44.4756,11.2759
2022-08-31T17:00:00+00:00,21.500,19.000,Open-Meteo Historical Weather API,"Casalecchio di Reno, Bologna, Italy",44.4756,11.2759
2022-08-31T18:00:00+00:00,20.300,19.000,Open-Meteo Historical Weather API,"Casalecchio di Reno, Bologna, Italy",44.4756,11.2759
2022-08-31T19:00:00+00:00,20.000,19.100,Open-Meteo Historical Weather API,"Casalecchio di Reno, Bologna, Italy",44.4756,11.2759
2022-08-31T20:00:00+00:00,20.100,18.900,Open-Meteo Historical Weather API,"Casalecchio di Reno, Bologna, Italy",44.4756,11.2759
2022-08-31T21:00:00+00:00,19.500,18.800,Open-Meteo Historical Weather API,"Casalecchio di Reno, Bologna, Italy",44.4756,11.2759
2022-08-31T22:00:00+00:00,18.800,18.400,Open-Meteo Historical Weather API,"Casalecchio di Reno, Bologna, Italy",44.4756,11.2759
2022-08-31T23:00:00+00:00,19.000,18.600,Open-Meteo Historical Weather API,"Casalecchio di Reno, Bologna, Italy",44.4756,11.2759
2022-09-01T00:00:00+00:00,19.500,19.200,Open-Meteo Historical Weather API,"Casalecchio di Reno, Bologna, Italy",44.4756,11.2759
2022-09-01T01:00:00+00:00,19.900,19.200,Open-Meteo Historical Weather API,"Casalecchio di Reno, Bologna, Italy",44.4756,11.2759
2022-09-01T02:00:00+00:00,20.000,19.000,Open-Meteo Historical Weather API,"Casalecchio di Reno, Bologna, Italy",44.4756,11.2759
2022-09-01T03:00:00+00:00,19.100,18.400,Open-Meteo Historical Weather API,"Casalecchio di Reno, Bologna, Italy",44.4756,11.2759
2022-09-01T04:00:00+00:00,18.200,17.500,Open-Meteo Historical Weather API,"Casalecchio di Reno, Bologna, Italy",44.4756,11.2759
2022-09-01T05:00:00+00:00,18.500,17.400,Open-Meteo Historical Weather API,"Casalecchio di Reno, Bologna, Italy",44.4756,11.2759
2022-09-01T06:00:00+00:00,19.000,17.500,Open-Meteo Historical Weather API,"Casalecchio di Reno, Bologna, Italy",44.4756,11.2759
2022-09-01T07:00:00+00:00,19.400,17.700,Open-Meteo Historical Weather API,"Casalecchio di Reno, Bologna, Italy",44.4756,11.2759
2022-09-01T08:00:00+00:00,20.300,18.400,Open-Meteo Historical Weather API,"Casalecchio di Reno, Bologna, Italy",44.4756,11.2759
2022-09-01T09:00:00+00:00,19.500,18.100,Open-Meteo Historical Weather API,"Casalecchio di Reno, Bologna, Italy",44.4756,11.2759
2022-09-01T10:00:00+00:00,18.700,17.400,Open-Meteo Historical Weather API,"Casalecchio di Reno, Bologna, Italy",44.4756,11.2759
2022-09-01T11:00:00+00:00,20.100,17.700,Open-Meteo Historical Weather API,"Casalecchio di Reno, Bologna, Italy",44.4756,11.2759
2022-09-01T12:00:00+00:00,22.900,18.500,Open-Meteo Historical Weather API,"Casalecchio di Reno, Bologna, Italy",44.4756,11.2759
2022-09-01T13:00:00+00:00,22.700,18.400,Open-Meteo Historical Weather API,"Casalecchio di Reno, Bologna, Italy",44.4756,11.2759
2022-09-01T14:00:00+00:00,23.400,18.000,Open-Meteo Historical Weather API,"Casalecchio di Reno, Bologna, Italy",44.4756,11.2759
2022-09-01T15:00:00+00:00,22.500,17.900,Open-Meteo Historical Weather API,"Casalecchio di Reno, Bologna, Italy",44.4756,11.2759
2022-09-01T16:00:00+00:00,21.900,17.300,Open-Meteo Historical Weather API,"Casalecchio di Reno, Bologna, Italy",44.4756,11.2759
2022-09-01T17:00:00+00:00,21.300,17.600,Open-Meteo Historical Weather API,"Casalecchio di Reno, Bologna, Italy",44.4756,11.2759
2022-09-01T18:00:00+00:00,19.900,17.200,Open-Meteo Historical Weather API,"Casalecchio di Reno, Bologna, Italy",44.4756,11.2759
2022-09-01T19:00:00+00:00,19.100,17.000,Open-Meteo Historical Weather API,"Casalecchio di Reno, Bologna, Italy",44.4756,11.2759
2022-09-01T20:00:00+00:00,18.400,16.500,Open-Meteo Historical Weather API,"Casalecchio di Reno, Bologna, Italy",44.4756,11.2759
2022-09-01T21:00:00+00:00,18.000,16.100,Open-Meteo Historical Weather API,"Casalecchio di Reno, Bologna, Italy",44.4756,11.2759
2022-09-01T22:00:00+00:00,17.900,15.900,Open-Meteo Historical Weather API,"Casalecchio di Reno, Bologna, Italy",44.4756,11.2759
2022-09-01T23:00:00+00:00,18.400,16.100,Open-Meteo Historical Weather API,"Casalecchio di Reno, Bologna, Italy",44.4756,11.2759
2022-09-02T00:00:00+00:00,18.200,15.400,Open-Meteo Historical Weather API,"Casalecchio di Reno, Bologna, Italy",44.4756,11.2759
2022-09-02T01:00:00+00:00,16.900,14.900,Open-Meteo Historical Weather API,"Casalecchio di Reno, Bologna, Italy",44.4756,11.2759
2022-09-02T02:00:00+00:00,17.100,14.500,Open-Meteo Historical Weather API,"Casalecchio di Reno, Bologna, Italy",44.4756,11.2759
2022-09-02T03:00:00+00:00,15.700,14.100,Open-Meteo Historical Weather API,"Casalecchio di Reno, Bologna, Italy",44.4756,11.2759
2022-09-02T04:00:00+00:00,15.600,13.800,Open-Meteo Historical Weather API,"Casalecchio di Reno, Bologna, Italy",44.4756,11.2759
2022-09-02T05:00:00+00:00,15.700,13.900,Open-Meteo Historical Weather API,"Casalecchio di Reno, Bologna, Italy",44.4756,11.2759
2022-09-02T06:00:00+00:00,18.200,14.900,Open-Meteo Historical Weather API,"Casalecchio di Reno, Bologna, Italy",44.4756,11.2759
2022-09-02T07:00:00+00:00,20.000,15.800,Open-Meteo Historical Weather API,"Casalecchio di Reno, Bologna, Italy",44.4756,11.2759
2022-09-02T08:00:00+00:00,21.200,15.900,Open-Meteo Historical Weather API,"Casalecchio di Reno, Bologna, Italy",44.4756,11.2759
2022-09-02T09:00:00+00:00,22.200,15.700,Open-Meteo Historical Weather API,"Casalecchio di Reno, Bologna, Italy",44.4756,11.2759
2022-09-02T10:00:00+00:00,23.300,15.600,Open-Meteo Historical Weather API,"Casalecchio di Reno, Bologna, Italy",44.4756,11.2759
2022-09-02T11:00:00+00:00,24.100,15.500,Open-Meteo Historical Weather API,"Casalecchio di Reno, Bologna, Italy",44.4756,11.2759
2022-09-02T12:00:00+00:00,24.500,13.900,Open-Meteo Historical Weather API,"Casalecchio di Reno, Bologna, Italy",44.4756,11.2759
2022-09-02T13:00:00+00:00,25.000,13.900,Open-Meteo Historical Weather API,"Casalecchio di Reno, Bologna, Italy",44.4756,11.2759
2022-09-02T14:00:00+00:00,25.000,14.000,Open-Meteo Historical Weather API,"Casalecchio di Reno, Bologna, Italy",44.4756,11.2759
2022-09-02T15:00:00+00:00,25.000,14.600,Open-Meteo Historical Weather API,"Casalecchio di Reno, Bologna, Italy",44.4756,11.2759
2022-09-02T16:00:00+00:00,24.500,14.600,Open-Meteo Historical Weather API,"Casalecchio di Reno, Bologna, Italy",44.4756,11.2759
2022-09-02T17:00:00+00:00,23.300,15.400,Open-Meteo Historical Weather API,"Casalecchio di Reno, Bologna, Italy",44.4756,11.2759
2022-09-02T18:00:00+00:00,21.600,14.900,Open-Meteo Historical Weather API,"Casalecchio di Reno, Bologna, Italy",44.4756,11.2759
2022-09-02T19:00:00+00:00,21.300,15.200,Open-Meteo Historical Weather API,"Casalecchio di Reno, Bologna, Italy",44.4756,11.2759
2022-09-02T20:00:00+00:00,20.200,15.200,Open-Meteo Historical Weather API,"Casalecchio di Reno, Bologna, Italy",44.4756,11.2759
2022-09-02T21:00:00+00:00,19.500,15.400,Open-Meteo Historical Weather API,"Casalecchio di Reno, Bologna, Italy",44.4756,11.2759
2022-09-02T22:00:00+00:00,18.900,15.500,Open-Meteo Historical Weather API,"Casalecchio di Reno, Bologna, Italy",44.4756,11.2759
2022-09-02T23:00:00+00:00,18.500,15.400,Open-Meteo Historical Weather API,"Casalecchio di Reno, Bologna, Italy",44.4756,11.2759
2022-09-03T00:00:00+00:00,19.800,14.500,Open-Meteo Historical Weather API,"Casalecchio di Reno, Bologna, Italy",44.4756,11.2759
2022-09-03T01:00:00+00:00,19.900,14.100,Open-Meteo Historical Weather API,"Casalecchio di Reno, Bologna, Italy",44.4756,11.2759
2022-09-03T02:00:00+00:00,19.500,14.100,Open-Meteo Historical Weather API,"Casalecchio di Reno, Bologna, Italy",44.4756,11.2759
2022-09-03T03:00:00+00:00,17.500,14.400,Open-Meteo Historical Weather API,"Casalecchio di Reno, Bologna, Italy",44.4756,11.2759
2022-09-03T04:00:00+00:00,17.900,14.300,Open-Meteo Historical Weather API,"Casalecchio di Reno, Bologna, Italy",44.4756,11.2759
2022-09-03T05:00:00+00:00,17.500,14.600,Open-Meteo Historical Weather API,"Casalecchio di Reno, Bologna, Italy",44.4756,11.2759
2022-09-03T06:00:00+00:00,18.800,15.100,Open-Meteo Historical Weather API,"Casalecchio di Reno, Bologna, Italy",44.4756,11.2759
2022-09-03T07:00:00+00:00,20.300,15.800,Open-Meteo Historical Weather API,"Casalecchio di Reno, Bologna, Italy",44.4756,11.2759
2022-09-03T08:00:00+00:00,22.000,16.100,Open-Meteo Historical Weather API,"Casalecchio di Reno, Bologna, Italy",44.4756,11.2759
2022-09-03T09:00:00+00:00,23.000,16.200,Open-Meteo Historical Weather API,"Casalecchio di Reno, Bologna, Italy",44.4756,11.2759
2022-09-03T10:00:00+00:00,23.900,16.400,Open-Meteo Historical Weather API,"Casalecchio di Reno, Bologna, Italy",44.4756,11.2759
2022-09-03T11:00:00+00:00,24.200,17.000,Open-Meteo Historical Weather API,"Casalecchio di Reno, Bologna, Italy",44.4756,11.2759
2022-09-03T12:00:00+00:00,21.400,18.800,Open-Meteo Historical Weather API,"Casalecchio di Reno, Bologna, Italy",44.4756,11.2759
2022-09-03T13:00:00+00:00,21.800,18.500,Open-Meteo Historical Weather API,"Casalecchio di Reno, Bologna, Italy",44.4756,11.2759
2022-09-03T14:00:00+00:00,23.900,18.400,Open-Meteo Historical Weather API,"Casalecchio di Reno, Bologna, Italy",44.4756,11.2759
2022-09-03T15:00:00+00:00,24.800,17.300,Open-Meteo Historical Weather API,"Casalecchio di Reno, Bologna, Italy",44.4756,11.2759
2022-09-03T16:00:00+00:00,25.000,16.700,Open-Meteo Historical Weather API,"Casalecchio di Reno, Bologna, Italy",44.4756,11.2759
2022-09-03T17:00:00+00:00,23.600,17.600,Open-Meteo Historical Weather API,"Casalecchio di Reno, Bologna, Italy",44.4756,11.2759
2022-09-03T18:00:00+00:00,21.600,17.800,Open-Meteo Historical Weather API,"Casalecchio di Reno, Bologna, Italy",44.4756,11.2759
2022-09-03T19:00:00+00:00,20.300,17.500,Open-Meteo Historical Weather API,"Casalecchio di Reno, Bologna, Italy",44.4756,11.2759
2022-09-03T20:00:00+00:00,19.700,17.100,Open-Meteo Historical Weather API,"Casalecchio di Reno, Bologna, Italy",44.4756,11.2759
2022-09-03T21:00:00+00:00,19.100,16.500,Open-Meteo Historical Weather API,"Casalecchio di Reno, Bologna, Italy",44.4756,11.2759
2022-09-03T22:00:00+00:00,19.100,16.400,Open-Meteo Historical Weather API,"Casalecchio di Reno, Bologna, Italy",44.4756,11.2759
2022-09-03T23:00:00+00:00,19.500,16.200,Open-Meteo Historical Weather API,"Casalecchio di Reno, Bologna, Italy",44.4756,11.2759
2022-09-04T00:00:00+00:00,18.400,17.600,Open-Meteo Historical Weather API,"Casalecchio di Reno, Bologna, Italy",44.4756,11.2759
2022-09-04T01:00:00+00:00,18.100,17.100,Open-Meteo Historical Weather API,"Casalecchio di Reno, Bologna, Italy",44.4756,11.2759
2022-09-04T02:00:00+00:00,17.800,16.600,Open-Meteo Historical Weather API,"Casalecchio di Reno, Bologna, Italy",44.4756,11.2759
2022-09-04T03:00:00+00:00,17.200,16.200,Open-Meteo Historical Weather API,"Casalecchio di Reno, Bologna, Italy",44.4756,11.2759
2022-09-04T04:00:00+00:00,16.600,15.900,Open-Meteo Historical Weather API,"Casalecchio di Reno, Bologna, Italy",44.4756,11.2759
2022-09-04T05:00:00+00:00,16.300,15.600,Open-Meteo Historical Weather API,"Casalecchio di Reno, Bologna, Italy",44.4756,11.2759
2022-09-04T06:00:00+00:00,18.700,16.500,Open-Meteo Historical Weather API,"Casalecchio di Reno, Bologna, Italy",44.4756,11.2759
2022-09-04T07:00:00+00:00,20.500,17.900,Open-Meteo Historical Weather API,"Casalecchio di Reno, Bologna, Italy",44.4756,11.2759
2022-09-04T08:00:00+00:00,22.100,18.400,Open-Meteo Historical Weather API,"Casalecchio di Reno, Bologna, Italy",44.4756,11.2759
2022-09-04T09:00:00+00:00,23.500,18.400,Open-Meteo Historical Weather API,"Casalecchio di Reno, Bologna, Italy",44.4756,11.2759
2022-09-04T10:00:00+00:00,24.500,18.100,Open-Meteo Historical Weather API,"Casalecchio di Reno, Bologna, Italy",44.4756,11.2759
2022-09-04T11:00:00+00:00,25.500,18.000,Open-Meteo Historical Weather API,"Casalecchio di Reno, Bologna, Italy",44.4756,11.2759
2022-09-04T12:00:00+00:00,25.600,17.500,Open-Meteo Historical Weather API,"Casalecchio di Reno, Bologna, Italy",44.4756,11.2759
2022-09-04T13:00:00+00:00,26.500,17.500,Open-Meteo Historical Weather API,"Casalecchio di Reno, Bologna, Italy",44.4756,11.2759
2022-09-04T14:00:00+00:00,26.800,17.800,Open-Meteo Historical Weather API,"Casalecchio di Reno, Bologna, Italy",44.4756,11.2759
2022-09-04T15:00:00+00:00,26.700,17.900,Open-Meteo Historical Weather API,"Casalecchio di Reno, Bologna, Italy",44.4756,11.2759
2022-09-04T16:00:00+00:00,26.300,17.500,Open-Meteo Historical Weather API,"Casalecchio di Reno, Bologna, Italy",44.4756,11.2759
2022-09-04T17:00:00+00:00,25.000,20.300,Open-Meteo Historical Weather API,"Casalecchio di Reno, Bologna, Italy",44.4756,11.2759
2022-09-04T18:00:00+00:00,23.600,17.800,Open-Meteo Historical Weather API,"Casalecchio di Reno, Bologna, Italy",44.4756,11.2759
2022-09-04T19:00:00+00:00,22.100,17.700,Open-Meteo Historical Weather API,"Casalecchio di Reno, Bologna, Italy",44.4756,11.2759
2022-09-04T20:00:00+00:00,21.600,17.800,Open-Meteo Historical Weather API,"Casalecchio di Reno, Bologna, Italy",44.4756,11.2759
2022-09-04T21:00:00+00:00,20.500,17.800,Open-Meteo Historical Weather API,"Casalecchio di Reno, Bologna, Italy",44.4756,11.2759
2022-09-04T22:00:00+00:00,19.400,17.800,Open-Meteo Historical Weather API,"Casalecchio di Reno, Bologna, Italy",44.4756,11.2759
2022-09-04T23:00:00+00:00,19.000,17.600,Open-Meteo Historical Weather API,"Casalecchio di Reno, Bologna, Italy",44.4756,11.2759
2022-09-05T00:00:00+00:00,19.600,17.200,Open-Meteo Historical Weather API,"Casalecchio di Reno, Bologna, Italy",44.4756,11.2759
2022-09-05T01:00:00+00:00,19.400,16.900,Open-Meteo Historical Weather API,"Casalecchio di Reno, Bologna, Italy",44.4756,11.2759
2022-09-05T02:00:00+00:00,19.000,16.500,Open-Meteo Historical Weather API,"Casalecchio di Reno, Bologna, Italy",44.4756,11.2759
2022-09-05T03:00:00+00:00,18.300,16.300,Open-Meteo Historical Weather API,"Casalecchio di Reno, Bologna, Italy",44.4756,11.2759
2022-09-05T04:00:00+00:00,18.900,15.900,Open-Meteo Historical Weather API,"Casalecchio di Reno, Bologna, Italy",44.4756,11.2759
2022-09-05T05:00:00+00:00,17.600,16.100,Open-Meteo Historical Weather API,"Casalecchio di Reno, Bologna, Italy",44.4756,11.2759
2022-09-05T06:00:00+00:00,20.000,16.700,Open-Meteo Historical Weather API,"Casalecchio di Reno, Bologna, Italy",44.4756,11.2759
2022-09-05T07:00:00+00:00,22.200,18.200,Open-Meteo Historical Weather API,"Casalecchio di Reno, Bologna, Italy",44.4756,11.2759
2022-09-05T08:00:00+00:00,23.700,19.500,Open-Meteo Historical Weather API,"Casalecchio di Reno, Bologna, Italy",44.4756,11.2759
2022-09-05T09:00:00+00:00,25.100,19.700,Open-Meteo Historical Weather API,"Casalecchio di Reno, Bologna, Italy",44.4756,11.2759
2022-09-05T10:00:00+00:00,26.300,19.400,Open-Meteo Historical Weather API,"Casalecchio di Reno, Bologna, Italy",44.4756,11.2759
2022-09-05T11:00:00+00:00,27.300,18.900,Open-Meteo Historical Weather API,"Casalecchio di Reno, Bologna, Italy",44.4756,11.2759
2022-09-05T12:00:00+00:00,28.000,17.900,Open-Meteo Historical Weather API,"Casalecchio di Reno, Bologna, Italy",44.4756,11.2759
2022-09-05T13:00:00+00:00,28.600,17.100,Open-Meteo Historical Weather API,"Casalecchio di Reno, Bologna, Italy",44.4756,11.2759
2022-09-05T14:00:00+00:00,28.600,16.900,Open-Meteo Historical Weather API,"Casalecchio di Reno, Bologna, Italy",44.4756,11.2759
2022-09-05T15:00:00+00:00,28.400,17.000,Open-Meteo Historical Weather API,"Casalecchio di Reno, Bologna, Italy",44.4756,11.2759
2022-09-05T16:00:00+00:00,27.900,17.500,Open-Meteo Historical Weather API,"Casalecchio di Reno, Bologna, Italy",44.4756,11.2759
2022-09-05T17:00:00+00:00,26.000,19.600,Open-Meteo Historical Weather API,"Casalecchio di Reno, Bologna, Italy",44.4756,11.2759
2022-09-05T18:00:00+00:00,24.400,18.400,Open-Meteo Historical Weather API,"Casalecchio di Reno, Bologna, Italy",44.4756,11.2759
2022-09-05T19:00:00+00:00,23.900,18.500,Open-Meteo Historical Weather API,"Casalecchio di Reno, Bologna, Italy",44.4756,11.2759
2022-09-05T20:00:00+00:00,23.000,18.600,Open-Meteo Historical Weather API,"Casalecchio di Reno, Bologna, Italy",44.4756,11.2759
2022-09-05T21:00:00+00:00,21.900,18.600,Open-Meteo Historical Weather API,"Casalecchio di Reno, Bologna, Italy",44.4756,11.2759
2022-09-05T22:00:00+00:00,21.000,18.100,Open-Meteo Historical Weather API,"Casalecchio di Reno, Bologna, Italy",44.4756,11.2759
2022-09-05T23:00:00+00:00,19.900,17.100,Open-Meteo Historical Weather API,"Casalecchio di Reno, Bologna, Italy",44.4756,11.2759
2022-09-06T00:00:00+00:00,20.900,16.500,Open-Meteo Historical Weather API,"Casalecchio di Reno, Bologna, Italy",44.4756,11.2759
2022-09-06T01:00:00+00:00,20.000,16.000,Open-Meteo Historical Weather API,"Casalecchio di Reno, Bologna, Italy",44.4756,11.2759
2022-09-06T02:00:00+00:00,19.700,15.500,Open-Meteo Historical Weather API,"Casalecchio di Reno, Bologna, Italy",44.4756,11.2759
2022-09-06T03:00:00+00:00,20.000,14.600,Open-Meteo Historical Weather API,"Casalecchio di Reno, Bologna, Italy",44.4756,11.2759
2022-09-06T04:00:00+00:00,19.200,14.300,Open-Meteo Historical Weather API,"Casalecchio di Reno, Bologna, Italy",44.4756,11.2759
2022-09-06T05:00:00+00:00,18.400,14.500,Open-Meteo Historical Weather API,"Casalecchio di Reno, Bologna, Italy",44.4756,11.2759
2022-09-06T06:00:00+00:00,20.000,16.100,Open-Meteo Historical Weather API,"Casalecchio di Reno, Bologna, Italy",44.4756,11.2759
2022-09-06T07:00:00+00:00,23.200,16.500,Open-Meteo Historical Weather API,"Casalecchio di Reno, Bologna, Italy",44.4756,11.2759
2022-09-06T08:00:00+00:00,25.400,16.900,Open-Meteo Historical Weather API,"Casalecchio di Reno, Bologna, Italy",44.4756,11.2759
2022-09-06T09:00:00+00:00,26.400,18.100,Open-Meteo Historical Weather API,"Casalecchio di Reno, Bologna, Italy",44.4756,11.2759
2022-09-06T10:00:00+00:00,27.200,18.500,Open-Meteo Historical Weather API,"Casalecchio di Reno, Bologna, Italy",44.4756,11.2759
2022-09-06T11:00:00+00:00,28.100,18.100,Open-Meteo Historical Weather API,"Casalecchio di Reno, Bologna, Italy",44.4756,11.2759
2022-09-06T12:00:00+00:00,29.200,16.600,Open-Meteo Historical Weather API,"Casalecchio di Reno, Bologna, Italy",44.4756,11.2759
2022-09-06T13:00:00+00:00,29.600,17.000,Open-Meteo Historical Weather API,"Casalecchio di Reno, Bologna, Italy",44.4756,11.2759
2022-09-06T14:00:00+00:00,29.600,17.400,Open-Meteo Historical Weather API,"Casalecchio di Reno, Bologna, Italy",44.4756,11.2759
2022-09-06T15:00:00+00:00,29.200,17.600,Open-Meteo Historical Weather API,"Casalecchio di Reno, Bologna, Italy",44.4756,11.2759
2022-09-06T16:00:00+00:00,28.600,18.000,Open-Meteo Historical Weather API,"Casalecchio di Reno, Bologna, Italy",44.4756,11.2759
2022-09-06T17:00:00+00:00,27.200,19.200,Open-Meteo Historical Weather API,"Casalecchio di Reno, Bologna, Italy",44.4756,11.2759
2022-09-06T18:00:00+00:00,25.100,19.200,Open-Meteo Historical Weather API,"Casalecchio di Reno, Bologna, Italy",44.4756,11.2759
2022-09-06T19:00:00+00:00,24.100,19.300,Open-Meteo Historical Weather API,"Casalecchio di Reno, Bologna, Italy",44.4756,11.2759
2022-09-06T20:00:00+00:00,23.500,18.500,Open-Meteo Historical Weather API,"Casalecchio di Reno, Bologna, Italy",44.4756,11.2759
2022-09-06T21:00:00+00:00,23.500,16.500,Open-Meteo Historical Weather API,"Casalecchio di Reno, Bologna, Italy",44.4756,11.2759
2022-09-06T22:00:00+00:00,22.600,15.600,Open-Meteo Historical Weather API,"Casalecchio di Reno, Bologna, Italy",44.4756,11.2759
2022-09-06T23:00:00+00:00,22.500,16.400,Open-Meteo Historical Weather API,"Casalecchio di Reno, Bologna, Italy",44.4756,11.2759
2022-09-07T00:00:00+00:00,22.000,18.900,Open-Meteo Historical Weather API,"Casalecchio di Reno, Bologna, Italy",44.4756,11.2759
2022-09-07T01:00:00+00:00,22.000,19.200,Open-Meteo Historical Weather API,"Casalecchio di Reno, Bologna, Italy",44.4756,11.2759
2022-09-07T02:00:00+00:00,22.000,19.100,Open-Meteo Historical Weather API,"Casalecchio di Reno, Bologna, Italy",44.4756,11.2759
2022-09-07T03:00:00+00:00,21.000,19.300,Open-Meteo Historical Weather API,"Casalecchio di Reno, Bologna, Italy",44.4756,11.2759
2022-09-07T04:00:00+00:00,19.600,18.900,Open-Meteo Historical Weather API,"Casalecchio di Reno, Bologna, Italy",44.4756,11.2759
2022-09-07T05:00:00+00:00,19.600,18.800,Open-Meteo Historical Weather API,"Casalecchio di Reno, Bologna, Italy",44.4756,11.2759
2022-09-07T06:00:00+00:00,21.000,19.000,Open-Meteo Historical Weather API,"Casalecchio di Reno, Bologna, Italy",44.4756,11.2759
2022-09-07T07:00:00+00:00,23.100,19.000,Open-Meteo Historical Weather API,"Casalecchio di Reno, Bologna, Italy",44.4756,11.2759
2022-09-07T08:00:00+00:00,24.600,19.000,Open-Meteo Historical Weather API,"Casalecchio di Reno, Bologna, Italy",44.4756,11.2759
2022-09-07T09:00:00+00:00,25.400,19.400,Open-Meteo Historical Weather API,"Casalecchio di Reno, Bologna, Italy",44.4756,11.2759
2022-09-07T10:00:00+00:00,26.800,19.600,Open-Meteo Historical Weather API,"Casalecchio di Reno, Bologna, Italy",44.4756,11.2759
2022-09-07T11:00:00+00:00,27.600,19.700,Open-Meteo Historical Weather API,"Casalecchio di Reno, Bologna, Italy",44.4756,11.2759
2022-09-07T12:00:00+00:00,28.900,18.900,Open-Meteo Historical Weather API,"Casalecchio di Reno, Bologna, Italy",44.4756,11.2759
2022-09-07T13:00:00+00:00,28.200,18.400,Open-Meteo Historical Weather API,"Casalecchio di Reno, Bologna, Italy",44.4756,11.2759
2022-09-07T14:00:00+00:00,28.000,18.700,Open-Meteo Historical Weather API,"Casalecchio di Reno, Bologna, Italy",44.4756,11.2759
2022-09-07T15:00:00+00:00,28.400,18.900,Open-Meteo Historical Weather API,"Casalecchio di Reno, Bologna, Italy",44.4756,11.2759
2022-09-07T16:00:00+00:00,27.500,18.900,Open-Meteo Historical Weather API,"Casalecchio di Reno, Bologna, Italy",44.4756,11.2759
2022-09-07T17:00:00+00:00,26.200,19.500,Open-Meteo Historical Weather API,"Casalecchio di Reno, Bologna, Italy",44.4756,11.2759
2022-09-07T18:00:00+00:00,24.500,19.200,Open-Meteo Historical Weather API,"Casalecchio di Reno, Bologna, Italy",44.4756,11.2759
2022-09-07T19:00:00+00:00,23.800,19.400,Open-Meteo Historical Weather API,"Casalecchio di Reno, Bologna, Italy",44.4756,11.2759
2022-09-07T20:00:00+00:00,22.700,19.500,Open-Meteo Historical Weather API,"Casalecchio di Reno, Bologna, Italy",44.4756,11.2759
2022-09-07T21:00:00+00:00,21.400,19.400,Open-Meteo Historical Weather API,"Casalecchio di Reno, Bologna, Italy",44.4756,11.2759
2022-09-07T22:00:00+00:00,21.700,18.600,Open-Meteo Historical Weather API,"Casalecchio di Reno, Bologna, Italy",44.4756,11.2759
2022-09-07T23:00:00+00:00,21.200,18.800,Open-Meteo Historical Weather API,"Casalecchio di Reno, Bologna, Italy",44.4756,11.2759
2022-09-08T00:00:00+00:00,21.900,19.200,Open-Meteo Historical Weather API,"Casalecchio di Reno, Bologna, Italy",44.4756,11.2759
2022-09-08T01:00:00+00:00,21.800,18.800,Open-Meteo Historical Weather API,"Casalecchio di Reno, Bologna, Italy",44.4756,11.2759
2022-09-08T02:00:00+00:00,20.800,18.600,Open-Meteo Historical Weather API,"Casalecchio di Reno, Bologna, Italy",44.4756,11.2759
2022-09-08T03:00:00+00:00,20.600,18.500,Open-Meteo Historical Weather API,"Casalecchio di Reno, Bologna, Italy",44.4756,11.2759
2022-09-08T04:00:00+00:00,20.500,18.900,Open-Meteo Historical Weather API,"Casalecchio di Reno, Bologna, Italy",44.4756,11.2759
2022-09-08T05:00:00+00:00,21.100,19.400,Open-Meteo Historical Weather API,"Casalecchio di Reno, Bologna, Italy",44.4756,11.2759
2022-09-08T06:00:00+00:00,23.500,19.400,Open-Meteo Historical Weather API,"Casalecchio di Reno, Bologna, Italy",44.4756,11.2759
2022-09-08T07:00:00+00:00,25.000,18.800,Open-Meteo Historical Weather API,"Casalecchio di Reno, Bologna, Italy",44.4756,11.2759
2022-09-08T08:00:00+00:00,24.500,18.500,Open-Meteo Historical Weather API,"Casalecchio di Reno, Bologna, Italy",44.4756,11.2759
2022-09-08T09:00:00+00:00,26.200,18.700,Open-Meteo Historical Weather API,"Casalecchio di Reno, Bologna, Italy",44.4756,11.2759
2022-09-08T10:00:00+00:00,27.300,18.300,Open-Meteo Historical Weather API,"Casalecchio di Reno, Bologna, Italy",44.4756,11.2759
2022-09-08T11:00:00+00:00,27.100,19.100,Open-Meteo Historical Weather API,"Casalecchio di Reno, Bologna, Italy",44.4756,11.2759
2022-09-08T12:00:00+00:00,27.000,17.900,Open-Meteo Historical Weather API,"Casalecchio di Reno, Bologna, Italy",44.4756,11.2759
2022-09-08T13:00:00+00:00,28.400,17.300,Open-Meteo Historical Weather API,"Casalecchio di Reno, Bologna, Italy",44.4756,11.2759
2022-09-08T14:00:00+00:00,30.100,14.600,Open-Meteo Historical Weather API,"Casalecchio di Reno, Bologna, Italy",44.4756,11.2759
2022-09-08T15:00:00+00:00,29.600,12.400,Open-Meteo Historical Weather API,"Casalecchio di Reno, Bologna, Italy",44.4756,11.2759
2022-09-08T16:00:00+00:00,27.300,16.200,Open-Meteo Historical Weather API,"Casalecchio di Reno, Bologna, Italy",44.4756,11.2759
2022-09-08T17:00:00+00:00,25.500,19.400,Open-Meteo Historical Weather API,"Casalecchio di Reno, Bologna, Italy",44.4756,11.2759
2022-09-08T18:00:00+00:00,23.900,19.900,Open-Meteo Historical Weather API,"Casalecchio di Reno, Bologna, Italy",44.4756,11.2759
2022-09-08T19:00:00+00:00,23.100,18.600,Open-Meteo Historical Weather API,"Casalecchio di Reno, Bologna, Italy",44.4756,11.2759
2022-09-08T20:00:00+00:00,22.900,16.600,Open-Meteo Historical Weather API,"Casalecchio di Reno, Bologna, Italy",44.4756,11.2759
2022-09-08T21:00:00+00:00,22.600,16.400,Open-Meteo Historical Weather API,"Casalecchio di Reno, Bologna, Italy",44.4756,11.2759
2022-09-08T22:00:00+00:00,22.700,17.600,Open-Meteo Historical Weather API,"Casalecchio di Reno, Bologna, Italy",44.4756,11.2759
2022-09-08T23:00:00+00:00,22.200,17.600,Open-Meteo Historical Weather API,"Casalecchio di Reno, Bologna, Italy",44.4756,11.2759
2022-09-09T00:00:00+00:00,22.900,18.200,Open-Meteo Historical Weather API,"Casalecchio di Reno, Bologna, Italy",44.4756,11.2759
2022-09-09T01:00:00+00:00,22.200,18.000,Open-Meteo Historical Weather API,"Casalecchio di Reno, Bologna, Italy",44.4756,11.2759
2022-09-09T02:00:00+00:00,19.800,17.800,Open-Meteo Historical Weather API,"Casalecchio di Reno, Bologna, Italy",44.4756,11.2759
2022-09-09T03:00:00+00:00,19.100,17.100,Open-Meteo Historical Weather API,"Casalecchio di Reno, Bologna, Italy",44.4756,11.2759
2022-09-09T04:00:00+00:00,19.000,17.100,Open-Meteo Historical Weather API,"Casalecchio di Reno, Bologna, Italy",44.4756,11.2759
2022-09-09T05:00:00+00:00,19.200,17.100,Open-Meteo Historical Weather API,"Casalecchio di Reno, Bologna, Italy",44.4756,11.2759
2022-09-09T06:00:00+00:00,19.900,17.600,Open-Meteo Historical Weather API,"Casalecchio di Reno, Bologna, Italy",44.4756,11.2759
2022-09-09T07:00:00+00:00,21.900,18.600,Open-Meteo Historical Weather API,"Casalecchio di Reno, Bologna, Italy",44.4756,11.2759
2022-09-09T08:00:00+00:00,23.500,19.400,Open-Meteo Historical Weather API,"Casalecchio di Reno, Bologna, Italy",44.4756,11.2759
2022-09-09T09:00:00+00:00,23.100,17.800,Open-Meteo Historical Weather API,"Casalecchio di Reno, Bologna, Italy",44.4756,11.2759
2022-09-09T10:00:00+00:00,23.800,18.400,Open-Meteo Historical Weather API,"Casalecchio di Reno, Bologna, Italy",44.4756,11.2759
2022-09-09T11:00:00+00:00,24.500,19.000,Open-Meteo Historical Weather API,"Casalecchio di Reno, Bologna, Italy",44.4756,11.2759
2022-09-09T12:00:00+00:00,27.400,14.900,Open-Meteo Historical Weather API,"Casalecchio di Reno, Bologna, Italy",44.4756,11.2759
2022-09-09T13:00:00+00:00,26.500,15.300,Open-Meteo Historical Weather API,"Casalecchio di Reno, Bologna, Italy",44.4756,11.2759
2022-09-09T14:00:00+00:00,25.400,15.400,Open-Meteo Historical Weather API,"Casalecchio di Reno, Bologna, Italy",44.4756,11.2759
2022-09-09T15:00:00+00:00,26.100,15.400,Open-Meteo Historical Weather API,"Casalecchio di Reno, Bologna, Italy",44.4756,11.2759
2022-09-09T16:00:00+00:00,25.600,15.700,Open-Meteo Historical Weather API,"Casalecchio di Reno, Bologna, Italy",44.4756,11.2759
2022-09-09T17:00:00+00:00,25.300,15.400,Open-Meteo Historical Weather API,"Casalecchio di Reno, Bologna, Italy",44.4756,11.2759
2022-09-09T18:00:00+00:00,22.600,16.500,Open-Meteo Historical Weather API,"Casalecchio di Reno, Bologna, Italy",44.4756,11.2759
2022-09-09T19:00:00+00:00,21.300,15.300,Open-Meteo Historical Weather API,"Casalecchio di Reno, Bologna, Italy",44.4756,11.2759
2022-09-09T20:00:00+00:00,21.400,13.900,Open-Meteo Historical Weather API,"Casalecchio di Reno, Bologna, Italy",44.4756,11.2759
2022-09-09T21:00:00+00:00,21.900,14.600,Open-Meteo Historical Weather API,"Casalecchio di Reno, Bologna, Italy",44.4756,11.2759
2022-09-09T22:00:00+00:00,22.100,14.600,Open-Meteo Historical Weather API,"Casalecchio di Reno, Bologna, Italy",44.4756,11.2759
2022-09-09T23:00:00+00:00,22.000,14.400,Open-Meteo Historical Weather API,"Casalecchio di Reno, Bologna, Italy",44.4756,11.2759
2022-09-10T00:00:00+00:00,21.100,13.800,Open-Meteo Historical Weather API,"Casalecchio di Reno, Bologna, Italy",44.4756,11.2759
2022-09-10T01:00:00+00:00,17.900,14.100,Open-Meteo Historical Weather API,"Casalecchio di Reno, Bologna, Italy",44.4756,11.2759
2022-09-10T02:00:00+00:00,16.000,15.200,Open-Meteo Historical Weather API,"Casalecchio di Reno, Bologna, Italy",44.4756,11.2759
2022-09-10T03:00:00+00:00,15.600,14.500,Open-Meteo Historical Weather API,"Casalecchio di Reno, Bologna, Italy",44.4756,11.2759
2022-09-10T04:00:00+00:00,16.500,14.100,Open-Meteo Historical Weather API,"Casalecchio di Reno, Bologna, Italy",44.4756,11.2759
2022-09-10T05:00:00+00:00,17.500,14.400,Open-Meteo Historical Weather API,"Casalecchio di Reno, Bologna, Italy",44.4756,11.2759
2022-09-10T06:00:00+00:00,19.000,14.900,Open-Meteo Historical Weather API,"Casalecchio di Reno, Bologna, Italy",44.4756,11.2759
2022-09-10T07:00:00+00:00,19.900,15.200,Open-Meteo Historical Weather API,"Casalecchio di Reno, Bologna, Italy",44.4756,11.2759
2022-09-10T08:00:00+00:00,21.400,15.600,Open-Meteo Historical Weather API,"Casalecchio di Reno, Bologna, Italy",44.4756,11.2759
2022-09-10T09:00:00+00:00,23.200,15.900,Open-Meteo Historical Weather API,"Casalecchio di Reno, Bologna, Italy",44.4756,11.2759
2022-09-10T10:00:00+00:00,24.200,15.900,Open-Meteo Historical Weather API,"Casalecchio di Reno, Bologna, Italy",44.4756,11.2759
2022-09-10T11:00:00+00:00,24.500,15.700,Open-Meteo Historical Weather API,"Casalecchio di Reno, Bologna, Italy",44.4756,11.2759
2022-09-10T12:00:00+00:00,24.600,14.900,Open-Meteo Historical Weather API,"Casalecchio di Reno, Bologna, Italy",44.4756,11.2759
2022-09-10T13:00:00+00:00,25.400,14.200,Open-Meteo Historical Weather API,"Casalecchio di Reno, Bologna, Italy",44.4756,11.2759
2022-09-10T14:00:00+00:00,25.900,13.800,Open-Meteo Historical Weather API,"Casalecchio di Reno, Bologna, Italy",44.4756,11.2759
2022-09-10T15:00:00+00:00,26.100,13.600,Open-Meteo Historical Weather API,"Casalecchio di Reno, Bologna, Italy",44.4756,11.2759
2022-09-10T16:00:00+00:00,25.500,13.600,Open-Meteo Historical Weather API,"Casalecchio di Reno, Bologna, Italy",44.4756,11.2759
2022-09-10T17:00:00+00:00,24.000,14.400,Open-Meteo Historical Weather API,"Casalecchio di Reno, Bologna, Italy",44.4756,11.2759
2022-09-10T18:00:00+00:00,22.700,13.900,Open-Meteo Historical Weather API,"Casalecchio di Reno, Bologna, Italy",44.4756,11.2759
2022-09-10T19:00:00+00:00,22.000,14.600,Open-Meteo Historical Weather API,"Casalecchio di Reno, Bologna, Italy",44.4756,11.2759
2022-09-10T20:00:00+00:00,20.900,15.100,Open-Meteo Historical Weather API,"Casalecchio di Reno, Bologna, Italy",44.4756,11.2759
2022-09-10T21:00:00+00:00,19.800,15.500,Open-Meteo Historical Weather API,"Casalecchio di Reno, Bologna, Italy",44.4756,11.2759
2022-09-10T22:00:00+00:00,19.900,16.200,Open-Meteo Historical Weather API,"Casalecchio di Reno, Bologna, Italy",44.4756,11.2759
2022-09-10T23:00:00+00:00,19.500,16.500,Open-Meteo Historical Weather API,"Casalecchio di Reno, Bologna, Italy",44.4756,11.2759
2022-09-11T00:00:00+00:00,19.600,15.400,Open-Meteo Historical Weather API,"Casalecchio di Reno, Bologna, Italy",44.4756,11.2759
2022-09-11T01:00:00+00:00,17.800,15.900,Open-Meteo Historical Weather API,"Casalecchio di Reno, Bologna, Italy",44.4756,11.2759
2022-09-11T02:00:00+00:00,18.400,16.200,Open-Meteo Historical Weather API,"Casalecchio di Reno, Bologna, Italy",44.4756,11.2759
2022-09-11T03:00:00+00:00,17.600,16.000,Open-Meteo Historical Weather API,"Casalecchio di Reno, Bologna, Italy",44.4756,11.2759
2022-09-11T04:00:00+00:00,17.900,15.900,Open-Meteo Historical Weather API,"Casalecchio di Reno, Bologna, Italy",44.4756,11.2759
2022-09-11T05:00:00+00:00,17.800,15.900,Open-Meteo Historical Weather API,"Casalecchio di Reno, Bologna, Italy",44.4756,11.2759
2022-09-11T06:00:00+00:00,18.100,16.200,Open-Meteo Historical Weather API,"Casalecchio di Reno, Bologna, Italy",44.4756,11.2759
2022-09-11T07:00:00+00:00,19.500,16.600,Open-Meteo Historical Weather API,"Casalecchio di Reno, Bologna, Italy",44.4756,11.2759
2022-09-11T08:00:00+00:00,21.200,16.300,Open-Meteo Historical Weather API,"Casalecchio di Reno, Bologna, Italy",44.4756,11.2759
2022-09-11T09:00:00+00:00,23.000,15.100,Open-Meteo Historical Weather API,"Casalecchio di Reno, Bologna, Italy",44.4756,11.2759
2022-09-11T10:00:00+00:00,24.200,14.400,Open-Meteo Historical Weather API,"Casalecchio di Reno, Bologna, Italy",44.4756,11.2759
2022-09-11T11:00:00+00:00,24.900,13.900,Open-Meteo Historical Weather API,"Casalecchio di Reno, Bologna, Italy",44.4756,11.2759
2022-09-11T12:00:00+00:00,25.100,14.300,Open-Meteo Historical Weather API,"Casalecchio di Reno, Bologna, Italy",44.4756,11.2759
2022-09-11T13:00:00+00:00,25.600,13.900,Open-Meteo Historical Weather API,"Casalecchio di Reno, Bologna, Italy",44.4756,11.2759
2022-09-11T14:00:00+00:00,25.800,13.100,Open-Meteo Historical Weather API,"Casalecchio di Reno, Bologna, Italy",44.4756,11.2759
2022-09-11T15:00:00+00:00,25.600,12.400,Open-Meteo Historical Weather API,"Casalecchio di Reno, Bologna, Italy",44.4756,11.2759
2022-09-11T16:00:00+00:00,25.300,11.700,Open-Meteo Historical Weather API,"Casalecchio di Reno, Bologna, Italy",44.4756,11.2759
2022-09-11T17:00:00+00:00,23.300,16.100,Open-Meteo Historical Weather API,"Casalecchio di Reno, Bologna, Italy",44.4756,11.2759
2022-09-11T18:00:00+00:00,20.600,12.900,Open-Meteo Historical Weather API,"Casalecchio di Reno, Bologna, Italy",44.4756,11.2759
2022-09-11T19:00:00+00:00,20.600,12.900,Open-Meteo Historical Weather API,"Casalecchio di Reno, Bologna, Italy",44.4756,11.2759
2022-09-11T20:00:00+00:00,19.900,13.700,Open-Meteo Historical Weather API,"Casalecchio di Reno, Bologna, Italy",44.4756,11.2759
2022-09-11T21:00:00+00:00,18.400,13.600,Open-Meteo Historical Weather API,"Casalecchio di Reno, Bologna, Italy",44.4756,11.2759
2022-09-11T22:00:00+00:00,17.300,13.400,Open-Meteo Historical Weather API,"Casalecchio di Reno, Bologna, Italy",44.4756,11.2759
2022-09-11T23:00:00+00:00,16.300,13.400,Open-Meteo Historical Weather API,"Casalecchio di Reno, Bologna, Italy",44.4756,11.2759
2022-09-12T00:00:00+00:00,16.500,13.800,Open-Meteo Historical Weather API,"Casalecchio di Reno, Bologna, Italy",44.4756,11.2759
2022-09-12T01:00:00+00:00,16.600,13.600,Open-Meteo Historical Weather API,"Casalecchio di Reno, Bologna, Italy",44.4756,11.2759
2022-09-12T02:00:00+00:00,17.000,13.100,Open-Meteo Historical Weather API,"Casalecchio di Reno, Bologna, Italy",44.4756,11.2759
2022-09-12T03:00:00+00:00,16.500,12.800,Open-Meteo Historical Weather API,"Casalecchio di Reno, Bologna, Italy",44.4756,11.2759
2022-09-12T04:00:00+00:00,16.200,12.500,Open-Meteo Historical Weather API,"Casalecchio di Reno, Bologna, Italy",44.4756,11.2759
2022-09-12T05:00:00+00:00,14.600,12.600,Open-Meteo Historical Weather API,"Casalecchio di Reno, Bologna, Italy",44.4756,11.2759
2022-09-12T06:00:00+00:00,17.000,13.200,Open-Meteo Historical Weather API,"Casalecchio di Reno, Bologna, Italy",44.4756,11.2759
2022-09-12T07:00:00+00:00,20.600,13.900,Open-Meteo Historical Weather API,"Casalecchio di Reno, Bologna, Italy",44.4756,11.2759
2022-09-12T08:00:00+00:00,23.000,14.600,Open-Meteo Historical Weather API,"Casalecchio di Reno, Bologna, Italy",44.4756,11.2759
2022-09-12T09:00:00+00:00,24.700,14.600,Open-Meteo Historical Weather API,"Casalecchio di Reno, Bologna, Italy",44.4756,11.2759
2022-09-12T10:00:00+00:00,26.000,14.300,Open-Meteo Historical Weather API,"Casalecchio di Reno, Bologna, Italy",44.4756,11.2759
2022-09-12T11:00:00+00:00,26.800,14.000,Open-Meteo Historical Weather API,"Casalecchio di Reno, Bologna, Italy",44.4756,11.2759
2022-09-12T12:00:00+00:00,27.000,12.800,Open-Meteo Historical Weather API,"Casalecchio di Reno, Bologna, Italy",44.4756,11.2759
2022-09-12T13:00:00+00:00,27.500,12.200,Open-Meteo Historical Weather API,"Casalecchio di Reno, Bologna, Italy",44.4756,11.2759
2022-09-12T14:00:00+00:00,27.600,11.100,Open-Meteo Historical Weather API,"Casalecchio di Reno, Bologna, Italy",44.4756,11.2759
2022-09-12T15:00:00+00:00,27.500,11.100,Open-Meteo Historical Weather API,"Casalecchio di Reno, Bologna, Italy",44.4756,11.2759
2022-09-12T16:00:00+00:00,26.900,12.200,Open-Meteo Historical Weather API,"Casalecchio di Reno, Bologna, Italy",44.4756,11.2759
2022-09-12T17:00:00+00:00,24.500,13.400,Open-Meteo Historical Weather API,"Casalecchio di Reno, Bologna, Italy",44.4756,11.2759
2022-09-12T18:00:00+00:00,22.700,14.100,Open-Meteo Historical Weather API,"Casalecchio di Reno, Bologna, Italy",44.4756,11.2759
2022-09-12T19:00:00+00:00,21.500,14.900,Open-Meteo Historical Weather API,"Casalecchio di Reno, Bologna, Italy",44.4756,11.2759
2022-09-12T20:00:00+00:00,20.500,14.600,Open-Meteo Historical Weather API,"Casalecchio di Reno, Bologna, Italy",44.4756,11.2759
2022-09-12T21:00:00+00:00,19.600,14.500,Open-Meteo Historical Weather API,"Casalecchio di Reno, Bologna, Italy",44.4756,11.2759
2022-09-12T22:00:00+00:00,19.100,14.400,Open-Meteo Historical Weather API,"Casalecchio di Reno, Bologna, Italy",44.4756,11.2759
2022-09-12T23:00:00+00:00,18.600,14.100,Open-Meteo Historical Weather API,"Casalecchio di Reno, Bologna, Italy",44.4756,11.2759
2022-09-13T00:00:00+00:00,18.300,13.500,Open-Meteo Historical Weather API,"Casalecchio di Reno, Bologna, Italy",44.4756,11.2759
2022-09-13T01:00:00+00:00,18.100,13.200,Open-Meteo Historical Weather API,"Casalecchio di Reno, Bologna, Italy",44.4756,11.2759
2022-09-13T02:00:00+00:00,18.000,13.400,Open-Meteo Historical Weather API,"Casalecchio di Reno, Bologna, Italy",44.4756,11.2759
2022-09-13T03:00:00+00:00,17.600,13.200,Open-Meteo Historical Weather API,"Casalecchio di Reno, Bologna, Italy",44.4756,11.2759
2022-09-13T04:00:00+00:00,17.400,13.000,Open-Meteo Historical Weather API,"Casalecchio di Reno, Bologna, Italy",44.4756,11.2759
2022-09-13T05:00:00+00:00,17.100,12.700,Open-Meteo Historical Weather API,"Casalecchio di Reno, Bologna, Italy",44.4756,11.2759
2022-09-13T06:00:00+00:00,18.600,13.100,Open-Meteo Historical Weather API,"Casalecchio di Reno, Bologna, Italy",44.4756,11.2759
2022-09-13T07:00:00+00:00,21.900,14.100,Open-Meteo Historical Weather API,"Casalecchio di Reno, Bologna, Italy",44.4756,11.2759
2022-09-13T08:00:00+00:00,24.100,13.900,Open-Meteo Historical Weather API,"Casalecchio di Reno, Bologna, Italy",44.4756,11.2759
2022-09-13T09:00:00+00:00,25.800,14.400,Open-Meteo Historical Weather API,"Casalecchio di Reno, Bologna, Italy",44.4756,11.2759
2022-09-13T10:00:00+00:00,27.000,14.600,Open-Meteo Historical Weather API,"Casalecchio di Reno, Bologna, Italy",44.4756,11.2759
2022-09-13T11:00:00+00:00,28.000,14.200,Open-Meteo Historical Weather API,"Casalecchio di Reno, Bologna, Italy",44.4756,11.2759
2022-09-13T12:00:00+00:00,28.500,14.300,Open-Meteo Historical Weather API,"Casalecchio di Reno, Bologna, Italy",44.4756,11.2759
2022-09-13T13:00:00+00:00,28.800,14.200,Open-Meteo Historical Weather API,"Casalecchio di Reno, Bologna, Italy",44.4756,11.2759
2022-09-13T14:00:00+00:00,29.100,14.600,Open-Meteo Historical Weather API,"Casalecchio di Reno, Bologna, Italy",44.4756,11.2759
2022-09-13T15:00:00+00:00,29.000,14.900,Open-Meteo Historical Weather API,"Casalecchio di Reno, Bologna, Italy",44.4756,11.2759
2022-09-13T16:00:00+00:00,28.400,15.100,Open-Meteo Historical Weather API,"Casalecchio di Reno, Bologna, Italy",44.4756,11.2759
2022-09-13T17:00:00+00:00,25.300,18.200,Open-Meteo Historical Weather API,"Casalecchio di Reno, Bologna, Italy",44.4756,11.2759
2022-09-13T18:00:00+00:00,22.500,16.500,Open-Meteo Historical Weather API,"Casalecchio di Reno, Bologna, Italy",44.4756,11.2759
2022-09-13T19:00:00+00:00,22.000,15.600,Open-Meteo Historical Weather API,"Casalecchio di Reno, Bologna, Italy",44.4756,11.2759
2022-09-13T20:00:00+00:00,22.600,14.900,Open-Meteo Historical Weather API,"Casalecchio di Reno, Bologna, Italy",44.4756,11.2759
2022-09-13T21:00:00+00:00,23.200,13.000,Open-Meteo Historical Weather API,"Casalecchio di Reno, Bologna, Italy",44.4756,11.2759
2022-09-13T22:00:00+00:00,22.900,12.600,Open-Meteo Historical Weather API,"Casalecchio di Reno, Bologna, Italy",44.4756,11.2759
2022-09-13T23:00:00+00:00,22.100,13.600,Open-Meteo Historical Weather API,"Casalecchio di Reno, Bologna, Italy",44.4756,11.2759
2022-09-14T00:00:00+00:00,21.500,15.100,Open-Meteo Historical Weather API,"Casalecchio di Reno, Bologna, Italy",44.4756,11.2759
2022-09-14T01:00:00+00:00,21.300,15.800,Open-Meteo Historical Weather API,"Casalecchio di Reno, Bologna, Italy",44.4756,11.2759
2022-09-14T02:00:00+00:00,21.100,16.100,Open-Meteo Historical Weather API,"Casalecchio di Reno, Bologna, Italy",44.4756,11.2759
2022-09-14T03:00:00+00:00,21.100,16.600,Open-Meteo Historical Weather API,"Casalecchio di Reno, Bologna, Italy",44.4756,11.2759
2022-09-14T04:00:00+00:00,21.400,16.700,Open-Meteo Historical Weather API,"Casalecchio di Reno, Bologna, Italy",44.4756,11.2759
2022-09-14T05:00:00+00:00,21.500,17.000,Open-Meteo Historical Weather API,"Casalecchio di Reno, Bologna, Italy",44.4756,11.2759
2022-09-14T06:00:00+00:00,22.200,17.700,Open-Meteo Historical Weather API,"Casalecchio di Reno, Bologna, Italy",44.4756,11.2759
2022-09-14T07:00:00+00:00,23.800,17.700,Open-Meteo Historical Weather API,"Casalecchio di Reno, Bologna, Italy",44.4756,11.2759
2022-09-14T08:00:00+00:00,25.000,17.500,Open-Meteo Historical Weather API,"Casalecchio di Reno, Bologna, Italy",44.4756,11.2759
2022-09-14T09:00:00+00:00,26.300,18.000,Open-Meteo Historical Weather API,"Casalecchio di Reno, Bologna, Italy",44.4756,11.2759
2022-09-14T10:00:00+00:00,28.200,18.100,Open-Meteo Historical Weather API,"Casalecchio di Reno, Bologna, Italy",44.4756,11.2759
2022-09-14T11:00:00+00:00,29.800,18.100,Open-Meteo Historical Weather API,"Casalecchio di Reno, Bologna, Italy",44.4756,11.2759
2022-09-14T12:00:00+00:00,27.900,17.100,Open-Meteo Historical Weather API,"Casalecchio di Reno, Bologna, Italy",44.4756,11.2759
2022-09-14T13:00:00+00:00,27.800,17.100,Open-Meteo Historical Weather API,"Casalecchio di Reno, Bologna, Italy",44.4756,11.2759
2022-09-14T14:00:00+00:00,29.000,17.000,Open-Meteo Historical Weather API,"Casalecchio di Reno, Bologna, Italy",44.4756,11.2759
2022-09-14T15:00:00+00:00,28.600,16.800,Open-Meteo Historical Weather API,"Casalecchio di Reno, Bologna, Italy",44.4756,11.2759
2022-09-14T16:00:00+00:00,28.200,16.400,Open-Meteo Historical Weather API,"Casalecchio di Reno, Bologna, Italy",44.4756,11.2759
2022-09-14T17:00:00+00:00,27.500,16.000,Open-Meteo Historical Weather API,"Casalecchio di Reno, Bologna, Italy",44.4756,11.2759
2022-09-14T18:00:00+00:00,26.000,16.600,Open-Meteo Historical Weather API,"Casalecchio di Reno, Bologna, Italy",44.4756,11.2759
2022-09-14T19:00:00+00:00,25.600,18.200,Open-Meteo Historical Weather API,"Casalecchio di Reno, Bologna, Italy",44.4756,11.2759
2022-09-14T20:00:00+00:00,25.200,18.400,Open-Meteo Historical Weather API,"Casalecchio di Reno, Bologna, Italy",44.4756,11.2759
2022-09-14T21:00:00+00:00,25.400,18.500,Open-Meteo Historical Weather API,"Casalecchio di Reno, Bologna, Italy",44.4756,11.2759
2022-09-14T22:00:00+00:00,24.900,18.900,Open-Meteo Historical Weather API,"Casalecchio di Reno, Bologna, Italy",44.4756,11.2759
2022-09-14T23:00:00+00:00,24.300,18.900,Open-Meteo Historical Weather API,"Casalecchio di Reno, Bologna, Italy",44.4756,11.2759
2022-09-15T00:00:00+00:00,24.000,18.300,Open-Meteo Historical Weather API,"Casalecchio di Reno, Bologna, Italy",44.4756,11.2759
2022-09-15T01:00:00+00:00,23.600,18.200,Open-Meteo Historical Weather API,"Casalecchio di Reno, Bologna, Italy",44.4756,11.2759
2022-09-15T02:00:00+00:00,21.900,17.600,Open-Meteo Historical Weather API,"Casalecchio di Reno, Bologna, Italy",44.4756,11.2759
2022-09-15T03:00:00+00:00,22.200,18.500,Open-Meteo Historical Weather API,"Casalecchio di Reno, Bologna, Italy",44.4756,11.2759
2022-09-15T04:00:00+00:00,23.100,18.000,Open-Meteo Historical Weather API,"Casalecchio di Reno, Bologna, Italy",44.4756,11.2759
2022-09-15T05:00:00+00:00,21.600,18.100,Open-Meteo Historical Weather API,"Casalecchio di Reno, Bologna, Italy",44.4756,11.2759
2022-09-15T06:00:00+00:00,22.100,18.000,Open-Meteo Historical Weather API,"Casalecchio di Reno, Bologna, Italy",44.4756,11.2759
2022-09-15T07:00:00+00:00,23.500,18.500,Open-Meteo Historical Weather API,"Casalecchio di Reno, Bologna, Italy",44.4756,11.2759
2022-09-15T08:00:00+00:00,25.200,18.400,Open-Meteo Historical Weather API,"Casalecchio di Reno, Bologna, Italy",44.4756,11.2759
2022-09-15T09:00:00+00:00,26.600,17.500,Open-Meteo Historical Weather API,"Casalecchio di Reno, Bologna, Italy",44.4756,11.2759
2022-09-15T10:00:00+00:00,27.200,17.000,Open-Meteo Historical Weather API,"Casalecchio di Reno, Bologna, Italy",44.4756,11.2759
2022-09-15T11:00:00+00:00,27.900,17.200,Open-Meteo Historical Weather API,"Casalecchio di Reno, Bologna, Italy",44.4756,11.2759
2022-09-15T12:00:00+00:00,24.600,18.400,Open-Meteo Historical Weather API,"Casalecchio di Reno, Bologna, Italy",44.4756,11.2759
2022-09-15T13:00:00+00:00,26.100,18.700,Open-Meteo Historical Weather API,"Casalecchio di Reno, Bologna, Italy",44.4756,11.2759
2022-09-15T14:00:00+00:00,28.500,16.700,Open-Meteo Historical Weather API,"Casalecchio di Reno, Bologna, Italy",44.4756,11.2759
2022-09-15T15:00:00+00:00,29.500,10.500,Open-Meteo Historical Weather API,"Casalecchio di Reno, Bologna, Italy",44.4756,11.2759
2022-09-15T16:00:00+00:00,29.000,11.700,Open-Meteo Historical Weather API,"Casalecchio di Reno, Bologna, Italy",44.4756,11.2759
2022-09-15T17:00:00+00:00,26.800,13.600,Open-Meteo Historical Weather API,"Casalecchio di Reno, Bologna, Italy",44.4756,11.2759
2022-09-15T18:00:00+00:00,23.600,14.100,Open-Meteo Historical Weather API,"Casalecchio di Reno, Bologna, Italy",44.4756,11.2759
2022-09-15T19:00:00+00:00,23.200,14.800,Open-Meteo Historical Weather API,"Casalecchio di Reno, Bologna, Italy",44.4756,11.2759
2022-09-15T20:00:00+00:00,22.800,14.800,Open-Meteo Historical Weather API,"Casalecchio di Reno, Bologna, Italy",44.4756,11.2759
2022-09-15T21:00:00+00:00,21.200,14.600,Open-Meteo Historical Weather API,"Casalecchio di Reno, Bologna, Italy",44.4756,11.2759
2022-09-15T22:00:00+00:00,20.600,14.300,Open-Meteo Historical Weather API,"Casalecchio di Reno, Bologna, Italy",44.4756,11.2759
2022-09-15T23:00:00+00:00,21.000,15.600,Open-Meteo Historical Weather API,"Casalecchio di Reno, Bologna, Italy",44.4756,11.2759
2022-09-16T00:00:00+00:00,23.300,16.300,Open-Meteo Historical Weather API,"Casalecchio di Reno, Bologna, Italy",44.4756,11.2759
2022-09-16T01:00:00+00:00,23.200,16.500,Open-Meteo Historical Weather API,"Casalecchio di Reno, Bologna, Italy",44.4756,11.2759
2022-09-16T02:00:00+00:00,22.900,17.100,Open-Meteo Historical Weather API,"Casalecchio di Reno, Bologna, Italy",44.4756,11.2759
2022-09-16T03:00:00+00:00,21.900,17.100,Open-Meteo Historical Weather API,"Casalecchio di Reno, Bologna, Italy",44.4756,11.2759
2022-09-16T04:00:00+00:00,20.900,16.800,Open-Meteo Historical Weather API,"Casalecchio di Reno, Bologna, Italy",44.4756,11.2759
2022-09-16T05:00:00+00:00,20.100,16.800,Open-Meteo Historical Weather API,"Casalecchio di Reno, Bologna, Italy",44.4756,11.2759
2022-09-16T06:00:00+00:00,22.200,17.200,Open-Meteo Historical Weather API,"Casalecchio di Reno, Bologna, Italy",44.4756,11.2759
2022-09-16T07:00:00+00:00,24.500,16.400,Open-Meteo Historical Weather API,"Casalecchio di Reno, Bologna, Italy",44.4756,11.2759
2022-09-16T08:00:00+00:00,26.000,15.900,Open-Meteo Historical Weather API,"Casalecchio di Reno, Bologna, Italy",44.4756,11.2759
2022-09-16T09:00:00+00:00,27.100,16.200,Open-Meteo Historical Weather API,"Casalecchio di Reno, Bologna, Italy",44.4756,11.2759
2022-09-16T10:00:00+00:00,27.900,15.100,Open-Meteo Historical Weather API,"Casalecchio di Reno, Bologna, Italy",44.4756,11.2759
2022-09-16T11:00:00+00:00,24.200,17.200,Open-Meteo Historical Weather API,"Casalecchio di Reno, Bologna, Italy",44.4756,11.2759
2022-09-16T12:00:00+00:00,25.000,18.900,Open-Meteo Historical Weather API,"Casalecchio di Reno, Bologna, Italy",44.4756,11.2759
2022-09-16T13:00:00+00:00,28.800,15.900,Open-Meteo Historical Weather API,"Casalecchio di Reno, Bologna, Italy",44.4756,11.2759
2022-09-16T14:00:00+00:00,28.600,13.400,Open-Meteo Historical Weather API,"Casalecchio di Reno, Bologna, Italy",44.4756,11.2759
2022-09-16T15:00:00+00:00,28.500,13.400,Open-Meteo Historical Weather API,"Casalecchio di Reno, Bologna, Italy",44.4756,11.2759
2022-09-16T16:00:00+00:00,27.400,13.400,Open-Meteo Historical Weather API,"Casalecchio di Reno, Bologna, Italy",44.4756,11.2759
2022-09-16T17:00:00+00:00,25.500,14.100,Open-Meteo Historical Weather API,"Casalecchio di Reno, Bologna, Italy",44.4756,11.2759
2022-09-16T18:00:00+00:00,23.600,15.600,Open-Meteo Historical Weather API,"Casalecchio di Reno, Bologna, Italy",44.4756,11.2759
2022-09-16T19:00:00+00:00,22.700,16.200,Open-Meteo Historical Weather API,"Casalecchio di Reno, Bologna, Italy",44.4756,11.2759
2022-09-16T20:00:00+00:00,21.800,16.300,Open-Meteo Historical Weather API,"Casalecchio di Reno, Bologna, Italy",44.4756,11.2759
2022-09-16T21:00:00+00:00,20.100,17.000,Open-Meteo Historical Weather API,"Casalecchio di Reno, Bologna, Italy",44.4756,11.2759
2022-09-16T22:00:00+00:00,19.000,17.300,Open-Meteo Historical Weather API,"Casalecchio di Reno, Bologna, Italy",44.4756,11.2759
2022-09-16T23:00:00+00:00,18.400,17.200,Open-Meteo Historical Weather API,"Casalecchio di Reno, Bologna, Italy",44.4756,11.2759
2022-09-17T00:00:00+00:00,19.000,17.100,Open-Meteo Historical Weather API,"Casalecchio di Reno, Bologna, Italy",44.4756,11.2759
2022-09-17T01:00:00+00:00,18.600,17.500,Open-Meteo Historical Weather API,"Casalecchio di Reno, Bologna, Italy",44.4756,11.2759
2022-09-17T02:00:00+00:00,17.600,16.300,Open-Meteo Historical Weather API,"Casalecchio di Reno, Bologna, Italy",44.4756,11.2759
2022-09-17T03:00:00+00:00,18.300,16.000,Open-Meteo Historical Weather API,"Casalecchio di Reno, Bologna, Italy",44.4756,11.2759
2022-09-17T04:00:00+00:00,17.900,15.700,Open-Meteo Historical Weather API,"Casalecchio di Reno, Bologna, Italy",44.4756,11.2759
2022-09-17T05:00:00+00:00,16.300,15.200,Open-Meteo Historical Weather API,"Casalecchio di Reno, Bologna, Italy",44.4756,11.2759
2022-09-17T06:00:00+00:00,15.400,14.400,Open-Meteo Historical Weather API,"Casalecchio di Reno, Bologna, Italy",44.4756,11.2759
2022-09-17T07:00:00+00:00,14.800,13.400,Open-Meteo Historical Weather API,"Casalecchio di Reno, Bologna, Italy",44.4756,11.2759
2022-09-17T08:00:00+00:00,13.600,11.500,Open-Meteo Historical Weather API,"Casalecchio di Reno, Bologna, Italy",44.4756,11.2759
2022-09-17T09:00:00+00:00,13.600,11.200,Open-Meteo Historical Weather API,"Casalecchio di Reno, Bologna, Italy",44.4756,11.2759
2022-09-17T10:00:00+00:00,13.700,11.100,Open-Meteo Historical Weather API,"Casalecchio di Reno, Bologna, Italy",44.4756,11.2759
2022-09-17T11:00:00+00:00,15.200,10.400,Open-Meteo Historical Weather API,"Casalecchio di Reno, Bologna, Italy",44.4756,11.2759
2022-09-17T12:00:00+00:00,14.900,10.100,Open-Meteo Historical Weather API,"Casalecchio di Reno, Bologna, Italy",44.4756,11.2759
2022-09-17T13:00:00+00:00,16.100,9.000,Open-Meteo Historical Weather API,"Casalecchio di Reno, Bologna, Italy",44.4756,11.2759
2022-09-17T14:00:00+00:00,16.800,7.000,Open-Meteo Historical Weather API,"Casalecchio di Reno, Bologna, Italy",44.4756,11.2759
2022-09-17T15:00:00+00:00,16.900,5.600,Open-Meteo Historical Weather API,"Casalecchio di Reno, Bologna, Italy",44.4756,11.2759
2022-09-17T16:00:00+00:00,16.400,5.800,Open-Meteo Historical Weather API,"Casalecchio di Reno, Bologna, Italy",44.4756,11.2759
2022-09-17T17:00:00+00:00,14.800,8.600,Open-Meteo Historical Weather API,"Casalecchio di Reno, Bologna, Italy",44.4756,11.2759
2022-09-17T18:00:00+00:00,12.800,7.300,Open-Meteo Historical Weather API,"Casalecchio di Reno, Bologna, Italy",44.4756,11.2759
2022-09-17T19:00:00+00:00,12.600,6.800,Open-Meteo Historical Weather API,"Casalecchio di Reno, Bologna, Italy",44.4756,11.2759
2022-09-17T20:00:00+00:00,12.500,5.600,Open-Meteo Historical Weather API,"Casalecchio di Reno, Bologna, Italy",44.4756,11.2759
2022-09-17T21:00:00+00:00,12.900,4.800,Open-Meteo Historical Weather API,"Casalecchio di Reno, Bologna, Italy",44.4756,11.2759
2022-09-17T22:00:00+00:00,12.900,4.300,Open-Meteo Historical Weather API,"Casalecchio di Reno, Bologna, Italy",44.4756,11.2759
2022-09-17T23:00:00+00:00,12.800,4.000,Open-Meteo Historical Weather API,"Casalecchio di Reno, Bologna, Italy",44.4756,11.2759
2022-09-18T00:00:00+00:00,12.900,4.400,Open-Meteo Historical Weather API,"Casalecchio di Reno, Bologna, Italy",44.4756,11.2759
2022-09-18T01:00:00+00:00,12.500,4.600,Open-Meteo Historical Weather API,"Casalecchio di Reno, Bologna, Italy",44.4756,11.2759
2022-09-18T02:00:00+00:00,12.300,4.400,Open-Meteo Historical Weather API,"Casalecchio di Reno, Bologna, Italy",44.4756,11.2759
2022-09-18T03:00:00+00:00,12.100,4.200,Open-Meteo Historical Weather API,"Casalecchio di Reno, Bologna, Italy",44.4756,11.2759
2022-09-18T04:00:00+00:00,12.100,3.600,Open-Meteo Historical Weather API,"Casalecchio di Reno, Bologna, Italy",44.4756,11.2759
2022-09-18T05:00:00+00:00,12.100,2.200,Open-Meteo Historical Weather API,"Casalecchio di Reno, Bologna, Italy",44.4756,11.2759
2022-09-18T06:00:00+00:00,13.100,3.000,Open-Meteo Historical Weather API,"Casalecchio di Reno, Bologna, Italy",44.4756,11.2759
2022-09-18T07:00:00+00:00,15.900,5.300,Open-Meteo Historical Weather API,"Casalecchio di Reno, Bologna, Italy",44.4756,11.2759
2022-09-18T08:00:00+00:00,18.100,3.500,Open-Meteo Historical Weather API,"Casalecchio di Reno, Bologna, Italy",44.4756,11.2759
2022-09-18T09:00:00+00:00,19.300,3.500,Open-Meteo Historical Weather API,"Casalecchio di Reno, Bologna, Italy",44.4756,11.2759
2022-09-18T10:00:00+00:00,20.500,3.800,Open-Meteo Historical Weather API,"Casalecchio di Reno, Bologna, Italy",44.4756,11.2759
2022-09-18T11:00:00+00:00,21.500,3.800,Open-Meteo Historical Weather API,"Casalecchio di Reno, Bologna, Italy",44.4756,11.2759
2022-09-18T12:00:00+00:00,22.400,3.800,Open-Meteo Historical Weather API,"Casalecchio di Reno, Bologna, Italy",44.4756,11.2759
2022-09-18T13:00:00+00:00,22.600,3.800,Open-Meteo Historical Weather API,"Casalecchio di Reno, Bologna, Italy",44.4756,11.2759
2022-09-18T14:00:00+00:00,22.600,4.100,Open-Meteo Historical Weather API,"Casalecchio di Reno, Bologna, Italy",44.4756,11.2759
2022-09-18T15:00:00+00:00,22.300,4.800,Open-Meteo Historical Weather API,"Casalecchio di Reno, Bologna, Italy",44.4756,11.2759
2022-09-18T16:00:00+00:00,21.100,8.900,Open-Meteo Historical Weather API,"Casalecchio di Reno, Bologna, Italy",44.4756,11.2759
2022-09-18T17:00:00+00:00,21.000,3.900,Open-Meteo Historical Weather API,"Casalecchio di Reno, Bologna, Italy",44.4756,11.2759
2022-09-18T18:00:00+00:00,16.400,5.900,Open-Meteo Historical Weather API,"Casalecchio di Reno, Bologna, Italy",44.4756,11.2759
2022-09-18T19:00:00+00:00,15.200,6.600,Open-Meteo Historical Weather API,"Casalecchio di Reno, Bologna, Italy",44.4756,11.2759
2022-09-18T20:00:00+00:00,15.600,4.800,Open-Meteo Historical Weather API,"Casalecchio di Reno, Bologna, Italy",44.4756,11.2759
2022-09-18T21:00:00+00:00,16.000,4.700,Open-Meteo Historical Weather API,"Casalecchio di Reno, Bologna, Italy",44.4756,11.2759
2022-09-18T22:00:00+00:00,16.500,5.900,Open-Meteo Historical Weather API,"Casalecchio di Reno, Bologna, Italy",44.4756,11.2759
2022-09-18T23:00:00+00:00,16.800,7.400,Open-Meteo Historical Weather API,"Casalecchio di Reno, Bologna, Italy",44.4756,11.2759
2022-09-19T00:00:00+00:00,16.200,7.800,Open-Meteo Historical Weather API,"Casalecchio di Reno, Bologna, Italy",44.4756,11.2759
2022-09-19T01:00:00+00:00,15.100,8.500,Open-Meteo Historical Weather API,"Casalecchio di Reno, Bologna, Italy",44.4756,11.2759
2022-09-19T02:00:00+00:00,13.400,9.200,Open-Meteo Historical Weather API,"Casalecchio di Reno, Bologna, Italy",44.4756,11.2759
2022-09-19T03:00:00+00:00,14.100,10.000,Open-Meteo Historical Weather API,"Casalecchio di Reno, Bologna, Italy",44.4756,11.2759
2022-09-19T04:00:00+00:00,14.200,10.600,Open-Meteo Historical Weather API,"Casalecchio di Reno, Bologna, Italy",44.4756,11.2759
2022-09-19T05:00:00+00:00,13.700,10.900,Open-Meteo Historical Weather API,"Casalecchio di Reno, Bologna, Italy",44.4756,11.2759
2022-09-19T06:00:00+00:00,15.000,11.800,Open-Meteo Historical Weather API,"Casalecchio di Reno, Bologna, Italy",44.4756,11.2759
2022-09-19T07:00:00+00:00,17.600,13.100,Open-Meteo Historical Weather API,"Casalecchio di Reno, Bologna, Italy",44.4756,11.2759
2022-09-19T08:00:00+00:00,18.800,11.900,Open-Meteo Historical Weather API,"Casalecchio di Reno, Bologna, Italy",44.4756,11.2759
2022-09-19T09:00:00+00:00,20.300,12.000,Open-Meteo Historical Weather API,"Casalecchio di Reno, Bologna, Italy",44.4756,11.2759
2022-09-19T10:00:00+00:00,21.500,12.900,Open-Meteo Historical Weather API,"Casalecchio di Reno, Bologna, Italy",44.4756,11.2759
2022-09-19T11:00:00+00:00,22.200,13.100,Open-Meteo Historical Weather API,"Casalecchio di Reno, Bologna, Italy",44.4756,11.2759
2022-09-19T12:00:00+00:00,23.800,11.000,Open-Meteo Historical Weather API,"Casalecchio di Reno, Bologna, Italy",44.4756,11.2759
2022-09-19T13:00:00+00:00,23.900,9.500,Open-Meteo Historical Weather API,"Casalecchio di Reno, Bologna, Italy",44.4756,11.2759
2022-09-19T14:00:00+00:00,23.800,8.900,Open-Meteo Historical Weather API,"Casalecchio di Reno, Bologna, Italy",44.4756,11.2759
2022-09-19T15:00:00+00:00,23.600,8.700,Open-Meteo Historical Weather API,"Casalecchio di Reno, Bologna, Italy",44.4756,11.2759
2022-09-19T16:00:00+00:00,22.200,10.100,Open-Meteo Historical Weather API,"Casalecchio di Reno, Bologna, Italy",44.4756,11.2759
2022-09-19T17:00:00+00:00,19.100,9.600,Open-Meteo Historical Weather API,"Casalecchio di Reno, Bologna, Italy",44.4756,11.2759
2022-09-19T18:00:00+00:00,18.700,8.200,Open-Meteo Historical Weather API,"Casalecchio di Reno, Bologna, Italy",44.4756,11.2759
2022-09-19T19:00:00+00:00,17.700,8.900,Open-Meteo Historical Weather API,"Casalecchio di Reno, Bologna, Italy",44.4756,11.2759
2022-09-19T20:00:00+00:00,16.500,8.700,Open-Meteo Historical Weather API,"Casalecchio di Reno, Bologna, Italy",44.4756,11.2759
2022-09-19T21:00:00+00:00,15.500,9.200,Open-Meteo Historical Weather API,"Casalecchio di Reno, Bologna, Italy",44.4756,11.2759
2022-09-19T22:00:00+00:00,14.900,9.600,Open-Meteo Historical Weather API,"Casalecchio di Reno, Bologna, Italy",44.4756,11.2759
2022-09-19T23:00:00+00:00,14.600,9.900,Open-Meteo Historical Weather API,"Casalecchio di Reno, Bologna, Italy",44.4756,11.2759
2022-09-20T00:00:00+00:00,14.100,7.200,Open-Meteo Historical Weather API,"Casalecchio di Reno, Bologna, Italy",44.4756,11.2759
2022-09-20T01:00:00+00:00,11.100,7.700,Open-Meteo Historical Weather API,"Casalecchio di Reno, Bologna, Italy",44.4756,11.2759
2022-09-20T02:00:00+00:00,10.900,8.600,Open-Meteo Historical Weather API,"Casalecchio di Reno, Bologna, Italy",44.4756,11.2759
2022-09-20T03:00:00+00:00,12.100,8.100,Open-Meteo Historical Weather API,"Casalecchio di Reno, Bologna, Italy",44.4756,11.2759
2022-09-20T04:00:00+00:00,11.400,8.200,Open-Meteo Historical Weather API,"Casalecchio di Reno, Bologna, Italy",44.4756,11.2759
2022-09-20T05:00:00+00:00,11.500,8.500,Open-Meteo Historical Weather API,"Casalecchio di Reno, Bologna, Italy",44.4756,11.2759
2022-09-20T06:00:00+00:00,13.600,9.600,Open-Meteo Historical Weather API,"Casalecchio di Reno, Bologna, Italy",44.4756,11.2759
2022-09-20T07:00:00+00:00,16.000,11.100,Open-Meteo Historical Weather API,"Casalecchio di Reno, Bologna, Italy",44.4756,11.2759
2022-09-20T08:00:00+00:00,17.600,12.600,Open-Meteo Historical Weather API,"Casalecchio di Reno, Bologna, Italy",44.4756,11.2759
2022-09-20T09:00:00+00:00,19.000,13.600,Open-Meteo Historical Weather API,"Casalecchio di Reno, Bologna, Italy",44.4756,11.2759
2022-09-20T10:00:00+00:00,20.100,13.900,Open-Meteo Historical Weather API,"Casalecchio di Reno, Bologna, Italy",44.4756,11.2759
2022-09-20T11:00:00+00:00,20.700,13.400,Open-Meteo Historical Weather API,"Casalecchio di Reno, Bologna, Italy",44.4756,11.2759
2022-09-20T12:00:00+00:00,21.600,10.200,Open-Meteo Historical Weather API,"Casalecchio di Reno, Bologna, Italy",44.4756,11.2759
2022-09-20T13:00:00+00:00,21.800,10.000,Open-Meteo Historical Weather API,"Casalecchio di Reno, Bologna, Italy",44.4756,11.2759
2022-09-20T14:00:00+00:00,21.600,9.500,Open-Meteo Historical Weather API,"Casalecchio di Reno, Bologna, Italy",44.4756,11.2759
2022-09-20T15:00:00+00:00,21.500,8.900,Open-Meteo Historical Weather API,"Casalecchio di Reno, Bologna, Italy",44.4756,11.2759
2022-09-20T16:00:00+00:00,20.500,9.300,Open-Meteo Historical Weather API,"Casalecchio di Reno, Bologna, Italy",44.4756,11.2759
2022-09-20T17:00:00+00:00,18.500,9.200,Open-Meteo Historical Weather API,"Casalecchio di Reno, Bologna, Italy",44.4756,11.2759
2022-09-20T18:00:00+00:00,16.600,9.000,Open-Meteo Historical Weather API,"Casalecchio di Reno, Bologna, Italy",44.4756,11.2759
2022-09-20T19:00:00+00:00,15.400,8.900,Open-Meteo Historical Weather API,"Casalecchio di Reno, Bologna, Italy",44.4756,11.2759
2022-09-20T20:00:00+00:00,14.600,8.400,Open-Meteo Historical Weather API,"Casalecchio di Reno, Bologna, Italy",44.4756,11.2759
2022-09-20T21:00:00+00:00,13.900,8.200,Open-Meteo Historical Weather API,"Casalecchio di Reno, Bologna, Italy",44.4756,11.2759
2022-09-20T22:00:00+00:00,13.600,8.000,Open-Meteo Historical Weather API,"Casalecchio di Reno, Bologna, Italy",44.4756,11.2759
2022-09-20T23:00:00+00:00,13.100,7.800,Open-Meteo Historical Weather API,"Casalecchio di Reno, Bologna, Italy",44.4756,11.2759
2022-09-21T00:00:00+00:00,13.400,7.400,Open-Meteo Historical Weather API,"Casalecchio di Reno, Bologna, Italy",44.4756,11.2759
2022-09-21T01:00:00+00:00,13.100,6.900,Open-Meteo Historical Weather API,"Casalecchio di Reno, Bologna, Italy",44.4756,11.2759
2022-09-21T02:00:00+00:00,14.200,6.400,Open-Meteo Historical Weather API,"Casalecchio di Reno, Bologna, Italy",44.4756,11.2759
2022-09-21T03:00:00+00:00,11.200,8.400,Open-Meteo Historical Weather API,"Casalecchio di Reno, Bologna, Italy",44.4756,11.2759
2022-09-21T04:00:00+00:00,10.700,8.900,Open-Meteo Historical Weather API,"Casalecchio di Reno, Bologna, Italy",44.4756,11.2759
2022-09-21T05:00:00+00:00,11.300,9.200,Open-Meteo Historical Weather API,"Casalecchio di Reno, Bologna, Italy",44.4756,11.2759
2022-09-21T06:00:00+00:00,13.500,10.100,Open-Meteo Historical Weather API,"Casalecchio di Reno, Bologna, Italy",44.4756,11.2759
2022-09-21T07:00:00+00:00,14.900,10.100,Open-Meteo Historical Weather API,"Casalecchio di Reno, Bologna, Italy",44.4756,11.2759
2022-09-21T08:00:00+00:00,16.900,9.600,Open-Meteo Historical Weather API,"Casalecchio di Reno, Bologna, Italy",44.4756,11.2759
2022-09-21T09:00:00+00:00,18.600,7.400,Open-Meteo Historical Weather API,"Casalecchio di Reno, Bologna, Italy",44.4756,11.2759
2022-09-21T10:00:00+00:00,19.000,7.400,Open-Meteo Historical Weather API,"Casalecchio di Reno, Bologna, Italy",44.4756,11.2759
2022-09-21T11:00:00+00:00,19.600,7.100,Open-Meteo Historical Weather API,"Casalecchio di Reno, Bologna, Italy",44.4756,11.2759
2022-09-21T12:00:00+00:00,19.600,6.600,Open-Meteo Historical Weather API,"Casalecchio di Reno, Bologna, Italy",44.4756,11.2759
2022-09-21T13:00:00+00:00,19.900,5.100,Open-Meteo Historical Weather API,"Casalecchio di Reno, Bologna, Italy",44.4756,11.2759
2022-09-21T14:00:00+00:00,19.500,4.200,Open-Meteo Historical Weather API,"Casalecchio di Reno, Bologna, Italy",44.4756,11.2759
2022-09-21T15:00:00+00:00,18.800,3.700,Open-Meteo Historical Weather API,"Casalecchio di Reno, Bologna, Italy",44.4756,11.2759
2022-09-21T16:00:00+00:00,17.800,4.100,Open-Meteo Historical Weather API,"Casalecchio di Reno, Bologna, Italy",44.4756,11.2759
2022-09-21T17:00:00+00:00,15.600,4.800,Open-Meteo Historical Weather API,"Casalecchio di Reno, Bologna, Italy",44.4756,11.2759
2022-09-21T18:00:00+00:00,13.900,5.200,Open-Meteo Historical Weather API,"Casalecchio di Reno, Bologna, Italy",44.4756,11.2759
2022-09-21T19:00:00+00:00,12.600,6.100,Open-Meteo Historical Weather API,"Casalecchio di Reno, Bologna, Italy",44.4756,11.2759
2022-09-21T20:00:00+00:00,11.800,6.400,Open-Meteo Historical Weather API,"Casalecchio di Reno, Bologna, Italy",44.4756,11.2759
2022-09-21T21:00:00+00:00,11.100,6.700,Open-Meteo Historical Weather API,"Casalecchio di Reno, Bologna, Italy",44.4756,11.2759
2022-09-21T22:00:00+00:00,10.600,6.700,Open-Meteo Historical Weather API,"Casalecchio di Reno, Bologna, Italy",44.4756,11.2759
2022-09-21T23:00:00+00:00,10.800,6.200,Open-Meteo Historical Weather API,"Casalecchio di Reno, Bologna, Italy",44.4756,11.2759
2022-09-22T00:00:00+00:00,10.400,6.300,Open-Meteo Historical Weather API,"Casalecchio di Reno, Bologna, Italy",44.4756,11.2759
2022-09-22T01:00:00+00:00,9.900,5.800,Open-Meteo Historical Weather API,"Casalecchio di Reno, Bologna, Italy",44.4756,11.2759
2022-09-22T02:00:00+00:00,9.400,5.900,Open-Meteo Historical Weather API,"Casalecchio di Reno, Bologna, Italy",44.4756,11.2759
2022-09-22T03:00:00+00:00,8.700,5.800,Open-Meteo Historical Weather API,"Casalecchio di Reno, Bologna, Italy",44.4756,11.2759
2022-09-22T04:00:00+00:00,8.700,5.800,Open-Meteo Historical Weather API,"Casalecchio di Reno, Bologna, Italy",44.4756,11.2759
2022-09-22T05:00:00+00:00,8.900,5.800,Open-Meteo Historical Weather API,"Casalecchio di Reno, Bologna, Italy",44.4756,11.2759
2022-09-22T06:00:00+00:00,9.900,6.400,Open-Meteo Historical Weather API,"Casalecchio di Reno, Bologna, Italy",44.4756,11.2759
2022-09-22T07:00:00+00:00,13.800,7.200,Open-Meteo Historical Weather API,"Casalecchio di Reno, Bologna, Italy",44.4756,11.2759
2022-09-22T08:00:00+00:00,15.800,7.200,Open-Meteo Historical Weather API,"Casalecchio di Reno, Bologna, Italy",44.4756,11.2759
2022-09-22T09:00:00+00:00,17.300,7.700,Open-Meteo Historical Weather API,"Casalecchio di Reno, Bologna, Italy",44.4756,11.2759
2022-09-22T10:00:00+00:00,18.600,7.400,Open-Meteo Historical Weather API,"Casalecchio di Reno, Bologna, Italy",44.4756,11.2759
2022-09-22T11:00:00+00:00,19.200,7.200,Open-Meteo Historical Weather API,"Casalecchio di Reno, Bologna, Italy",44.4756,11.2759
2022-09-22T12:00:00+00:00,19.500,6.900,Open-Meteo Historical Weather API,"Casalecchio di Reno, Bologna, Italy",44.4756,11.2759
2022-09-22T13:00:00+00:00,19.400,6.800,Open-Meteo Historical Weather API,"Casalecchio di Reno, Bologna, Italy",44.4756,11.2759
2022-09-22T14:00:00+00:00,19.400,6.800,Open-Meteo Historical Weather API,"Casalecchio di Reno, Bologna, Italy",44.4756,11.2759
2022-09-22T15:00:00+00:00,18.700,6.900,Open-Meteo Historical Weather API,"Casalecchio di Reno, Bologna, Italy",44.4756,11.2759
2022-09-22T16:00:00+00:00,18.000,7.000,Open-Meteo Historical Weather API,"Casalecchio di Reno, Bologna, Italy",44.4756,11.2759
2022-09-22T17:00:00+00:00,15.300,7.900,Open-Meteo Historical Weather API,"Casalecchio di Reno, Bologna, Italy",44.4756,11.2759
2022-09-22T18:00:00+00:00,14.600,6.800,Open-Meteo Historical Weather API,"Casalecchio di Reno, Bologna, Italy",44.4756,11.2759
2022-09-22T19:00:00+00:00,13.900,6.600,Open-Meteo Historical Weather API,"Casalecchio di Reno, Bologna, Italy",44.4756,11.2759
2022-09-22T20:00:00+00:00,13.000,6.600,Open-Meteo Historical Weather API,"Casalecchio di Reno, Bologna, Italy",44.4756,11.2759
2022-09-22T21:00:00+00:00,12.400,6.400,Open-Meteo Historical Weather API,"Casalecchio di Reno, Bologna, Italy",44.4756,11.2759
2022-09-22T22:00:00+00:00,11.900,6.100,Open-Meteo Historical Weather API,"Casalecchio di Reno, Bologna, Italy",44.4756,11.2759
2022-09-22T23:00:00+00:00,11.400,5.800,Open-Meteo Historical Weather API,"Casalecchio di Reno, Bologna, Italy",44.4756,11.2759
2022-09-23T00:00:00+00:00,10.200,5.800,Open-Meteo Historical Weather API,"Casalecchio di Reno, Bologna, Italy",44.4756,11.2759
2022-09-23T01:00:00+00:00,8.800,5.900,Open-Meteo Historical Weather API,"Casalecchio di Reno, Bologna, Italy",44.4756,11.2759
2022-09-23T02:00:00+00:00,8.100,5.900,Open-Meteo Historical Weather API,"Casalecchio di Reno, Bologna, Italy",44.4756,11.2759
2022-09-23T03:00:00+00:00,8.200,5.700,Open-Meteo Historical Weather API,"Casalecchio di Reno, Bologna, Italy",44.4756,11.2759
2022-09-23T04:00:00+00:00,8.500,5.400,Open-Meteo Historical Weather API,"Casalecchio di Reno, Bologna, Italy",44.4756,11.2759
2022-09-23T05:00:00+00:00,8.400,5.400,Open-Meteo Historical Weather API,"Casalecchio di Reno, Bologna, Italy",44.4756,11.2759
2022-09-23T06:00:00+00:00,9.900,6.400,Open-Meteo Historical Weather API,"Casalecchio di Reno, Bologna, Italy",44.4756,11.2759
2022-09-23T07:00:00+00:00,13.900,8.400,Open-Meteo Historical Weather API,"Casalecchio di Reno, Bologna, Italy",44.4756,11.2759
2022-09-23T08:00:00+00:00,16.400,7.800,Open-Meteo Historical Weather API,"Casalecchio di Reno, Bologna, Italy",44.4756,11.2759
2022-09-23T09:00:00+00:00,17.900,7.600,Open-Meteo Historical Weather API,"Casalecchio di Reno, Bologna, Italy",44.4756,11.2759
2022-09-23T10:00:00+00:00,19.000,7.300,Open-Meteo Historical Weather API,"Casalecchio di Reno, Bologna, Italy",44.4756,11.2759
2022-09-23T11:00:00+00:00,20.000,7.200,Open-Meteo Historical Weather API,"Casalecchio di Reno, Bologna, Italy",44.4756,11.2759
2022-09-23T12:00:00+00:00,20.800,7.400,Open-Meteo Historical Weather API,"Casalecchio di Reno, Bologna, Italy",44.4756,11.2759
2022-09-23T13:00:00+00:00,21.000,7.300,Open-Meteo Historical Weather API,"Casalecchio di Reno, Bologna, Italy",44.4756,11.2759
2022-09-23T14:00:00+00:00,21.000,7.200,Open-Meteo Historical Weather API,"Casalecchio di Reno, Bologna, Italy",44.4756,11.2759
2022-09-23T15:00:00+00:00,20.500,6.900,Open-Meteo Historical Weather API,"Casalecchio di Reno, Bologna, Italy",44.4756,11.2759
2022-09-23T16:00:00+00:00,19.500,7.400,Open-Meteo Historical Weather API,"Casalecchio di Reno, Bologna, Italy",44.4756,11.2759
2022-09-23T17:00:00+00:00,17.500,7.200,Open-Meteo Historical Weather API,"Casalecchio di Reno, Bologna, Italy",44.4756,11.2759
2022-09-23T18:00:00+00:00,16.000,7.200,Open-Meteo Historical Weather API,"Casalecchio di Reno, Bologna, Italy",44.4756,11.2759
2022-09-23T19:00:00+00:00,15.000,7.600,Open-Meteo Historical Weather API,"Casalecchio di Reno, Bologna, Italy",44.4756,11.2759
2022-09-23T20:00:00+00:00,13.200,7.800,Open-Meteo Historical Weather API,"Casalecchio di Reno, Bologna, Italy",44.4756,11.2759
2022-09-23T21:00:00+00:00,12.600,6.200,Open-Meteo Historical Weather API,"Casalecchio di Reno, Bologna, Italy",44.4756,11.2759
2022-09-23T22:00:00+00:00,12.900,4.600,Open-Meteo Historical Weather API,"Casalecchio di Reno, Bologna, Italy",44.4756,11.2759
2022-09-23T23:00:00+00:00,13.400,4.200,Open-Meteo Historical Weather API,"Casalecchio di Reno, Bologna, Italy",44.4756,11.2759
2022-09-24T00:00:00+00:00,12.500,5.100,Open-Meteo Historical Weather API,"Casalecchio di Reno, Bologna, Italy",44.4756,11.2759
2022-09-24T01:00:00+00:00,12.200,4.800,Open-Meteo Historical Weather API,"Casalecchio di Reno, Bologna, Italy",44.4756,11.2759
2022-09-24T02:00:00+00:00,13.000,4.600,Open-Meteo Historical Weather API,"Casalecchio di Reno, Bologna, Italy",44.4756,11.2759
2022-09-24T03:00:00+00:00,13.200,4.900,Open-Meteo Historical Weather API,"Casalecchio di Reno, Bologna, Italy",44.4756,11.2759
2022-09-24T04:00:00+00:00,13.200,5.500,Open-Meteo Historical Weather API,"Casalecchio di Reno, Bologna, Italy",44.4756,11.2759
2022-09-24T05:00:00+00:00,13.900,6.200,Open-Meteo Historical Weather API,"Casalecchio di Reno, Bologna, Italy",44.4756,11.2759
2022-09-24T06:00:00+00:00,15.400,7.300,Open-Meteo Historical Weather API,"Casalecchio di Reno, Bologna, Italy",44.4756,11.2759
2022-09-24T07:00:00+00:00,16.600,8.600,Open-Meteo Historical Weather API,"Casalecchio di Reno, Bologna, Italy",44.4756,11.2759
2022-09-24T08:00:00+00:00,18.900,10.100,Open-Meteo Historical Weather API,"Casalecchio di Reno, Bologna, Italy",44.4756,11.2759
2022-09-24T09:00:00+00:00,20.500,11.100,Open-Meteo Historical Weather API,"Casalecchio di Reno, Bologna, Italy",44.4756,11.2759
2022-09-24T10:00:00+00:00,21.500,11.100,Open-Meteo Historical Weather API,"Casalecchio di Reno, Bologna, Italy",44.4756,11.2759
2022-09-24T11:00:00+00:00,20.600,11.700,Open-Meteo Historical Weather API,"Casalecchio di Reno, Bologna, Italy",44.4756,11.2759
2022-09-24T12:00:00+00:00,20.900,11.200,Open-Meteo Historical Weather API,"Casalecchio di Reno, Bologna, Italy",44.4756,11.2759
2022-09-24T13:00:00+00:00,20.900,11.600,Open-Meteo Historical Weather API,"Casalecchio di Reno, Bologna, Italy",44.4756,11.2759
2022-09-24T14:00:00+00:00,20.500,12.300,Open-Meteo Historical Weather API,"Casalecchio di Reno, Bologna, Italy",44.4756,11.2759
2022-09-24T15:00:00+00:00,17.800,15.300,Open-Meteo Historical Weather API,"Casalecchio di Reno, Bologna, Italy",44.4756,11.2759
2022-09-24T16:00:00+00:00,17.000,15.600,Open-Meteo Historical Weather API,"Casalecchio di Reno, Bologna, Italy",44.4756,11.2759
2022-09-24T17:00:00+00:00,16.200,14.900,Open-Meteo Historical Weather API,"Casalecchio di Reno, Bologna, Italy",44.4756,11.2759
2022-09-24T18:00:00+00:00,15.500,14.600,Open-Meteo Historical Weather API,"Casalecchio di Reno, Bologna, Italy",44.4756,11.2759
2022-09-24T19:00:00+00:00,15.100,14.300,Open-Meteo Historical Weather API,"Casalecchio di Reno, Bologna, Italy",44.4756,11.2759
2022-09-24T20:00:00+00:00,15.100,14.400,Open-Meteo Historical Weather API,"Casalecchio di Reno, Bologna, Italy",44.4756,11.2759
2022-09-24T21:00:00+00:00,15.100,14.100,Open-Meteo Historical Weather API,"Casalecchio di Reno, Bologna, Italy",44.4756,11.2759
2022-09-24T22:00:00+00:00,15.300,14.300,Open-Meteo Historical Weather API,"Casalecchio di Reno, Bologna, Italy",44.4756,11.2759
2022-09-24T23:00:00+00:00,15.200,14.400,Open-Meteo Historical Weather API,"Casalecchio di Reno, Bologna, Italy",44.4756,11.2759
2022-09-25T00:00:00+00:00,14.400,14.300,Open-Meteo Historical Weather API,"Casalecchio di Reno, Bologna, Italy",44.4756,11.2759
2022-09-25T01:00:00+00:00,14.300,14.000,Open-Meteo Historical Weather API,"Casalecchio di Reno, Bologna, Italy",44.4756,11.2759
2022-09-25T02:00:00+00:00,14.400,13.900,Open-Meteo Historical Weather API,"Casalecchio di Reno, Bologna, Italy",44.4756,11.2759
2022-09-25T03:00:00+00:00,14.400,13.600,Open-Meteo Historical Weather API,"Casalecchio di Reno, Bologna, Italy",44.4756,11.2759
2022-09-25T04:00:00+00:00,14.200,13.600,Open-Meteo Historical Weather API,"Casalecchio di Reno, Bologna, Italy",44.4756,11.2759
2022-09-25T05:00:00+00:00,14.200,13.200,Open-Meteo Historical Weather API,"Casalecchio di Reno, Bologna, Italy",44.4756,11.2759
2022-09-25T06:00:00+00:00,14.400,13.300,Open-Meteo Historical Weather API,"Casalecchio di Reno, Bologna, Italy",44.4756,11.2759
2022-09-25T07:00:00+00:00,14.900,13.200,Open-Meteo Historical Weather API,"Casalecchio di Reno, Bologna, Italy",44.4756,11.2759
2022-09-25T08:00:00+00:00,15.600,13.400,Open-Meteo Historical Weather API,"Casalecchio di Reno, Bologna, Italy",44.4756,11.2759
2022-09-25T09:00:00+00:00,16.600,13.200,Open-Meteo Historical Weather API,"Casalecchio di Reno, Bologna, Italy",44.4756,11.2759
2022-09-25T10:00:00+00:00,17.500,13.100,Open-Meteo Historical Weather API,"Casalecchio di Reno, Bologna, Italy",44.4756,11.2759
2022-09-25T11:00:00+00:00,18.200,13.300,Open-Meteo Historical Weather API,"Casalecchio di Reno, Bologna, Italy",44.4756,11.2759
2022-09-25T12:00:00+00:00,16.500,13.600,Open-Meteo Historical Weather API,"Casalecchio di Reno, Bologna, Italy",44.4756,11.2759
2022-09-25T13:00:00+00:00,17.700,14.100,Open-Meteo Historical Weather API,"Casalecchio di Reno, Bologna, Italy",44.4756,11.2759
2022-09-25T14:00:00+00:00,18.000,14.100,Open-Meteo Historical Weather API,"Casalecchio di Reno, Bologna, Italy",44.4756,11.2759
2022-09-25T15:00:00+00:00,18.000,14.200,Open-Meteo Historical Weather API,"Casalecchio di Reno, Bologna, Italy",44.4756,11.2759
2022-09-25T16:00:00+00:00,17.500,14.100,Open-Meteo Historical Weather API,"Casalecchio di Reno, Bologna, Italy",44.4756,11.2759
2022-09-25T17:00:00+00:00,16.600,14.400,Open-Meteo Historical Weather API,"Casalecchio di Reno, Bologna, Italy",44.4756,11.2759
2022-09-25T18:00:00+00:00,16.200,14.700,Open-Meteo Historical Weather API,"Casalecchio di Reno, Bologna, Italy",44.4756,11.2759
2022-09-25T19:00:00+00:00,15.400,14.600,Open-Meteo Historical Weather API,"Casalecchio di Reno, Bologna, Italy",44.4756,11.2759
2022-09-25T20:00:00+00:00,14.300,13.900,Open-Meteo Historical Weather API,"Casalecchio di Reno, Bologna, Italy",44.4756,11.2759
2022-09-25T21:00:00+00:00,14.100,13.600,Open-Meteo Historical Weather API,"Casalecchio di Reno, Bologna, Italy",44.4756,11.2759
2022-09-25T22:00:00+00:00,13.800,13.300,Open-Meteo Historical Weather API,"Casalecchio di Reno, Bologna, Italy",44.4756,11.2759
2022-09-25T23:00:00+00:00,14.400,13.600,Open-Meteo Historical Weather API,"Casalecchio di Reno, Bologna, Italy",44.4756,11.2759
2022-09-26T00:00:00+00:00,14.900,13.800,Open-Meteo Historical Weather API,"Casalecchio di Reno, Bologna, Italy",44.4756,11.2759
2022-09-26T01:00:00+00:00,14.400,13.500,Open-Meteo Historical Weather API,"Casalecchio di Reno, Bologna, Italy",44.4756,11.2759
2022-09-26T02:00:00+00:00,14.100,13.100,Open-Meteo Historical Weather API,"Casalecchio di Reno, Bologna, Italy",44.4756,11.2759
2022-09-26T03:00:00+00:00,13.900,13.000,Open-Meteo Historical Weather API,"Casalecchio di Reno, Bologna, Italy",44.4756,11.2759
2022-09-26T04:00:00+00:00,14.100,12.900,Open-Meteo Historical Weather API,"Casalecchio di Reno, Bologna, Italy",44.4756,11.2759
2022-09-26T05:00:00+00:00,13.800,12.600,Open-Meteo Historical Weather API,"Casalecchio di Reno, Bologna, Italy",44.4756,11.2759
2022-09-26T06:00:00+00:00,14.200,12.900,Open-Meteo Historical Weather API,"Casalecchio di Reno, Bologna, Italy",44.4756,11.2759
2022-09-26T07:00:00+00:00,15.600,13.600,Open-Meteo Historical Weather API,"Casalecchio di Reno, Bologna, Italy",44.4756,11.2759
2022-09-26T08:00:00+00:00,16.600,13.800,Open-Meteo Historical Weather API,"Casalecchio di Reno, Bologna, Italy",44.4756,11.2759
2022-09-26T09:00:00+00:00,17.300,14.000,Open-Meteo Historical Weather API,"Casalecchio di Reno, Bologna, Italy",44.4756,11.2759
2022-09-26T10:00:00+00:00,18.500,14.200,Open-Meteo Historical Weather API,"Casalecchio di Reno, Bologna, Italy",44.4756,11.2759
2022-09-26T11:00:00+00:00,19.800,14.600,Open-Meteo Historical Weather API,"Casalecchio di Reno, Bologna, Italy",44.4756,11.2759
2022-09-26T12:00:00+00:00,18.100,14.600,Open-Meteo Historical Weather API,"Casalecchio di Reno, Bologna, Italy",44.4756,11.2759
2022-09-26T13:00:00+00:00,20.000,14.200,Open-Meteo Historical Weather API,"Casalecchio di Reno, Bologna, Italy",44.4756,11.2759
2022-09-26T14:00:00+00:00,20.400,13.700,Open-Meteo Historical Weather API,"Casalecchio di Reno, Bologna, Italy",44.4756,11.2759
2022-09-26T15:00:00+00:00,20.400,13.400,Open-Meteo Historical Weather API,"Casalecchio di Reno, Bologna, Italy",44.4756,11.2759
2022-09-26T16:00:00+00:00,19.700,13.600,Open-Meteo Historical Weather API,"Casalecchio di Reno, Bologna, Italy",44.4756,11.2759
2022-09-26T17:00:00+00:00,17.600,13.700,Open-Meteo Historical Weather API,"Casalecchio di Reno, Bologna, Italy",44.4756,11.2759
2022-09-26T18:00:00+00:00,15.700,13.900,Open-Meteo Historical Weather API,"Casalecchio di Reno, Bologna, Italy",44.4756,11.2759
2022-09-26T19:00:00+00:00,15.600,12.200,Open-Meteo Historical Weather API,"Casalecchio di Reno, Bologna, Italy",44.4756,11.2759
2022-09-26T20:00:00+00:00,15.600,11.100,Open-Meteo Historical Weather API,"Casalecchio di Reno, Bologna, Italy",44.4756,11.2759
2022-09-26T21:00:00+00:00,15.100,11.300,Open-Meteo Historical Weather API,"Casalecchio di Reno, Bologna, Italy",44.4756,11.2759
2022-09-26T22:00:00+00:00,15.200,11.400,Open-Meteo Historical Weather API,"Casalecchio di Reno, Bologna, Italy",44.4756,11.2759
2022-09-26T23:00:00+00:00,15.100,11.200,Open-Meteo Historical Weather API,"Casalecchio di Reno, Bologna, Italy",44.4756,11.2759
2022-09-27T00:00:00+00:00,15.800,10.600,Open-Meteo Historical Weather API,"Casalecchio di Reno, Bologna, Italy",44.4756,11.2759
2022-09-27T01:00:00+00:00,15.100,10.800,Open-Meteo Historical Weather API,"Casalecchio di Reno, Bologna, Italy",44.4756,11.2759
2022-09-27T02:00:00+00:00,15.300,11.100,Open-Meteo Historical Weather API,"Casalecchio di Reno, Bologna, Italy",44.4756,11.2759
2022-09-27T03:00:00+00:00,14.900,11.000,Open-Meteo Historical Weather API,"Casalecchio di Reno, Bologna, Italy",44.4756,11.2759
2022-09-27T04:00:00+00:00,15.600,10.600,Open-Meteo Historical Weather API,"Casalecchio di Reno, Bologna, Italy",44.4756,11.2759
2022-09-27T05:00:00+00:00,15.500,10.400,Open-Meteo Historical Weather API,"Casalecchio di Reno, Bologna, Italy",44.4756,11.2759
2022-09-27T06:00:00+00:00,15.800,10.900,Open-Meteo Historical Weather API,"Casalecchio di Reno, Bologna, Italy",44.4756,11.2759
2022-09-27T07:00:00+00:00,17.500,12.000,Open-Meteo Historical Weather API,"Casalecchio di Reno, Bologna, Italy",44.4756,11.2759
2022-09-27T08:00:00+00:00,18.700,11.900,Open-Meteo Historical Weather API,"Casalecchio di Reno, Bologna, Italy",44.4756,11.2759
2022-09-27T09:00:00+00:00,19.500,12.700,Open-Meteo Historical Weather API,"Casalecchio di Reno, Bologna, Italy",44.4756,11.2759
2022-09-27T10:00:00+00:00,20.400,13.300,Open-Meteo Historical Weather API,"Casalecchio di Reno, Bologna, Italy",44.4756,11.2759
2022-09-27T11:00:00+00:00,21.500,13.600,Open-Meteo Historical Weather API,"Casalecchio di Reno, Bologna, Italy",44.4756,11.2759
2022-09-27T12:00:00+00:00,20.000,13.200,Open-Meteo Historical Weather API,"Casalecchio di Reno, Bologna, Italy",44.4756,11.2759
2022-09-27T13:00:00+00:00,22.200,12.200,Open-Meteo Historical Weather API,"Casalecchio di Reno, Bologna, Italy",44.4756,11.2759
2022-09-27T14:00:00+00:00,22.800,7.500,Open-Meteo Historical Weather API,"Casalecchio di Reno, Bologna, Italy",44.4756,11.2759
2022-09-27T15:00:00+00:00,22.200,8.100,Open-Meteo Historical Weather API,"Casalecchio di Reno, Bologna, Italy",44.4756,11.2759
2022-09-27T16:00:00+00:00,20.500,12.400,Open-Meteo Historical Weather API,"Casalecchio di Reno, Bologna, Italy",44.4756,11.2759
2022-09-27T17:00:00+00:00,17.400,12.900,Open-Meteo Historical Weather API,"Casalecchio di Reno, Bologna, Italy",44.4756,11.2759
2022-09-27T18:00:00+00:00,17.600,11.100,Open-Meteo Historical Weather API,"Casalecchio di Reno, Bologna, Italy",44.4756,11.2759
2022-09-27T19:00:00+00:00,17.000,11.400,Open-Meteo Historical Weather API,"Casalecchio di Reno, Bologna, Italy",44.4756,11.2759
2022-09-27T20:00:00+00:00,16.500,11.400,Open-Meteo Historical Weather API,"Casalecchio di Reno, Bologna, Italy",44.4756,11.2759
2022-09-27T21:00:00+00:00,16.200,11.400,Open-Meteo Historical Weather API,"Casalecchio di Reno, Bologna, Italy",44.4756,11.2759
2022-09-27T22:00:00+00:00,13.600,11.400,Open-Meteo Historical Weather API,"Casalecchio di Reno, Bologna, Italy",44.4756,11.2759
2022-09-27T23:00:00+00:00,13.000,10.900,Open-Meteo Historical Weather API,"Casalecchio di Reno, Bologna, Italy",44.4756,11.2759
2022-09-28T00:00:00+00:00,13.200,10.100,Open-Meteo Historical Weather API,"Casalecchio di Reno, Bologna, Italy",44.4756,11.2759
2022-09-28T01:00:00+00:00,13.800,10.100,Open-Meteo Historical Weather API,"Casalecchio di Reno, Bologna, Italy",44.4756,11.2759
2022-09-28T02:00:00+00:00,14.400,10.400,Open-Meteo Historical Weather API,"Casalecchio di Reno, Bologna, Italy",44.4756,11.2759
2022-09-28T03:00:00+00:00,15.200,10.800,Open-Meteo Historical Weather API,"Casalecchio di Reno, Bologna, Italy",44.4756,11.2759
2022-09-28T04:00:00+00:00,15.800,10.900,Open-Meteo Historical Weather API,"Casalecchio di Reno, Bologna, Italy",44.4756,11.2759
2022-09-28T05:00:00+00:00,14.400,11.100,Open-Meteo Historical Weather API,"Casalecchio di Reno, Bologna, Italy",44.4756,11.2759
2022-09-28T06:00:00+00:00,14.800,12.100,Open-Meteo Historical Weather API,"Casalecchio di Reno, Bologna, Italy",44.4756,11.2759
2022-09-28T07:00:00+00:00,16.500,12.200,Open-Meteo Historical Weather API,"Casalecchio di Reno, Bologna, Italy",44.4756,11.2759
2022-09-28T08:00:00+00:00,18.800,12.600,Open-Meteo Historical Weather API,"Casalecchio di Reno, Bologna, Italy",44.4756,11.2759
2022-09-28T09:00:00+00:00,20.900,12.700,Open-Meteo Historical Weather API,"Casalecchio di Reno, Bologna, Italy",44.4756,11.2759
2022-09-28T10:00:00+00:00,21.800,11.900,Open-Meteo Historical Weather API,"Casalecchio di Reno, Bologna, Italy",44.4756,11.2759
2022-09-28T11:00:00+00:00,23.000,11.200,Open-Meteo Historical Weather API,"Casalecchio di Reno, Bologna, Italy",44.4756,11.2759
2022-09-28T12:00:00+00:00,22.000,11.900,Open-Meteo Historical Weather API,"Casalecchio di Reno, Bologna, Italy",44.4756,11.2759
2022-09-28T13:00:00+00:00,23.000,11.600,Open-Meteo Historical Weather API,"Casalecchio di Reno, Bologna, Italy",44.4756,11.2759
2022-09-28T14:00:00+00:00,22.600,11.200,Open-Meteo Historical Weather API,"Casalecchio di Reno, Bologna, Italy",44.4756,11.2759
2022-09-28T15:00:00+00:00,21.000,12.400,Open-Meteo Historical Weather API,"Casalecchio di Reno, Bologna, Italy",44.4756,11.2759
2022-09-28T16:00:00+00:00,19.700,12.700,Open-Meteo Historical Weather API,"Casalecchio di Reno, Bologna, Italy",44.4756,11.2759
2022-09-28T17:00:00+00:00,18.100,12.900,Open-Meteo Historical Weather API,"Casalecchio di Reno, Bologna, Italy",44.4756,11.2759
2022-09-28T18:00:00+00:00,17.900,12.900,Open-Meteo Historical Weather API,"Casalecchio di Reno, Bologna, Italy",44.4756,11.2759
2022-09-28T19:00:00+00:00,17.400,12.900,Open-Meteo Historical Weather API,"Casalecchio di Reno, Bologna, Italy",44.4756,11.2759
2022-09-28T20:00:00+00:00,16.600,12.900,Open-Meteo Historical Weather API,"Casalecchio di Reno, Bologna, Italy",44.4756,11.2759
2022-09-28T21:00:00+00:00,16.500,13.100,Open-Meteo Historical Weather API,"Casalecchio di Reno, Bologna, Italy",44.4756,11.2759
2022-09-28T22:00:00+00:00,14.800,13.100,Open-Meteo Historical Weather API,"Casalecchio di Reno, Bologna, Italy",44.4756,11.2759
